Simulation Topology 1
___________________________
[9]				[0]		
[6]				[0]		
[4]				[1]		
[0]				[1]		
[9]				[2]		
___________________________
Simulation Topology [1:0]
___________________________
From 	  To 		Length
___________________________
  0	 | 	1	 | 	3,00
  0	 | 	2	 | 	5,10
  0	 | 	3	 | 	9,06
  0	 | 	4	 | 	2,00
  1	 | 	4	 | 	3,61
  2	 | 	3	 | 	4,00
___________________________
Simulation Topology [1:1]
___________________________
From 	  To 		Length
___________________________
  0	 | 	1	 | 	3,00
  0	 | 	2	 | 	5,10
  0	 | 	3	 | 	9,06
  0	 | 	4	 | 	2,00
  1	 | 	4	 | 	3,61
  2	 | 	3	 | 	4,00
  1	 | 	2	 | 	2,24
___________________________
