Simulation Topology 1
___________________________
[9]				[0]		
[2]				[0]		
[7]				[1]		
[4]				[1]		
[1]				[2]		
___________________________
Simulation Topology [1:0]
___________________________
From 	  To 		Length
___________________________
  0	 | 	1	 | 	7,00
  0	 | 	2	 | 	2,24
  0	 | 	3	 | 	5,10
  0	 | 	4	 | 	8,25
  1	 | 	2	 | 	5,10
  2	 | 	3	 | 	3,00
  3	 | 	4	 | 	3,16
___________________________
Simulation Topology [1:1]
___________________________
From 	  To 		Length
___________________________
  0	 | 	1	 | 	7,00
  0	 | 	2	 | 	2,24
  0	 | 	3	 | 	5,10
  0	 | 	4	 | 	8,25
  1	 | 	2	 | 	5,10
  2	 | 	3	 | 	3,00
  3	 | 	4	 | 	3,16
  1	 | 	4	 | 	2,24
___________________________
