[4]				[5]		
[0]				[0]		
[2]				[9]		
[8]				[9]		
[3]				[1]		
[0]				[7]		
[0]				[9]		
[1]				[4]		
[5]				[3]		
[7]				[1]		
[6]				[9]		
[5]				[15]		
[1]				[14]		
[3]				[14]		
[5]				[19]		
[1]				[12]		
[1]				[17]		
[7]				[14]		
[8]				[17]		
[5]				[26]		
___________________________
Simulation Topology [1:2]
___________________________
From 	  To 		Length
___________________________
  0	 | 	2	 | 	4,47
  0	 | 	3	 | 	5,66
  1	 | 	7	 | 	4,12
  1	 | 	18	 | 	18,79
  2	 | 	3	 | 	6,00
  3	 | 	7	 | 	8,60
  3	 | 	8	 | 	6,71
  4	 | 	8	 | 	2,83
  4	 | 	9	 | 	4,00
  4	 | 	16	 | 	16,12
  5	 | 	11	 | 	9,43
  5	 | 	12	 | 	7,07
  6	 | 	12	 | 	5,10
  6	 | 	15	 | 	3,16
  9	 | 	14	 | 	18,11
  9	 | 	18	 | 	16,03
  10	 | 	16	 | 	9,43
  10	 | 	17	 | 	5,10
  10	 | 	19	 | 	17,03
  11	 | 	13	 | 	2,24
  11	 | 	19	 | 	11,00
  13	 | 	17	 | 	4,00
  14	 | 	15	 | 	8,06
___________________________
Simulation Topology [1:3]
___________________________
From 	  To 		Length
___________________________
  0	 | 	2	 | 	4,47
  0	 | 	3	 | 	5,66
  1	 | 	7	 | 	4,12
  1	 | 	18	 | 	18,79
  2	 | 	3	 | 	6,00
  3	 | 	7	 | 	8,60
  3	 | 	8	 | 	6,71
  4	 | 	8	 | 	2,83
  4	 | 	9	 | 	4,00
  4	 | 	16	 | 	16,12
  5	 | 	11	 | 	9,43
  5	 | 	12	 | 	7,07
  6	 | 	12	 | 	5,10
  6	 | 	15	 | 	3,16
  9	 | 	14	 | 	18,11
  9	 | 	18	 | 	16,03
  10	 | 	16	 | 	9,43
  10	 | 	17	 | 	5,10
  10	 | 	19	 | 	17,03
  11	 | 	13	 | 	2,24
  11	 | 	19	 | 	11,00
  13	 | 	17	 | 	4,00
  14	 | 	15	 | 	8,06
  7	 | 	9	 | 	6,71
___________________________
Simulation Topology [1:4]
___________________________
From 	  To 		Length
___________________________
  0	 | 	2	 | 	4,47
  0	 | 	3	 | 	5,66
  1	 | 	7	 | 	4,12
  1	 | 	18	 | 	18,79
  2	 | 	3	 | 	6,00
  3	 | 	7	 | 	8,60
  3	 | 	8	 | 	6,71
  4	 | 	8	 | 	2,83
  4	 | 	9	 | 	4,00
  4	 | 	16	 | 	16,12
  5	 | 	11	 | 	9,43
  5	 | 	12	 | 	7,07
  6	 | 	12	 | 	5,10
  6	 | 	15	 | 	3,16
  9	 | 	14	 | 	18,11
  9	 | 	18	 | 	16,03
  10	 | 	16	 | 	9,43
  10	 | 	17	 | 	5,10
  10	 | 	19	 | 	17,03
  11	 | 	13	 | 	2,24
  11	 | 	19	 | 	11,00
  13	 | 	17	 | 	4,00
  14	 | 	15	 | 	8,06
  7	 | 	9	 | 	6,71
  0	 | 	5	 | 	4,47
___________________________
Simulation Topology [1:5]
___________________________
From 	  To 		Length
___________________________
  0	 | 	2	 | 	4,47
  0	 | 	3	 | 	5,66
  1	 | 	7	 | 	4,12
  1	 | 	18	 | 	18,79
  2	 | 	3	 | 	6,00
  3	 | 	7	 | 	8,60
  3	 | 	8	 | 	6,71
  4	 | 	8	 | 	2,83
  4	 | 	9	 | 	4,00
  4	 | 	16	 | 	16,12
  5	 | 	11	 | 	9,43
  5	 | 	12	 | 	7,07
  6	 | 	12	 | 	5,10
  6	 | 	15	 | 	3,16
  9	 | 	14	 | 	18,11
  9	 | 	18	 | 	16,03
  10	 | 	16	 | 	9,43
  10	 | 	17	 | 	5,10
  10	 | 	19	 | 	17,03
  11	 | 	13	 | 	2,24
  11	 | 	19	 | 	11,00
  13	 | 	17	 | 	4,00
  14	 | 	15	 | 	8,06
  7	 | 	9	 | 	6,71
  0	 | 	5	 | 	4,47
  14	 | 	16	 | 	4,47
___________________________
Simulation Topology [1:6]
___________________________
From 	  To 		Length
___________________________
  0	 | 	2	 | 	4,47
  0	 | 	3	 | 	5,66
  1	 | 	7	 | 	4,12
  1	 | 	18	 | 	18,79
  2	 | 	3	 | 	6,00
  3	 | 	7	 | 	8,60
  3	 | 	8	 | 	6,71
  4	 | 	8	 | 	2,83
  4	 | 	9	 | 	4,00
  4	 | 	16	 | 	16,12
  5	 | 	11	 | 	9,43
  5	 | 	12	 | 	7,07
  6	 | 	12	 | 	5,10
  6	 | 	15	 | 	3,16
  9	 | 	14	 | 	18,11
  9	 | 	18	 | 	16,03
  10	 | 	16	 | 	9,43
  10	 | 	17	 | 	5,10
  10	 | 	19	 | 	17,03
  11	 | 	13	 | 	2,24
  11	 | 	19	 | 	11,00
  13	 | 	17	 | 	4,00
  14	 | 	15	 | 	8,06
  7	 | 	9	 | 	6,71
  0	 | 	5	 | 	4,47
  14	 | 	16	 | 	4,47
  2	 | 	17	 | 	7,07
___________________________
Simulation Topology [1:7]
___________________________
From 	  To 		Length
___________________________
  0	 | 	2	 | 	4,47
  0	 | 	3	 | 	5,66
  1	 | 	7	 | 	4,12
  1	 | 	18	 | 	18,79
  2	 | 	3	 | 	6,00
  3	 | 	7	 | 	8,60
  3	 | 	8	 | 	6,71
  4	 | 	8	 | 	2,83
  4	 | 	9	 | 	4,00
  4	 | 	16	 | 	16,12
  5	 | 	11	 | 	9,43
  5	 | 	12	 | 	7,07
  6	 | 	12	 | 	5,10
  6	 | 	15	 | 	3,16
  9	 | 	14	 | 	18,11
  9	 | 	18	 | 	16,03
  10	 | 	16	 | 	9,43
  10	 | 	17	 | 	5,10
  10	 | 	19	 | 	17,03
  11	 | 	13	 | 	2,24
  11	 | 	19	 | 	11,00
  13	 | 	17	 | 	4,00
  14	 | 	15	 | 	8,06
  7	 | 	9	 | 	6,71
  0	 | 	5	 | 	4,47
  14	 | 	16	 | 	4,47
  2	 | 	17	 | 	7,07
  8	 | 	15	 | 	9,85
___________________________
Simulation Topology [1:8]
___________________________
From 	  To 		Length
___________________________
  0	 | 	2	 | 	4,47
  0	 | 	3	 | 	5,66
  1	 | 	7	 | 	4,12
  1	 | 	18	 | 	18,79
  2	 | 	3	 | 	6,00
  3	 | 	7	 | 	8,60
  3	 | 	8	 | 	6,71
  4	 | 	8	 | 	2,83
  4	 | 	9	 | 	4,00
  4	 | 	16	 | 	16,12
  5	 | 	11	 | 	9,43
  5	 | 	12	 | 	7,07
  6	 | 	12	 | 	5,10
  6	 | 	15	 | 	3,16
  9	 | 	14	 | 	18,11
  9	 | 	18	 | 	16,03
  10	 | 	16	 | 	9,43
  10	 | 	17	 | 	5,10
  10	 | 	19	 | 	17,03
  11	 | 	13	 | 	2,24
  11	 | 	19	 | 	11,00
  13	 | 	17	 | 	4,00
  14	 | 	15	 | 	8,06
  7	 | 	9	 | 	6,71
  0	 | 	5	 | 	4,47
  14	 | 	16	 | 	4,47
  2	 | 	17	 | 	7,07
  8	 | 	15	 | 	9,85
  4	 | 	12	 | 	13,15
___________________________
Simulation Topology [1:9]
___________________________
From 	  To 		Length
___________________________
  0	 | 	2	 | 	4,47
  0	 | 	3	 | 	5,66
  1	 | 	7	 | 	4,12
  1	 | 	18	 | 	18,79
  2	 | 	3	 | 	6,00
  3	 | 	7	 | 	8,60
  3	 | 	8	 | 	6,71
  4	 | 	8	 | 	2,83
  4	 | 	9	 | 	4,00
  4	 | 	16	 | 	16,12
  5	 | 	11	 | 	9,43
  5	 | 	12	 | 	7,07
  6	 | 	12	 | 	5,10
  6	 | 	15	 | 	3,16
  9	 | 	14	 | 	18,11
  9	 | 	18	 | 	16,03
  10	 | 	16	 | 	9,43
  10	 | 	17	 | 	5,10
  10	 | 	19	 | 	17,03
  11	 | 	13	 | 	2,24
  11	 | 	19	 | 	11,00
  13	 | 	17	 | 	4,00
  14	 | 	15	 | 	8,06
  7	 | 	9	 | 	6,71
  0	 | 	5	 | 	4,47
  14	 | 	16	 | 	4,47
  2	 | 	17	 | 	7,07
  8	 | 	15	 | 	9,85
  4	 | 	12	 | 	13,15
  2	 | 	5	 | 	2,83
___________________________
