Simulation Topology 1
___________________________
[4]				[0]		
[9]				[0]		
[0]				[1]		
[7]				[1]		
[4]				[2]		
___________________________
Simulation Topology [1:0]
___________________________
From 	  To 		Length
___________________________
  0	 | 	1	 | 	5,00
  0	 | 	2	 | 	4,12
  0	 | 	3	 | 	3,16
  0	 | 	4	 | 	2,00
  1	 | 	2	 | 	9,06
  2	 | 	3	 | 	7,00
  2	 | 	4	 | 	4,12
  3	 | 	4	 | 	3,16
___________________________
Simulation Topology [1:1]
___________________________
From 	  To 		Length
___________________________
  0	 | 	1	 | 	5,00
  0	 | 	2	 | 	4,12
  0	 | 	3	 | 	3,16
  0	 | 	4	 | 	2,00
  1	 | 	2	 | 	9,06
  2	 | 	3	 | 	7,00
  2	 | 	4	 | 	4,12
  3	 | 	4	 | 	3,16
  1	 | 	3	 | 	2,24
___________________________
