Simulation Topology 1
___________________________
[4]				[0]		
[9]				[0]		
[2]				[1]		
[0]				[1]		
[6]				[2]		
___________________________
Simulation Topology [1:0]
___________________________
From 	  To 		Length
___________________________
  0	 | 	1	 | 	5,00
  0	 | 	2	 | 	2,24
  0	 | 	3	 | 	4,12
  0	 | 	4	 | 	2,83
  1	 | 	2	 | 	7,07
  1	 | 	3	 | 	9,06
  2	 | 	3	 | 	2,00
  3	 | 	4	 | 	6,08
___________________________
Simulation Topology [1:1]
___________________________
From 	  To 		Length
___________________________
  0	 | 	1	 | 	5,00
  0	 | 	2	 | 	2,24
  0	 | 	3	 | 	4,12
  0	 | 	4	 | 	2,83
  1	 | 	2	 | 	7,07
  1	 | 	3	 | 	9,06
  2	 | 	3	 | 	2,00
  3	 | 	4	 | 	6,08
  2	 | 	4	 | 	4,12
___________________________
