[4]				[4]		
[1]				[7]		
[5]				[2]		
[9]				[8]		
[6]				[5]		
[3]				[1]		
[7]				[1]		
[0]				[5]		
[1]				[9]		
[7]				[7]		
[5]				[8]		
[7]				[11]		
[0]				[12]		
[8]				[19]		
[3]				[11]		
[2]				[19]		
[7]				[14]		
[2]				[17]		
[5]				[15]		
[0]				[18]		
___________________________
Simulation Topology [1:4]
___________________________
From 	  To 		Length
___________________________
  0	 | 	4	 | 	2,24
  0	 | 	7	 | 	4,12
  0	 | 	13	 | 	15,52
  1	 | 	9	 | 	6,00
  1	 | 	12	 | 	5,10
  2	 | 	5	 | 	2,24
  2	 | 	6	 | 	2,24
  3	 | 	11	 | 	3,61
  3	 | 	19	 | 	13,45
  4	 | 	6	 | 	4,12
  4	 | 	13	 | 	14,14
  4	 | 	16	 | 	9,06
  5	 | 	10	 | 	7,28
  6	 | 	9	 | 	6,00
  7	 | 	8	 | 	4,12
  8	 | 	11	 | 	6,32
  9	 | 	17	 | 	11,18
  10	 | 	12	 | 	6,40
  10	 | 	14	 | 	3,61
  12	 | 	14	 | 	3,16
  13	 | 	15	 | 	6,00
  13	 | 	16	 | 	5,10
  15	 | 	18	 | 	5,00
  16	 | 	18	 | 	2,24
  17	 | 	19	 | 	2,24
___________________________
Simulation Topology [1:5]
___________________________
From 	  To 		Length
___________________________
  0	 | 	4	 | 	2,24
  0	 | 	7	 | 	4,12
  0	 | 	13	 | 	15,52
  1	 | 	9	 | 	6,00
  1	 | 	12	 | 	5,10
  2	 | 	5	 | 	2,24
  2	 | 	6	 | 	2,24
  3	 | 	11	 | 	3,61
  3	 | 	19	 | 	13,45
  4	 | 	6	 | 	4,12
  4	 | 	13	 | 	14,14
  4	 | 	16	 | 	9,06
  5	 | 	10	 | 	7,28
  6	 | 	9	 | 	6,00
  7	 | 	8	 | 	4,12
  8	 | 	11	 | 	6,32
  9	 | 	17	 | 	11,18
  10	 | 	12	 | 	6,40
  10	 | 	14	 | 	3,61
  12	 | 	14	 | 	3,16
  13	 | 	15	 | 	6,00
  13	 | 	16	 | 	5,10
  15	 | 	18	 | 	5,00
  16	 | 	18	 | 	2,24
  17	 | 	19	 | 	2,24
  2	 | 	7	 | 	5,83
___________________________
Simulation Topology [1:6]
___________________________
From 	  To 		Length
___________________________
  0	 | 	4	 | 	2,24
  0	 | 	7	 | 	4,12
  0	 | 	13	 | 	15,52
  1	 | 	9	 | 	6,00
  1	 | 	12	 | 	5,10
  2	 | 	5	 | 	2,24
  2	 | 	6	 | 	2,24
  3	 | 	11	 | 	3,61
  3	 | 	19	 | 	13,45
  4	 | 	6	 | 	4,12
  4	 | 	13	 | 	14,14
  4	 | 	16	 | 	9,06
  5	 | 	10	 | 	7,28
  6	 | 	9	 | 	6,00
  7	 | 	8	 | 	4,12
  8	 | 	11	 | 	6,32
  9	 | 	17	 | 	11,18
  10	 | 	12	 | 	6,40
  10	 | 	14	 | 	3,61
  12	 | 	14	 | 	3,16
  13	 | 	15	 | 	6,00
  13	 | 	16	 | 	5,10
  15	 | 	18	 | 	5,00
  16	 | 	18	 | 	2,24
  17	 | 	19	 | 	2,24
  2	 | 	7	 | 	5,83
  9	 | 	10	 | 	2,24
___________________________
Simulation Topology [1:7]
___________________________
From 	  To 		Length
___________________________
  0	 | 	4	 | 	2,24
  0	 | 	7	 | 	4,12
  0	 | 	13	 | 	15,52
  1	 | 	9	 | 	6,00
  1	 | 	12	 | 	5,10
  2	 | 	5	 | 	2,24
  2	 | 	6	 | 	2,24
  3	 | 	11	 | 	3,61
  3	 | 	19	 | 	13,45
  4	 | 	6	 | 	4,12
  4	 | 	13	 | 	14,14
  4	 | 	16	 | 	9,06
  5	 | 	10	 | 	7,28
  6	 | 	9	 | 	6,00
  7	 | 	8	 | 	4,12
  8	 | 	11	 | 	6,32
  9	 | 	17	 | 	11,18
  10	 | 	12	 | 	6,40
  10	 | 	14	 | 	3,61
  12	 | 	14	 | 	3,16
  13	 | 	15	 | 	6,00
  13	 | 	16	 | 	5,10
  15	 | 	18	 | 	5,00
  16	 | 	18	 | 	2,24
  17	 | 	19	 | 	2,24
  2	 | 	7	 | 	5,83
  9	 | 	10	 | 	2,24
  16	 | 	17	 | 	5,83
___________________________
Simulation Topology [1:8]
___________________________
From 	  To 		Length
___________________________
  0	 | 	4	 | 	2,24
  0	 | 	7	 | 	4,12
  0	 | 	13	 | 	15,52
  1	 | 	9	 | 	6,00
  1	 | 	12	 | 	5,10
  2	 | 	5	 | 	2,24
  2	 | 	6	 | 	2,24
  3	 | 	11	 | 	3,61
  3	 | 	19	 | 	13,45
  4	 | 	6	 | 	4,12
  4	 | 	13	 | 	14,14
  4	 | 	16	 | 	9,06
  5	 | 	10	 | 	7,28
  6	 | 	9	 | 	6,00
  7	 | 	8	 | 	4,12
  8	 | 	11	 | 	6,32
  9	 | 	17	 | 	11,18
  10	 | 	12	 | 	6,40
  10	 | 	14	 | 	3,61
  12	 | 	14	 | 	3,16
  13	 | 	15	 | 	6,00
  13	 | 	16	 | 	5,10
  15	 | 	18	 | 	5,00
  16	 | 	18	 | 	2,24
  17	 | 	19	 | 	2,24
  2	 | 	7	 | 	5,83
  9	 | 	10	 | 	2,24
  16	 | 	17	 | 	5,83
  3	 | 	8	 | 	8,06
___________________________
Simulation Topology [1:9]
___________________________
From 	  To 		Length
___________________________
  0	 | 	4	 | 	2,24
  0	 | 	7	 | 	4,12
  0	 | 	13	 | 	15,52
  1	 | 	9	 | 	6,00
  1	 | 	12	 | 	5,10
  2	 | 	5	 | 	2,24
  2	 | 	6	 | 	2,24
  3	 | 	11	 | 	3,61
  3	 | 	19	 | 	13,45
  4	 | 	6	 | 	4,12
  4	 | 	13	 | 	14,14
  4	 | 	16	 | 	9,06
  5	 | 	10	 | 	7,28
  6	 | 	9	 | 	6,00
  7	 | 	8	 | 	4,12
  8	 | 	11	 | 	6,32
  9	 | 	17	 | 	11,18
  10	 | 	12	 | 	6,40
  10	 | 	14	 | 	3,61
  12	 | 	14	 | 	3,16
  13	 | 	15	 | 	6,00
  13	 | 	16	 | 	5,10
  15	 | 	18	 | 	5,00
  16	 | 	18	 | 	2,24
  17	 | 	19	 | 	2,24
  2	 | 	7	 | 	5,83
  9	 | 	10	 | 	2,24
  16	 | 	17	 | 	5,83
  3	 | 	8	 | 	8,06
  1	 | 	11	 | 	7,21
___________________________
