[5]				[2]		
[0]				[1]		
[5]				[6]		
[0]				[5]		
[5]				[10]		
[0]				[9]		
[5]				[14]		
[0]				[13]		
[5]				[18]		
[0]				[17]		
[5]				[22]		
[9]				[21]		
[6]				[25]		
[9]				[25]		
[6]				[29]		
[9]				[29]		
[6]				[33]		
[9]				[33]		
[6]				[37]		
[9]				[37]		
___________________________
Simulation Topology [1:5]
___________________________
From 	  To 		Length
___________________________
  0	 | 	1	 | 	5,10
  0	 | 	6	 | 	12,00
  0	 | 	12	 | 	23,02
  0	 | 	17	 | 	31,26
  1	 | 	2	 | 	7,07
  2	 | 	3	 | 	5,10
  2	 | 	9	 | 	12,08
  3	 | 	4	 | 	7,07
  3	 | 	11	 | 	18,36
  4	 | 	5	 | 	5,10
  5	 | 	10	 | 	13,93
  6	 | 	7	 | 	5,10
  7	 | 	8	 | 	7,07
  7	 | 	9	 | 	4,00
  8	 | 	9	 | 	5,10
  10	 | 	11	 | 	4,12
  11	 | 	13	 | 	4,00
  12	 | 	13	 | 	3,00
  13	 | 	19	 | 	12,00
  14	 | 	15	 | 	3,00
  14	 | 	16	 | 	4,00
  14	 | 	17	 | 	5,00
  14	 | 	18	 | 	8,00
  15	 | 	16	 | 	5,00
  16	 | 	17	 | 	3,00
  18	 | 	19	 | 	3,00
___________________________
Simulation Topology [1:6]
___________________________
From 	  To 		Length
___________________________
  0	 | 	1	 | 	5,10
  0	 | 	6	 | 	12,00
  0	 | 	12	 | 	23,02
  0	 | 	17	 | 	31,26
  1	 | 	2	 | 	7,07
  2	 | 	3	 | 	5,10
  2	 | 	9	 | 	12,08
  3	 | 	4	 | 	7,07
  3	 | 	11	 | 	18,36
  4	 | 	5	 | 	5,10
  5	 | 	10	 | 	13,93
  6	 | 	7	 | 	5,10
  7	 | 	8	 | 	7,07
  7	 | 	9	 | 	4,00
  8	 | 	9	 | 	5,10
  10	 | 	11	 | 	4,12
  11	 | 	13	 | 	4,00
  12	 | 	13	 | 	3,00
  13	 | 	19	 | 	12,00
  14	 | 	15	 | 	3,00
  14	 | 	16	 | 	4,00
  14	 | 	17	 | 	5,00
  14	 | 	18	 | 	8,00
  15	 | 	16	 | 	5,00
  16	 | 	17	 | 	3,00
  18	 | 	19	 | 	3,00
  15	 | 	18	 | 	8,54
___________________________
Simulation Topology [1:7]
___________________________
From 	  To 		Length
___________________________
  0	 | 	1	 | 	5,10
  0	 | 	6	 | 	12,00
  0	 | 	12	 | 	23,02
  0	 | 	17	 | 	31,26
  1	 | 	2	 | 	7,07
  2	 | 	3	 | 	5,10
  2	 | 	9	 | 	12,08
  3	 | 	4	 | 	7,07
  3	 | 	11	 | 	18,36
  4	 | 	5	 | 	5,10
  5	 | 	10	 | 	13,93
  6	 | 	7	 | 	5,10
  7	 | 	8	 | 	7,07
  7	 | 	9	 | 	4,00
  8	 | 	9	 | 	5,10
  10	 | 	11	 | 	4,12
  11	 | 	13	 | 	4,00
  12	 | 	13	 | 	3,00
  13	 | 	19	 | 	12,00
  14	 | 	15	 | 	3,00
  14	 | 	16	 | 	4,00
  14	 | 	17	 | 	5,00
  14	 | 	18	 | 	8,00
  15	 | 	16	 | 	5,00
  16	 | 	17	 | 	3,00
  18	 | 	19	 | 	3,00
  15	 | 	18	 | 	8,54
  6	 | 	8	 | 	4,00
___________________________
Simulation Topology [1:8]
___________________________
From 	  To 		Length
___________________________
  0	 | 	1	 | 	5,10
  0	 | 	6	 | 	12,00
  0	 | 	12	 | 	23,02
  0	 | 	17	 | 	31,26
  1	 | 	2	 | 	7,07
  2	 | 	3	 | 	5,10
  2	 | 	9	 | 	12,08
  3	 | 	4	 | 	7,07
  3	 | 	11	 | 	18,36
  4	 | 	5	 | 	5,10
  5	 | 	10	 | 	13,93
  6	 | 	7	 | 	5,10
  7	 | 	8	 | 	7,07
  7	 | 	9	 | 	4,00
  8	 | 	9	 | 	5,10
  10	 | 	11	 | 	4,12
  11	 | 	13	 | 	4,00
  12	 | 	13	 | 	3,00
  13	 | 	19	 | 	12,00
  14	 | 	15	 | 	3,00
  14	 | 	16	 | 	4,00
  14	 | 	17	 | 	5,00
  14	 | 	18	 | 	8,00
  15	 | 	16	 | 	5,00
  16	 | 	17	 | 	3,00
  18	 | 	19	 | 	3,00
  15	 | 	18	 | 	8,54
  6	 | 	8	 | 	4,00
  10	 | 	17	 | 	11,70
___________________________
Simulation Topology [1:9]
___________________________
From 	  To 		Length
___________________________
  0	 | 	1	 | 	5,10
  0	 | 	6	 | 	12,00
  0	 | 	12	 | 	23,02
  0	 | 	17	 | 	31,26
  1	 | 	2	 | 	7,07
  2	 | 	3	 | 	5,10
  2	 | 	9	 | 	12,08
  3	 | 	4	 | 	7,07
  3	 | 	11	 | 	18,36
  4	 | 	5	 | 	5,10
  5	 | 	10	 | 	13,93
  6	 | 	7	 | 	5,10
  7	 | 	8	 | 	7,07
  7	 | 	9	 | 	4,00
  8	 | 	9	 | 	5,10
  10	 | 	11	 | 	4,12
  11	 | 	13	 | 	4,00
  12	 | 	13	 | 	3,00
  13	 | 	19	 | 	12,00
  14	 | 	15	 | 	3,00
  14	 | 	16	 | 	4,00
  14	 | 	17	 | 	5,00
  14	 | 	18	 | 	8,00
  15	 | 	16	 | 	5,00
  16	 | 	17	 | 	3,00
  18	 | 	19	 | 	3,00
  15	 | 	18	 | 	8,54
  6	 | 	8	 | 	4,00
  10	 | 	17	 | 	11,70
  1	 | 	5	 | 	8,00
___________________________
