Simulation Topology 1
___________________________
[2]				[5]		
[8]				[13]		
[7]				[16]		
[3]				[17]		
[2]				[24]		
[5]				[26]		
[4]				[23]		
[1]				[31]		
[7]				[42]		
[9]				[43]		
___________________________
Simulation Topology [1:2]
___________________________
From 	  To 		Length
___________________________
  0	 | 	1	 | 	10,00
  0	 | 	3	 | 	12,04
  0	 | 	5	 | 	21,21
  0	 | 	6	 | 	18,11
  1	 | 	2	 | 	3,16
  1	 | 	7	 | 	19,31
  2	 | 	6	 | 	7,62
  3	 | 	4	 | 	7,07
  3	 | 	7	 | 	14,14
  4	 | 	5	 | 	3,61
  6	 | 	8	 | 	19,24
  6	 | 	9	 | 	20,62
  8	 | 	9	 | 	2,24
___________________________
Simulation Topology [1:3]
___________________________
From 	  To 		Length
___________________________
  0	 | 	1	 | 	10,00
  0	 | 	3	 | 	12,04
  0	 | 	5	 | 	21,21
  0	 | 	6	 | 	18,11
  1	 | 	2	 | 	3,16
  1	 | 	7	 | 	19,31
  2	 | 	6	 | 	7,62
  3	 | 	4	 | 	7,07
  3	 | 	7	 | 	14,14
  4	 | 	5	 | 	3,61
  6	 | 	8	 | 	19,24
  6	 | 	9	 | 	20,62
  8	 | 	9	 | 	2,24
  4	 | 	7	 | 	7,07
___________________________
Simulation Topology [1:4]
___________________________
From 	  To 		Length
___________________________
  0	 | 	1	 | 	10,00
  0	 | 	3	 | 	12,04
  0	 | 	5	 | 	21,21
  0	 | 	6	 | 	18,11
  1	 | 	2	 | 	3,16
  1	 | 	7	 | 	19,31
  2	 | 	6	 | 	7,62
  3	 | 	4	 | 	7,07
  3	 | 	7	 | 	14,14
  4	 | 	5	 | 	3,61
  6	 | 	8	 | 	19,24
  6	 | 	9	 | 	20,62
  8	 | 	9	 | 	2,24
  4	 | 	7	 | 	7,07
  5	 | 	7	 | 	6,40
___________________________
