Simulation Topology 1
___________________________
[1]				[3]		
[3]				[3]		
[2]				[6]		
[7]				[7]		
[1]				[8]		
[5]				[11]		
[1]				[12]		
[6]				[14]		
[8]				[17]		
[8]				[19]		
[7]				[23]		
[9]				[22]		
[8]				[25]		
[5]				[27]		
[8]				[29]		
[1]				[28]		
[0]				[32]		
[5]				[32]		
[0]				[36]		
[5]				[36]		
___________________________
Simulation Topology [1:0]
___________________________
From 	  To 		Length
___________________________
  0	 | 	1	 | 	2,00
  0	 | 	6	 | 	9,00
  0	 | 	9	 | 	17,46
  0	 | 	18	 | 	33,02
  1	 | 	4	 | 	5,39
  2	 | 	6	 | 	6,08
  2	 | 	7	 | 	8,94
  3	 | 	8	 | 	10,05
  3	 | 	16	 | 	25,96
  4	 | 	5	 | 	5,00
  5	 | 	10	 | 	12,17
  7	 | 	13	 | 	13,04
  8	 | 	9	 | 	2,00
  10	 | 	11	 | 	2,24
  11	 | 	14	 | 	7,07
  12	 | 	13	 | 	3,61
  12	 | 	14	 | 	4,00
  15	 | 	17	 | 	5,66
  15	 | 	19	 | 	8,94
  16	 | 	17	 | 	5,00
  18	 | 	19	 | 	5,00
___________________________
Simulation Topology [1:1]
___________________________
From 	  To 		Length
___________________________
  0	 | 	1	 | 	2,00
  0	 | 	6	 | 	9,00
  0	 | 	9	 | 	17,46
  0	 | 	18	 | 	33,02
  1	 | 	4	 | 	5,39
  2	 | 	6	 | 	6,08
  2	 | 	7	 | 	8,94
  3	 | 	8	 | 	10,05
  3	 | 	16	 | 	25,96
  4	 | 	5	 | 	5,00
  5	 | 	10	 | 	12,17
  7	 | 	13	 | 	13,04
  8	 | 	9	 | 	2,00
  10	 | 	11	 | 	2,24
  11	 | 	14	 | 	7,07
  12	 | 	13	 | 	3,61
  12	 | 	14	 | 	4,00
  15	 | 	17	 | 	5,66
  15	 | 	19	 | 	8,94
  16	 | 	17	 | 	5,00
  18	 | 	19	 | 	5,00
  12	 | 	18	 | 	13,60
___________________________
Simulation Topology [1:2]
___________________________
From 	  To 		Length
___________________________
  0	 | 	1	 | 	2,00
  0	 | 	6	 | 	9,00
  0	 | 	9	 | 	17,46
  0	 | 	18	 | 	33,02
  1	 | 	4	 | 	5,39
  2	 | 	6	 | 	6,08
  2	 | 	7	 | 	8,94
  3	 | 	8	 | 	10,05
  3	 | 	16	 | 	25,96
  4	 | 	5	 | 	5,00
  5	 | 	10	 | 	12,17
  7	 | 	13	 | 	13,04
  8	 | 	9	 | 	2,00
  10	 | 	11	 | 	2,24
  11	 | 	14	 | 	7,07
  12	 | 	13	 | 	3,61
  12	 | 	14	 | 	4,00
  15	 | 	17	 | 	5,66
  15	 | 	19	 | 	8,94
  16	 | 	17	 | 	5,00
  18	 | 	19	 | 	5,00
  12	 | 	18	 | 	13,60
  10	 | 	13	 | 	4,47
___________________________
Simulation Topology [1:3]
___________________________
From 	  To 		Length
___________________________
  0	 | 	1	 | 	2,00
  0	 | 	6	 | 	9,00
  0	 | 	9	 | 	17,46
  0	 | 	18	 | 	33,02
  1	 | 	4	 | 	5,39
  2	 | 	6	 | 	6,08
  2	 | 	7	 | 	8,94
  3	 | 	8	 | 	10,05
  3	 | 	16	 | 	25,96
  4	 | 	5	 | 	5,00
  5	 | 	10	 | 	12,17
  7	 | 	13	 | 	13,04
  8	 | 	9	 | 	2,00
  10	 | 	11	 | 	2,24
  11	 | 	14	 | 	7,07
  12	 | 	13	 | 	3,61
  12	 | 	14	 | 	4,00
  15	 | 	17	 | 	5,66
  15	 | 	19	 | 	8,94
  16	 | 	17	 | 	5,00
  18	 | 	19	 | 	5,00
  12	 | 	18	 | 	13,60
  10	 | 	13	 | 	4,47
  17	 | 	19	 | 	4,00
___________________________
Simulation Topology [1:4]
___________________________
From 	  To 		Length
___________________________
  0	 | 	1	 | 	2,00
  0	 | 	6	 | 	9,00
  0	 | 	9	 | 	17,46
  0	 | 	18	 | 	33,02
  1	 | 	4	 | 	5,39
  2	 | 	6	 | 	6,08
  2	 | 	7	 | 	8,94
  3	 | 	8	 | 	10,05
  3	 | 	16	 | 	25,96
  4	 | 	5	 | 	5,00
  5	 | 	10	 | 	12,17
  7	 | 	13	 | 	13,04
  8	 | 	9	 | 	2,00
  10	 | 	11	 | 	2,24
  11	 | 	14	 | 	7,07
  12	 | 	13	 | 	3,61
  12	 | 	14	 | 	4,00
  15	 | 	17	 | 	5,66
  15	 | 	19	 | 	8,94
  16	 | 	17	 | 	5,00
  18	 | 	19	 | 	5,00
  12	 | 	18	 | 	13,60
  10	 | 	13	 | 	4,47
  17	 | 	19	 | 	4,00
  9	 | 	12	 | 	6,00
___________________________
Simulation Topology [1:5]
___________________________
From 	  To 		Length
___________________________
  0	 | 	1	 | 	2,00
  0	 | 	6	 | 	9,00
  0	 | 	9	 | 	17,46
  0	 | 	18	 | 	33,02
  1	 | 	4	 | 	5,39
  2	 | 	6	 | 	6,08
  2	 | 	7	 | 	8,94
  3	 | 	8	 | 	10,05
  3	 | 	16	 | 	25,96
  4	 | 	5	 | 	5,00
  5	 | 	10	 | 	12,17
  7	 | 	13	 | 	13,04
  8	 | 	9	 | 	2,00
  10	 | 	11	 | 	2,24
  11	 | 	14	 | 	7,07
  12	 | 	13	 | 	3,61
  12	 | 	14	 | 	4,00
  15	 | 	17	 | 	5,66
  15	 | 	19	 | 	8,94
  16	 | 	17	 | 	5,00
  18	 | 	19	 | 	5,00
  12	 | 	18	 | 	13,60
  10	 | 	13	 | 	4,47
  17	 | 	19	 | 	4,00
  9	 | 	12	 | 	6,00
  15	 | 	18	 | 	8,06
___________________________
Simulation Topology [1:6]
___________________________
From 	  To 		Length
___________________________
  0	 | 	1	 | 	2,00
  0	 | 	6	 | 	9,00
  0	 | 	9	 | 	17,46
  0	 | 	18	 | 	33,02
  1	 | 	4	 | 	5,39
  2	 | 	6	 | 	6,08
  2	 | 	7	 | 	8,94
  3	 | 	8	 | 	10,05
  3	 | 	16	 | 	25,96
  4	 | 	5	 | 	5,00
  5	 | 	10	 | 	12,17
  7	 | 	13	 | 	13,04
  8	 | 	9	 | 	2,00
  10	 | 	11	 | 	2,24
  11	 | 	14	 | 	7,07
  12	 | 	13	 | 	3,61
  12	 | 	14	 | 	4,00
  15	 | 	17	 | 	5,66
  15	 | 	19	 | 	8,94
  16	 | 	17	 | 	5,00
  18	 | 	19	 | 	5,00
  12	 | 	18	 | 	13,60
  10	 | 	13	 | 	4,47
  17	 | 	19	 | 	4,00
  9	 | 	12	 | 	6,00
  15	 | 	18	 | 	8,06
  1	 | 	5	 | 	8,25
___________________________
Simulation Topology [1:7]
___________________________
From 	  To 		Length
___________________________
  0	 | 	1	 | 	2,00
  0	 | 	6	 | 	9,00
  0	 | 	9	 | 	17,46
  0	 | 	18	 | 	33,02
  1	 | 	4	 | 	5,39
  2	 | 	6	 | 	6,08
  2	 | 	7	 | 	8,94
  3	 | 	8	 | 	10,05
  3	 | 	16	 | 	25,96
  4	 | 	5	 | 	5,00
  5	 | 	10	 | 	12,17
  7	 | 	13	 | 	13,04
  8	 | 	9	 | 	2,00
  10	 | 	11	 | 	2,24
  11	 | 	14	 | 	7,07
  12	 | 	13	 | 	3,61
  12	 | 	14	 | 	4,00
  15	 | 	17	 | 	5,66
  15	 | 	19	 | 	8,94
  16	 | 	17	 | 	5,00
  18	 | 	19	 | 	5,00
  12	 | 	18	 | 	13,60
  10	 | 	13	 | 	4,47
  17	 | 	19	 | 	4,00
  9	 | 	12	 | 	6,00
  15	 | 	18	 | 	8,06
  1	 | 	5	 | 	8,25
  14	 | 	15	 | 	7,07
___________________________
Simulation Topology [1:8]
___________________________
From 	  To 		Length
___________________________
  0	 | 	1	 | 	2,00
  0	 | 	6	 | 	9,00
  0	 | 	9	 | 	17,46
  0	 | 	18	 | 	33,02
  1	 | 	4	 | 	5,39
  2	 | 	6	 | 	6,08
  2	 | 	7	 | 	8,94
  3	 | 	8	 | 	10,05
  3	 | 	16	 | 	25,96
  4	 | 	5	 | 	5,00
  5	 | 	10	 | 	12,17
  7	 | 	13	 | 	13,04
  8	 | 	9	 | 	2,00
  10	 | 	11	 | 	2,24
  11	 | 	14	 | 	7,07
  12	 | 	13	 | 	3,61
  12	 | 	14	 | 	4,00
  15	 | 	17	 | 	5,66
  15	 | 	19	 | 	8,94
  16	 | 	17	 | 	5,00
  18	 | 	19	 | 	5,00
  12	 | 	18	 | 	13,60
  10	 | 	13	 | 	4,47
  17	 | 	19	 | 	4,00
  9	 | 	12	 | 	6,00
  15	 | 	18	 | 	8,06
  1	 | 	5	 | 	8,25
  14	 | 	15	 | 	7,07
  5	 | 	9	 | 	8,54
___________________________
Simulation Topology [1:9]
___________________________
From 	  To 		Length
___________________________
  0	 | 	1	 | 	2,00
  0	 | 	6	 | 	9,00
  0	 | 	9	 | 	17,46
  0	 | 	18	 | 	33,02
  1	 | 	4	 | 	5,39
  2	 | 	6	 | 	6,08
  2	 | 	7	 | 	8,94
  3	 | 	8	 | 	10,05
  3	 | 	16	 | 	25,96
  4	 | 	5	 | 	5,00
  5	 | 	10	 | 	12,17
  7	 | 	13	 | 	13,04
  8	 | 	9	 | 	2,00
  10	 | 	11	 | 	2,24
  11	 | 	14	 | 	7,07
  12	 | 	13	 | 	3,61
  12	 | 	14	 | 	4,00
  15	 | 	17	 | 	5,66
  15	 | 	19	 | 	8,94
  16	 | 	17	 | 	5,00
  18	 | 	19	 | 	5,00
  12	 | 	18	 | 	13,60
  10	 | 	13	 | 	4,47
  17	 | 	19	 | 	4,00
  9	 | 	12	 | 	6,00
  15	 | 	18	 | 	8,06
  1	 | 	5	 | 	8,25
  14	 | 	15	 | 	7,07
  5	 | 	9	 | 	8,54
  13	 | 	17	 | 	5,00
___________________________
