Simulation Topology 1
___________________________
[2]				[6]		
[2]				[2]		
[5]				[7]		
[0]				[0]		
[0]				[12]		
[6]				[22]		
[1]				[25]		
[1]				[27]		
[5]				[26]		
[3]				[29]		
[0]				[22]		
[9]				[27]		
[6]				[29]		
[5]				[24]		
[9]				[35]		
[7]				[39]		
[1]				[36]		
[3]				[49]		
[3]				[43]		
[9]				[56]		
___________________________
Simulation Topology [1:4]
___________________________
From 	  To 		Length
___________________________
  0	 | 	1	 | 	4,00
  0	 | 	2	 | 	3,16
  0	 | 	4	 | 	6,32
  0	 | 	5	 | 	16,49
  1	 | 	2	 | 	5,83
  1	 | 	13	 | 	22,20
  1	 | 	15	 | 	37,34
  1	 | 	16	 | 	34,01
  2	 | 	3	 | 	8,60
  2	 | 	15	 | 	32,06
  3	 | 	4	 | 	12,00
  5	 | 	6	 | 	5,83
  5	 | 	10	 | 	6,00
  5	 | 	11	 | 	5,83
  6	 | 	7	 | 	2,00
  6	 | 	9	 | 	4,47
  6	 | 	12	 | 	6,40
  7	 | 	13	 | 	5,00
  7	 | 	17	 | 	22,09
  8	 | 	9	 | 	3,61
  8	 | 	12	 | 	3,16
  9	 | 	10	 | 	7,62
  10	 | 	14	 | 	15,81
  11	 | 	14	 | 	8,00
  16	 | 	19	 | 	21,54
  17	 | 	18	 | 	6,00
  18	 | 	19	 | 	14,32
___________________________
Simulation Topology [1:5]
___________________________
From 	  To 		Length
___________________________
  0	 | 	1	 | 	4,00
  0	 | 	2	 | 	3,16
  0	 | 	4	 | 	6,32
  0	 | 	5	 | 	16,49
  1	 | 	2	 | 	5,83
  1	 | 	13	 | 	22,20
  1	 | 	15	 | 	37,34
  1	 | 	16	 | 	34,01
  2	 | 	3	 | 	8,60
  2	 | 	15	 | 	32,06
  3	 | 	4	 | 	12,00
  5	 | 	6	 | 	5,83
  5	 | 	10	 | 	6,00
  5	 | 	11	 | 	5,83
  6	 | 	7	 | 	2,00
  6	 | 	9	 | 	4,47
  6	 | 	12	 | 	6,40
  7	 | 	13	 | 	5,00
  7	 | 	17	 | 	22,09
  8	 | 	9	 | 	3,61
  8	 | 	12	 | 	3,16
  9	 | 	10	 | 	7,62
  10	 | 	14	 | 	15,81
  11	 | 	14	 | 	8,00
  16	 | 	19	 | 	21,54
  17	 | 	18	 | 	6,00
  18	 | 	19	 | 	14,32
  7	 | 	16	 | 	9,00
___________________________
Simulation Topology [1:6]
___________________________
From 	  To 		Length
___________________________
  0	 | 	1	 | 	4,00
  0	 | 	2	 | 	3,16
  0	 | 	4	 | 	6,32
  0	 | 	5	 | 	16,49
  1	 | 	2	 | 	5,83
  1	 | 	13	 | 	22,20
  1	 | 	15	 | 	37,34
  1	 | 	16	 | 	34,01
  2	 | 	3	 | 	8,60
  2	 | 	15	 | 	32,06
  3	 | 	4	 | 	12,00
  5	 | 	6	 | 	5,83
  5	 | 	10	 | 	6,00
  5	 | 	11	 | 	5,83
  6	 | 	7	 | 	2,00
  6	 | 	9	 | 	4,47
  6	 | 	12	 | 	6,40
  7	 | 	13	 | 	5,00
  7	 | 	17	 | 	22,09
  8	 | 	9	 | 	3,61
  8	 | 	12	 | 	3,16
  9	 | 	10	 | 	7,62
  10	 | 	14	 | 	15,81
  11	 | 	14	 | 	8,00
  16	 | 	19	 | 	21,54
  17	 | 	18	 | 	6,00
  18	 | 	19	 | 	14,32
  7	 | 	16	 | 	9,00
  12	 | 	17	 | 	20,22
___________________________
Simulation Topology [1:7]
___________________________
From 	  To 		Length
___________________________
  0	 | 	1	 | 	4,00
  0	 | 	2	 | 	3,16
  0	 | 	4	 | 	6,32
  0	 | 	5	 | 	16,49
  1	 | 	2	 | 	5,83
  1	 | 	13	 | 	22,20
  1	 | 	15	 | 	37,34
  1	 | 	16	 | 	34,01
  2	 | 	3	 | 	8,60
  2	 | 	15	 | 	32,06
  3	 | 	4	 | 	12,00
  5	 | 	6	 | 	5,83
  5	 | 	10	 | 	6,00
  5	 | 	11	 | 	5,83
  6	 | 	7	 | 	2,00
  6	 | 	9	 | 	4,47
  6	 | 	12	 | 	6,40
  7	 | 	13	 | 	5,00
  7	 | 	17	 | 	22,09
  8	 | 	9	 | 	3,61
  8	 | 	12	 | 	3,16
  9	 | 	10	 | 	7,62
  10	 | 	14	 | 	15,81
  11	 | 	14	 | 	8,00
  16	 | 	19	 | 	21,54
  17	 | 	18	 | 	6,00
  18	 | 	19	 | 	14,32
  7	 | 	16	 | 	9,00
  12	 | 	17	 | 	20,22
  14	 | 	15	 | 	4,47
___________________________
Simulation Topology [1:8]
___________________________
From 	  To 		Length
___________________________
  0	 | 	1	 | 	4,00
  0	 | 	2	 | 	3,16
  0	 | 	4	 | 	6,32
  0	 | 	5	 | 	16,49
  1	 | 	2	 | 	5,83
  1	 | 	13	 | 	22,20
  1	 | 	15	 | 	37,34
  1	 | 	16	 | 	34,01
  2	 | 	3	 | 	8,60
  2	 | 	15	 | 	32,06
  3	 | 	4	 | 	12,00
  5	 | 	6	 | 	5,83
  5	 | 	10	 | 	6,00
  5	 | 	11	 | 	5,83
  6	 | 	7	 | 	2,00
  6	 | 	9	 | 	4,47
  6	 | 	12	 | 	6,40
  7	 | 	13	 | 	5,00
  7	 | 	17	 | 	22,09
  8	 | 	9	 | 	3,61
  8	 | 	12	 | 	3,16
  9	 | 	10	 | 	7,62
  10	 | 	14	 | 	15,81
  11	 | 	14	 | 	8,00
  16	 | 	19	 | 	21,54
  17	 | 	18	 | 	6,00
  18	 | 	19	 | 	14,32
  7	 | 	16	 | 	9,00
  12	 | 	17	 | 	20,22
  14	 | 	15	 | 	4,47
  16	 | 	18	 | 	7,28
___________________________
Simulation Topology [1:9]
___________________________
From 	  To 		Length
___________________________
  0	 | 	1	 | 	4,00
  0	 | 	2	 | 	3,16
  0	 | 	4	 | 	6,32
  0	 | 	5	 | 	16,49
  1	 | 	2	 | 	5,83
  1	 | 	13	 | 	22,20
  1	 | 	15	 | 	37,34
  1	 | 	16	 | 	34,01
  2	 | 	3	 | 	8,60
  2	 | 	15	 | 	32,06
  3	 | 	4	 | 	12,00
  5	 | 	6	 | 	5,83
  5	 | 	10	 | 	6,00
  5	 | 	11	 | 	5,83
  6	 | 	7	 | 	2,00
  6	 | 	9	 | 	4,47
  6	 | 	12	 | 	6,40
  7	 | 	13	 | 	5,00
  7	 | 	17	 | 	22,09
  8	 | 	9	 | 	3,61
  8	 | 	12	 | 	3,16
  9	 | 	10	 | 	7,62
  10	 | 	14	 | 	15,81
  11	 | 	14	 | 	8,00
  16	 | 	19	 | 	21,54
  17	 | 	18	 | 	6,00
  18	 | 	19	 | 	14,32
  7	 | 	16	 | 	9,00
  12	 | 	17	 | 	20,22
  14	 | 	15	 | 	4,47
  16	 | 	18	 | 	7,28
  15	 | 	17	 | 	10,77
___________________________
