Simulation Topology 1
___________________________
[7]				[0]		
[5]				[0]		
[0]				[1]		
[2]				[1]		
[5]				[2]		
___________________________
Simulation Topology [1:0]
___________________________
From 	  To 		Length
___________________________
  0	 | 	1	 | 	2,00
  0	 | 	2	 | 	7,07
  0	 | 	3	 | 	5,10
  0	 | 	4	 | 	2,83
  1	 | 	2	 | 	5,10
  2	 | 	3	 | 	2,00
  3	 | 	4	 | 	3,16
___________________________
Simulation Topology [1:1]
___________________________
From 	  To 		Length
___________________________
  0	 | 	1	 | 	2,00
  0	 | 	2	 | 	7,07
  0	 | 	3	 | 	5,10
  0	 | 	4	 | 	2,83
  1	 | 	2	 | 	5,10
  2	 | 	3	 | 	2,00
  3	 | 	4	 | 	3,16
  2	 | 	4	 | 	5,10
___________________________
