Simulation Topology 1
___________________________
[0]				[0]		
[3]				[0]		
[5]				[1]		
[8]				[1]		
[5]				[2]		
___________________________
Simulation Topology [1:0]
___________________________
From 	  To 		Length
___________________________
  0	 | 	1	 | 	3,00
  0	 | 	2	 | 	5,10
  1	 | 	2	 | 	2,24
  1	 | 	3	 | 	5,10
  1	 | 	4	 | 	2,83
  2	 | 	3	 | 	3,00
  2	 | 	4	 | 	1,00
  3	 | 	4	 | 	3,16
___________________________
Simulation Topology [1:1]
___________________________
From 	  To 		Length
___________________________
  0	 | 	1	 | 	3,00
  0	 | 	2	 | 	5,10
  1	 | 	2	 | 	2,24
  1	 | 	3	 | 	5,10
  1	 | 	4	 | 	2,83
  2	 | 	3	 | 	3,00
  2	 | 	4	 | 	1,00
  3	 | 	4	 | 	3,16
  0	 | 	3	 | 	8,06
___________________________
