Simulation Topology 1
___________________________
[4]				[2]		
[7]				[5]		
[4]				[4]		
[7]				[12]		
[5]				[15]		
[1]				[15]		
[3]				[16]		
[9]				[16]		
[14]				[6]		
[18]				[7]		
___________________________
Simulation Topology [1:0]
___________________________
From 	  To 		Length
___________________________
  0	 | 	1	 | 	4,24
  0	 | 	3	 | 	10,44
  0	 | 	5	 | 	13,34
  0	 | 	6	 | 	14,04
  1	 | 	2	 | 	3,16
  2	 | 	8	 | 	10,20
  3	 | 	7	 | 	4,47
  4	 | 	5	 | 	4,00
  4	 | 	7	 | 	4,12
  6	 | 	9	 | 	17,49
  8	 | 	9	 | 	4,12
___________________________
Simulation Topology [1:1]
___________________________
From 	  To 		Length
___________________________
  0	 | 	1	 | 	4,24
  0	 | 	3	 | 	10,44
  0	 | 	5	 | 	13,34
  0	 | 	6	 | 	14,04
  1	 | 	2	 | 	3,16
  2	 | 	8	 | 	10,20
  3	 | 	7	 | 	4,47
  4	 | 	5	 | 	4,00
  4	 | 	7	 | 	4,12
  6	 | 	9	 | 	17,49
  8	 | 	9	 | 	4,12
  5	 | 	6	 | 	2,24
___________________________
Simulation Topology [1:2]
___________________________
From 	  To 		Length
___________________________
  0	 | 	1	 | 	4,24
  0	 | 	3	 | 	10,44
  0	 | 	5	 | 	13,34
  0	 | 	6	 | 	14,04
  1	 | 	2	 | 	3,16
  2	 | 	8	 | 	10,20
  3	 | 	7	 | 	4,47
  4	 | 	5	 | 	4,00
  4	 | 	7	 | 	4,12
  6	 | 	9	 | 	17,49
  8	 | 	9	 | 	4,12
  5	 | 	6	 | 	2,24
  2	 | 	3	 | 	8,54
___________________________
Simulation Topology [1:3]
___________________________
From 	  To 		Length
___________________________
  0	 | 	1	 | 	4,24
  0	 | 	3	 | 	10,44
  0	 | 	5	 | 	13,34
  0	 | 	6	 | 	14,04
  1	 | 	2	 | 	3,16
  2	 | 	8	 | 	10,20
  3	 | 	7	 | 	4,47
  4	 | 	5	 | 	4,00
  4	 | 	7	 | 	4,12
  6	 | 	9	 | 	17,49
  8	 | 	9	 | 	4,12
  5	 | 	6	 | 	2,24
  2	 | 	3	 | 	8,54
  3	 | 	5	 | 	6,71
___________________________
Simulation Topology [1:4]
___________________________
From 	  To 		Length
___________________________
  0	 | 	1	 | 	4,24
  0	 | 	3	 | 	10,44
  0	 | 	5	 | 	13,34
  0	 | 	6	 | 	14,04
  1	 | 	2	 | 	3,16
  2	 | 	8	 | 	10,20
  3	 | 	7	 | 	4,47
  4	 | 	5	 | 	4,00
  4	 | 	7	 | 	4,12
  6	 | 	9	 | 	17,49
  8	 | 	9	 | 	4,12
  5	 | 	6	 | 	2,24
  2	 | 	3	 | 	8,54
  3	 | 	5	 | 	6,71
  4	 | 	6	 | 	2,24
___________________________
