[0]				[8]		
[1]				[2]		
[9]				[0]		
[9]				[4]		
[3]				[5]		
[5]				[8]		
[0]				[6]		
[8]				[2]		
[7]				[0]		
[7]				[8]		
[4]				[16]		
[0]				[14]		
[1]				[11]		
[4]				[14]		
[4]				[10]		
[8]				[11]		
[0]				[17]		
[4]				[19]		
[8]				[21]		
[0]				[29]		
___________________________
Simulation Topology [1:1]
___________________________
From 	  To 		Length
___________________________
  0	 | 	6	 | 	2,00
  0	 | 	10	 | 	8,94
  1	 | 	11	 | 	12,04
  1	 | 	18	 | 	20,25
  2	 | 	7	 | 	2,24
  2	 | 	19	 | 	30,36
  3	 | 	7	 | 	2,24
  3	 | 	9	 | 	4,47
  4	 | 	5	 | 	3,61
  4	 | 	11	 | 	9,49
  5	 | 	10	 | 	8,06
  6	 | 	9	 | 	7,28
  7	 | 	8	 | 	2,24
  7	 | 	9	 | 	6,08
  8	 | 	16	 | 	18,38
  9	 | 	12	 | 	6,71
  12	 | 	17	 | 	8,54
  13	 | 	14	 | 	4,00
  13	 | 	17	 | 	5,00
  14	 | 	15	 | 	4,12
  15	 | 	18	 | 	10,00
  16	 | 	19	 | 	12,00
___________________________
Simulation Topology [1:2]
___________________________
From 	  To 		Length
___________________________
  0	 | 	6	 | 	2,00
  0	 | 	10	 | 	8,94
  1	 | 	11	 | 	12,04
  1	 | 	18	 | 	20,25
  2	 | 	7	 | 	2,24
  2	 | 	19	 | 	30,36
  3	 | 	7	 | 	2,24
  3	 | 	9	 | 	4,47
  4	 | 	5	 | 	3,61
  4	 | 	11	 | 	9,49
  5	 | 	10	 | 	8,06
  6	 | 	9	 | 	7,28
  7	 | 	8	 | 	2,24
  7	 | 	9	 | 	6,08
  8	 | 	16	 | 	18,38
  9	 | 	12	 | 	6,71
  12	 | 	17	 | 	8,54
  13	 | 	14	 | 	4,00
  13	 | 	17	 | 	5,00
  14	 | 	15	 | 	4,12
  15	 | 	18	 | 	10,00
  16	 | 	19	 | 	12,00
  4	 | 	15	 | 	7,81
___________________________
Simulation Topology [1:3]
___________________________
From 	  To 		Length
___________________________
  0	 | 	6	 | 	2,00
  0	 | 	10	 | 	8,94
  1	 | 	11	 | 	12,04
  1	 | 	18	 | 	20,25
  2	 | 	7	 | 	2,24
  2	 | 	19	 | 	30,36
  3	 | 	7	 | 	2,24
  3	 | 	9	 | 	4,47
  4	 | 	5	 | 	3,61
  4	 | 	11	 | 	9,49
  5	 | 	10	 | 	8,06
  6	 | 	9	 | 	7,28
  7	 | 	8	 | 	2,24
  7	 | 	9	 | 	6,08
  8	 | 	16	 | 	18,38
  9	 | 	12	 | 	6,71
  12	 | 	17	 | 	8,54
  13	 | 	14	 | 	4,00
  13	 | 	17	 | 	5,00
  14	 | 	15	 | 	4,12
  15	 | 	18	 | 	10,00
  16	 | 	19	 | 	12,00
  4	 | 	15	 | 	7,81
  10	 | 	18	 | 	6,40
___________________________
Simulation Topology [1:4]
___________________________
From 	  To 		Length
___________________________
  0	 | 	6	 | 	2,00
  0	 | 	10	 | 	8,94
  1	 | 	11	 | 	12,04
  1	 | 	18	 | 	20,25
  2	 | 	7	 | 	2,24
  2	 | 	19	 | 	30,36
  3	 | 	7	 | 	2,24
  3	 | 	9	 | 	4,47
  4	 | 	5	 | 	3,61
  4	 | 	11	 | 	9,49
  5	 | 	10	 | 	8,06
  6	 | 	9	 | 	7,28
  7	 | 	8	 | 	2,24
  7	 | 	9	 | 	6,08
  8	 | 	16	 | 	18,38
  9	 | 	12	 | 	6,71
  12	 | 	17	 | 	8,54
  13	 | 	14	 | 	4,00
  13	 | 	17	 | 	5,00
  14	 | 	15	 | 	4,12
  15	 | 	18	 | 	10,00
  16	 | 	19	 | 	12,00
  4	 | 	15	 | 	7,81
  10	 | 	18	 | 	6,40
  4	 | 	12	 | 	6,32
___________________________
Simulation Topology [1:5]
___________________________
From 	  To 		Length
___________________________
  0	 | 	6	 | 	2,00
  0	 | 	10	 | 	8,94
  1	 | 	11	 | 	12,04
  1	 | 	18	 | 	20,25
  2	 | 	7	 | 	2,24
  2	 | 	19	 | 	30,36
  3	 | 	7	 | 	2,24
  3	 | 	9	 | 	4,47
  4	 | 	5	 | 	3,61
  4	 | 	11	 | 	9,49
  5	 | 	10	 | 	8,06
  6	 | 	9	 | 	7,28
  7	 | 	8	 | 	2,24
  7	 | 	9	 | 	6,08
  8	 | 	16	 | 	18,38
  9	 | 	12	 | 	6,71
  12	 | 	17	 | 	8,54
  13	 | 	14	 | 	4,00
  13	 | 	17	 | 	5,00
  14	 | 	15	 | 	4,12
  15	 | 	18	 | 	10,00
  16	 | 	19	 | 	12,00
  4	 | 	15	 | 	7,81
  10	 | 	18	 | 	6,40
  4	 | 	12	 | 	6,32
  0	 | 	3	 | 	9,85
___________________________
Simulation Topology [1:6]
___________________________
From 	  To 		Length
___________________________
  0	 | 	6	 | 	2,00
  0	 | 	10	 | 	8,94
  1	 | 	11	 | 	12,04
  1	 | 	18	 | 	20,25
  2	 | 	7	 | 	2,24
  2	 | 	19	 | 	30,36
  3	 | 	7	 | 	2,24
  3	 | 	9	 | 	4,47
  4	 | 	5	 | 	3,61
  4	 | 	11	 | 	9,49
  5	 | 	10	 | 	8,06
  6	 | 	9	 | 	7,28
  7	 | 	8	 | 	2,24
  7	 | 	9	 | 	6,08
  8	 | 	16	 | 	18,38
  9	 | 	12	 | 	6,71
  12	 | 	17	 | 	8,54
  13	 | 	14	 | 	4,00
  13	 | 	17	 | 	5,00
  14	 | 	15	 | 	4,12
  15	 | 	18	 | 	10,00
  16	 | 	19	 | 	12,00
  4	 | 	15	 | 	7,81
  10	 | 	18	 | 	6,40
  4	 | 	12	 | 	6,32
  0	 | 	3	 | 	9,85
  5	 | 	13	 | 	6,08
___________________________
Simulation Topology [1:7]
___________________________
From 	  To 		Length
___________________________
  0	 | 	6	 | 	2,00
  0	 | 	10	 | 	8,94
  1	 | 	11	 | 	12,04
  1	 | 	18	 | 	20,25
  2	 | 	7	 | 	2,24
  2	 | 	19	 | 	30,36
  3	 | 	7	 | 	2,24
  3	 | 	9	 | 	4,47
  4	 | 	5	 | 	3,61
  4	 | 	11	 | 	9,49
  5	 | 	10	 | 	8,06
  6	 | 	9	 | 	7,28
  7	 | 	8	 | 	2,24
  7	 | 	9	 | 	6,08
  8	 | 	16	 | 	18,38
  9	 | 	12	 | 	6,71
  12	 | 	17	 | 	8,54
  13	 | 	14	 | 	4,00
  13	 | 	17	 | 	5,00
  14	 | 	15	 | 	4,12
  15	 | 	18	 | 	10,00
  16	 | 	19	 | 	12,00
  4	 | 	15	 | 	7,81
  10	 | 	18	 | 	6,40
  4	 | 	12	 | 	6,32
  0	 | 	3	 | 	9,85
  5	 | 	13	 | 	6,08
  1	 | 	12	 | 	9,00
___________________________
Simulation Topology [1:8]
___________________________
From 	  To 		Length
___________________________
  0	 | 	6	 | 	2,00
  0	 | 	10	 | 	8,94
  1	 | 	11	 | 	12,04
  1	 | 	18	 | 	20,25
  2	 | 	7	 | 	2,24
  2	 | 	19	 | 	30,36
  3	 | 	7	 | 	2,24
  3	 | 	9	 | 	4,47
  4	 | 	5	 | 	3,61
  4	 | 	11	 | 	9,49
  5	 | 	10	 | 	8,06
  6	 | 	9	 | 	7,28
  7	 | 	8	 | 	2,24
  7	 | 	9	 | 	6,08
  8	 | 	16	 | 	18,38
  9	 | 	12	 | 	6,71
  12	 | 	17	 | 	8,54
  13	 | 	14	 | 	4,00
  13	 | 	17	 | 	5,00
  14	 | 	15	 | 	4,12
  15	 | 	18	 | 	10,00
  16	 | 	19	 | 	12,00
  4	 | 	15	 | 	7,81
  10	 | 	18	 | 	6,40
  4	 | 	12	 | 	6,32
  0	 | 	3	 | 	9,85
  5	 | 	13	 | 	6,08
  1	 | 	12	 | 	9,00
  14	 | 	17	 | 	9,00
___________________________
Simulation Topology [1:9]
___________________________
From 	  To 		Length
___________________________
  0	 | 	6	 | 	2,00
  0	 | 	10	 | 	8,94
  1	 | 	11	 | 	12,04
  1	 | 	18	 | 	20,25
  2	 | 	7	 | 	2,24
  2	 | 	19	 | 	30,36
  3	 | 	7	 | 	2,24
  3	 | 	9	 | 	4,47
  4	 | 	5	 | 	3,61
  4	 | 	11	 | 	9,49
  5	 | 	10	 | 	8,06
  6	 | 	9	 | 	7,28
  7	 | 	8	 | 	2,24
  7	 | 	9	 | 	6,08
  8	 | 	16	 | 	18,38
  9	 | 	12	 | 	6,71
  12	 | 	17	 | 	8,54
  13	 | 	14	 | 	4,00
  13	 | 	17	 | 	5,00
  14	 | 	15	 | 	4,12
  15	 | 	18	 | 	10,00
  16	 | 	19	 | 	12,00
  4	 | 	15	 | 	7,81
  10	 | 	18	 | 	6,40
  4	 | 	12	 | 	6,32
  0	 | 	3	 | 	9,85
  5	 | 	13	 | 	6,08
  1	 | 	12	 | 	9,00
  14	 | 	17	 | 	9,00
  14	 | 	16	 | 	8,06
___________________________
