Simulation Topology 1
___________________________
[0]				[2]		
[9]				[0]		
[0]				[6]		
[9]				[4]		
[0]				[10]		
[9]				[8]		
[0]				[14]		
[9]				[12]		
[0]				[18]		
[9]				[16]		
[0]				[22]		
[9]				[20]		
[6]				[27]		
[8]				[25]		
[0]				[28]		
[9]				[29]		
[6]				[35]		
[8]				[33]		
[3]				[37]		
[8]				[37]		
___________________________
Simulation Topology [1:0]
___________________________
From 	  To 		Length
___________________________
  0	 | 	3	 | 	9,22
  0	 | 	6	 | 	12,00
  0	 | 	12	 | 	25,71
  0	 | 	15	 | 	28,46
  1	 | 	13	 | 	25,02
  1	 | 	14	 | 	29,41
  2	 | 	11	 | 	16,64
  2	 | 	16	 | 	29,61
  3	 | 	7	 | 	8,00
  4	 | 	5	 | 	9,22
  4	 | 	8	 | 	8,00
  5	 | 	10	 | 	16,64
  6	 | 	17	 | 	20,62
  7	 | 	18	 | 	25,71
  8	 | 	11	 | 	9,22
  9	 | 	10	 | 	10,82
  9	 | 	19	 | 	21,02
  12	 | 	13	 | 	2,83
  14	 | 	15	 | 	9,06
  16	 | 	17	 | 	2,83
  18	 | 	19	 | 	5,00
___________________________
Simulation Topology [1:1]
___________________________
From 	  To 		Length
___________________________
  0	 | 	3	 | 	9,22
  0	 | 	6	 | 	12,00
  0	 | 	12	 | 	25,71
  0	 | 	15	 | 	28,46
  1	 | 	13	 | 	25,02
  1	 | 	14	 | 	29,41
  2	 | 	11	 | 	16,64
  2	 | 	16	 | 	29,61
  3	 | 	7	 | 	8,00
  4	 | 	5	 | 	9,22
  4	 | 	8	 | 	8,00
  5	 | 	10	 | 	16,64
  6	 | 	17	 | 	20,62
  7	 | 	18	 | 	25,71
  8	 | 	11	 | 	9,22
  9	 | 	10	 | 	10,82
  9	 | 	19	 | 	21,02
  12	 | 	13	 | 	2,83
  14	 | 	15	 | 	9,06
  16	 | 	17	 | 	2,83
  18	 | 	19	 | 	5,00
  14	 | 	19	 | 	12,04
___________________________
Simulation Topology [1:2]
___________________________
From 	  To 		Length
___________________________
  0	 | 	3	 | 	9,22
  0	 | 	6	 | 	12,00
  0	 | 	12	 | 	25,71
  0	 | 	15	 | 	28,46
  1	 | 	13	 | 	25,02
  1	 | 	14	 | 	29,41
  2	 | 	11	 | 	16,64
  2	 | 	16	 | 	29,61
  3	 | 	7	 | 	8,00
  4	 | 	5	 | 	9,22
  4	 | 	8	 | 	8,00
  5	 | 	10	 | 	16,64
  6	 | 	17	 | 	20,62
  7	 | 	18	 | 	25,71
  8	 | 	11	 | 	9,22
  9	 | 	10	 | 	10,82
  9	 | 	19	 | 	21,02
  12	 | 	13	 | 	2,83
  14	 | 	15	 | 	9,06
  16	 | 	17	 | 	2,83
  18	 | 	19	 | 	5,00
  14	 | 	19	 | 	12,04
  13	 | 	15	 | 	4,12
___________________________
Simulation Topology [1:3]
___________________________
From 	  To 		Length
___________________________
  0	 | 	3	 | 	9,22
  0	 | 	6	 | 	12,00
  0	 | 	12	 | 	25,71
  0	 | 	15	 | 	28,46
  1	 | 	13	 | 	25,02
  1	 | 	14	 | 	29,41
  2	 | 	11	 | 	16,64
  2	 | 	16	 | 	29,61
  3	 | 	7	 | 	8,00
  4	 | 	5	 | 	9,22
  4	 | 	8	 | 	8,00
  5	 | 	10	 | 	16,64
  6	 | 	17	 | 	20,62
  7	 | 	18	 | 	25,71
  8	 | 	11	 | 	9,22
  9	 | 	10	 | 	10,82
  9	 | 	19	 | 	21,02
  12	 | 	13	 | 	2,83
  14	 | 	15	 | 	9,06
  16	 | 	17	 | 	2,83
  18	 | 	19	 | 	5,00
  14	 | 	19	 | 	12,04
  13	 | 	15	 | 	4,12
  9	 | 	13	 | 	9,06
___________________________
Simulation Topology [1:4]
___________________________
From 	  To 		Length
___________________________
  0	 | 	3	 | 	9,22
  0	 | 	6	 | 	12,00
  0	 | 	12	 | 	25,71
  0	 | 	15	 | 	28,46
  1	 | 	13	 | 	25,02
  1	 | 	14	 | 	29,41
  2	 | 	11	 | 	16,64
  2	 | 	16	 | 	29,61
  3	 | 	7	 | 	8,00
  4	 | 	5	 | 	9,22
  4	 | 	8	 | 	8,00
  5	 | 	10	 | 	16,64
  6	 | 	17	 | 	20,62
  7	 | 	18	 | 	25,71
  8	 | 	11	 | 	9,22
  9	 | 	10	 | 	10,82
  9	 | 	19	 | 	21,02
  12	 | 	13	 | 	2,83
  14	 | 	15	 | 	9,06
  16	 | 	17	 | 	2,83
  18	 | 	19	 | 	5,00
  14	 | 	19	 | 	12,04
  13	 | 	15	 | 	4,12
  9	 | 	13	 | 	9,06
  8	 | 	10	 | 	4,00
___________________________
Simulation Topology [1:5]
___________________________
From 	  To 		Length
___________________________
  0	 | 	3	 | 	9,22
  0	 | 	6	 | 	12,00
  0	 | 	12	 | 	25,71
  0	 | 	15	 | 	28,46
  1	 | 	13	 | 	25,02
  1	 | 	14	 | 	29,41
  2	 | 	11	 | 	16,64
  2	 | 	16	 | 	29,61
  3	 | 	7	 | 	8,00
  4	 | 	5	 | 	9,22
  4	 | 	8	 | 	8,00
  5	 | 	10	 | 	16,64
  6	 | 	17	 | 	20,62
  7	 | 	18	 | 	25,71
  8	 | 	11	 | 	9,22
  9	 | 	10	 | 	10,82
  9	 | 	19	 | 	21,02
  12	 | 	13	 | 	2,83
  14	 | 	15	 | 	9,06
  16	 | 	17	 | 	2,83
  18	 | 	19	 | 	5,00
  14	 | 	19	 | 	12,04
  13	 | 	15	 | 	4,12
  9	 | 	13	 | 	9,06
  8	 | 	10	 | 	4,00
  6	 | 	8	 | 	4,00
___________________________
Simulation Topology [1:6]
___________________________
From 	  To 		Length
___________________________
  0	 | 	3	 | 	9,22
  0	 | 	6	 | 	12,00
  0	 | 	12	 | 	25,71
  0	 | 	15	 | 	28,46
  1	 | 	13	 | 	25,02
  1	 | 	14	 | 	29,41
  2	 | 	11	 | 	16,64
  2	 | 	16	 | 	29,61
  3	 | 	7	 | 	8,00
  4	 | 	5	 | 	9,22
  4	 | 	8	 | 	8,00
  5	 | 	10	 | 	16,64
  6	 | 	17	 | 	20,62
  7	 | 	18	 | 	25,71
  8	 | 	11	 | 	9,22
  9	 | 	10	 | 	10,82
  9	 | 	19	 | 	21,02
  12	 | 	13	 | 	2,83
  14	 | 	15	 | 	9,06
  16	 | 	17	 | 	2,83
  18	 | 	19	 | 	5,00
  14	 | 	19	 | 	12,04
  13	 | 	15	 | 	4,12
  9	 | 	13	 | 	9,06
  8	 | 	10	 | 	4,00
  6	 | 	8	 | 	4,00
  14	 | 	16	 | 	9,22
___________________________
Simulation Topology [1:7]
___________________________
From 	  To 		Length
___________________________
  0	 | 	3	 | 	9,22
  0	 | 	6	 | 	12,00
  0	 | 	12	 | 	25,71
  0	 | 	15	 | 	28,46
  1	 | 	13	 | 	25,02
  1	 | 	14	 | 	29,41
  2	 | 	11	 | 	16,64
  2	 | 	16	 | 	29,61
  3	 | 	7	 | 	8,00
  4	 | 	5	 | 	9,22
  4	 | 	8	 | 	8,00
  5	 | 	10	 | 	16,64
  6	 | 	17	 | 	20,62
  7	 | 	18	 | 	25,71
  8	 | 	11	 | 	9,22
  9	 | 	10	 | 	10,82
  9	 | 	19	 | 	21,02
  12	 | 	13	 | 	2,83
  14	 | 	15	 | 	9,06
  16	 | 	17	 | 	2,83
  18	 | 	19	 | 	5,00
  14	 | 	19	 | 	12,04
  13	 | 	15	 | 	4,12
  9	 | 	13	 | 	9,06
  8	 | 	10	 | 	4,00
  6	 | 	8	 | 	4,00
  14	 | 	16	 | 	9,22
  9	 | 	12	 | 	11,40
___________________________
Simulation Topology [1:8]
___________________________
From 	  To 		Length
___________________________
  0	 | 	3	 | 	9,22
  0	 | 	6	 | 	12,00
  0	 | 	12	 | 	25,71
  0	 | 	15	 | 	28,46
  1	 | 	13	 | 	25,02
  1	 | 	14	 | 	29,41
  2	 | 	11	 | 	16,64
  2	 | 	16	 | 	29,61
  3	 | 	7	 | 	8,00
  4	 | 	5	 | 	9,22
  4	 | 	8	 | 	8,00
  5	 | 	10	 | 	16,64
  6	 | 	17	 | 	20,62
  7	 | 	18	 | 	25,71
  8	 | 	11	 | 	9,22
  9	 | 	10	 | 	10,82
  9	 | 	19	 | 	21,02
  12	 | 	13	 | 	2,83
  14	 | 	15	 | 	9,06
  16	 | 	17	 | 	2,83
  18	 | 	19	 | 	5,00
  14	 | 	19	 | 	12,04
  13	 | 	15	 | 	4,12
  9	 | 	13	 | 	9,06
  8	 | 	10	 | 	4,00
  6	 | 	8	 | 	4,00
  14	 | 	16	 | 	9,22
  9	 | 	12	 | 	11,40
  2	 | 	3	 | 	9,22
___________________________
Simulation Topology [1:9]
___________________________
From 	  To 		Length
___________________________
  0	 | 	3	 | 	9,22
  0	 | 	6	 | 	12,00
  0	 | 	12	 | 	25,71
  0	 | 	15	 | 	28,46
  1	 | 	13	 | 	25,02
  1	 | 	14	 | 	29,41
  2	 | 	11	 | 	16,64
  2	 | 	16	 | 	29,61
  3	 | 	7	 | 	8,00
  4	 | 	5	 | 	9,22
  4	 | 	8	 | 	8,00
  5	 | 	10	 | 	16,64
  6	 | 	17	 | 	20,62
  7	 | 	18	 | 	25,71
  8	 | 	11	 | 	9,22
  9	 | 	10	 | 	10,82
  9	 | 	19	 | 	21,02
  12	 | 	13	 | 	2,83
  14	 | 	15	 | 	9,06
  16	 | 	17	 | 	2,83
  18	 | 	19	 | 	5,00
  14	 | 	19	 | 	12,04
  13	 | 	15	 | 	4,12
  9	 | 	13	 | 	9,06
  8	 | 	10	 | 	4,00
  6	 | 	8	 | 	4,00
  14	 | 	16	 | 	9,22
  9	 | 	12	 | 	11,40
  2	 | 	3	 | 	9,22
  15	 | 	18	 | 	10,00
___________________________
