Simulation Topology 1
___________________________
[8]				[2]		
[8]				[8]		
[8]				[14]		
[8]				[20]		
[6]				[26]		
[6]				[32]		
[3]				[41]		
[3]				[46]		
[1]				[49]		
[1]				[55]		
[11]				[1]		
[18]				[10]		
[18]				[16]		
[18]				[22]		
[18]				[28]		
[18]				[34]		
[18]				[40]		
[18]				[46]		
[18]				[52]		
[18]				[58]		
[28]				[4]		
[28]				[10]		
[28]				[16]		
[26]				[22]		
[26]				[28]		
[26]				[34]		
[26]				[40]		
[26]				[46]		
[26]				[52]		
[26]				[58]		
___________________________
Simulation Topology [1:0]
___________________________
From 	  To 		Length
___________________________
  0	 | 	13	 | 	22,36
  0	 | 	16	 | 	39,29
  0	 | 	25	 | 	36,72
  0	 | 	29	 | 	58,82
  1	 | 	12	 | 	12,81
  1	 | 	18	 | 	45,12
  2	 | 	24	 | 	22,80
  2	 | 	26	 | 	31,62
  3	 | 	7	 | 	26,48
  3	 | 	12	 | 	10,77
  4	 | 	5	 | 	6,00
  4	 | 	6	 | 	15,30
  5	 | 	21	 | 	31,11
  6	 | 	26	 | 	23,02
  7	 | 	25	 | 	25,94
  8	 | 	20	 | 	52,48
  8	 | 	27	 | 	25,18
  9	 | 	15	 | 	27,02
  9	 | 	22	 | 	47,43
  10	 | 	14	 | 	27,89
  10	 | 	18	 | 	51,48
  11	 | 	16	 | 	30,00
  11	 | 	19	 | 	48,00
  13	 | 	21	 | 	15,62
  14	 | 	20	 | 	26,00
  15	 | 	28	 | 	19,70
  17	 | 	27	 | 	8,00
  17	 | 	28	 | 	10,00
  19	 | 	23	 | 	36,88
  22	 | 	23	 | 	6,32
  24	 | 	29	 | 	30,00
___________________________
Simulation Topology [1:1]
___________________________
From 	  To 		Length
___________________________
  0	 | 	13	 | 	22,36
  0	 | 	16	 | 	39,29
  0	 | 	25	 | 	36,72
  0	 | 	29	 | 	58,82
  1	 | 	12	 | 	12,81
  1	 | 	18	 | 	45,12
  2	 | 	24	 | 	22,80
  2	 | 	26	 | 	31,62
  3	 | 	7	 | 	26,48
  3	 | 	12	 | 	10,77
  4	 | 	5	 | 	6,00
  4	 | 	6	 | 	15,30
  5	 | 	21	 | 	31,11
  6	 | 	26	 | 	23,02
  7	 | 	25	 | 	25,94
  8	 | 	20	 | 	52,48
  8	 | 	27	 | 	25,18
  9	 | 	15	 | 	27,02
  9	 | 	22	 | 	47,43
  10	 | 	14	 | 	27,89
  10	 | 	18	 | 	51,48
  11	 | 	16	 | 	30,00
  11	 | 	19	 | 	48,00
  13	 | 	21	 | 	15,62
  14	 | 	20	 | 	26,00
  15	 | 	28	 | 	19,70
  17	 | 	27	 | 	8,00
  17	 | 	28	 | 	10,00
  19	 | 	23	 | 	36,88
  22	 | 	23	 | 	6,32
  24	 | 	29	 | 	30,00
  12	 | 	23	 | 	10,00
___________________________
Simulation Topology [1:2]
___________________________
From 	  To 		Length
___________________________
  0	 | 	13	 | 	22,36
  0	 | 	16	 | 	39,29
  0	 | 	25	 | 	36,72
  0	 | 	29	 | 	58,82
  1	 | 	12	 | 	12,81
  1	 | 	18	 | 	45,12
  2	 | 	24	 | 	22,80
  2	 | 	26	 | 	31,62
  3	 | 	7	 | 	26,48
  3	 | 	12	 | 	10,77
  4	 | 	5	 | 	6,00
  4	 | 	6	 | 	15,30
  5	 | 	21	 | 	31,11
  6	 | 	26	 | 	23,02
  7	 | 	25	 | 	25,94
  8	 | 	20	 | 	52,48
  8	 | 	27	 | 	25,18
  9	 | 	15	 | 	27,02
  9	 | 	22	 | 	47,43
  10	 | 	14	 | 	27,89
  10	 | 	18	 | 	51,48
  11	 | 	16	 | 	30,00
  11	 | 	19	 | 	48,00
  13	 | 	21	 | 	15,62
  14	 | 	20	 | 	26,00
  15	 | 	28	 | 	19,70
  17	 | 	27	 | 	8,00
  17	 | 	28	 | 	10,00
  19	 | 	23	 | 	36,88
  22	 | 	23	 | 	6,32
  24	 | 	29	 | 	30,00
  12	 | 	23	 | 	10,00
  11	 | 	21	 | 	10,00
___________________________
Simulation Topology [1:3]
___________________________
From 	  To 		Length
___________________________
  0	 | 	13	 | 	22,36
  0	 | 	16	 | 	39,29
  0	 | 	25	 | 	36,72
  0	 | 	29	 | 	58,82
  1	 | 	12	 | 	12,81
  1	 | 	18	 | 	45,12
  2	 | 	24	 | 	22,80
  2	 | 	26	 | 	31,62
  3	 | 	7	 | 	26,48
  3	 | 	12	 | 	10,77
  4	 | 	5	 | 	6,00
  4	 | 	6	 | 	15,30
  5	 | 	21	 | 	31,11
  6	 | 	26	 | 	23,02
  7	 | 	25	 | 	25,94
  8	 | 	20	 | 	52,48
  8	 | 	27	 | 	25,18
  9	 | 	15	 | 	27,02
  9	 | 	22	 | 	47,43
  10	 | 	14	 | 	27,89
  10	 | 	18	 | 	51,48
  11	 | 	16	 | 	30,00
  11	 | 	19	 | 	48,00
  13	 | 	21	 | 	15,62
  14	 | 	20	 | 	26,00
  15	 | 	28	 | 	19,70
  17	 | 	27	 | 	8,00
  17	 | 	28	 | 	10,00
  19	 | 	23	 | 	36,88
  22	 | 	23	 | 	6,32
  24	 | 	29	 | 	30,00
  12	 | 	23	 | 	10,00
  11	 | 	21	 | 	10,00
  12	 | 	14	 | 	12,00
___________________________
Simulation Topology [1:4]
___________________________
From 	  To 		Length
___________________________
  0	 | 	13	 | 	22,36
  0	 | 	16	 | 	39,29
  0	 | 	25	 | 	36,72
  0	 | 	29	 | 	58,82
  1	 | 	12	 | 	12,81
  1	 | 	18	 | 	45,12
  2	 | 	24	 | 	22,80
  2	 | 	26	 | 	31,62
  3	 | 	7	 | 	26,48
  3	 | 	12	 | 	10,77
  4	 | 	5	 | 	6,00
  4	 | 	6	 | 	15,30
  5	 | 	21	 | 	31,11
  6	 | 	26	 | 	23,02
  7	 | 	25	 | 	25,94
  8	 | 	20	 | 	52,48
  8	 | 	27	 | 	25,18
  9	 | 	15	 | 	27,02
  9	 | 	22	 | 	47,43
  10	 | 	14	 | 	27,89
  10	 | 	18	 | 	51,48
  11	 | 	16	 | 	30,00
  11	 | 	19	 | 	48,00
  13	 | 	21	 | 	15,62
  14	 | 	20	 | 	26,00
  15	 | 	28	 | 	19,70
  17	 | 	27	 | 	8,00
  17	 | 	28	 | 	10,00
  19	 | 	23	 | 	36,88
  22	 | 	23	 | 	6,32
  24	 | 	29	 | 	30,00
  12	 | 	23	 | 	10,00
  11	 | 	21	 | 	10,00
  12	 | 	14	 | 	12,00
  16	 | 	29	 | 	19,70
___________________________
Simulation Topology [1:5]
___________________________
From 	  To 		Length
___________________________
  0	 | 	13	 | 	22,36
  0	 | 	16	 | 	39,29
  0	 | 	25	 | 	36,72
  0	 | 	29	 | 	58,82
  1	 | 	12	 | 	12,81
  1	 | 	18	 | 	45,12
  2	 | 	24	 | 	22,80
  2	 | 	26	 | 	31,62
  3	 | 	7	 | 	26,48
  3	 | 	12	 | 	10,77
  4	 | 	5	 | 	6,00
  4	 | 	6	 | 	15,30
  5	 | 	21	 | 	31,11
  6	 | 	26	 | 	23,02
  7	 | 	25	 | 	25,94
  8	 | 	20	 | 	52,48
  8	 | 	27	 | 	25,18
  9	 | 	15	 | 	27,02
  9	 | 	22	 | 	47,43
  10	 | 	14	 | 	27,89
  10	 | 	18	 | 	51,48
  11	 | 	16	 | 	30,00
  11	 | 	19	 | 	48,00
  13	 | 	21	 | 	15,62
  14	 | 	20	 | 	26,00
  15	 | 	28	 | 	19,70
  17	 | 	27	 | 	8,00
  17	 | 	28	 | 	10,00
  19	 | 	23	 | 	36,88
  22	 | 	23	 | 	6,32
  24	 | 	29	 | 	30,00
  12	 | 	23	 | 	10,00
  11	 | 	21	 | 	10,00
  12	 | 	14	 | 	12,00
  16	 | 	29	 | 	19,70
  3	 | 	16	 | 	22,36
___________________________
Simulation Topology [1:6]
___________________________
From 	  To 		Length
___________________________
  0	 | 	13	 | 	22,36
  0	 | 	16	 | 	39,29
  0	 | 	25	 | 	36,72
  0	 | 	29	 | 	58,82
  1	 | 	12	 | 	12,81
  1	 | 	18	 | 	45,12
  2	 | 	24	 | 	22,80
  2	 | 	26	 | 	31,62
  3	 | 	7	 | 	26,48
  3	 | 	12	 | 	10,77
  4	 | 	5	 | 	6,00
  4	 | 	6	 | 	15,30
  5	 | 	21	 | 	31,11
  6	 | 	26	 | 	23,02
  7	 | 	25	 | 	25,94
  8	 | 	20	 | 	52,48
  8	 | 	27	 | 	25,18
  9	 | 	15	 | 	27,02
  9	 | 	22	 | 	47,43
  10	 | 	14	 | 	27,89
  10	 | 	18	 | 	51,48
  11	 | 	16	 | 	30,00
  11	 | 	19	 | 	48,00
  13	 | 	21	 | 	15,62
  14	 | 	20	 | 	26,00
  15	 | 	28	 | 	19,70
  17	 | 	27	 | 	8,00
  17	 | 	28	 | 	10,00
  19	 | 	23	 | 	36,88
  22	 | 	23	 | 	6,32
  24	 | 	29	 | 	30,00
  12	 | 	23	 | 	10,00
  11	 | 	21	 | 	10,00
  12	 | 	14	 | 	12,00
  16	 | 	29	 | 	19,70
  3	 | 	16	 | 	22,36
  8	 | 	25	 | 	29,15
___________________________
Simulation Topology [1:7]
___________________________
From 	  To 		Length
___________________________
  0	 | 	13	 | 	22,36
  0	 | 	16	 | 	39,29
  0	 | 	25	 | 	36,72
  0	 | 	29	 | 	58,82
  1	 | 	12	 | 	12,81
  1	 | 	18	 | 	45,12
  2	 | 	24	 | 	22,80
  2	 | 	26	 | 	31,62
  3	 | 	7	 | 	26,48
  3	 | 	12	 | 	10,77
  4	 | 	5	 | 	6,00
  4	 | 	6	 | 	15,30
  5	 | 	21	 | 	31,11
  6	 | 	26	 | 	23,02
  7	 | 	25	 | 	25,94
  8	 | 	20	 | 	52,48
  8	 | 	27	 | 	25,18
  9	 | 	15	 | 	27,02
  9	 | 	22	 | 	47,43
  10	 | 	14	 | 	27,89
  10	 | 	18	 | 	51,48
  11	 | 	16	 | 	30,00
  11	 | 	19	 | 	48,00
  13	 | 	21	 | 	15,62
  14	 | 	20	 | 	26,00
  15	 | 	28	 | 	19,70
  17	 | 	27	 | 	8,00
  17	 | 	28	 | 	10,00
  19	 | 	23	 | 	36,88
  22	 | 	23	 | 	6,32
  24	 | 	29	 | 	30,00
  12	 | 	23	 | 	10,00
  11	 | 	21	 | 	10,00
  12	 | 	14	 | 	12,00
  16	 | 	29	 | 	19,70
  3	 | 	16	 | 	22,36
  8	 | 	25	 | 	29,15
  13	 | 	23	 | 	8,00
___________________________
Simulation Topology [1:8]
___________________________
From 	  To 		Length
___________________________
  0	 | 	13	 | 	22,36
  0	 | 	16	 | 	39,29
  0	 | 	25	 | 	36,72
  0	 | 	29	 | 	58,82
  1	 | 	12	 | 	12,81
  1	 | 	18	 | 	45,12
  2	 | 	24	 | 	22,80
  2	 | 	26	 | 	31,62
  3	 | 	7	 | 	26,48
  3	 | 	12	 | 	10,77
  4	 | 	5	 | 	6,00
  4	 | 	6	 | 	15,30
  5	 | 	21	 | 	31,11
  6	 | 	26	 | 	23,02
  7	 | 	25	 | 	25,94
  8	 | 	20	 | 	52,48
  8	 | 	27	 | 	25,18
  9	 | 	15	 | 	27,02
  9	 | 	22	 | 	47,43
  10	 | 	14	 | 	27,89
  10	 | 	18	 | 	51,48
  11	 | 	16	 | 	30,00
  11	 | 	19	 | 	48,00
  13	 | 	21	 | 	15,62
  14	 | 	20	 | 	26,00
  15	 | 	28	 | 	19,70
  17	 | 	27	 | 	8,00
  17	 | 	28	 | 	10,00
  19	 | 	23	 | 	36,88
  22	 | 	23	 | 	6,32
  24	 | 	29	 | 	30,00
  12	 | 	23	 | 	10,00
  11	 | 	21	 | 	10,00
  12	 | 	14	 | 	12,00
  16	 | 	29	 | 	19,70
  3	 | 	16	 | 	22,36
  8	 | 	25	 | 	29,15
  13	 | 	23	 | 	8,00
  18	 | 	22	 | 	37,36
___________________________
Simulation Topology [1:9]
___________________________
From 	  To 		Length
___________________________
  0	 | 	13	 | 	22,36
  0	 | 	16	 | 	39,29
  0	 | 	25	 | 	36,72
  0	 | 	29	 | 	58,82
  1	 | 	12	 | 	12,81
  1	 | 	18	 | 	45,12
  2	 | 	24	 | 	22,80
  2	 | 	26	 | 	31,62
  3	 | 	7	 | 	26,48
  3	 | 	12	 | 	10,77
  4	 | 	5	 | 	6,00
  4	 | 	6	 | 	15,30
  5	 | 	21	 | 	31,11
  6	 | 	26	 | 	23,02
  7	 | 	25	 | 	25,94
  8	 | 	20	 | 	52,48
  8	 | 	27	 | 	25,18
  9	 | 	15	 | 	27,02
  9	 | 	22	 | 	47,43
  10	 | 	14	 | 	27,89
  10	 | 	18	 | 	51,48
  11	 | 	16	 | 	30,00
  11	 | 	19	 | 	48,00
  13	 | 	21	 | 	15,62
  14	 | 	20	 | 	26,00
  15	 | 	28	 | 	19,70
  17	 | 	27	 | 	8,00
  17	 | 	28	 | 	10,00
  19	 | 	23	 | 	36,88
  22	 | 	23	 | 	6,32
  24	 | 	29	 | 	30,00
  12	 | 	23	 | 	10,00
  11	 | 	21	 | 	10,00
  12	 | 	14	 | 	12,00
  16	 | 	29	 | 	19,70
  3	 | 	16	 | 	22,36
  8	 | 	25	 | 	29,15
  13	 | 	23	 | 	8,00
  18	 | 	22	 | 	37,36
  11	 | 	25	 | 	25,30
___________________________
Simulation Topology [1:10]
___________________________
From 	  To 		Length
___________________________
  0	 | 	13	 | 	22,36
  0	 | 	16	 | 	39,29
  0	 | 	25	 | 	36,72
  0	 | 	29	 | 	58,82
  1	 | 	12	 | 	12,81
  1	 | 	18	 | 	45,12
  2	 | 	24	 | 	22,80
  2	 | 	26	 | 	31,62
  3	 | 	7	 | 	26,48
  3	 | 	12	 | 	10,77
  4	 | 	5	 | 	6,00
  4	 | 	6	 | 	15,30
  5	 | 	21	 | 	31,11
  6	 | 	26	 | 	23,02
  7	 | 	25	 | 	25,94
  8	 | 	20	 | 	52,48
  8	 | 	27	 | 	25,18
  9	 | 	15	 | 	27,02
  9	 | 	22	 | 	47,43
  10	 | 	14	 | 	27,89
  10	 | 	18	 | 	51,48
  11	 | 	16	 | 	30,00
  11	 | 	19	 | 	48,00
  13	 | 	21	 | 	15,62
  14	 | 	20	 | 	26,00
  15	 | 	28	 | 	19,70
  17	 | 	27	 | 	8,00
  17	 | 	28	 | 	10,00
  19	 | 	23	 | 	36,88
  22	 | 	23	 | 	6,32
  24	 | 	29	 | 	30,00
  12	 | 	23	 | 	10,00
  11	 | 	21	 | 	10,00
  12	 | 	14	 | 	12,00
  16	 | 	29	 | 	19,70
  3	 | 	16	 | 	22,36
  8	 | 	25	 | 	29,15
  13	 | 	23	 | 	8,00
  18	 | 	22	 | 	37,36
  11	 | 	25	 | 	25,30
  19	 | 	27	 | 	14,42
___________________________
Simulation Topology [1:11]
___________________________
From 	  To 		Length
___________________________
  0	 | 	13	 | 	22,36
  0	 | 	16	 | 	39,29
  0	 | 	25	 | 	36,72
  0	 | 	29	 | 	58,82
  1	 | 	12	 | 	12,81
  1	 | 	18	 | 	45,12
  2	 | 	24	 | 	22,80
  2	 | 	26	 | 	31,62
  3	 | 	7	 | 	26,48
  3	 | 	12	 | 	10,77
  4	 | 	5	 | 	6,00
  4	 | 	6	 | 	15,30
  5	 | 	21	 | 	31,11
  6	 | 	26	 | 	23,02
  7	 | 	25	 | 	25,94
  8	 | 	20	 | 	52,48
  8	 | 	27	 | 	25,18
  9	 | 	15	 | 	27,02
  9	 | 	22	 | 	47,43
  10	 | 	14	 | 	27,89
  10	 | 	18	 | 	51,48
  11	 | 	16	 | 	30,00
  11	 | 	19	 | 	48,00
  13	 | 	21	 | 	15,62
  14	 | 	20	 | 	26,00
  15	 | 	28	 | 	19,70
  17	 | 	27	 | 	8,00
  17	 | 	28	 | 	10,00
  19	 | 	23	 | 	36,88
  22	 | 	23	 | 	6,32
  24	 | 	29	 | 	30,00
  12	 | 	23	 | 	10,00
  11	 | 	21	 | 	10,00
  12	 | 	14	 | 	12,00
  16	 | 	29	 | 	19,70
  3	 | 	16	 | 	22,36
  8	 | 	25	 | 	29,15
  13	 | 	23	 | 	8,00
  18	 | 	22	 | 	37,36
  11	 | 	25	 | 	25,30
  19	 | 	27	 | 	14,42
  4	 | 	14	 | 	12,17
___________________________
Simulation Topology [1:12]
___________________________
From 	  To 		Length
___________________________
  0	 | 	13	 | 	22,36
  0	 | 	16	 | 	39,29
  0	 | 	25	 | 	36,72
  0	 | 	29	 | 	58,82
  1	 | 	12	 | 	12,81
  1	 | 	18	 | 	45,12
  2	 | 	24	 | 	22,80
  2	 | 	26	 | 	31,62
  3	 | 	7	 | 	26,48
  3	 | 	12	 | 	10,77
  4	 | 	5	 | 	6,00
  4	 | 	6	 | 	15,30
  5	 | 	21	 | 	31,11
  6	 | 	26	 | 	23,02
  7	 | 	25	 | 	25,94
  8	 | 	20	 | 	52,48
  8	 | 	27	 | 	25,18
  9	 | 	15	 | 	27,02
  9	 | 	22	 | 	47,43
  10	 | 	14	 | 	27,89
  10	 | 	18	 | 	51,48
  11	 | 	16	 | 	30,00
  11	 | 	19	 | 	48,00
  13	 | 	21	 | 	15,62
  14	 | 	20	 | 	26,00
  15	 | 	28	 | 	19,70
  17	 | 	27	 | 	8,00
  17	 | 	28	 | 	10,00
  19	 | 	23	 | 	36,88
  22	 | 	23	 | 	6,32
  24	 | 	29	 | 	30,00
  12	 | 	23	 | 	10,00
  11	 | 	21	 | 	10,00
  12	 | 	14	 | 	12,00
  16	 | 	29	 | 	19,70
  3	 | 	16	 | 	22,36
  8	 | 	25	 | 	29,15
  13	 | 	23	 | 	8,00
  18	 | 	22	 | 	37,36
  11	 | 	25	 | 	25,30
  19	 | 	27	 | 	14,42
  4	 | 	14	 | 	12,17
  10	 | 	20	 | 	17,26
___________________________
Simulation Topology [1:13]
___________________________
From 	  To 		Length
___________________________
  0	 | 	13	 | 	22,36
  0	 | 	16	 | 	39,29
  0	 | 	25	 | 	36,72
  0	 | 	29	 | 	58,82
  1	 | 	12	 | 	12,81
  1	 | 	18	 | 	45,12
  2	 | 	24	 | 	22,80
  2	 | 	26	 | 	31,62
  3	 | 	7	 | 	26,48
  3	 | 	12	 | 	10,77
  4	 | 	5	 | 	6,00
  4	 | 	6	 | 	15,30
  5	 | 	21	 | 	31,11
  6	 | 	26	 | 	23,02
  7	 | 	25	 | 	25,94
  8	 | 	20	 | 	52,48
  8	 | 	27	 | 	25,18
  9	 | 	15	 | 	27,02
  9	 | 	22	 | 	47,43
  10	 | 	14	 | 	27,89
  10	 | 	18	 | 	51,48
  11	 | 	16	 | 	30,00
  11	 | 	19	 | 	48,00
  13	 | 	21	 | 	15,62
  14	 | 	20	 | 	26,00
  15	 | 	28	 | 	19,70
  17	 | 	27	 | 	8,00
  17	 | 	28	 | 	10,00
  19	 | 	23	 | 	36,88
  22	 | 	23	 | 	6,32
  24	 | 	29	 | 	30,00
  12	 | 	23	 | 	10,00
  11	 | 	21	 | 	10,00
  12	 | 	14	 | 	12,00
  16	 | 	29	 | 	19,70
  3	 | 	16	 | 	22,36
  8	 | 	25	 | 	29,15
  13	 | 	23	 | 	8,00
  18	 | 	22	 | 	37,36
  11	 | 	25	 | 	25,30
  19	 | 	27	 | 	14,42
  4	 | 	14	 | 	12,17
  10	 | 	20	 | 	17,26
  9	 | 	20	 | 	57,71
___________________________
Simulation Topology [1:14]
___________________________
From 	  To 		Length
___________________________
  0	 | 	13	 | 	22,36
  0	 | 	16	 | 	39,29
  0	 | 	25	 | 	36,72
  0	 | 	29	 | 	58,82
  1	 | 	12	 | 	12,81
  1	 | 	18	 | 	45,12
  2	 | 	24	 | 	22,80
  2	 | 	26	 | 	31,62
  3	 | 	7	 | 	26,48
  3	 | 	12	 | 	10,77
  4	 | 	5	 | 	6,00
  4	 | 	6	 | 	15,30
  5	 | 	21	 | 	31,11
  6	 | 	26	 | 	23,02
  7	 | 	25	 | 	25,94
  8	 | 	20	 | 	52,48
  8	 | 	27	 | 	25,18
  9	 | 	15	 | 	27,02
  9	 | 	22	 | 	47,43
  10	 | 	14	 | 	27,89
  10	 | 	18	 | 	51,48
  11	 | 	16	 | 	30,00
  11	 | 	19	 | 	48,00
  13	 | 	21	 | 	15,62
  14	 | 	20	 | 	26,00
  15	 | 	28	 | 	19,70
  17	 | 	27	 | 	8,00
  17	 | 	28	 | 	10,00
  19	 | 	23	 | 	36,88
  22	 | 	23	 | 	6,32
  24	 | 	29	 | 	30,00
  12	 | 	23	 | 	10,00
  11	 | 	21	 | 	10,00
  12	 | 	14	 | 	12,00
  16	 | 	29	 | 	19,70
  3	 | 	16	 | 	22,36
  8	 | 	25	 | 	29,15
  13	 | 	23	 | 	8,00
  18	 | 	22	 | 	37,36
  11	 | 	25	 | 	25,30
  19	 | 	27	 | 	14,42
  4	 | 	14	 | 	12,17
  10	 | 	20	 | 	17,26
  9	 | 	20	 | 	57,71
  22	 | 	29	 | 	42,05
___________________________
