Simulation Topology 1
___________________________
[7]				[4]		
[5]				[6]		
[5]				[0]		
[1]				[4]		
[9]				[5]		
[2]				[9]		
[0]				[0]		
[2]				[0]		
[0]				[16]		
[3]				[16]		
[5]				[14]		
[1]				[29]		
[6]				[27]		
[0]				[23]		
[7]				[20]		
[8]				[22]		
[2]				[25]		
[9]				[25]		
[2]				[21]		
[4]				[33]		
___________________________
Simulation Topology [1:4]
___________________________
From 	  To 		Length
___________________________
  0	 | 	3	 | 	6,00
  0	 | 	4	 | 	2,24
  0	 | 	18	 | 	17,72
  1	 | 	4	 | 	4,12
  1	 | 	7	 | 	6,71
  1	 | 	18	 | 	15,30
  2	 | 	5	 | 	9,49
  2	 | 	6	 | 	5,00
  3	 | 	5	 | 	5,10
  3	 | 	6	 | 	4,12
  5	 | 	10	 | 	5,83
  5	 | 	11	 | 	20,02
  6	 | 	11	 | 	29,02
  7	 | 	9	 | 	16,03
  7	 | 	12	 | 	27,29
  8	 | 	9	 | 	3,00
  8	 | 	11	 | 	13,04
  9	 | 	11	 | 	13,15
  10	 | 	13	 | 	10,30
  10	 | 	15	 | 	8,54
  12	 | 	17	 | 	3,61
  13	 | 	16	 | 	2,83
  14	 | 	15	 | 	2,24
  14	 | 	19	 | 	13,34
  15	 | 	17	 | 	3,16
  16	 | 	17	 | 	7,00
  17	 | 	19	 | 	9,43
___________________________
Simulation Topology [1:5]
___________________________
From 	  To 		Length
___________________________
  0	 | 	3	 | 	6,00
  0	 | 	4	 | 	2,24
  0	 | 	18	 | 	17,72
  1	 | 	4	 | 	4,12
  1	 | 	7	 | 	6,71
  1	 | 	18	 | 	15,30
  2	 | 	5	 | 	9,49
  2	 | 	6	 | 	5,00
  3	 | 	5	 | 	5,10
  3	 | 	6	 | 	4,12
  5	 | 	10	 | 	5,83
  5	 | 	11	 | 	20,02
  6	 | 	11	 | 	29,02
  7	 | 	9	 | 	16,03
  7	 | 	12	 | 	27,29
  8	 | 	9	 | 	3,00
  8	 | 	11	 | 	13,04
  9	 | 	11	 | 	13,15
  10	 | 	13	 | 	10,30
  10	 | 	15	 | 	8,54
  12	 | 	17	 | 	3,61
  13	 | 	16	 | 	2,83
  14	 | 	15	 | 	2,24
  14	 | 	19	 | 	13,34
  15	 | 	17	 | 	3,16
  16	 | 	17	 | 	7,00
  17	 | 	19	 | 	9,43
  10	 | 	16	 | 	11,40
___________________________
Simulation Topology [1:6]
___________________________
From 	  To 		Length
___________________________
  0	 | 	3	 | 	6,00
  0	 | 	4	 | 	2,24
  0	 | 	18	 | 	17,72
  1	 | 	4	 | 	4,12
  1	 | 	7	 | 	6,71
  1	 | 	18	 | 	15,30
  2	 | 	5	 | 	9,49
  2	 | 	6	 | 	5,00
  3	 | 	5	 | 	5,10
  3	 | 	6	 | 	4,12
  5	 | 	10	 | 	5,83
  5	 | 	11	 | 	20,02
  6	 | 	11	 | 	29,02
  7	 | 	9	 | 	16,03
  7	 | 	12	 | 	27,29
  8	 | 	9	 | 	3,00
  8	 | 	11	 | 	13,04
  9	 | 	11	 | 	13,15
  10	 | 	13	 | 	10,30
  10	 | 	15	 | 	8,54
  12	 | 	17	 | 	3,61
  13	 | 	16	 | 	2,83
  14	 | 	15	 | 	2,24
  14	 | 	19	 | 	13,34
  15	 | 	17	 | 	3,16
  16	 | 	17	 | 	7,00
  17	 | 	19	 | 	9,43
  10	 | 	16	 | 	11,40
  1	 | 	2	 | 	6,00
___________________________
Simulation Topology [1:7]
___________________________
From 	  To 		Length
___________________________
  0	 | 	3	 | 	6,00
  0	 | 	4	 | 	2,24
  0	 | 	18	 | 	17,72
  1	 | 	4	 | 	4,12
  1	 | 	7	 | 	6,71
  1	 | 	18	 | 	15,30
  2	 | 	5	 | 	9,49
  2	 | 	6	 | 	5,00
  3	 | 	5	 | 	5,10
  3	 | 	6	 | 	4,12
  5	 | 	10	 | 	5,83
  5	 | 	11	 | 	20,02
  6	 | 	11	 | 	29,02
  7	 | 	9	 | 	16,03
  7	 | 	12	 | 	27,29
  8	 | 	9	 | 	3,00
  8	 | 	11	 | 	13,04
  9	 | 	11	 | 	13,15
  10	 | 	13	 | 	10,30
  10	 | 	15	 | 	8,54
  12	 | 	17	 | 	3,61
  13	 | 	16	 | 	2,83
  14	 | 	15	 | 	2,24
  14	 | 	19	 | 	13,34
  15	 | 	17	 | 	3,16
  16	 | 	17	 | 	7,00
  17	 | 	19	 | 	9,43
  10	 | 	16	 | 	11,40
  1	 | 	2	 | 	6,00
  8	 | 	14	 | 	8,06
___________________________
Simulation Topology [1:8]
___________________________
From 	  To 		Length
___________________________
  0	 | 	3	 | 	6,00
  0	 | 	4	 | 	2,24
  0	 | 	18	 | 	17,72
  1	 | 	4	 | 	4,12
  1	 | 	7	 | 	6,71
  1	 | 	18	 | 	15,30
  2	 | 	5	 | 	9,49
  2	 | 	6	 | 	5,00
  3	 | 	5	 | 	5,10
  3	 | 	6	 | 	4,12
  5	 | 	10	 | 	5,83
  5	 | 	11	 | 	20,02
  6	 | 	11	 | 	29,02
  7	 | 	9	 | 	16,03
  7	 | 	12	 | 	27,29
  8	 | 	9	 | 	3,00
  8	 | 	11	 | 	13,04
  9	 | 	11	 | 	13,15
  10	 | 	13	 | 	10,30
  10	 | 	15	 | 	8,54
  12	 | 	17	 | 	3,61
  13	 | 	16	 | 	2,83
  14	 | 	15	 | 	2,24
  14	 | 	19	 | 	13,34
  15	 | 	17	 | 	3,16
  16	 | 	17	 | 	7,00
  17	 | 	19	 | 	9,43
  10	 | 	16	 | 	11,40
  1	 | 	2	 | 	6,00
  8	 | 	14	 | 	8,06
  13	 | 	15	 | 	8,06
___________________________
Simulation Topology [1:9]
___________________________
From 	  To 		Length
___________________________
  0	 | 	3	 | 	6,00
  0	 | 	4	 | 	2,24
  0	 | 	18	 | 	17,72
  1	 | 	4	 | 	4,12
  1	 | 	7	 | 	6,71
  1	 | 	18	 | 	15,30
  2	 | 	5	 | 	9,49
  2	 | 	6	 | 	5,00
  3	 | 	5	 | 	5,10
  3	 | 	6	 | 	4,12
  5	 | 	10	 | 	5,83
  5	 | 	11	 | 	20,02
  6	 | 	11	 | 	29,02
  7	 | 	9	 | 	16,03
  7	 | 	12	 | 	27,29
  8	 | 	9	 | 	3,00
  8	 | 	11	 | 	13,04
  9	 | 	11	 | 	13,15
  10	 | 	13	 | 	10,30
  10	 | 	15	 | 	8,54
  12	 | 	17	 | 	3,61
  13	 | 	16	 | 	2,83
  14	 | 	15	 | 	2,24
  14	 | 	19	 | 	13,34
  15	 | 	17	 | 	3,16
  16	 | 	17	 | 	7,00
  17	 | 	19	 | 	9,43
  10	 | 	16	 | 	11,40
  1	 | 	2	 | 	6,00
  8	 | 	14	 | 	8,06
  13	 | 	15	 | 	8,06
  6	 | 	7	 | 	2,00
___________________________
