Simulation Topology 1
___________________________
[8]				[7]		
[9]				[5]		
[8]				[14]		
[4]				[13]		
[2]				[17]		
[9]				[16]		
[3]				[20]		
[4]				[22]		
[1]				[20]		
[7]				[22]		
___________________________
Simulation Topology [1:0]
___________________________
From 	  To 		Length
___________________________
  0	 | 	1	 | 	2,24
  0	 | 	2	 | 	7,00
  0	 | 	7	 | 	15,52
  0	 | 	8	 | 	14,76
  1	 | 	6	 | 	16,16
  2	 | 	3	 | 	4,12
  2	 | 	4	 | 	6,71
  3	 | 	9	 | 	9,49
  4	 | 	5	 | 	7,07
  6	 | 	8	 | 	2,00
  6	 | 	9	 | 	4,47
  7	 | 	8	 | 	3,61
  7	 | 	9	 | 	3,00
___________________________
Simulation Topology [1:1]
___________________________
From 	  To 		Length
___________________________
  0	 | 	1	 | 	2,24
  0	 | 	2	 | 	7,00
  0	 | 	7	 | 	15,52
  0	 | 	8	 | 	14,76
  1	 | 	6	 | 	16,16
  2	 | 	3	 | 	4,12
  2	 | 	4	 | 	6,71
  3	 | 	9	 | 	9,49
  4	 | 	5	 | 	7,07
  6	 | 	8	 | 	2,00
  6	 | 	9	 | 	4,47
  7	 | 	8	 | 	3,61
  7	 | 	9	 | 	3,00
  2	 | 	6	 | 	7,81
___________________________
Simulation Topology [1:2]
___________________________
From 	  To 		Length
___________________________
  0	 | 	1	 | 	2,24
  0	 | 	2	 | 	7,00
  0	 | 	7	 | 	15,52
  0	 | 	8	 | 	14,76
  1	 | 	6	 | 	16,16
  2	 | 	3	 | 	4,12
  2	 | 	4	 | 	6,71
  3	 | 	9	 | 	9,49
  4	 | 	5	 | 	7,07
  6	 | 	8	 | 	2,00
  6	 | 	9	 | 	4,47
  7	 | 	8	 | 	3,61
  7	 | 	9	 | 	3,00
  2	 | 	6	 | 	7,81
  1	 | 	8	 | 	17,00
___________________________
Simulation Topology [1:3]
___________________________
From 	  To 		Length
___________________________
  0	 | 	1	 | 	2,24
  0	 | 	2	 | 	7,00
  0	 | 	7	 | 	15,52
  0	 | 	8	 | 	14,76
  1	 | 	6	 | 	16,16
  2	 | 	3	 | 	4,12
  2	 | 	4	 | 	6,71
  3	 | 	9	 | 	9,49
  4	 | 	5	 | 	7,07
  6	 | 	8	 | 	2,00
  6	 | 	9	 | 	4,47
  7	 | 	8	 | 	3,61
  7	 | 	9	 | 	3,00
  2	 | 	6	 | 	7,81
  1	 | 	8	 | 	17,00
  3	 | 	5	 | 	5,83
___________________________
Simulation Topology [1:4]
___________________________
From 	  To 		Length
___________________________
  0	 | 	1	 | 	2,24
  0	 | 	2	 | 	7,00
  0	 | 	7	 | 	15,52
  0	 | 	8	 | 	14,76
  1	 | 	6	 | 	16,16
  2	 | 	3	 | 	4,12
  2	 | 	4	 | 	6,71
  3	 | 	9	 | 	9,49
  4	 | 	5	 | 	7,07
  6	 | 	8	 | 	2,00
  6	 | 	9	 | 	4,47
  7	 | 	8	 | 	3,61
  7	 | 	9	 | 	3,00
  2	 | 	6	 | 	7,81
  1	 | 	8	 | 	17,00
  3	 | 	5	 | 	5,83
  5	 | 	9	 | 	6,32
___________________________
Simulation Topology 2
___________________________
[5]				[2]		
[2]				[1]		
[0]				[1]		
[8]				[6]		
[1]				[6]		
[3]				[5]		
[1]				[9]		
[5]				[11]		
[6]				[14]		
[4]				[15]		
___________________________
Simulation Topology [2:4]
___________________________
From 	  To 		Length
___________________________
  5	 | 	9	 | 	10,05
  3	 | 	5	 | 	5,10
  1	 | 	8	 | 	13,60
  2	 | 	6	 | 	8,06
  7	 | 	9	 | 	4,12
  7	 | 	8	 | 	3,16
  6	 | 	9	 | 	6,71
  6	 | 	8	 | 	7,07
  0	 | 	1	 | 	3,16
  0	 | 	2	 | 	5,10
  1	 | 	2	 | 	2,00
  1	 | 	3	 | 	7,81
  1	 | 	9	 | 	14,14
  2	 | 	5	 | 	5,00
  3	 | 	4	 | 	7,00
  4	 | 	6	 | 	3,00
  4	 | 	7	 | 	6,40
  5	 | 	6	 | 	4,47
  5	 | 	7	 | 	6,32
  5	 | 	8	 | 	9,49
  8	 | 	9	 | 	2,24
___________________________
