Simulation Topology 1
___________________________
[2]				[3]		
[9]				[0]		
[8]				[2]		
[3]				[5]		
[1]				[5]		
[8]				[7]		
[1]				[7]		
[1]				[10]		
[9]				[9]		
[6]				[9]		
[6]				[15]		
[2]				[14]		
[9]				[13]		
[0]				[15]		
[8]				[15]		
[8]				[22]		
[7]				[20]		
[9]				[18]		
[1]				[18]		
[5]				[23]		
[2]				[26]		
[9]				[24]		
[0]				[24]		
[2]				[24]		
[0]				[28]		
[4]				[29]		
[1]				[31]		
[9]				[35]		
[1]				[33]		
[4]				[32]		
___________________________
Simulation Topology [1:12]
___________________________
From 	  To 		Length
___________________________
  0	 | 	14	 | 	13,42
  0	 | 	15	 | 	19,92
  0	 | 	25	 | 	26,08
  1	 | 	13	 | 	17,49
  1	 | 	16	 | 	20,10
  1	 | 	22	 | 	25,63
  2	 | 	5	 | 	5,00
  3	 | 	4	 | 	2,00
  3	 | 	24	 | 	23,19
  3	 | 	27	 | 	30,59
  4	 | 	10	 | 	11,18
  4	 | 	16	 | 	16,16
  4	 | 	19	 | 	18,44
  5	 | 	8	 | 	2,24
  6	 | 	7	 | 	3,00
  6	 | 	10	 | 	9,43
  6	 | 	29	 | 	25,18
  7	 | 	9	 | 	5,10
  8	 | 	19	 | 	14,56
  8	 | 	21	 | 	15,00
  9	 | 	17	 | 	9,49
  9	 | 	28	 | 	24,52
  10	 | 	12	 | 	3,61
  10	 | 	14	 | 	2,00
  10	 | 	15	 | 	7,28
  10	 | 	19	 | 	8,06
  11	 | 	13	 | 	2,24
  11	 | 	15	 | 	10,00
  12	 | 	21	 | 	11,00
  13	 | 	19	 | 	9,43
  13	 | 	24	 | 	13,00
  14	 | 	15	 | 	7,00
  14	 | 	20	 | 	12,53
  15	 | 	16	 | 	2,24
  15	 | 	19	 | 	3,16
  16	 | 	18	 | 	6,32
  17	 | 	18	 | 	8,00
  19	 | 	24	 | 	7,07
  20	 | 	21	 | 	7,28
  20	 | 	24	 | 	2,83
  22	 | 	23	 | 	2,00
  22	 | 	26	 | 	7,07
  22	 | 	27	 | 	14,21
  23	 | 	25	 | 	5,39
  24	 | 	25	 | 	4,12
  26	 | 	27	 | 	8,94
  26	 | 	29	 | 	3,16
  27	 | 	28	 | 	8,25
  28	 | 	29	 | 	3,16
___________________________
Simulation Topology [1:13]
___________________________
From 	  To 		Length
___________________________
  0	 | 	14	 | 	13,42
  0	 | 	15	 | 	19,92
  0	 | 	25	 | 	26,08
  1	 | 	13	 | 	17,49
  1	 | 	16	 | 	20,10
  1	 | 	22	 | 	25,63
  2	 | 	5	 | 	5,00
  3	 | 	4	 | 	2,00
  3	 | 	24	 | 	23,19
  3	 | 	27	 | 	30,59
  4	 | 	10	 | 	11,18
  4	 | 	16	 | 	16,16
  4	 | 	19	 | 	18,44
  5	 | 	8	 | 	2,24
  6	 | 	7	 | 	3,00
  6	 | 	10	 | 	9,43
  6	 | 	29	 | 	25,18
  7	 | 	9	 | 	5,10
  8	 | 	19	 | 	14,56
  8	 | 	21	 | 	15,00
  9	 | 	17	 | 	9,49
  9	 | 	28	 | 	24,52
  10	 | 	12	 | 	3,61
  10	 | 	14	 | 	2,00
  10	 | 	15	 | 	7,28
  10	 | 	19	 | 	8,06
  11	 | 	13	 | 	2,24
  11	 | 	15	 | 	10,00
  12	 | 	21	 | 	11,00
  13	 | 	19	 | 	9,43
  13	 | 	24	 | 	13,00
  14	 | 	15	 | 	7,00
  14	 | 	20	 | 	12,53
  15	 | 	16	 | 	2,24
  15	 | 	19	 | 	3,16
  16	 | 	18	 | 	6,32
  17	 | 	18	 | 	8,00
  19	 | 	24	 | 	7,07
  20	 | 	21	 | 	7,28
  20	 | 	24	 | 	2,83
  22	 | 	23	 | 	2,00
  22	 | 	26	 | 	7,07
  22	 | 	27	 | 	14,21
  23	 | 	25	 | 	5,39
  24	 | 	25	 | 	4,12
  26	 | 	27	 | 	8,94
  26	 | 	29	 | 	3,16
  27	 | 	28	 | 	8,25
  28	 | 	29	 | 	3,16
  1	 | 	7	 | 	12,81
___________________________
Simulation Topology [1:14]
___________________________
From 	  To 		Length
___________________________
  0	 | 	14	 | 	13,42
  0	 | 	15	 | 	19,92
  0	 | 	25	 | 	26,08
  1	 | 	13	 | 	17,49
  1	 | 	16	 | 	20,10
  1	 | 	22	 | 	25,63
  2	 | 	5	 | 	5,00
  3	 | 	4	 | 	2,00
  3	 | 	24	 | 	23,19
  3	 | 	27	 | 	30,59
  4	 | 	10	 | 	11,18
  4	 | 	16	 | 	16,16
  4	 | 	19	 | 	18,44
  5	 | 	8	 | 	2,24
  6	 | 	7	 | 	3,00
  6	 | 	10	 | 	9,43
  6	 | 	29	 | 	25,18
  7	 | 	9	 | 	5,10
  8	 | 	19	 | 	14,56
  8	 | 	21	 | 	15,00
  9	 | 	17	 | 	9,49
  9	 | 	28	 | 	24,52
  10	 | 	12	 | 	3,61
  10	 | 	14	 | 	2,00
  10	 | 	15	 | 	7,28
  10	 | 	19	 | 	8,06
  11	 | 	13	 | 	2,24
  11	 | 	15	 | 	10,00
  12	 | 	21	 | 	11,00
  13	 | 	19	 | 	9,43
  13	 | 	24	 | 	13,00
  14	 | 	15	 | 	7,00
  14	 | 	20	 | 	12,53
  15	 | 	16	 | 	2,24
  15	 | 	19	 | 	3,16
  16	 | 	18	 | 	6,32
  17	 | 	18	 | 	8,00
  19	 | 	24	 | 	7,07
  20	 | 	21	 | 	7,28
  20	 | 	24	 | 	2,83
  22	 | 	23	 | 	2,00
  22	 | 	26	 | 	7,07
  22	 | 	27	 | 	14,21
  23	 | 	25	 | 	5,39
  24	 | 	25	 | 	4,12
  26	 | 	27	 | 	8,94
  26	 | 	29	 | 	3,16
  27	 | 	28	 | 	8,25
  28	 | 	29	 | 	3,16
  1	 | 	7	 | 	12,81
  8	 | 	22	 | 	17,49
___________________________
Simulation Topology 2
___________________________
[7]				[0]		
[1]				[4]		
[9]				[1]		
[0]				[1]		
[7]				[5]		
[4]				[0]		
[8]				[11]		
[1]				[8]		
[9]				[9]		
[7]				[23]		
[6]				[20]		
[4]				[20]		
[2]				[19]		
[4]				[18]		
[9]				[29]		
[1]				[29]		
[4]				[25]		
[8]				[27]		
[2]				[25]		
[3]				[28]		
[3]				[30]		
[8]				[33]		
[4]				[35]		
[7]				[45]		
[0]				[43]		
[1]				[45]		
[5]				[44]		
[0]				[49]		
[8]				[49]		
[1]				[51]		
___________________________
Simulation Topology [2:0]
___________________________
From 	  To 		Length
___________________________
  8	 | 	22	 | 	26,48
  1	 | 	7	 | 	4,00
  28	 | 	29	 | 	7,28
  27	 | 	28	 | 	8,00
  26	 | 	29	 | 	8,06
  26	 | 	27	 | 	7,07
  24	 | 	25	 | 	2,24
  23	 | 	25	 | 	6,00
  22	 | 	27	 | 	14,56
  22	 | 	26	 | 	9,06
  22	 | 	23	 | 	10,44
  20	 | 	24	 | 	13,34
  20	 | 	21	 | 	5,83
  19	 | 	24	 | 	15,30
  17	 | 	18	 | 	6,32
  16	 | 	18	 | 	2,00
  15	 | 	19	 | 	2,24
  15	 | 	16	 | 	5,00
  14	 | 	20	 | 	6,08
  14	 | 	15	 | 	8,00
  13	 | 	24	 | 	25,32
  13	 | 	19	 | 	10,05
  12	 | 	21	 | 	15,23
  11	 | 	15	 | 	9,49
  11	 | 	13	 | 	2,00
  0	 | 	4	 | 	5,00
  0	 | 	14	 | 	29,07
  0	 | 	23	 | 	45,00
  1	 | 	3	 | 	3,16
  1	 | 	13	 | 	14,32
  2	 | 	10	 | 	19,24
  2	 | 	20	 | 	29,61
  2	 | 	24	 | 	42,95
  3	 | 	5	 | 	4,12
  3	 | 	16	 | 	24,33
  4	 | 	7	 | 	6,71
  4	 | 	29	 | 	46,39
  5	 | 	8	 | 	10,30
  6	 | 	8	 | 	2,24
  6	 | 	22	 | 	24,33
  6	 | 	26	 | 	33,14
  7	 | 	14	 | 	22,47
  9	 | 	11	 | 	4,24
  9	 | 	12	 | 	6,40
  10	 | 	12	 | 	4,12
  10	 | 	13	 | 	2,83
  10	 | 	24	 | 	23,77
  10	 | 	28	 | 	29,07
  11	 | 	18	 | 	5,39
  11	 | 	25	 | 	25,18
  13	 | 	22	 | 	17,00
  14	 | 	16	 | 	6,40
  15	 | 	18	 | 	4,12
  17	 | 	19	 | 	5,10
  20	 | 	22	 | 	5,10
  23	 | 	26	 | 	2,24
  24	 | 	29	 | 	8,06
  27	 | 	29	 | 	2,24
___________________________
Simulation Topology [2:1]
___________________________
From 	  To 		Length
___________________________
  8	 | 	22	 | 	26,48
  1	 | 	7	 | 	4,00
  28	 | 	29	 | 	7,28
  27	 | 	28	 | 	8,00
  26	 | 	29	 | 	8,06
  26	 | 	27	 | 	7,07
  24	 | 	25	 | 	2,24
  23	 | 	25	 | 	6,00
  22	 | 	27	 | 	14,56
  22	 | 	26	 | 	9,06
  22	 | 	23	 | 	10,44
  20	 | 	24	 | 	13,34
  20	 | 	21	 | 	5,83
  19	 | 	24	 | 	15,30
  17	 | 	18	 | 	6,32
  16	 | 	18	 | 	2,00
  15	 | 	19	 | 	2,24
  15	 | 	16	 | 	5,00
  14	 | 	20	 | 	6,08
  14	 | 	15	 | 	8,00
  13	 | 	24	 | 	25,32
  13	 | 	19	 | 	10,05
  12	 | 	21	 | 	15,23
  11	 | 	15	 | 	9,49
  11	 | 	13	 | 	2,00
  0	 | 	4	 | 	5,00
  0	 | 	14	 | 	29,07
  0	 | 	23	 | 	45,00
  1	 | 	3	 | 	3,16
  1	 | 	13	 | 	14,32
  2	 | 	10	 | 	19,24
  2	 | 	20	 | 	29,61
  2	 | 	24	 | 	42,95
  3	 | 	5	 | 	4,12
  3	 | 	16	 | 	24,33
  4	 | 	7	 | 	6,71
  4	 | 	29	 | 	46,39
  5	 | 	8	 | 	10,30
  6	 | 	8	 | 	2,24
  6	 | 	22	 | 	24,33
  6	 | 	26	 | 	33,14
  7	 | 	14	 | 	22,47
  9	 | 	11	 | 	4,24
  9	 | 	12	 | 	6,40
  10	 | 	12	 | 	4,12
  10	 | 	13	 | 	2,83
  10	 | 	24	 | 	23,77
  10	 | 	28	 | 	29,07
  11	 | 	18	 | 	5,39
  11	 | 	25	 | 	25,18
  13	 | 	22	 | 	17,00
  14	 | 	16	 | 	6,40
  15	 | 	18	 | 	4,12
  17	 | 	19	 | 	5,10
  20	 | 	22	 | 	5,10
  23	 | 	26	 | 	2,24
  24	 | 	29	 | 	8,06
  27	 | 	29	 | 	2,24
  19	 | 	29	 | 	23,09
___________________________
Simulation Topology [2:2]
___________________________
From 	  To 		Length
___________________________
  8	 | 	22	 | 	26,48
  1	 | 	7	 | 	4,00
  28	 | 	29	 | 	7,28
  27	 | 	28	 | 	8,00
  26	 | 	29	 | 	8,06
  26	 | 	27	 | 	7,07
  24	 | 	25	 | 	2,24
  23	 | 	25	 | 	6,00
  22	 | 	27	 | 	14,56
  22	 | 	26	 | 	9,06
  22	 | 	23	 | 	10,44
  20	 | 	24	 | 	13,34
  20	 | 	21	 | 	5,83
  19	 | 	24	 | 	15,30
  17	 | 	18	 | 	6,32
  16	 | 	18	 | 	2,00
  15	 | 	19	 | 	2,24
  15	 | 	16	 | 	5,00
  14	 | 	20	 | 	6,08
  14	 | 	15	 | 	8,00
  13	 | 	24	 | 	25,32
  13	 | 	19	 | 	10,05
  12	 | 	21	 | 	15,23
  11	 | 	15	 | 	9,49
  11	 | 	13	 | 	2,00
  0	 | 	4	 | 	5,00
  0	 | 	14	 | 	29,07
  0	 | 	23	 | 	45,00
  1	 | 	3	 | 	3,16
  1	 | 	13	 | 	14,32
  2	 | 	10	 | 	19,24
  2	 | 	20	 | 	29,61
  2	 | 	24	 | 	42,95
  3	 | 	5	 | 	4,12
  3	 | 	16	 | 	24,33
  4	 | 	7	 | 	6,71
  4	 | 	29	 | 	46,39
  5	 | 	8	 | 	10,30
  6	 | 	8	 | 	2,24
  6	 | 	22	 | 	24,33
  6	 | 	26	 | 	33,14
  7	 | 	14	 | 	22,47
  9	 | 	11	 | 	4,24
  9	 | 	12	 | 	6,40
  10	 | 	12	 | 	4,12
  10	 | 	13	 | 	2,83
  10	 | 	24	 | 	23,77
  10	 | 	28	 | 	29,07
  11	 | 	18	 | 	5,39
  11	 | 	25	 | 	25,18
  13	 | 	22	 | 	17,00
  14	 | 	16	 | 	6,40
  15	 | 	18	 | 	4,12
  17	 | 	19	 | 	5,10
  20	 | 	22	 | 	5,10
  23	 | 	26	 | 	2,24
  24	 | 	29	 | 	8,06
  27	 | 	29	 | 	2,24
  19	 | 	29	 | 	23,09
  4	 | 	24	 | 	38,64
___________________________
Simulation Topology [2:3]
___________________________
From 	  To 		Length
___________________________
  8	 | 	22	 | 	26,48
  1	 | 	7	 | 	4,00
  28	 | 	29	 | 	7,28
  27	 | 	28	 | 	8,00
  26	 | 	29	 | 	8,06
  26	 | 	27	 | 	7,07
  24	 | 	25	 | 	2,24
  23	 | 	25	 | 	6,00
  22	 | 	27	 | 	14,56
  22	 | 	26	 | 	9,06
  22	 | 	23	 | 	10,44
  20	 | 	24	 | 	13,34
  20	 | 	21	 | 	5,83
  19	 | 	24	 | 	15,30
  17	 | 	18	 | 	6,32
  16	 | 	18	 | 	2,00
  15	 | 	19	 | 	2,24
  15	 | 	16	 | 	5,00
  14	 | 	20	 | 	6,08
  14	 | 	15	 | 	8,00
  13	 | 	24	 | 	25,32
  13	 | 	19	 | 	10,05
  12	 | 	21	 | 	15,23
  11	 | 	15	 | 	9,49
  11	 | 	13	 | 	2,00
  0	 | 	4	 | 	5,00
  0	 | 	14	 | 	29,07
  0	 | 	23	 | 	45,00
  1	 | 	3	 | 	3,16
  1	 | 	13	 | 	14,32
  2	 | 	10	 | 	19,24
  2	 | 	20	 | 	29,61
  2	 | 	24	 | 	42,95
  3	 | 	5	 | 	4,12
  3	 | 	16	 | 	24,33
  4	 | 	7	 | 	6,71
  4	 | 	29	 | 	46,39
  5	 | 	8	 | 	10,30
  6	 | 	8	 | 	2,24
  6	 | 	22	 | 	24,33
  6	 | 	26	 | 	33,14
  7	 | 	14	 | 	22,47
  9	 | 	11	 | 	4,24
  9	 | 	12	 | 	6,40
  10	 | 	12	 | 	4,12
  10	 | 	13	 | 	2,83
  10	 | 	24	 | 	23,77
  10	 | 	28	 | 	29,07
  11	 | 	18	 | 	5,39
  11	 | 	25	 | 	25,18
  13	 | 	22	 | 	17,00
  14	 | 	16	 | 	6,40
  15	 | 	18	 | 	4,12
  17	 | 	19	 | 	5,10
  20	 | 	22	 | 	5,10
  23	 | 	26	 | 	2,24
  24	 | 	29	 | 	8,06
  27	 | 	29	 | 	2,24
  19	 | 	29	 | 	23,09
  4	 | 	24	 | 	38,64
  1	 | 	17	 | 	24,04
___________________________
Simulation Topology [2:4]
___________________________
From 	  To 		Length
___________________________
  8	 | 	22	 | 	26,48
  1	 | 	7	 | 	4,00
  28	 | 	29	 | 	7,28
  27	 | 	28	 | 	8,00
  26	 | 	29	 | 	8,06
  26	 | 	27	 | 	7,07
  24	 | 	25	 | 	2,24
  23	 | 	25	 | 	6,00
  22	 | 	27	 | 	14,56
  22	 | 	26	 | 	9,06
  22	 | 	23	 | 	10,44
  20	 | 	24	 | 	13,34
  20	 | 	21	 | 	5,83
  19	 | 	24	 | 	15,30
  17	 | 	18	 | 	6,32
  16	 | 	18	 | 	2,00
  15	 | 	19	 | 	2,24
  15	 | 	16	 | 	5,00
  14	 | 	20	 | 	6,08
  14	 | 	15	 | 	8,00
  13	 | 	24	 | 	25,32
  13	 | 	19	 | 	10,05
  12	 | 	21	 | 	15,23
  11	 | 	15	 | 	9,49
  11	 | 	13	 | 	2,00
  0	 | 	4	 | 	5,00
  0	 | 	14	 | 	29,07
  0	 | 	23	 | 	45,00
  1	 | 	3	 | 	3,16
  1	 | 	13	 | 	14,32
  2	 | 	10	 | 	19,24
  2	 | 	20	 | 	29,61
  2	 | 	24	 | 	42,95
  3	 | 	5	 | 	4,12
  3	 | 	16	 | 	24,33
  4	 | 	7	 | 	6,71
  4	 | 	29	 | 	46,39
  5	 | 	8	 | 	10,30
  6	 | 	8	 | 	2,24
  6	 | 	22	 | 	24,33
  6	 | 	26	 | 	33,14
  7	 | 	14	 | 	22,47
  9	 | 	11	 | 	4,24
  9	 | 	12	 | 	6,40
  10	 | 	12	 | 	4,12
  10	 | 	13	 | 	2,83
  10	 | 	24	 | 	23,77
  10	 | 	28	 | 	29,07
  11	 | 	18	 | 	5,39
  11	 | 	25	 | 	25,18
  13	 | 	22	 | 	17,00
  14	 | 	16	 | 	6,40
  15	 | 	18	 | 	4,12
  17	 | 	19	 | 	5,10
  20	 | 	22	 | 	5,10
  23	 | 	26	 | 	2,24
  24	 | 	29	 | 	8,06
  27	 | 	29	 | 	2,24
  19	 | 	29	 | 	23,09
  4	 | 	24	 | 	38,64
  1	 | 	17	 | 	24,04
  2	 | 	26	 | 	43,19
___________________________
Simulation Topology [2:5]
___________________________
From 	  To 		Length
___________________________
  8	 | 	22	 | 	26,48
  1	 | 	7	 | 	4,00
  28	 | 	29	 | 	7,28
  27	 | 	28	 | 	8,00
  26	 | 	29	 | 	8,06
  26	 | 	27	 | 	7,07
  24	 | 	25	 | 	2,24
  23	 | 	25	 | 	6,00
  22	 | 	27	 | 	14,56
  22	 | 	26	 | 	9,06
  22	 | 	23	 | 	10,44
  20	 | 	24	 | 	13,34
  20	 | 	21	 | 	5,83
  19	 | 	24	 | 	15,30
  17	 | 	18	 | 	6,32
  16	 | 	18	 | 	2,00
  15	 | 	19	 | 	2,24
  15	 | 	16	 | 	5,00
  14	 | 	20	 | 	6,08
  14	 | 	15	 | 	8,00
  13	 | 	24	 | 	25,32
  13	 | 	19	 | 	10,05
  12	 | 	21	 | 	15,23
  11	 | 	15	 | 	9,49
  11	 | 	13	 | 	2,00
  0	 | 	4	 | 	5,00
  0	 | 	14	 | 	29,07
  0	 | 	23	 | 	45,00
  1	 | 	3	 | 	3,16
  1	 | 	13	 | 	14,32
  2	 | 	10	 | 	19,24
  2	 | 	20	 | 	29,61
  2	 | 	24	 | 	42,95
  3	 | 	5	 | 	4,12
  3	 | 	16	 | 	24,33
  4	 | 	7	 | 	6,71
  4	 | 	29	 | 	46,39
  5	 | 	8	 | 	10,30
  6	 | 	8	 | 	2,24
  6	 | 	22	 | 	24,33
  6	 | 	26	 | 	33,14
  7	 | 	14	 | 	22,47
  9	 | 	11	 | 	4,24
  9	 | 	12	 | 	6,40
  10	 | 	12	 | 	4,12
  10	 | 	13	 | 	2,83
  10	 | 	24	 | 	23,77
  10	 | 	28	 | 	29,07
  11	 | 	18	 | 	5,39
  11	 | 	25	 | 	25,18
  13	 | 	22	 | 	17,00
  14	 | 	16	 | 	6,40
  15	 | 	18	 | 	4,12
  17	 | 	19	 | 	5,10
  20	 | 	22	 | 	5,10
  23	 | 	26	 | 	2,24
  24	 | 	29	 | 	8,06
  27	 | 	29	 | 	2,24
  19	 | 	29	 | 	23,09
  4	 | 	24	 | 	38,64
  1	 | 	17	 | 	24,04
  2	 | 	26	 | 	43,19
  1	 | 	15	 | 	25,00
___________________________
Simulation Topology [2:6]
___________________________
From 	  To 		Length
___________________________
  8	 | 	22	 | 	26,48
  1	 | 	7	 | 	4,00
  28	 | 	29	 | 	7,28
  27	 | 	28	 | 	8,00
  26	 | 	29	 | 	8,06
  26	 | 	27	 | 	7,07
  24	 | 	25	 | 	2,24
  23	 | 	25	 | 	6,00
  22	 | 	27	 | 	14,56
  22	 | 	26	 | 	9,06
  22	 | 	23	 | 	10,44
  20	 | 	24	 | 	13,34
  20	 | 	21	 | 	5,83
  19	 | 	24	 | 	15,30
  17	 | 	18	 | 	6,32
  16	 | 	18	 | 	2,00
  15	 | 	19	 | 	2,24
  15	 | 	16	 | 	5,00
  14	 | 	20	 | 	6,08
  14	 | 	15	 | 	8,00
  13	 | 	24	 | 	25,32
  13	 | 	19	 | 	10,05
  12	 | 	21	 | 	15,23
  11	 | 	15	 | 	9,49
  11	 | 	13	 | 	2,00
  0	 | 	4	 | 	5,00
  0	 | 	14	 | 	29,07
  0	 | 	23	 | 	45,00
  1	 | 	3	 | 	3,16
  1	 | 	13	 | 	14,32
  2	 | 	10	 | 	19,24
  2	 | 	20	 | 	29,61
  2	 | 	24	 | 	42,95
  3	 | 	5	 | 	4,12
  3	 | 	16	 | 	24,33
  4	 | 	7	 | 	6,71
  4	 | 	29	 | 	46,39
  5	 | 	8	 | 	10,30
  6	 | 	8	 | 	2,24
  6	 | 	22	 | 	24,33
  6	 | 	26	 | 	33,14
  7	 | 	14	 | 	22,47
  9	 | 	11	 | 	4,24
  9	 | 	12	 | 	6,40
  10	 | 	12	 | 	4,12
  10	 | 	13	 | 	2,83
  10	 | 	24	 | 	23,77
  10	 | 	28	 | 	29,07
  11	 | 	18	 | 	5,39
  11	 | 	25	 | 	25,18
  13	 | 	22	 | 	17,00
  14	 | 	16	 | 	6,40
  15	 | 	18	 | 	4,12
  17	 | 	19	 | 	5,10
  20	 | 	22	 | 	5,10
  23	 | 	26	 | 	2,24
  24	 | 	29	 | 	8,06
  27	 | 	29	 | 	2,24
  19	 | 	29	 | 	23,09
  4	 | 	24	 | 	38,64
  1	 | 	17	 | 	24,04
  2	 | 	26	 | 	43,19
  1	 | 	15	 | 	25,00
  5	 | 	21	 | 	33,24
___________________________
Simulation Topology [2:7]
___________________________
From 	  To 		Length
___________________________
  8	 | 	22	 | 	26,48
  1	 | 	7	 | 	4,00
  28	 | 	29	 | 	7,28
  27	 | 	28	 | 	8,00
  26	 | 	29	 | 	8,06
  26	 | 	27	 | 	7,07
  24	 | 	25	 | 	2,24
  23	 | 	25	 | 	6,00
  22	 | 	27	 | 	14,56
  22	 | 	26	 | 	9,06
  22	 | 	23	 | 	10,44
  20	 | 	24	 | 	13,34
  20	 | 	21	 | 	5,83
  19	 | 	24	 | 	15,30
  17	 | 	18	 | 	6,32
  16	 | 	18	 | 	2,00
  15	 | 	19	 | 	2,24
  15	 | 	16	 | 	5,00
  14	 | 	20	 | 	6,08
  14	 | 	15	 | 	8,00
  13	 | 	24	 | 	25,32
  13	 | 	19	 | 	10,05
  12	 | 	21	 | 	15,23
  11	 | 	15	 | 	9,49
  11	 | 	13	 | 	2,00
  0	 | 	4	 | 	5,00
  0	 | 	14	 | 	29,07
  0	 | 	23	 | 	45,00
  1	 | 	3	 | 	3,16
  1	 | 	13	 | 	14,32
  2	 | 	10	 | 	19,24
  2	 | 	20	 | 	29,61
  2	 | 	24	 | 	42,95
  3	 | 	5	 | 	4,12
  3	 | 	16	 | 	24,33
  4	 | 	7	 | 	6,71
  4	 | 	29	 | 	46,39
  5	 | 	8	 | 	10,30
  6	 | 	8	 | 	2,24
  6	 | 	22	 | 	24,33
  6	 | 	26	 | 	33,14
  7	 | 	14	 | 	22,47
  9	 | 	11	 | 	4,24
  9	 | 	12	 | 	6,40
  10	 | 	12	 | 	4,12
  10	 | 	13	 | 	2,83
  10	 | 	24	 | 	23,77
  10	 | 	28	 | 	29,07
  11	 | 	18	 | 	5,39
  11	 | 	25	 | 	25,18
  13	 | 	22	 | 	17,00
  14	 | 	16	 | 	6,40
  15	 | 	18	 | 	4,12
  17	 | 	19	 | 	5,10
  20	 | 	22	 | 	5,10
  23	 | 	26	 | 	2,24
  24	 | 	29	 | 	8,06
  27	 | 	29	 | 	2,24
  19	 | 	29	 | 	23,09
  4	 | 	24	 | 	38,64
  1	 | 	17	 | 	24,04
  2	 | 	26	 | 	43,19
  1	 | 	15	 | 	25,00
  5	 | 	21	 | 	33,24
  7	 | 	13	 | 	10,44
___________________________
Simulation Topology [2:8]
___________________________
From 	  To 		Length
___________________________
  8	 | 	22	 | 	26,48
  1	 | 	7	 | 	4,00
  28	 | 	29	 | 	7,28
  27	 | 	28	 | 	8,00
  26	 | 	29	 | 	8,06
  26	 | 	27	 | 	7,07
  24	 | 	25	 | 	2,24
  23	 | 	25	 | 	6,00
  22	 | 	27	 | 	14,56
  22	 | 	26	 | 	9,06
  22	 | 	23	 | 	10,44
  20	 | 	24	 | 	13,34
  20	 | 	21	 | 	5,83
  19	 | 	24	 | 	15,30
  17	 | 	18	 | 	6,32
  16	 | 	18	 | 	2,00
  15	 | 	19	 | 	2,24
  15	 | 	16	 | 	5,00
  14	 | 	20	 | 	6,08
  14	 | 	15	 | 	8,00
  13	 | 	24	 | 	25,32
  13	 | 	19	 | 	10,05
  12	 | 	21	 | 	15,23
  11	 | 	15	 | 	9,49
  11	 | 	13	 | 	2,00
  0	 | 	4	 | 	5,00
  0	 | 	14	 | 	29,07
  0	 | 	23	 | 	45,00
  1	 | 	3	 | 	3,16
  1	 | 	13	 | 	14,32
  2	 | 	10	 | 	19,24
  2	 | 	20	 | 	29,61
  2	 | 	24	 | 	42,95
  3	 | 	5	 | 	4,12
  3	 | 	16	 | 	24,33
  4	 | 	7	 | 	6,71
  4	 | 	29	 | 	46,39
  5	 | 	8	 | 	10,30
  6	 | 	8	 | 	2,24
  6	 | 	22	 | 	24,33
  6	 | 	26	 | 	33,14
  7	 | 	14	 | 	22,47
  9	 | 	11	 | 	4,24
  9	 | 	12	 | 	6,40
  10	 | 	12	 | 	4,12
  10	 | 	13	 | 	2,83
  10	 | 	24	 | 	23,77
  10	 | 	28	 | 	29,07
  11	 | 	18	 | 	5,39
  11	 | 	25	 | 	25,18
  13	 | 	22	 | 	17,00
  14	 | 	16	 | 	6,40
  15	 | 	18	 | 	4,12
  17	 | 	19	 | 	5,10
  20	 | 	22	 | 	5,10
  23	 | 	26	 | 	2,24
  24	 | 	29	 | 	8,06
  27	 | 	29	 | 	2,24
  19	 | 	29	 | 	23,09
  4	 | 	24	 | 	38,64
  1	 | 	17	 | 	24,04
  2	 | 	26	 | 	43,19
  1	 | 	15	 | 	25,00
  5	 | 	21	 | 	33,24
  7	 | 	13	 | 	10,44
  12	 | 	26	 | 	25,18
___________________________
Simulation Topology [2:9]
___________________________
From 	  To 		Length
___________________________
  8	 | 	22	 | 	26,48
  1	 | 	7	 | 	4,00
  28	 | 	29	 | 	7,28
  27	 | 	28	 | 	8,00
  26	 | 	29	 | 	8,06
  26	 | 	27	 | 	7,07
  24	 | 	25	 | 	2,24
  23	 | 	25	 | 	6,00
  22	 | 	27	 | 	14,56
  22	 | 	26	 | 	9,06
  22	 | 	23	 | 	10,44
  20	 | 	24	 | 	13,34
  20	 | 	21	 | 	5,83
  19	 | 	24	 | 	15,30
  17	 | 	18	 | 	6,32
  16	 | 	18	 | 	2,00
  15	 | 	19	 | 	2,24
  15	 | 	16	 | 	5,00
  14	 | 	20	 | 	6,08
  14	 | 	15	 | 	8,00
  13	 | 	24	 | 	25,32
  13	 | 	19	 | 	10,05
  12	 | 	21	 | 	15,23
  11	 | 	15	 | 	9,49
  11	 | 	13	 | 	2,00
  0	 | 	4	 | 	5,00
  0	 | 	14	 | 	29,07
  0	 | 	23	 | 	45,00
  1	 | 	3	 | 	3,16
  1	 | 	13	 | 	14,32
  2	 | 	10	 | 	19,24
  2	 | 	20	 | 	29,61
  2	 | 	24	 | 	42,95
  3	 | 	5	 | 	4,12
  3	 | 	16	 | 	24,33
  4	 | 	7	 | 	6,71
  4	 | 	29	 | 	46,39
  5	 | 	8	 | 	10,30
  6	 | 	8	 | 	2,24
  6	 | 	22	 | 	24,33
  6	 | 	26	 | 	33,14
  7	 | 	14	 | 	22,47
  9	 | 	11	 | 	4,24
  9	 | 	12	 | 	6,40
  10	 | 	12	 | 	4,12
  10	 | 	13	 | 	2,83
  10	 | 	24	 | 	23,77
  10	 | 	28	 | 	29,07
  11	 | 	18	 | 	5,39
  11	 | 	25	 | 	25,18
  13	 | 	22	 | 	17,00
  14	 | 	16	 | 	6,40
  15	 | 	18	 | 	4,12
  17	 | 	19	 | 	5,10
  20	 | 	22	 | 	5,10
  23	 | 	26	 | 	2,24
  24	 | 	29	 | 	8,06
  27	 | 	29	 | 	2,24
  19	 | 	29	 | 	23,09
  4	 | 	24	 | 	38,64
  1	 | 	17	 | 	24,04
  2	 | 	26	 | 	43,19
  1	 | 	15	 | 	25,00
  5	 | 	21	 | 	33,24
  7	 | 	13	 | 	10,44
  12	 | 	26	 | 	25,18
  5	 | 	25	 | 	45,10
___________________________
Simulation Topology [2:10]
___________________________
From 	  To 		Length
___________________________
  8	 | 	22	 | 	26,48
  1	 | 	7	 | 	4,00
  28	 | 	29	 | 	7,28
  27	 | 	28	 | 	8,00
  26	 | 	29	 | 	8,06
  26	 | 	27	 | 	7,07
  24	 | 	25	 | 	2,24
  23	 | 	25	 | 	6,00
  22	 | 	27	 | 	14,56
  22	 | 	26	 | 	9,06
  22	 | 	23	 | 	10,44
  20	 | 	24	 | 	13,34
  20	 | 	21	 | 	5,83
  19	 | 	24	 | 	15,30
  17	 | 	18	 | 	6,32
  16	 | 	18	 | 	2,00
  15	 | 	19	 | 	2,24
  15	 | 	16	 | 	5,00
  14	 | 	20	 | 	6,08
  14	 | 	15	 | 	8,00
  13	 | 	24	 | 	25,32
  13	 | 	19	 | 	10,05
  12	 | 	21	 | 	15,23
  11	 | 	15	 | 	9,49
  11	 | 	13	 | 	2,00
  0	 | 	4	 | 	5,00
  0	 | 	14	 | 	29,07
  0	 | 	23	 | 	45,00
  1	 | 	3	 | 	3,16
  1	 | 	13	 | 	14,32
  2	 | 	10	 | 	19,24
  2	 | 	20	 | 	29,61
  2	 | 	24	 | 	42,95
  3	 | 	5	 | 	4,12
  3	 | 	16	 | 	24,33
  4	 | 	7	 | 	6,71
  4	 | 	29	 | 	46,39
  5	 | 	8	 | 	10,30
  6	 | 	8	 | 	2,24
  6	 | 	22	 | 	24,33
  6	 | 	26	 | 	33,14
  7	 | 	14	 | 	22,47
  9	 | 	11	 | 	4,24
  9	 | 	12	 | 	6,40
  10	 | 	12	 | 	4,12
  10	 | 	13	 | 	2,83
  10	 | 	24	 | 	23,77
  10	 | 	28	 | 	29,07
  11	 | 	18	 | 	5,39
  11	 | 	25	 | 	25,18
  13	 | 	22	 | 	17,00
  14	 | 	16	 | 	6,40
  15	 | 	18	 | 	4,12
  17	 | 	19	 | 	5,10
  20	 | 	22	 | 	5,10
  23	 | 	26	 | 	2,24
  24	 | 	29	 | 	8,06
  27	 | 	29	 | 	2,24
  19	 | 	29	 | 	23,09
  4	 | 	24	 | 	38,64
  1	 | 	17	 | 	24,04
  2	 | 	26	 | 	43,19
  1	 | 	15	 | 	25,00
  5	 | 	21	 | 	33,24
  7	 | 	13	 | 	10,44
  12	 | 	26	 | 	25,18
  5	 | 	25	 | 	45,10
  11	 | 	22	 | 	15,00
___________________________
Simulation Topology [2:11]
___________________________
From 	  To 		Length
___________________________
  8	 | 	22	 | 	26,48
  1	 | 	7	 | 	4,00
  28	 | 	29	 | 	7,28
  27	 | 	28	 | 	8,00
  26	 | 	29	 | 	8,06
  26	 | 	27	 | 	7,07
  24	 | 	25	 | 	2,24
  23	 | 	25	 | 	6,00
  22	 | 	27	 | 	14,56
  22	 | 	26	 | 	9,06
  22	 | 	23	 | 	10,44
  20	 | 	24	 | 	13,34
  20	 | 	21	 | 	5,83
  19	 | 	24	 | 	15,30
  17	 | 	18	 | 	6,32
  16	 | 	18	 | 	2,00
  15	 | 	19	 | 	2,24
  15	 | 	16	 | 	5,00
  14	 | 	20	 | 	6,08
  14	 | 	15	 | 	8,00
  13	 | 	24	 | 	25,32
  13	 | 	19	 | 	10,05
  12	 | 	21	 | 	15,23
  11	 | 	15	 | 	9,49
  11	 | 	13	 | 	2,00
  0	 | 	4	 | 	5,00
  0	 | 	14	 | 	29,07
  0	 | 	23	 | 	45,00
  1	 | 	3	 | 	3,16
  1	 | 	13	 | 	14,32
  2	 | 	10	 | 	19,24
  2	 | 	20	 | 	29,61
  2	 | 	24	 | 	42,95
  3	 | 	5	 | 	4,12
  3	 | 	16	 | 	24,33
  4	 | 	7	 | 	6,71
  4	 | 	29	 | 	46,39
  5	 | 	8	 | 	10,30
  6	 | 	8	 | 	2,24
  6	 | 	22	 | 	24,33
  6	 | 	26	 | 	33,14
  7	 | 	14	 | 	22,47
  9	 | 	11	 | 	4,24
  9	 | 	12	 | 	6,40
  10	 | 	12	 | 	4,12
  10	 | 	13	 | 	2,83
  10	 | 	24	 | 	23,77
  10	 | 	28	 | 	29,07
  11	 | 	18	 | 	5,39
  11	 | 	25	 | 	25,18
  13	 | 	22	 | 	17,00
  14	 | 	16	 | 	6,40
  15	 | 	18	 | 	4,12
  17	 | 	19	 | 	5,10
  20	 | 	22	 | 	5,10
  23	 | 	26	 | 	2,24
  24	 | 	29	 | 	8,06
  27	 | 	29	 | 	2,24
  19	 | 	29	 | 	23,09
  4	 | 	24	 | 	38,64
  1	 | 	17	 | 	24,04
  2	 | 	26	 | 	43,19
  1	 | 	15	 | 	25,00
  5	 | 	21	 | 	33,24
  7	 | 	13	 | 	10,44
  12	 | 	26	 | 	25,18
  5	 | 	25	 | 	45,10
  11	 | 	22	 | 	15,00
  19	 | 	25	 | 	17,12
___________________________
Simulation Topology [2:12]
___________________________
From 	  To 		Length
___________________________
  8	 | 	22	 | 	26,48
  1	 | 	7	 | 	4,00
  28	 | 	29	 | 	7,28
  27	 | 	28	 | 	8,00
  26	 | 	29	 | 	8,06
  26	 | 	27	 | 	7,07
  24	 | 	25	 | 	2,24
  23	 | 	25	 | 	6,00
  22	 | 	27	 | 	14,56
  22	 | 	26	 | 	9,06
  22	 | 	23	 | 	10,44
  20	 | 	24	 | 	13,34
  20	 | 	21	 | 	5,83
  19	 | 	24	 | 	15,30
  17	 | 	18	 | 	6,32
  16	 | 	18	 | 	2,00
  15	 | 	19	 | 	2,24
  15	 | 	16	 | 	5,00
  14	 | 	20	 | 	6,08
  14	 | 	15	 | 	8,00
  13	 | 	24	 | 	25,32
  13	 | 	19	 | 	10,05
  12	 | 	21	 | 	15,23
  11	 | 	15	 | 	9,49
  11	 | 	13	 | 	2,00
  0	 | 	4	 | 	5,00
  0	 | 	14	 | 	29,07
  0	 | 	23	 | 	45,00
  1	 | 	3	 | 	3,16
  1	 | 	13	 | 	14,32
  2	 | 	10	 | 	19,24
  2	 | 	20	 | 	29,61
  2	 | 	24	 | 	42,95
  3	 | 	5	 | 	4,12
  3	 | 	16	 | 	24,33
  4	 | 	7	 | 	6,71
  4	 | 	29	 | 	46,39
  5	 | 	8	 | 	10,30
  6	 | 	8	 | 	2,24
  6	 | 	22	 | 	24,33
  6	 | 	26	 | 	33,14
  7	 | 	14	 | 	22,47
  9	 | 	11	 | 	4,24
  9	 | 	12	 | 	6,40
  10	 | 	12	 | 	4,12
  10	 | 	13	 | 	2,83
  10	 | 	24	 | 	23,77
  10	 | 	28	 | 	29,07
  11	 | 	18	 | 	5,39
  11	 | 	25	 | 	25,18
  13	 | 	22	 | 	17,00
  14	 | 	16	 | 	6,40
  15	 | 	18	 | 	4,12
  17	 | 	19	 | 	5,10
  20	 | 	22	 | 	5,10
  23	 | 	26	 | 	2,24
  24	 | 	29	 | 	8,06
  27	 | 	29	 | 	2,24
  19	 | 	29	 | 	23,09
  4	 | 	24	 | 	38,64
  1	 | 	17	 | 	24,04
  2	 | 	26	 | 	43,19
  1	 | 	15	 | 	25,00
  5	 | 	21	 | 	33,24
  7	 | 	13	 | 	10,44
  12	 | 	26	 | 	25,18
  5	 | 	25	 | 	45,10
  11	 | 	22	 | 	15,00
  19	 | 	25	 | 	17,12
  1	 | 	6	 | 	9,90
___________________________
Simulation Topology [2:13]
___________________________
From 	  To 		Length
___________________________
  8	 | 	22	 | 	26,48
  1	 | 	7	 | 	4,00
  28	 | 	29	 | 	7,28
  27	 | 	28	 | 	8,00
  26	 | 	29	 | 	8,06
  26	 | 	27	 | 	7,07
  24	 | 	25	 | 	2,24
  23	 | 	25	 | 	6,00
  22	 | 	27	 | 	14,56
  22	 | 	26	 | 	9,06
  22	 | 	23	 | 	10,44
  20	 | 	24	 | 	13,34
  20	 | 	21	 | 	5,83
  19	 | 	24	 | 	15,30
  17	 | 	18	 | 	6,32
  16	 | 	18	 | 	2,00
  15	 | 	19	 | 	2,24
  15	 | 	16	 | 	5,00
  14	 | 	20	 | 	6,08
  14	 | 	15	 | 	8,00
  13	 | 	24	 | 	25,32
  13	 | 	19	 | 	10,05
  12	 | 	21	 | 	15,23
  11	 | 	15	 | 	9,49
  11	 | 	13	 | 	2,00
  0	 | 	4	 | 	5,00
  0	 | 	14	 | 	29,07
  0	 | 	23	 | 	45,00
  1	 | 	3	 | 	3,16
  1	 | 	13	 | 	14,32
  2	 | 	10	 | 	19,24
  2	 | 	20	 | 	29,61
  2	 | 	24	 | 	42,95
  3	 | 	5	 | 	4,12
  3	 | 	16	 | 	24,33
  4	 | 	7	 | 	6,71
  4	 | 	29	 | 	46,39
  5	 | 	8	 | 	10,30
  6	 | 	8	 | 	2,24
  6	 | 	22	 | 	24,33
  6	 | 	26	 | 	33,14
  7	 | 	14	 | 	22,47
  9	 | 	11	 | 	4,24
  9	 | 	12	 | 	6,40
  10	 | 	12	 | 	4,12
  10	 | 	13	 | 	2,83
  10	 | 	24	 | 	23,77
  10	 | 	28	 | 	29,07
  11	 | 	18	 | 	5,39
  11	 | 	25	 | 	25,18
  13	 | 	22	 | 	17,00
  14	 | 	16	 | 	6,40
  15	 | 	18	 | 	4,12
  17	 | 	19	 | 	5,10
  20	 | 	22	 | 	5,10
  23	 | 	26	 | 	2,24
  24	 | 	29	 | 	8,06
  27	 | 	29	 | 	2,24
  19	 | 	29	 | 	23,09
  4	 | 	24	 | 	38,64
  1	 | 	17	 | 	24,04
  2	 | 	26	 | 	43,19
  1	 | 	15	 | 	25,00
  5	 | 	21	 | 	33,24
  7	 | 	13	 | 	10,44
  12	 | 	26	 | 	25,18
  5	 | 	25	 | 	45,10
  11	 | 	22	 | 	15,00
  19	 | 	25	 | 	17,12
  1	 | 	6	 | 	9,90
  4	 | 	26	 | 	39,05
___________________________
Simulation Topology [2:14]
___________________________
From 	  To 		Length
___________________________
  8	 | 	22	 | 	26,48
  1	 | 	7	 | 	4,00
  28	 | 	29	 | 	7,28
  27	 | 	28	 | 	8,00
  26	 | 	29	 | 	8,06
  26	 | 	27	 | 	7,07
  24	 | 	25	 | 	2,24
  23	 | 	25	 | 	6,00
  22	 | 	27	 | 	14,56
  22	 | 	26	 | 	9,06
  22	 | 	23	 | 	10,44
  20	 | 	24	 | 	13,34
  20	 | 	21	 | 	5,83
  19	 | 	24	 | 	15,30
  17	 | 	18	 | 	6,32
  16	 | 	18	 | 	2,00
  15	 | 	19	 | 	2,24
  15	 | 	16	 | 	5,00
  14	 | 	20	 | 	6,08
  14	 | 	15	 | 	8,00
  13	 | 	24	 | 	25,32
  13	 | 	19	 | 	10,05
  12	 | 	21	 | 	15,23
  11	 | 	15	 | 	9,49
  11	 | 	13	 | 	2,00
  0	 | 	4	 | 	5,00
  0	 | 	14	 | 	29,07
  0	 | 	23	 | 	45,00
  1	 | 	3	 | 	3,16
  1	 | 	13	 | 	14,32
  2	 | 	10	 | 	19,24
  2	 | 	20	 | 	29,61
  2	 | 	24	 | 	42,95
  3	 | 	5	 | 	4,12
  3	 | 	16	 | 	24,33
  4	 | 	7	 | 	6,71
  4	 | 	29	 | 	46,39
  5	 | 	8	 | 	10,30
  6	 | 	8	 | 	2,24
  6	 | 	22	 | 	24,33
  6	 | 	26	 | 	33,14
  7	 | 	14	 | 	22,47
  9	 | 	11	 | 	4,24
  9	 | 	12	 | 	6,40
  10	 | 	12	 | 	4,12
  10	 | 	13	 | 	2,83
  10	 | 	24	 | 	23,77
  10	 | 	28	 | 	29,07
  11	 | 	18	 | 	5,39
  11	 | 	25	 | 	25,18
  13	 | 	22	 | 	17,00
  14	 | 	16	 | 	6,40
  15	 | 	18	 | 	4,12
  17	 | 	19	 | 	5,10
  20	 | 	22	 | 	5,10
  23	 | 	26	 | 	2,24
  24	 | 	29	 | 	8,06
  27	 | 	29	 | 	2,24
  19	 | 	29	 | 	23,09
  4	 | 	24	 | 	38,64
  1	 | 	17	 | 	24,04
  2	 | 	26	 | 	43,19
  1	 | 	15	 | 	25,00
  5	 | 	21	 | 	33,24
  7	 | 	13	 | 	10,44
  12	 | 	26	 | 	25,18
  5	 | 	25	 | 	45,10
  11	 | 	22	 | 	15,00
  19	 | 	25	 | 	17,12
  1	 | 	6	 | 	9,90
  4	 | 	26	 | 	39,05
  14	 | 	25	 | 	17,89
___________________________
