Simulation Topology 1
___________________________
Simulation Topology 2
___________________________
[0]				[2]		
[3]				[2]		
[8]				[0]		
[9]				[4]		
[9]				[6]		
[9]				[15]		
[8]				[19]		
[3]				[17]		
[9]				[17]		
[2]				[19]		
[0]				[20]		
[0]				[25]		
[1]				[30]		
[5]				[31]		
[5]				[28]		
[9]				[28]		
[2]				[35]		
[3]				[33]		
[6]				[34]		
[9]				[32]		
___________________________
Simulation Topology [2:0]
___________________________
From 	  To 		Length
___________________________
  0	 | 	2	 | 	8,25
  0	 | 	3	 | 	9,22
  0	 | 	4	 | 	9,85
  0	 | 	5	 | 	15,81
  0	 | 	10	 | 	18,00
  0	 | 	16	 | 	33,06
  1	 | 	2	 | 	5,39
  1	 | 	8	 | 	16,16
  1	 | 	11	 | 	23,19
  1	 | 	17	 | 	31,00
  2	 | 	14	 | 	28,16
  3	 | 	10	 | 	18,36
  3	 | 	11	 | 	22,85
  3	 | 	15	 | 	24,00
  3	 | 	19	 | 	28,00
  4	 | 	5	 | 	9,00
  4	 | 	10	 | 	16,64
  5	 | 	7	 | 	6,32
  5	 | 	11	 | 	13,45
  6	 | 	8	 | 	2,24
  6	 | 	12	 | 	13,04
  6	 | 	13	 | 	12,37
  7	 | 	8	 | 	6,00
  7	 | 	17	 | 	16,00
  9	 | 	10	 | 	2,24
  9	 | 	11	 | 	6,32
  11	 | 	12	 | 	5,10
  11	 | 	14	 | 	5,83
  12	 | 	18	 | 	6,40
  13	 | 	14	 | 	3,00
  14	 | 	15	 | 	4,00
  15	 | 	16	 | 	9,90
  15	 | 	18	 | 	6,71
___________________________
Simulation Topology [2:1]
___________________________
From 	  To 		Length
___________________________
  0	 | 	2	 | 	8,25
  0	 | 	3	 | 	9,22
  0	 | 	4	 | 	9,85
  0	 | 	5	 | 	15,81
  0	 | 	10	 | 	18,00
  0	 | 	16	 | 	33,06
  1	 | 	2	 | 	5,39
  1	 | 	8	 | 	16,16
  1	 | 	11	 | 	23,19
  1	 | 	17	 | 	31,00
  2	 | 	14	 | 	28,16
  3	 | 	10	 | 	18,36
  3	 | 	11	 | 	22,85
  3	 | 	15	 | 	24,00
  3	 | 	19	 | 	28,00
  4	 | 	5	 | 	9,00
  4	 | 	10	 | 	16,64
  5	 | 	7	 | 	6,32
  5	 | 	11	 | 	13,45
  6	 | 	8	 | 	2,24
  6	 | 	12	 | 	13,04
  6	 | 	13	 | 	12,37
  7	 | 	8	 | 	6,00
  7	 | 	17	 | 	16,00
  9	 | 	10	 | 	2,24
  9	 | 	11	 | 	6,32
  11	 | 	12	 | 	5,10
  11	 | 	14	 | 	5,83
  12	 | 	18	 | 	6,40
  13	 | 	14	 | 	3,00
  14	 | 	15	 | 	4,00
  15	 | 	16	 | 	9,90
  15	 | 	18	 | 	6,71
  9	 | 	13	 | 	12,37
___________________________
Simulation Topology [2:2]
___________________________
From 	  To 		Length
___________________________
  0	 | 	2	 | 	8,25
  0	 | 	3	 | 	9,22
  0	 | 	4	 | 	9,85
  0	 | 	5	 | 	15,81
  0	 | 	10	 | 	18,00
  0	 | 	16	 | 	33,06
  1	 | 	2	 | 	5,39
  1	 | 	8	 | 	16,16
  1	 | 	11	 | 	23,19
  1	 | 	17	 | 	31,00
  2	 | 	14	 | 	28,16
  3	 | 	10	 | 	18,36
  3	 | 	11	 | 	22,85
  3	 | 	15	 | 	24,00
  3	 | 	19	 | 	28,00
  4	 | 	5	 | 	9,00
  4	 | 	10	 | 	16,64
  5	 | 	7	 | 	6,32
  5	 | 	11	 | 	13,45
  6	 | 	8	 | 	2,24
  6	 | 	12	 | 	13,04
  6	 | 	13	 | 	12,37
  7	 | 	8	 | 	6,00
  7	 | 	17	 | 	16,00
  9	 | 	10	 | 	2,24
  9	 | 	11	 | 	6,32
  11	 | 	12	 | 	5,10
  11	 | 	14	 | 	5,83
  12	 | 	18	 | 	6,40
  13	 | 	14	 | 	3,00
  14	 | 	15	 | 	4,00
  15	 | 	16	 | 	9,90
  15	 | 	18	 | 	6,71
  9	 | 	13	 | 	12,37
  2	 | 	16	 | 	35,51
___________________________
Simulation Topology [2:3]
___________________________
From 	  To 		Length
___________________________
  0	 | 	2	 | 	8,25
  0	 | 	3	 | 	9,22
  0	 | 	4	 | 	9,85
  0	 | 	5	 | 	15,81
  0	 | 	10	 | 	18,00
  0	 | 	16	 | 	33,06
  1	 | 	2	 | 	5,39
  1	 | 	8	 | 	16,16
  1	 | 	11	 | 	23,19
  1	 | 	17	 | 	31,00
  2	 | 	14	 | 	28,16
  3	 | 	10	 | 	18,36
  3	 | 	11	 | 	22,85
  3	 | 	15	 | 	24,00
  3	 | 	19	 | 	28,00
  4	 | 	5	 | 	9,00
  4	 | 	10	 | 	16,64
  5	 | 	7	 | 	6,32
  5	 | 	11	 | 	13,45
  6	 | 	8	 | 	2,24
  6	 | 	12	 | 	13,04
  6	 | 	13	 | 	12,37
  7	 | 	8	 | 	6,00
  7	 | 	17	 | 	16,00
  9	 | 	10	 | 	2,24
  9	 | 	11	 | 	6,32
  11	 | 	12	 | 	5,10
  11	 | 	14	 | 	5,83
  12	 | 	18	 | 	6,40
  13	 | 	14	 | 	3,00
  14	 | 	15	 | 	4,00
  15	 | 	16	 | 	9,90
  15	 | 	18	 | 	6,71
  9	 | 	13	 | 	12,37
  2	 | 	16	 | 	35,51
  4	 | 	9	 | 	14,76
___________________________
Simulation Topology [2:4]
___________________________
From 	  To 		Length
___________________________
  0	 | 	2	 | 	8,25
  0	 | 	3	 | 	9,22
  0	 | 	4	 | 	9,85
  0	 | 	5	 | 	15,81
  0	 | 	10	 | 	18,00
  0	 | 	16	 | 	33,06
  1	 | 	2	 | 	5,39
  1	 | 	8	 | 	16,16
  1	 | 	11	 | 	23,19
  1	 | 	17	 | 	31,00
  2	 | 	14	 | 	28,16
  3	 | 	10	 | 	18,36
  3	 | 	11	 | 	22,85
  3	 | 	15	 | 	24,00
  3	 | 	19	 | 	28,00
  4	 | 	5	 | 	9,00
  4	 | 	10	 | 	16,64
  5	 | 	7	 | 	6,32
  5	 | 	11	 | 	13,45
  6	 | 	8	 | 	2,24
  6	 | 	12	 | 	13,04
  6	 | 	13	 | 	12,37
  7	 | 	8	 | 	6,00
  7	 | 	17	 | 	16,00
  9	 | 	10	 | 	2,24
  9	 | 	11	 | 	6,32
  11	 | 	12	 | 	5,10
  11	 | 	14	 | 	5,83
  12	 | 	18	 | 	6,40
  13	 | 	14	 | 	3,00
  14	 | 	15	 | 	4,00
  15	 | 	16	 | 	9,90
  15	 | 	18	 | 	6,71
  9	 | 	13	 | 	12,37
  2	 | 	16	 | 	35,51
  4	 | 	9	 | 	14,76
  4	 | 	18	 | 	28,16
___________________________
Simulation Topology [2:5]
___________________________
From 	  To 		Length
___________________________
  0	 | 	2	 | 	8,25
  0	 | 	3	 | 	9,22
  0	 | 	4	 | 	9,85
  0	 | 	5	 | 	15,81
  0	 | 	10	 | 	18,00
  0	 | 	16	 | 	33,06
  1	 | 	2	 | 	5,39
  1	 | 	8	 | 	16,16
  1	 | 	11	 | 	23,19
  1	 | 	17	 | 	31,00
  2	 | 	14	 | 	28,16
  3	 | 	10	 | 	18,36
  3	 | 	11	 | 	22,85
  3	 | 	15	 | 	24,00
  3	 | 	19	 | 	28,00
  4	 | 	5	 | 	9,00
  4	 | 	10	 | 	16,64
  5	 | 	7	 | 	6,32
  5	 | 	11	 | 	13,45
  6	 | 	8	 | 	2,24
  6	 | 	12	 | 	13,04
  6	 | 	13	 | 	12,37
  7	 | 	8	 | 	6,00
  7	 | 	17	 | 	16,00
  9	 | 	10	 | 	2,24
  9	 | 	11	 | 	6,32
  11	 | 	12	 | 	5,10
  11	 | 	14	 | 	5,83
  12	 | 	18	 | 	6,40
  13	 | 	14	 | 	3,00
  14	 | 	15	 | 	4,00
  15	 | 	16	 | 	9,90
  15	 | 	18	 | 	6,71
  9	 | 	13	 | 	12,37
  2	 | 	16	 | 	35,51
  4	 | 	9	 | 	14,76
  4	 | 	18	 | 	28,16
  2	 | 	13	 | 	31,14
___________________________
Simulation Topology [2:6]
___________________________
From 	  To 		Length
___________________________
  0	 | 	2	 | 	8,25
  0	 | 	3	 | 	9,22
  0	 | 	4	 | 	9,85
  0	 | 	5	 | 	15,81
  0	 | 	10	 | 	18,00
  0	 | 	16	 | 	33,06
  1	 | 	2	 | 	5,39
  1	 | 	8	 | 	16,16
  1	 | 	11	 | 	23,19
  1	 | 	17	 | 	31,00
  2	 | 	14	 | 	28,16
  3	 | 	10	 | 	18,36
  3	 | 	11	 | 	22,85
  3	 | 	15	 | 	24,00
  3	 | 	19	 | 	28,00
  4	 | 	5	 | 	9,00
  4	 | 	10	 | 	16,64
  5	 | 	7	 | 	6,32
  5	 | 	11	 | 	13,45
  6	 | 	8	 | 	2,24
  6	 | 	12	 | 	13,04
  6	 | 	13	 | 	12,37
  7	 | 	8	 | 	6,00
  7	 | 	17	 | 	16,00
  9	 | 	10	 | 	2,24
  9	 | 	11	 | 	6,32
  11	 | 	12	 | 	5,10
  11	 | 	14	 | 	5,83
  12	 | 	18	 | 	6,40
  13	 | 	14	 | 	3,00
  14	 | 	15	 | 	4,00
  15	 | 	16	 | 	9,90
  15	 | 	18	 | 	6,71
  9	 | 	13	 | 	12,37
  2	 | 	16	 | 	35,51
  4	 | 	9	 | 	14,76
  4	 | 	18	 | 	28,16
  2	 | 	13	 | 	31,14
  9	 | 	12	 | 	11,05
___________________________
Simulation Topology [2:7]
___________________________
From 	  To 		Length
___________________________
  0	 | 	2	 | 	8,25
  0	 | 	3	 | 	9,22
  0	 | 	4	 | 	9,85
  0	 | 	5	 | 	15,81
  0	 | 	10	 | 	18,00
  0	 | 	16	 | 	33,06
  1	 | 	2	 | 	5,39
  1	 | 	8	 | 	16,16
  1	 | 	11	 | 	23,19
  1	 | 	17	 | 	31,00
  2	 | 	14	 | 	28,16
  3	 | 	10	 | 	18,36
  3	 | 	11	 | 	22,85
  3	 | 	15	 | 	24,00
  3	 | 	19	 | 	28,00
  4	 | 	5	 | 	9,00
  4	 | 	10	 | 	16,64
  5	 | 	7	 | 	6,32
  5	 | 	11	 | 	13,45
  6	 | 	8	 | 	2,24
  6	 | 	12	 | 	13,04
  6	 | 	13	 | 	12,37
  7	 | 	8	 | 	6,00
  7	 | 	17	 | 	16,00
  9	 | 	10	 | 	2,24
  9	 | 	11	 | 	6,32
  11	 | 	12	 | 	5,10
  11	 | 	14	 | 	5,83
  12	 | 	18	 | 	6,40
  13	 | 	14	 | 	3,00
  14	 | 	15	 | 	4,00
  15	 | 	16	 | 	9,90
  15	 | 	18	 | 	6,71
  9	 | 	13	 | 	12,37
  2	 | 	16	 | 	35,51
  4	 | 	9	 | 	14,76
  4	 | 	18	 | 	28,16
  2	 | 	13	 | 	31,14
  9	 | 	12	 | 	11,05
  8	 | 	14	 | 	11,70
___________________________
Simulation Topology [2:8]
___________________________
From 	  To 		Length
___________________________
  0	 | 	2	 | 	8,25
  0	 | 	3	 | 	9,22
  0	 | 	4	 | 	9,85
  0	 | 	5	 | 	15,81
  0	 | 	10	 | 	18,00
  0	 | 	16	 | 	33,06
  1	 | 	2	 | 	5,39
  1	 | 	8	 | 	16,16
  1	 | 	11	 | 	23,19
  1	 | 	17	 | 	31,00
  2	 | 	14	 | 	28,16
  3	 | 	10	 | 	18,36
  3	 | 	11	 | 	22,85
  3	 | 	15	 | 	24,00
  3	 | 	19	 | 	28,00
  4	 | 	5	 | 	9,00
  4	 | 	10	 | 	16,64
  5	 | 	7	 | 	6,32
  5	 | 	11	 | 	13,45
  6	 | 	8	 | 	2,24
  6	 | 	12	 | 	13,04
  6	 | 	13	 | 	12,37
  7	 | 	8	 | 	6,00
  7	 | 	17	 | 	16,00
  9	 | 	10	 | 	2,24
  9	 | 	11	 | 	6,32
  11	 | 	12	 | 	5,10
  11	 | 	14	 | 	5,83
  12	 | 	18	 | 	6,40
  13	 | 	14	 | 	3,00
  14	 | 	15	 | 	4,00
  15	 | 	16	 | 	9,90
  15	 | 	18	 | 	6,71
  9	 | 	13	 | 	12,37
  2	 | 	16	 | 	35,51
  4	 | 	9	 | 	14,76
  4	 | 	18	 | 	28,16
  2	 | 	13	 | 	31,14
  9	 | 	12	 | 	11,05
  8	 | 	14	 | 	11,70
  2	 | 	12	 | 	30,81
___________________________
Simulation Topology [2:9]
___________________________
From 	  To 		Length
___________________________
  0	 | 	2	 | 	8,25
  0	 | 	3	 | 	9,22
  0	 | 	4	 | 	9,85
  0	 | 	5	 | 	15,81
  0	 | 	10	 | 	18,00
  0	 | 	16	 | 	33,06
  1	 | 	2	 | 	5,39
  1	 | 	8	 | 	16,16
  1	 | 	11	 | 	23,19
  1	 | 	17	 | 	31,00
  2	 | 	14	 | 	28,16
  3	 | 	10	 | 	18,36
  3	 | 	11	 | 	22,85
  3	 | 	15	 | 	24,00
  3	 | 	19	 | 	28,00
  4	 | 	5	 | 	9,00
  4	 | 	10	 | 	16,64
  5	 | 	7	 | 	6,32
  5	 | 	11	 | 	13,45
  6	 | 	8	 | 	2,24
  6	 | 	12	 | 	13,04
  6	 | 	13	 | 	12,37
  7	 | 	8	 | 	6,00
  7	 | 	17	 | 	16,00
  9	 | 	10	 | 	2,24
  9	 | 	11	 | 	6,32
  11	 | 	12	 | 	5,10
  11	 | 	14	 | 	5,83
  12	 | 	18	 | 	6,40
  13	 | 	14	 | 	3,00
  14	 | 	15	 | 	4,00
  15	 | 	16	 | 	9,90
  15	 | 	18	 | 	6,71
  9	 | 	13	 | 	12,37
  2	 | 	16	 | 	35,51
  4	 | 	9	 | 	14,76
  4	 | 	18	 | 	28,16
  2	 | 	13	 | 	31,14
  9	 | 	12	 | 	11,05
  8	 | 	14	 | 	11,70
  2	 | 	12	 | 	30,81
  8	 | 	9	 | 	7,28
___________________________
