Simulation Topology 1
___________________________
[9]				[3]		
[8]				[1]		
[3]				[7]		
[1]				[6]		
[1]				[4]		
[7]				[6]		
[7]				[8]		
[2]				[10]		
[0]				[8]		
[0]				[10]		
___________________________
Simulation Topology [1:3]
___________________________
From 	  To 		Length
___________________________
  0	 | 	1	 | 	2,24
  0	 | 	6	 | 	5,39
  1	 | 	4	 | 	7,62
  1	 | 	7	 | 	10,82
  1	 | 	8	 | 	10,63
  2	 | 	3	 | 	2,24
  2	 | 	4	 | 	3,61
  2	 | 	5	 | 	4,12
  2	 | 	9	 | 	4,24
  3	 | 	5	 | 	6,00
  3	 | 	6	 | 	6,32
  3	 | 	8	 | 	2,24
  4	 | 	5	 | 	6,32
  5	 | 	8	 | 	7,28
  7	 | 	8	 | 	2,83
  7	 | 	9	 | 	2,00
___________________________
Simulation Topology [1:4]
___________________________
From 	  To 		Length
___________________________
  0	 | 	1	 | 	2,24
  0	 | 	6	 | 	5,39
  1	 | 	4	 | 	7,62
  1	 | 	7	 | 	10,82
  1	 | 	8	 | 	10,63
  2	 | 	3	 | 	2,24
  2	 | 	4	 | 	3,61
  2	 | 	5	 | 	4,12
  2	 | 	9	 | 	4,24
  3	 | 	5	 | 	6,00
  3	 | 	6	 | 	6,32
  3	 | 	8	 | 	2,24
  4	 | 	5	 | 	6,32
  5	 | 	8	 | 	7,28
  7	 | 	8	 | 	2,83
  7	 | 	9	 | 	2,00
  0	 | 	7	 | 	9,90
___________________________
Simulation Topology 2
___________________________
[2]				[3]		
[7]				[7]		
[5]				[6]		
[9]				[6]		
[2]				[11]		
[0]				[11]		
[6]				[11]		
[5]				[14]		
[0]				[14]		
[7]				[19]		
___________________________
Simulation Topology [2:3]
___________________________
From 	  To 		Length
___________________________
  0	 | 	7	 | 	11,40
  7	 | 	9	 | 	5,39
  7	 | 	8	 | 	5,00
  5	 | 	8	 | 	3,00
  4	 | 	5	 | 	2,00
  3	 | 	8	 | 	12,04
  3	 | 	6	 | 	5,83
  3	 | 	5	 | 	10,30
  0	 | 	1	 | 	6,40
  0	 | 	2	 | 	4,24
  0	 | 	8	 | 	11,18
  1	 | 	2	 | 	2,24
  1	 | 	8	 | 	9,90
  2	 | 	3	 | 	4,00
  2	 | 	5	 | 	7,07
  3	 | 	4	 | 	8,60
  3	 | 	9	 | 	13,15
  4	 | 	7	 | 	4,24
  5	 | 	6	 | 	6,00
  5	 | 	9	 | 	10,63
  6	 | 	7	 | 	3,16
___________________________
Simulation Topology [2:4]
___________________________
From 	  To 		Length
___________________________
  0	 | 	7	 | 	11,40
  7	 | 	9	 | 	5,39
  7	 | 	8	 | 	5,00
  5	 | 	8	 | 	3,00
  4	 | 	5	 | 	2,00
  3	 | 	8	 | 	12,04
  3	 | 	6	 | 	5,83
  3	 | 	5	 | 	10,30
  0	 | 	1	 | 	6,40
  0	 | 	2	 | 	4,24
  0	 | 	8	 | 	11,18
  1	 | 	2	 | 	2,24
  1	 | 	8	 | 	9,90
  2	 | 	3	 | 	4,00
  2	 | 	5	 | 	7,07
  3	 | 	4	 | 	8,60
  3	 | 	9	 | 	13,15
  4	 | 	7	 | 	4,24
  5	 | 	6	 | 	6,00
  5	 | 	9	 | 	10,63
  6	 | 	7	 | 	3,16
  1	 | 	7	 | 	7,28
___________________________
