Simulation Topology 1
___________________________
Simulation Topology 2
___________________________
[3]				[2]		
[6]				[2]		
[4]				[4]		
[7]				[5]		
[0]				[5]		
[2]				[5]		
[6]				[9]		
[0]				[8]		
[8]				[9]		
[4]				[9]		
[1]				[13]		
[4]				[14]		
[3]				[12]		
[1]				[15]		
[4]				[16]		
[6]				[16]		
[9]				[18]		
[2]				[20]		
[1]				[22]		
[5]				[20]		
___________________________
Simulation Topology [2:2]
___________________________
From 	  To 		Length
___________________________
  0	 | 	1	 | 	3,00
  0	 | 	16	 | 	17,09
  1	 | 	7	 | 	8,49
  1	 | 	17	 | 	18,44
  2	 | 	3	 | 	3,16
  2	 | 	5	 | 	2,24
  2	 | 	9	 | 	5,00
  2	 | 	12	 | 	8,06
  2	 | 	16	 | 	14,87
  3	 | 	4	 | 	7,00
  3	 | 	6	 | 	4,12
  3	 | 	15	 | 	11,05
  4	 | 	5	 | 	2,00
  5	 | 	16	 | 	14,76
  5	 | 	19	 | 	15,30
  6	 | 	8	 | 	2,00
  6	 | 	9	 | 	2,00
  6	 | 	13	 | 	7,81
  6	 | 	19	 | 	11,05
  7	 | 	9	 | 	4,12
  9	 | 	13	 | 	6,71
  10	 | 	12	 | 	2,24
  10	 | 	13	 | 	2,00
  11	 | 	12	 | 	2,24
  11	 | 	13	 | 	3,16
  11	 | 	19	 | 	6,08
  12	 | 	14	 | 	4,12
  14	 | 	15	 | 	2,00
  15	 | 	16	 | 	3,61
  15	 | 	17	 | 	5,66
  16	 | 	19	 | 	4,47
  17	 | 	18	 | 	2,24
  18	 | 	19	 | 	4,47
___________________________
Simulation Topology [2:3]
___________________________
From 	  To 		Length
___________________________
  0	 | 	1	 | 	3,00
  0	 | 	16	 | 	17,09
  1	 | 	7	 | 	8,49
  1	 | 	17	 | 	18,44
  2	 | 	3	 | 	3,16
  2	 | 	5	 | 	2,24
  2	 | 	9	 | 	5,00
  2	 | 	12	 | 	8,06
  2	 | 	16	 | 	14,87
  3	 | 	4	 | 	7,00
  3	 | 	6	 | 	4,12
  3	 | 	15	 | 	11,05
  4	 | 	5	 | 	2,00
  5	 | 	16	 | 	14,76
  5	 | 	19	 | 	15,30
  6	 | 	8	 | 	2,00
  6	 | 	9	 | 	2,00
  6	 | 	13	 | 	7,81
  6	 | 	19	 | 	11,05
  7	 | 	9	 | 	4,12
  9	 | 	13	 | 	6,71
  10	 | 	12	 | 	2,24
  10	 | 	13	 | 	2,00
  11	 | 	12	 | 	2,24
  11	 | 	13	 | 	3,16
  11	 | 	19	 | 	6,08
  12	 | 	14	 | 	4,12
  14	 | 	15	 | 	2,00
  15	 | 	16	 | 	3,61
  15	 | 	17	 | 	5,66
  16	 | 	19	 | 	4,47
  17	 | 	18	 | 	2,24
  18	 | 	19	 | 	4,47
  13	 | 	17	 | 	5,10
___________________________
Simulation Topology [2:4]
___________________________
From 	  To 		Length
___________________________
  0	 | 	1	 | 	3,00
  0	 | 	16	 | 	17,09
  1	 | 	7	 | 	8,49
  1	 | 	17	 | 	18,44
  2	 | 	3	 | 	3,16
  2	 | 	5	 | 	2,24
  2	 | 	9	 | 	5,00
  2	 | 	12	 | 	8,06
  2	 | 	16	 | 	14,87
  3	 | 	4	 | 	7,00
  3	 | 	6	 | 	4,12
  3	 | 	15	 | 	11,05
  4	 | 	5	 | 	2,00
  5	 | 	16	 | 	14,76
  5	 | 	19	 | 	15,30
  6	 | 	8	 | 	2,00
  6	 | 	9	 | 	2,00
  6	 | 	13	 | 	7,81
  6	 | 	19	 | 	11,05
  7	 | 	9	 | 	4,12
  9	 | 	13	 | 	6,71
  10	 | 	12	 | 	2,24
  10	 | 	13	 | 	2,00
  11	 | 	12	 | 	2,24
  11	 | 	13	 | 	3,16
  11	 | 	19	 | 	6,08
  12	 | 	14	 | 	4,12
  14	 | 	15	 | 	2,00
  15	 | 	16	 | 	3,61
  15	 | 	17	 | 	5,66
  16	 | 	19	 | 	4,47
  17	 | 	18	 | 	2,24
  18	 | 	19	 | 	4,47
  13	 | 	17	 | 	5,10
  1	 | 	10	 | 	12,08
___________________________
Simulation Topology [2:5]
___________________________
From 	  To 		Length
___________________________
  0	 | 	1	 | 	3,00
  0	 | 	16	 | 	17,09
  1	 | 	7	 | 	8,49
  1	 | 	17	 | 	18,44
  2	 | 	3	 | 	3,16
  2	 | 	5	 | 	2,24
  2	 | 	9	 | 	5,00
  2	 | 	12	 | 	8,06
  2	 | 	16	 | 	14,87
  3	 | 	4	 | 	7,00
  3	 | 	6	 | 	4,12
  3	 | 	15	 | 	11,05
  4	 | 	5	 | 	2,00
  5	 | 	16	 | 	14,76
  5	 | 	19	 | 	15,30
  6	 | 	8	 | 	2,00
  6	 | 	9	 | 	2,00
  6	 | 	13	 | 	7,81
  6	 | 	19	 | 	11,05
  7	 | 	9	 | 	4,12
  9	 | 	13	 | 	6,71
  10	 | 	12	 | 	2,24
  10	 | 	13	 | 	2,00
  11	 | 	12	 | 	2,24
  11	 | 	13	 | 	3,16
  11	 | 	19	 | 	6,08
  12	 | 	14	 | 	4,12
  14	 | 	15	 | 	2,00
  15	 | 	16	 | 	3,61
  15	 | 	17	 | 	5,66
  16	 | 	19	 | 	4,47
  17	 | 	18	 | 	2,24
  18	 | 	19	 | 	4,47
  13	 | 	17	 | 	5,10
  1	 | 	10	 | 	12,08
  0	 | 	12	 | 	10,00
___________________________
Simulation Topology [2:6]
___________________________
From 	  To 		Length
___________________________
  0	 | 	1	 | 	3,00
  0	 | 	16	 | 	17,09
  1	 | 	7	 | 	8,49
  1	 | 	17	 | 	18,44
  2	 | 	3	 | 	3,16
  2	 | 	5	 | 	2,24
  2	 | 	9	 | 	5,00
  2	 | 	12	 | 	8,06
  2	 | 	16	 | 	14,87
  3	 | 	4	 | 	7,00
  3	 | 	6	 | 	4,12
  3	 | 	15	 | 	11,05
  4	 | 	5	 | 	2,00
  5	 | 	16	 | 	14,76
  5	 | 	19	 | 	15,30
  6	 | 	8	 | 	2,00
  6	 | 	9	 | 	2,00
  6	 | 	13	 | 	7,81
  6	 | 	19	 | 	11,05
  7	 | 	9	 | 	4,12
  9	 | 	13	 | 	6,71
  10	 | 	12	 | 	2,24
  10	 | 	13	 | 	2,00
  11	 | 	12	 | 	2,24
  11	 | 	13	 | 	3,16
  11	 | 	19	 | 	6,08
  12	 | 	14	 | 	4,12
  14	 | 	15	 | 	2,00
  15	 | 	16	 | 	3,61
  15	 | 	17	 | 	5,66
  16	 | 	19	 | 	4,47
  17	 | 	18	 | 	2,24
  18	 | 	19	 | 	4,47
  13	 | 	17	 | 	5,10
  1	 | 	10	 | 	12,08
  0	 | 	12	 | 	10,00
  7	 | 	8	 | 	8,06
___________________________
Simulation Topology [2:7]
___________________________
From 	  To 		Length
___________________________
  0	 | 	1	 | 	3,00
  0	 | 	16	 | 	17,09
  1	 | 	7	 | 	8,49
  1	 | 	17	 | 	18,44
  2	 | 	3	 | 	3,16
  2	 | 	5	 | 	2,24
  2	 | 	9	 | 	5,00
  2	 | 	12	 | 	8,06
  2	 | 	16	 | 	14,87
  3	 | 	4	 | 	7,00
  3	 | 	6	 | 	4,12
  3	 | 	15	 | 	11,05
  4	 | 	5	 | 	2,00
  5	 | 	16	 | 	14,76
  5	 | 	19	 | 	15,30
  6	 | 	8	 | 	2,00
  6	 | 	9	 | 	2,00
  6	 | 	13	 | 	7,81
  6	 | 	19	 | 	11,05
  7	 | 	9	 | 	4,12
  9	 | 	13	 | 	6,71
  10	 | 	12	 | 	2,24
  10	 | 	13	 | 	2,00
  11	 | 	12	 | 	2,24
  11	 | 	13	 | 	3,16
  11	 | 	19	 | 	6,08
  12	 | 	14	 | 	4,12
  14	 | 	15	 | 	2,00
  15	 | 	16	 | 	3,61
  15	 | 	17	 | 	5,66
  16	 | 	19	 | 	4,47
  17	 | 	18	 | 	2,24
  18	 | 	19	 | 	4,47
  13	 | 	17	 | 	5,10
  1	 | 	10	 | 	12,08
  0	 | 	12	 | 	10,00
  7	 | 	8	 | 	8,06
  5	 | 	8	 | 	7,21
___________________________
Simulation Topology [2:8]
___________________________
From 	  To 		Length
___________________________
  0	 | 	1	 | 	3,00
  0	 | 	16	 | 	17,09
  1	 | 	7	 | 	8,49
  1	 | 	17	 | 	18,44
  2	 | 	3	 | 	3,16
  2	 | 	5	 | 	2,24
  2	 | 	9	 | 	5,00
  2	 | 	12	 | 	8,06
  2	 | 	16	 | 	14,87
  3	 | 	4	 | 	7,00
  3	 | 	6	 | 	4,12
  3	 | 	15	 | 	11,05
  4	 | 	5	 | 	2,00
  5	 | 	16	 | 	14,76
  5	 | 	19	 | 	15,30
  6	 | 	8	 | 	2,00
  6	 | 	9	 | 	2,00
  6	 | 	13	 | 	7,81
  6	 | 	19	 | 	11,05
  7	 | 	9	 | 	4,12
  9	 | 	13	 | 	6,71
  10	 | 	12	 | 	2,24
  10	 | 	13	 | 	2,00
  11	 | 	12	 | 	2,24
  11	 | 	13	 | 	3,16
  11	 | 	19	 | 	6,08
  12	 | 	14	 | 	4,12
  14	 | 	15	 | 	2,00
  15	 | 	16	 | 	3,61
  15	 | 	17	 | 	5,66
  16	 | 	19	 | 	4,47
  17	 | 	18	 | 	2,24
  18	 | 	19	 | 	4,47
  13	 | 	17	 | 	5,10
  1	 | 	10	 | 	12,08
  0	 | 	12	 | 	10,00
  7	 | 	8	 | 	8,06
  5	 | 	8	 | 	7,21
  1	 | 	4	 | 	6,71
___________________________
Simulation Topology [2:9]
___________________________
From 	  To 		Length
___________________________
  0	 | 	1	 | 	3,00
  0	 | 	16	 | 	17,09
  1	 | 	7	 | 	8,49
  1	 | 	17	 | 	18,44
  2	 | 	3	 | 	3,16
  2	 | 	5	 | 	2,24
  2	 | 	9	 | 	5,00
  2	 | 	12	 | 	8,06
  2	 | 	16	 | 	14,87
  3	 | 	4	 | 	7,00
  3	 | 	6	 | 	4,12
  3	 | 	15	 | 	11,05
  4	 | 	5	 | 	2,00
  5	 | 	16	 | 	14,76
  5	 | 	19	 | 	15,30
  6	 | 	8	 | 	2,00
  6	 | 	9	 | 	2,00
  6	 | 	13	 | 	7,81
  6	 | 	19	 | 	11,05
  7	 | 	9	 | 	4,12
  9	 | 	13	 | 	6,71
  10	 | 	12	 | 	2,24
  10	 | 	13	 | 	2,00
  11	 | 	12	 | 	2,24
  11	 | 	13	 | 	3,16
  11	 | 	19	 | 	6,08
  12	 | 	14	 | 	4,12
  14	 | 	15	 | 	2,00
  15	 | 	16	 | 	3,61
  15	 | 	17	 | 	5,66
  16	 | 	19	 | 	4,47
  17	 | 	18	 | 	2,24
  18	 | 	19	 | 	4,47
  13	 | 	17	 | 	5,10
  1	 | 	10	 | 	12,08
  0	 | 	12	 | 	10,00
  7	 | 	8	 | 	8,06
  5	 | 	8	 | 	7,21
  1	 | 	4	 | 	6,71
  10	 | 	17	 | 	7,07
___________________________
