Simulation Topology 1
___________________________
[1]				[0]		
[0]				[3]		
[8]				[6]		
[1]				[10]		
[8]				[8]		
[5]				[8]		
[6]				[10]		
[0]				[12]		
[3]				[13]		
[4]				[16]		
[9]				[16]		
[2]				[23]		
[8]				[20]		
[5]				[22]		
[1]				[27]		
[1]				[32]		
[8]				[35]		
[7]				[33]		
[4]				[35]		
[4]				[37]		
___________________________
Simulation Topology [1:7]
___________________________
From 	  To 		Length
___________________________
  0	 | 	1	 | 	3,16
  0	 | 	2	 | 	9,22
  0	 | 	6	 | 	11,18
  0	 | 	9	 | 	16,28
  0	 | 	17	 | 	33,54
  1	 | 	4	 | 	9,43
  1	 | 	8	 | 	10,44
  1	 | 	13	 | 	19,65
  2	 | 	4	 | 	2,00
  2	 | 	5	 | 	3,61
  2	 | 	8	 | 	8,60
  2	 | 	16	 | 	29,00
  2	 | 	18	 | 	29,27
  3	 | 	4	 | 	7,28
  3	 | 	5	 | 	4,47
  3	 | 	11	 | 	13,04
  3	 | 	12	 | 	12,21
  3	 | 	14	 | 	17,00
  3	 | 	15	 | 	22,00
  4	 | 	12	 | 	12,00
  4	 | 	16	 | 	27,00
  5	 | 	17	 | 	25,08
  6	 | 	19	 | 	27,07
  7	 | 	9	 | 	5,66
  7	 | 	19	 | 	25,32
  8	 | 	9	 | 	3,16
  9	 | 	10	 | 	5,00
  9	 | 	12	 | 	5,66
  9	 | 	14	 | 	11,40
  10	 | 	13	 | 	7,21
  10	 | 	15	 | 	17,89
  11	 | 	12	 | 	6,71
  11	 | 	16	 | 	13,42
  12	 | 	16	 | 	15,00
  14	 | 	15	 | 	5,00
  14	 | 	19	 | 	10,44
  15	 | 	18	 | 	4,24
  16	 | 	19	 | 	4,47
___________________________
Simulation Topology [1:8]
___________________________
From 	  To 		Length
___________________________
  0	 | 	1	 | 	3,16
  0	 | 	2	 | 	9,22
  0	 | 	6	 | 	11,18
  0	 | 	9	 | 	16,28
  0	 | 	17	 | 	33,54
  1	 | 	4	 | 	9,43
  1	 | 	8	 | 	10,44
  1	 | 	13	 | 	19,65
  2	 | 	4	 | 	2,00
  2	 | 	5	 | 	3,61
  2	 | 	8	 | 	8,60
  2	 | 	16	 | 	29,00
  2	 | 	18	 | 	29,27
  3	 | 	4	 | 	7,28
  3	 | 	5	 | 	4,47
  3	 | 	11	 | 	13,04
  3	 | 	12	 | 	12,21
  3	 | 	14	 | 	17,00
  3	 | 	15	 | 	22,00
  4	 | 	12	 | 	12,00
  4	 | 	16	 | 	27,00
  5	 | 	17	 | 	25,08
  6	 | 	19	 | 	27,07
  7	 | 	9	 | 	5,66
  7	 | 	19	 | 	25,32
  8	 | 	9	 | 	3,16
  9	 | 	10	 | 	5,00
  9	 | 	12	 | 	5,66
  9	 | 	14	 | 	11,40
  10	 | 	13	 | 	7,21
  10	 | 	15	 | 	17,89
  11	 | 	12	 | 	6,71
  11	 | 	16	 | 	13,42
  12	 | 	16	 | 	15,00
  14	 | 	15	 | 	5,00
  14	 | 	19	 | 	10,44
  15	 | 	18	 | 	4,24
  16	 | 	19	 | 	4,47
  12	 | 	13	 | 	3,61
___________________________
Simulation Topology [1:9]
___________________________
From 	  To 		Length
___________________________
  0	 | 	1	 | 	3,16
  0	 | 	2	 | 	9,22
  0	 | 	6	 | 	11,18
  0	 | 	9	 | 	16,28
  0	 | 	17	 | 	33,54
  1	 | 	4	 | 	9,43
  1	 | 	8	 | 	10,44
  1	 | 	13	 | 	19,65
  2	 | 	4	 | 	2,00
  2	 | 	5	 | 	3,61
  2	 | 	8	 | 	8,60
  2	 | 	16	 | 	29,00
  2	 | 	18	 | 	29,27
  3	 | 	4	 | 	7,28
  3	 | 	5	 | 	4,47
  3	 | 	11	 | 	13,04
  3	 | 	12	 | 	12,21
  3	 | 	14	 | 	17,00
  3	 | 	15	 | 	22,00
  4	 | 	12	 | 	12,00
  4	 | 	16	 | 	27,00
  5	 | 	17	 | 	25,08
  6	 | 	19	 | 	27,07
  7	 | 	9	 | 	5,66
  7	 | 	19	 | 	25,32
  8	 | 	9	 | 	3,16
  9	 | 	10	 | 	5,00
  9	 | 	12	 | 	5,66
  9	 | 	14	 | 	11,40
  10	 | 	13	 | 	7,21
  10	 | 	15	 | 	17,89
  11	 | 	12	 | 	6,71
  11	 | 	16	 | 	13,42
  12	 | 	16	 | 	15,00
  14	 | 	15	 | 	5,00
  14	 | 	19	 | 	10,44
  15	 | 	18	 | 	4,24
  16	 | 	19	 | 	4,47
  12	 | 	13	 | 	3,61
  14	 | 	16	 | 	10,63
___________________________
Simulation Topology 2
___________________________
[1]				[5]		
[6]				[6]		
[8]				[7]		
[0]				[7]		
[9]				[14]		
[5]				[13]		
[0]				[17]		
[0]				[25]		
[8]				[24]		
[4]				[28]		
[8]				[31]		
[7]				[29]		
[8]				[34]		
[5]				[32]		
[1]				[35]		
[6]				[38]		
[8]				[37]		
[0]				[39]		
[4]				[39]		
[12]				[1]		
___________________________
Simulation Topology [2:0]
___________________________
From 	  To 		Length
___________________________
  14	 | 	16	 | 	7,28
  12	 | 	13	 | 	3,61
  16	 | 	19	 | 	36,22
  15	 | 	18	 | 	2,24
  14	 | 	19	 | 	35,74
  14	 | 	15	 | 	5,83
  12	 | 	16	 | 	3,00
  11	 | 	16	 | 	8,06
  11	 | 	12	 | 	5,10
  10	 | 	15	 | 	7,28
  10	 | 	13	 | 	3,16
  9	 | 	14	 | 	7,62
  9	 | 	12	 | 	7,21
  9	 | 	10	 | 	5,00
  8	 | 	9	 | 	5,66
  7	 | 	19	 | 	26,83
  7	 | 	9	 | 	5,00
  6	 | 	19	 | 	20,00
  5	 | 	17	 | 	26,48
  4	 | 	16	 | 	23,02
  0	 | 	1	 | 	5,10
  0	 | 	3	 | 	2,24
  0	 | 	4	 | 	12,04
  0	 | 	6	 | 	12,04
  0	 | 	8	 | 	20,25
  0	 | 	15	 | 	33,38
  1	 | 	3	 | 	6,08
  1	 | 	8	 | 	18,11
  1	 | 	12	 | 	28,07
  1	 | 	13	 | 	26,02
  2	 | 	3	 | 	8,00
  2	 | 	5	 | 	6,71
  2	 | 	14	 | 	28,86
  4	 | 	5	 | 	4,12
  5	 | 	14	 | 	22,36
  5	 | 	16	 | 	24,19
  6	 | 	7	 | 	8,00
  6	 | 	8	 | 	10,63
  8	 | 	10	 | 	7,00
  9	 | 	16	 | 	9,85
  9	 | 	17	 | 	11,70
  10	 | 	19	 | 	30,27
  11	 | 	13	 | 	3,61
  15	 | 	17	 | 	6,08
  18	 | 	19	 | 	38,83
___________________________
Simulation Topology [2:1]
___________________________
From 	  To 		Length
___________________________
  14	 | 	16	 | 	7,28
  12	 | 	13	 | 	3,61
  16	 | 	19	 | 	36,22
  15	 | 	18	 | 	2,24
  14	 | 	19	 | 	35,74
  14	 | 	15	 | 	5,83
  12	 | 	16	 | 	3,00
  11	 | 	16	 | 	8,06
  11	 | 	12	 | 	5,10
  10	 | 	15	 | 	7,28
  10	 | 	13	 | 	3,16
  9	 | 	14	 | 	7,62
  9	 | 	12	 | 	7,21
  9	 | 	10	 | 	5,00
  8	 | 	9	 | 	5,66
  7	 | 	19	 | 	26,83
  7	 | 	9	 | 	5,00
  6	 | 	19	 | 	20,00
  5	 | 	17	 | 	26,48
  4	 | 	16	 | 	23,02
  0	 | 	1	 | 	5,10
  0	 | 	3	 | 	2,24
  0	 | 	4	 | 	12,04
  0	 | 	6	 | 	12,04
  0	 | 	8	 | 	20,25
  0	 | 	15	 | 	33,38
  1	 | 	3	 | 	6,08
  1	 | 	8	 | 	18,11
  1	 | 	12	 | 	28,07
  1	 | 	13	 | 	26,02
  2	 | 	3	 | 	8,00
  2	 | 	5	 | 	6,71
  2	 | 	14	 | 	28,86
  4	 | 	5	 | 	4,12
  5	 | 	14	 | 	22,36
  5	 | 	16	 | 	24,19
  6	 | 	7	 | 	8,00
  6	 | 	8	 | 	10,63
  8	 | 	10	 | 	7,00
  9	 | 	16	 | 	9,85
  9	 | 	17	 | 	11,70
  10	 | 	19	 | 	30,27
  11	 | 	13	 | 	3,61
  15	 | 	17	 | 	6,08
  18	 | 	19	 | 	38,83
  1	 | 	2	 | 	2,24
___________________________
Simulation Topology [2:2]
___________________________
From 	  To 		Length
___________________________
  14	 | 	16	 | 	7,28
  12	 | 	13	 | 	3,61
  16	 | 	19	 | 	36,22
  15	 | 	18	 | 	2,24
  14	 | 	19	 | 	35,74
  14	 | 	15	 | 	5,83
  12	 | 	16	 | 	3,00
  11	 | 	16	 | 	8,06
  11	 | 	12	 | 	5,10
  10	 | 	15	 | 	7,28
  10	 | 	13	 | 	3,16
  9	 | 	14	 | 	7,62
  9	 | 	12	 | 	7,21
  9	 | 	10	 | 	5,00
  8	 | 	9	 | 	5,66
  7	 | 	19	 | 	26,83
  7	 | 	9	 | 	5,00
  6	 | 	19	 | 	20,00
  5	 | 	17	 | 	26,48
  4	 | 	16	 | 	23,02
  0	 | 	1	 | 	5,10
  0	 | 	3	 | 	2,24
  0	 | 	4	 | 	12,04
  0	 | 	6	 | 	12,04
  0	 | 	8	 | 	20,25
  0	 | 	15	 | 	33,38
  1	 | 	3	 | 	6,08
  1	 | 	8	 | 	18,11
  1	 | 	12	 | 	28,07
  1	 | 	13	 | 	26,02
  2	 | 	3	 | 	8,00
  2	 | 	5	 | 	6,71
  2	 | 	14	 | 	28,86
  4	 | 	5	 | 	4,12
  5	 | 	14	 | 	22,36
  5	 | 	16	 | 	24,19
  6	 | 	7	 | 	8,00
  6	 | 	8	 | 	10,63
  8	 | 	10	 | 	7,00
  9	 | 	16	 | 	9,85
  9	 | 	17	 | 	11,70
  10	 | 	19	 | 	30,27
  11	 | 	13	 | 	3,61
  15	 | 	17	 | 	6,08
  18	 | 	19	 | 	38,83
  1	 | 	2	 | 	2,24
  6	 | 	13	 | 	15,81
___________________________
Simulation Topology [2:3]
___________________________
From 	  To 		Length
___________________________
  14	 | 	16	 | 	7,28
  12	 | 	13	 | 	3,61
  16	 | 	19	 | 	36,22
  15	 | 	18	 | 	2,24
  14	 | 	19	 | 	35,74
  14	 | 	15	 | 	5,83
  12	 | 	16	 | 	3,00
  11	 | 	16	 | 	8,06
  11	 | 	12	 | 	5,10
  10	 | 	15	 | 	7,28
  10	 | 	13	 | 	3,16
  9	 | 	14	 | 	7,62
  9	 | 	12	 | 	7,21
  9	 | 	10	 | 	5,00
  8	 | 	9	 | 	5,66
  7	 | 	19	 | 	26,83
  7	 | 	9	 | 	5,00
  6	 | 	19	 | 	20,00
  5	 | 	17	 | 	26,48
  4	 | 	16	 | 	23,02
  0	 | 	1	 | 	5,10
  0	 | 	3	 | 	2,24
  0	 | 	4	 | 	12,04
  0	 | 	6	 | 	12,04
  0	 | 	8	 | 	20,25
  0	 | 	15	 | 	33,38
  1	 | 	3	 | 	6,08
  1	 | 	8	 | 	18,11
  1	 | 	12	 | 	28,07
  1	 | 	13	 | 	26,02
  2	 | 	3	 | 	8,00
  2	 | 	5	 | 	6,71
  2	 | 	14	 | 	28,86
  4	 | 	5	 | 	4,12
  5	 | 	14	 | 	22,36
  5	 | 	16	 | 	24,19
  6	 | 	7	 | 	8,00
  6	 | 	8	 | 	10,63
  8	 | 	10	 | 	7,00
  9	 | 	16	 | 	9,85
  9	 | 	17	 | 	11,70
  10	 | 	19	 | 	30,27
  11	 | 	13	 | 	3,61
  15	 | 	17	 | 	6,08
  18	 | 	19	 | 	38,83
  1	 | 	2	 | 	2,24
  6	 | 	13	 | 	15,81
  2	 | 	15	 | 	31,06
___________________________
Simulation Topology [2:4]
___________________________
From 	  To 		Length
___________________________
  14	 | 	16	 | 	7,28
  12	 | 	13	 | 	3,61
  16	 | 	19	 | 	36,22
  15	 | 	18	 | 	2,24
  14	 | 	19	 | 	35,74
  14	 | 	15	 | 	5,83
  12	 | 	16	 | 	3,00
  11	 | 	16	 | 	8,06
  11	 | 	12	 | 	5,10
  10	 | 	15	 | 	7,28
  10	 | 	13	 | 	3,16
  9	 | 	14	 | 	7,62
  9	 | 	12	 | 	7,21
  9	 | 	10	 | 	5,00
  8	 | 	9	 | 	5,66
  7	 | 	19	 | 	26,83
  7	 | 	9	 | 	5,00
  6	 | 	19	 | 	20,00
  5	 | 	17	 | 	26,48
  4	 | 	16	 | 	23,02
  0	 | 	1	 | 	5,10
  0	 | 	3	 | 	2,24
  0	 | 	4	 | 	12,04
  0	 | 	6	 | 	12,04
  0	 | 	8	 | 	20,25
  0	 | 	15	 | 	33,38
  1	 | 	3	 | 	6,08
  1	 | 	8	 | 	18,11
  1	 | 	12	 | 	28,07
  1	 | 	13	 | 	26,02
  2	 | 	3	 | 	8,00
  2	 | 	5	 | 	6,71
  2	 | 	14	 | 	28,86
  4	 | 	5	 | 	4,12
  5	 | 	14	 | 	22,36
  5	 | 	16	 | 	24,19
  6	 | 	7	 | 	8,00
  6	 | 	8	 | 	10,63
  8	 | 	10	 | 	7,00
  9	 | 	16	 | 	9,85
  9	 | 	17	 | 	11,70
  10	 | 	19	 | 	30,27
  11	 | 	13	 | 	3,61
  15	 | 	17	 | 	6,08
  18	 | 	19	 | 	38,83
  1	 | 	2	 | 	2,24
  6	 | 	13	 | 	15,81
  2	 | 	15	 | 	31,06
  4	 | 	7	 | 	14,21
___________________________
Simulation Topology [2:5]
___________________________
From 	  To 		Length
___________________________
  14	 | 	16	 | 	7,28
  12	 | 	13	 | 	3,61
  16	 | 	19	 | 	36,22
  15	 | 	18	 | 	2,24
  14	 | 	19	 | 	35,74
  14	 | 	15	 | 	5,83
  12	 | 	16	 | 	3,00
  11	 | 	16	 | 	8,06
  11	 | 	12	 | 	5,10
  10	 | 	15	 | 	7,28
  10	 | 	13	 | 	3,16
  9	 | 	14	 | 	7,62
  9	 | 	12	 | 	7,21
  9	 | 	10	 | 	5,00
  8	 | 	9	 | 	5,66
  7	 | 	19	 | 	26,83
  7	 | 	9	 | 	5,00
  6	 | 	19	 | 	20,00
  5	 | 	17	 | 	26,48
  4	 | 	16	 | 	23,02
  0	 | 	1	 | 	5,10
  0	 | 	3	 | 	2,24
  0	 | 	4	 | 	12,04
  0	 | 	6	 | 	12,04
  0	 | 	8	 | 	20,25
  0	 | 	15	 | 	33,38
  1	 | 	3	 | 	6,08
  1	 | 	8	 | 	18,11
  1	 | 	12	 | 	28,07
  1	 | 	13	 | 	26,02
  2	 | 	3	 | 	8,00
  2	 | 	5	 | 	6,71
  2	 | 	14	 | 	28,86
  4	 | 	5	 | 	4,12
  5	 | 	14	 | 	22,36
  5	 | 	16	 | 	24,19
  6	 | 	7	 | 	8,00
  6	 | 	8	 | 	10,63
  8	 | 	10	 | 	7,00
  9	 | 	16	 | 	9,85
  9	 | 	17	 | 	11,70
  10	 | 	19	 | 	30,27
  11	 | 	13	 | 	3,61
  15	 | 	17	 | 	6,08
  18	 | 	19	 | 	38,83
  1	 | 	2	 | 	2,24
  6	 | 	13	 | 	15,81
  2	 | 	15	 | 	31,06
  4	 | 	7	 | 	14,21
  10	 | 	11	 | 	2,24
___________________________
Simulation Topology [2:6]
___________________________
From 	  To 		Length
___________________________
  14	 | 	16	 | 	7,28
  12	 | 	13	 | 	3,61
  16	 | 	19	 | 	36,22
  15	 | 	18	 | 	2,24
  14	 | 	19	 | 	35,74
  14	 | 	15	 | 	5,83
  12	 | 	16	 | 	3,00
  11	 | 	16	 | 	8,06
  11	 | 	12	 | 	5,10
  10	 | 	15	 | 	7,28
  10	 | 	13	 | 	3,16
  9	 | 	14	 | 	7,62
  9	 | 	12	 | 	7,21
  9	 | 	10	 | 	5,00
  8	 | 	9	 | 	5,66
  7	 | 	19	 | 	26,83
  7	 | 	9	 | 	5,00
  6	 | 	19	 | 	20,00
  5	 | 	17	 | 	26,48
  4	 | 	16	 | 	23,02
  0	 | 	1	 | 	5,10
  0	 | 	3	 | 	2,24
  0	 | 	4	 | 	12,04
  0	 | 	6	 | 	12,04
  0	 | 	8	 | 	20,25
  0	 | 	15	 | 	33,38
  1	 | 	3	 | 	6,08
  1	 | 	8	 | 	18,11
  1	 | 	12	 | 	28,07
  1	 | 	13	 | 	26,02
  2	 | 	3	 | 	8,00
  2	 | 	5	 | 	6,71
  2	 | 	14	 | 	28,86
  4	 | 	5	 | 	4,12
  5	 | 	14	 | 	22,36
  5	 | 	16	 | 	24,19
  6	 | 	7	 | 	8,00
  6	 | 	8	 | 	10,63
  8	 | 	10	 | 	7,00
  9	 | 	16	 | 	9,85
  9	 | 	17	 | 	11,70
  10	 | 	19	 | 	30,27
  11	 | 	13	 | 	3,61
  15	 | 	17	 | 	6,08
  18	 | 	19	 | 	38,83
  1	 | 	2	 | 	2,24
  6	 | 	13	 | 	15,81
  2	 | 	15	 | 	31,06
  4	 | 	7	 | 	14,21
  10	 | 	11	 | 	2,24
  5	 | 	18	 | 	26,02
___________________________
Simulation Topology [2:7]
___________________________
From 	  To 		Length
___________________________
  14	 | 	16	 | 	7,28
  12	 | 	13	 | 	3,61
  16	 | 	19	 | 	36,22
  15	 | 	18	 | 	2,24
  14	 | 	19	 | 	35,74
  14	 | 	15	 | 	5,83
  12	 | 	16	 | 	3,00
  11	 | 	16	 | 	8,06
  11	 | 	12	 | 	5,10
  10	 | 	15	 | 	7,28
  10	 | 	13	 | 	3,16
  9	 | 	14	 | 	7,62
  9	 | 	12	 | 	7,21
  9	 | 	10	 | 	5,00
  8	 | 	9	 | 	5,66
  7	 | 	19	 | 	26,83
  7	 | 	9	 | 	5,00
  6	 | 	19	 | 	20,00
  5	 | 	17	 | 	26,48
  4	 | 	16	 | 	23,02
  0	 | 	1	 | 	5,10
  0	 | 	3	 | 	2,24
  0	 | 	4	 | 	12,04
  0	 | 	6	 | 	12,04
  0	 | 	8	 | 	20,25
  0	 | 	15	 | 	33,38
  1	 | 	3	 | 	6,08
  1	 | 	8	 | 	18,11
  1	 | 	12	 | 	28,07
  1	 | 	13	 | 	26,02
  2	 | 	3	 | 	8,00
  2	 | 	5	 | 	6,71
  2	 | 	14	 | 	28,86
  4	 | 	5	 | 	4,12
  5	 | 	14	 | 	22,36
  5	 | 	16	 | 	24,19
  6	 | 	7	 | 	8,00
  6	 | 	8	 | 	10,63
  8	 | 	10	 | 	7,00
  9	 | 	16	 | 	9,85
  9	 | 	17	 | 	11,70
  10	 | 	19	 | 	30,27
  11	 | 	13	 | 	3,61
  15	 | 	17	 | 	6,08
  18	 | 	19	 | 	38,83
  1	 | 	2	 | 	2,24
  6	 | 	13	 | 	15,81
  2	 | 	15	 | 	31,06
  4	 | 	7	 | 	14,21
  10	 | 	11	 | 	2,24
  5	 | 	18	 | 	26,02
___________________________
Simulation Topology [2:8]
___________________________
From 	  To 		Length
___________________________
  14	 | 	16	 | 	7,28
  12	 | 	13	 | 	3,61
  16	 | 	19	 | 	36,22
  15	 | 	18	 | 	2,24
  14	 | 	19	 | 	35,74
  14	 | 	15	 | 	5,83
  12	 | 	16	 | 	3,00
  11	 | 	16	 | 	8,06
  11	 | 	12	 | 	5,10
  10	 | 	15	 | 	7,28
  10	 | 	13	 | 	3,16
  9	 | 	14	 | 	7,62
  9	 | 	12	 | 	7,21
  9	 | 	10	 | 	5,00
  8	 | 	9	 | 	5,66
  7	 | 	19	 | 	26,83
  7	 | 	9	 | 	5,00
  6	 | 	19	 | 	20,00
  5	 | 	17	 | 	26,48
  4	 | 	16	 | 	23,02
  0	 | 	1	 | 	5,10
  0	 | 	3	 | 	2,24
  0	 | 	4	 | 	12,04
  0	 | 	6	 | 	12,04
  0	 | 	8	 | 	20,25
  0	 | 	15	 | 	33,38
  1	 | 	3	 | 	6,08
  1	 | 	8	 | 	18,11
  1	 | 	12	 | 	28,07
  1	 | 	13	 | 	26,02
  2	 | 	3	 | 	8,00
  2	 | 	5	 | 	6,71
  2	 | 	14	 | 	28,86
  4	 | 	5	 | 	4,12
  5	 | 	14	 | 	22,36
  5	 | 	16	 | 	24,19
  6	 | 	7	 | 	8,00
  6	 | 	8	 | 	10,63
  8	 | 	10	 | 	7,00
  9	 | 	16	 | 	9,85
  9	 | 	17	 | 	11,70
  10	 | 	19	 | 	30,27
  11	 | 	13	 | 	3,61
  15	 | 	17	 | 	6,08
  18	 | 	19	 | 	38,83
  1	 | 	2	 | 	2,24
  6	 | 	13	 | 	15,81
  2	 | 	15	 | 	31,06
  4	 | 	7	 | 	14,21
  10	 | 	11	 | 	2,24
  5	 | 	18	 | 	26,02
  3	 | 	8	 | 	18,79
___________________________
Simulation Topology [2:9]
___________________________
From 	  To 		Length
___________________________
  14	 | 	16	 | 	7,28
  12	 | 	13	 | 	3,61
  16	 | 	19	 | 	36,22
  15	 | 	18	 | 	2,24
  14	 | 	19	 | 	35,74
  14	 | 	15	 | 	5,83
  12	 | 	16	 | 	3,00
  11	 | 	16	 | 	8,06
  11	 | 	12	 | 	5,10
  10	 | 	15	 | 	7,28
  10	 | 	13	 | 	3,16
  9	 | 	14	 | 	7,62
  9	 | 	12	 | 	7,21
  9	 | 	10	 | 	5,00
  8	 | 	9	 | 	5,66
  7	 | 	19	 | 	26,83
  7	 | 	9	 | 	5,00
  6	 | 	19	 | 	20,00
  5	 | 	17	 | 	26,48
  4	 | 	16	 | 	23,02
  0	 | 	1	 | 	5,10
  0	 | 	3	 | 	2,24
  0	 | 	4	 | 	12,04
  0	 | 	6	 | 	12,04
  0	 | 	8	 | 	20,25
  0	 | 	15	 | 	33,38
  1	 | 	3	 | 	6,08
  1	 | 	8	 | 	18,11
  1	 | 	12	 | 	28,07
  1	 | 	13	 | 	26,02
  2	 | 	3	 | 	8,00
  2	 | 	5	 | 	6,71
  2	 | 	14	 | 	28,86
  4	 | 	5	 | 	4,12
  5	 | 	14	 | 	22,36
  5	 | 	16	 | 	24,19
  6	 | 	7	 | 	8,00
  6	 | 	8	 | 	10,63
  8	 | 	10	 | 	7,00
  9	 | 	16	 | 	9,85
  9	 | 	17	 | 	11,70
  10	 | 	19	 | 	30,27
  11	 | 	13	 | 	3,61
  15	 | 	17	 | 	6,08
  18	 | 	19	 | 	38,83
  1	 | 	2	 | 	2,24
  6	 | 	13	 | 	15,81
  2	 | 	15	 | 	31,06
  4	 | 	7	 | 	14,21
  10	 | 	11	 | 	2,24
  5	 | 	18	 | 	26,02
  3	 | 	8	 | 	18,79
  10	 | 	18	 | 	8,94
___________________________
