Simulation Topology 1
___________________________
[1]				[1]		
[9]				[2]		
[7]				[2]		
[4]				[1]		
[8]				[4]		
[9]				[6]		
[5]				[5]		
[0]				[5]		
[2]				[9]		
[4]				[8]		
[8]				[10]		
[6]				[13]		
[4]				[17]		
[7]				[18]		
[2]				[17]		
[0]				[17]		
[5]				[20]		
[7]				[21]		
[3]				[22]		
[1]				[21]		
___________________________
Simulation Topology [1:8]
___________________________
From 	  To 		Length
___________________________
  0	 | 	3	 | 	3,00
  0	 | 	8	 | 	8,06
  0	 | 	9	 | 	7,62
  0	 | 	11	 | 	13,00
  1	 | 	2	 | 	2,00
  1	 | 	4	 | 	2,24
  1	 | 	8	 | 	9,90
  1	 | 	9	 | 	7,81
  2	 | 	8	 | 	8,60
  2	 | 	14	 | 	15,81
  2	 | 	15	 | 	16,55
  3	 | 	12	 | 	16,00
  3	 | 	18	 | 	21,02
  4	 | 	6	 | 	3,16
  4	 | 	7	 | 	8,06
  4	 | 	10	 | 	6,00
  5	 | 	6	 | 	4,12
  5	 | 	7	 | 	9,06
  5	 | 	14	 | 	13,04
  5	 | 	19	 | 	17,00
  6	 | 	8	 | 	5,00
  6	 | 	17	 | 	16,12
  7	 | 	12	 | 	12,65
  7	 | 	13	 | 	14,76
  9	 | 	10	 | 	4,47
  10	 | 	17	 | 	11,05
  10	 | 	19	 | 	13,04
  11	 | 	14	 | 	5,66
  11	 | 	16	 | 	7,07
  12	 | 	13	 | 	3,16
  12	 | 	14	 | 	2,00
  13	 | 	19	 | 	6,71
  15	 | 	16	 | 	5,83
  16	 | 	17	 | 	2,24
  17	 | 	18	 | 	4,12
___________________________
Simulation Topology [1:9]
___________________________
From 	  To 		Length
___________________________
  0	 | 	3	 | 	3,00
  0	 | 	8	 | 	8,06
  0	 | 	9	 | 	7,62
  0	 | 	11	 | 	13,00
  1	 | 	2	 | 	2,00
  1	 | 	4	 | 	2,24
  1	 | 	8	 | 	9,90
  1	 | 	9	 | 	7,81
  2	 | 	8	 | 	8,60
  2	 | 	14	 | 	15,81
  2	 | 	15	 | 	16,55
  3	 | 	12	 | 	16,00
  3	 | 	18	 | 	21,02
  4	 | 	6	 | 	3,16
  4	 | 	7	 | 	8,06
  4	 | 	10	 | 	6,00
  5	 | 	6	 | 	4,12
  5	 | 	7	 | 	9,06
  5	 | 	14	 | 	13,04
  5	 | 	19	 | 	17,00
  6	 | 	8	 | 	5,00
  6	 | 	17	 | 	16,12
  7	 | 	12	 | 	12,65
  7	 | 	13	 | 	14,76
  9	 | 	10	 | 	4,47
  10	 | 	17	 | 	11,05
  10	 | 	19	 | 	13,04
  11	 | 	14	 | 	5,66
  11	 | 	16	 | 	7,07
  12	 | 	13	 | 	3,16
  12	 | 	14	 | 	2,00
  13	 | 	19	 | 	6,71
  15	 | 	16	 | 	5,83
  16	 | 	17	 | 	2,24
  17	 | 	18	 | 	4,12
  11	 | 	18	 | 	9,49
___________________________
Simulation Topology 2
___________________________
[7]				[1]		
[5]				[3]		
[2]				[0]		
[0]				[11]		
[4]				[10]		
[7]				[10]		
[3]				[13]		
[6]				[16]		
[4]				[16]		
[7]				[19]		
[7]				[22]		
[2]				[23]		
[4]				[22]		
[5]				[27]		
[6]				[25]		
[8]				[31]		
[0]				[30]		
[9]				[28]		
[3]				[34]		
[0]				[33]		
___________________________
Simulation Topology [2:0]
___________________________
From 	  To 		Length
___________________________
  11	 | 	18	 | 	11,05
  17	 | 	18	 | 	8,49
  16	 | 	17	 | 	9,22
  15	 | 	16	 | 	8,06
  13	 | 	19	 | 	7,81
  12	 | 	14	 | 	3,61
  12	 | 	13	 | 	5,10
  11	 | 	16	 | 	7,28
  11	 | 	14	 | 	4,47
  10	 | 	19	 | 	13,04
  10	 | 	17	 | 	6,32
  9	 | 	10	 | 	3,00
  7	 | 	13	 | 	11,05
  7	 | 	12	 | 	6,32
  6	 | 	17	 | 	16,16
  6	 | 	8	 | 	3,16
  5	 | 	19	 | 	24,04
  5	 | 	14	 | 	15,03
  0	 | 	1	 | 	2,83
  0	 | 	5	 | 	9,00
  0	 | 	10	 | 	21,00
  0	 | 	11	 | 	22,56
  1	 | 	2	 | 	4,24
  1	 | 	3	 | 	9,43
  1	 | 	19	 | 	30,41
  3	 | 	4	 | 	4,12
  3	 | 	5	 | 	7,07
  3	 | 	15	 | 	21,54
  4	 | 	5	 | 	3,00
  4	 | 	6	 | 	3,16
  4	 | 	9	 | 	9,49
  6	 | 	7	 | 	4,24
  7	 | 	8	 | 	2,00
  7	 | 	14	 | 	9,00
  9	 | 	11	 | 	6,40
  10	 | 	11	 | 	5,10
  14	 | 	15	 | 	6,32
  14	 | 	19	 | 	10,00
  16	 | 	19	 | 	3,00
  17	 | 	19	 | 	10,30
___________________________
Simulation Topology [2:1]
___________________________
From 	  To 		Length
___________________________
  11	 | 	18	 | 	11,05
  17	 | 	18	 | 	8,49
  16	 | 	17	 | 	9,22
  15	 | 	16	 | 	8,06
  13	 | 	19	 | 	7,81
  12	 | 	14	 | 	3,61
  12	 | 	13	 | 	5,10
  11	 | 	16	 | 	7,28
  11	 | 	14	 | 	4,47
  10	 | 	19	 | 	13,04
  10	 | 	17	 | 	6,32
  9	 | 	10	 | 	3,00
  7	 | 	13	 | 	11,05
  7	 | 	12	 | 	6,32
  6	 | 	17	 | 	16,16
  6	 | 	8	 | 	3,16
  5	 | 	19	 | 	24,04
  5	 | 	14	 | 	15,03
  0	 | 	1	 | 	2,83
  0	 | 	5	 | 	9,00
  0	 | 	10	 | 	21,00
  0	 | 	11	 | 	22,56
  1	 | 	2	 | 	4,24
  1	 | 	3	 | 	9,43
  1	 | 	19	 | 	30,41
  3	 | 	4	 | 	4,12
  3	 | 	5	 | 	7,07
  3	 | 	15	 | 	21,54
  4	 | 	5	 | 	3,00
  4	 | 	6	 | 	3,16
  4	 | 	9	 | 	9,49
  6	 | 	7	 | 	4,24
  7	 | 	8	 | 	2,00
  7	 | 	14	 | 	9,00
  9	 | 	11	 | 	6,40
  10	 | 	11	 | 	5,10
  14	 | 	15	 | 	6,32
  14	 | 	19	 | 	10,00
  16	 | 	19	 | 	3,00
  17	 | 	19	 | 	10,30
  5	 | 	18	 | 	24,33
___________________________
Simulation Topology [2:2]
___________________________
From 	  To 		Length
___________________________
  11	 | 	18	 | 	11,05
  17	 | 	18	 | 	8,49
  16	 | 	17	 | 	9,22
  15	 | 	16	 | 	8,06
  13	 | 	19	 | 	7,81
  12	 | 	14	 | 	3,61
  12	 | 	13	 | 	5,10
  11	 | 	16	 | 	7,28
  11	 | 	14	 | 	4,47
  10	 | 	19	 | 	13,04
  10	 | 	17	 | 	6,32
  9	 | 	10	 | 	3,00
  7	 | 	13	 | 	11,05
  7	 | 	12	 | 	6,32
  6	 | 	17	 | 	16,16
  6	 | 	8	 | 	3,16
  5	 | 	19	 | 	24,04
  5	 | 	14	 | 	15,03
  0	 | 	1	 | 	2,83
  0	 | 	5	 | 	9,00
  0	 | 	10	 | 	21,00
  0	 | 	11	 | 	22,56
  1	 | 	2	 | 	4,24
  1	 | 	3	 | 	9,43
  1	 | 	19	 | 	30,41
  3	 | 	4	 | 	4,12
  3	 | 	5	 | 	7,07
  3	 | 	15	 | 	21,54
  4	 | 	5	 | 	3,00
  4	 | 	6	 | 	3,16
  4	 | 	9	 | 	9,49
  6	 | 	7	 | 	4,24
  7	 | 	8	 | 	2,00
  7	 | 	14	 | 	9,00
  9	 | 	11	 | 	6,40
  10	 | 	11	 | 	5,10
  14	 | 	15	 | 	6,32
  14	 | 	19	 | 	10,00
  16	 | 	19	 | 	3,00
  17	 | 	19	 | 	10,30
  5	 | 	18	 | 	24,33
  14	 | 	18	 | 	9,49
___________________________
Simulation Topology [2:3]
___________________________
From 	  To 		Length
___________________________
  11	 | 	18	 | 	11,05
  17	 | 	18	 | 	8,49
  16	 | 	17	 | 	9,22
  15	 | 	16	 | 	8,06
  13	 | 	19	 | 	7,81
  12	 | 	14	 | 	3,61
  12	 | 	13	 | 	5,10
  11	 | 	16	 | 	7,28
  11	 | 	14	 | 	4,47
  10	 | 	19	 | 	13,04
  10	 | 	17	 | 	6,32
  9	 | 	10	 | 	3,00
  7	 | 	13	 | 	11,05
  7	 | 	12	 | 	6,32
  6	 | 	17	 | 	16,16
  6	 | 	8	 | 	3,16
  5	 | 	19	 | 	24,04
  5	 | 	14	 | 	15,03
  0	 | 	1	 | 	2,83
  0	 | 	5	 | 	9,00
  0	 | 	10	 | 	21,00
  0	 | 	11	 | 	22,56
  1	 | 	2	 | 	4,24
  1	 | 	3	 | 	9,43
  1	 | 	19	 | 	30,41
  3	 | 	4	 | 	4,12
  3	 | 	5	 | 	7,07
  3	 | 	15	 | 	21,54
  4	 | 	5	 | 	3,00
  4	 | 	6	 | 	3,16
  4	 | 	9	 | 	9,49
  6	 | 	7	 | 	4,24
  7	 | 	8	 | 	2,00
  7	 | 	14	 | 	9,00
  9	 | 	11	 | 	6,40
  10	 | 	11	 | 	5,10
  14	 | 	15	 | 	6,32
  14	 | 	19	 | 	10,00
  16	 | 	19	 | 	3,00
  17	 | 	19	 | 	10,30
  5	 | 	18	 | 	24,33
  14	 | 	18	 | 	9,49
  13	 | 	18	 | 	7,28
___________________________
Simulation Topology [2:4]
___________________________
From 	  To 		Length
___________________________
  11	 | 	18	 | 	11,05
  17	 | 	18	 | 	8,49
  16	 | 	17	 | 	9,22
  15	 | 	16	 | 	8,06
  13	 | 	19	 | 	7,81
  12	 | 	14	 | 	3,61
  12	 | 	13	 | 	5,10
  11	 | 	16	 | 	7,28
  11	 | 	14	 | 	4,47
  10	 | 	19	 | 	13,04
  10	 | 	17	 | 	6,32
  9	 | 	10	 | 	3,00
  7	 | 	13	 | 	11,05
  7	 | 	12	 | 	6,32
  6	 | 	17	 | 	16,16
  6	 | 	8	 | 	3,16
  5	 | 	19	 | 	24,04
  5	 | 	14	 | 	15,03
  0	 | 	1	 | 	2,83
  0	 | 	5	 | 	9,00
  0	 | 	10	 | 	21,00
  0	 | 	11	 | 	22,56
  1	 | 	2	 | 	4,24
  1	 | 	3	 | 	9,43
  1	 | 	19	 | 	30,41
  3	 | 	4	 | 	4,12
  3	 | 	5	 | 	7,07
  3	 | 	15	 | 	21,54
  4	 | 	5	 | 	3,00
  4	 | 	6	 | 	3,16
  4	 | 	9	 | 	9,49
  6	 | 	7	 | 	4,24
  7	 | 	8	 | 	2,00
  7	 | 	14	 | 	9,00
  9	 | 	11	 | 	6,40
  10	 | 	11	 | 	5,10
  14	 | 	15	 | 	6,32
  14	 | 	19	 | 	10,00
  16	 | 	19	 | 	3,00
  17	 | 	19	 | 	10,30
  5	 | 	18	 | 	24,33
  14	 | 	18	 | 	9,49
  13	 | 	18	 | 	7,28
  8	 | 	17	 | 	13,00
___________________________
Simulation Topology [2:5]
___________________________
From 	  To 		Length
___________________________
  11	 | 	18	 | 	11,05
  17	 | 	18	 | 	8,49
  16	 | 	17	 | 	9,22
  15	 | 	16	 | 	8,06
  13	 | 	19	 | 	7,81
  12	 | 	14	 | 	3,61
  12	 | 	13	 | 	5,10
  11	 | 	16	 | 	7,28
  11	 | 	14	 | 	4,47
  10	 | 	19	 | 	13,04
  10	 | 	17	 | 	6,32
  9	 | 	10	 | 	3,00
  7	 | 	13	 | 	11,05
  7	 | 	12	 | 	6,32
  6	 | 	17	 | 	16,16
  6	 | 	8	 | 	3,16
  5	 | 	19	 | 	24,04
  5	 | 	14	 | 	15,03
  0	 | 	1	 | 	2,83
  0	 | 	5	 | 	9,00
  0	 | 	10	 | 	21,00
  0	 | 	11	 | 	22,56
  1	 | 	2	 | 	4,24
  1	 | 	3	 | 	9,43
  1	 | 	19	 | 	30,41
  3	 | 	4	 | 	4,12
  3	 | 	5	 | 	7,07
  3	 | 	15	 | 	21,54
  4	 | 	5	 | 	3,00
  4	 | 	6	 | 	3,16
  4	 | 	9	 | 	9,49
  6	 | 	7	 | 	4,24
  7	 | 	8	 | 	2,00
  7	 | 	14	 | 	9,00
  9	 | 	11	 | 	6,40
  10	 | 	11	 | 	5,10
  14	 | 	15	 | 	6,32
  14	 | 	19	 | 	10,00
  16	 | 	19	 | 	3,00
  17	 | 	19	 | 	10,30
  5	 | 	18	 | 	24,33
  14	 | 	18	 | 	9,49
  13	 | 	18	 | 	7,28
  8	 | 	17	 | 	13,00
  9	 | 	12	 | 	4,24
___________________________
Simulation Topology [2:6]
___________________________
From 	  To 		Length
___________________________
  11	 | 	18	 | 	11,05
  17	 | 	18	 | 	8,49
  16	 | 	17	 | 	9,22
  15	 | 	16	 | 	8,06
  13	 | 	19	 | 	7,81
  12	 | 	14	 | 	3,61
  12	 | 	13	 | 	5,10
  11	 | 	16	 | 	7,28
  11	 | 	14	 | 	4,47
  10	 | 	19	 | 	13,04
  10	 | 	17	 | 	6,32
  9	 | 	10	 | 	3,00
  7	 | 	13	 | 	11,05
  7	 | 	12	 | 	6,32
  6	 | 	17	 | 	16,16
  6	 | 	8	 | 	3,16
  5	 | 	19	 | 	24,04
  5	 | 	14	 | 	15,03
  0	 | 	1	 | 	2,83
  0	 | 	5	 | 	9,00
  0	 | 	10	 | 	21,00
  0	 | 	11	 | 	22,56
  1	 | 	2	 | 	4,24
  1	 | 	3	 | 	9,43
  1	 | 	19	 | 	30,41
  3	 | 	4	 | 	4,12
  3	 | 	5	 | 	7,07
  3	 | 	15	 | 	21,54
  4	 | 	5	 | 	3,00
  4	 | 	6	 | 	3,16
  4	 | 	9	 | 	9,49
  6	 | 	7	 | 	4,24
  7	 | 	8	 | 	2,00
  7	 | 	14	 | 	9,00
  9	 | 	11	 | 	6,40
  10	 | 	11	 | 	5,10
  14	 | 	15	 | 	6,32
  14	 | 	19	 | 	10,00
  16	 | 	19	 | 	3,00
  17	 | 	19	 | 	10,30
  5	 | 	18	 | 	24,33
  14	 | 	18	 | 	9,49
  13	 | 	18	 | 	7,28
  8	 | 	17	 | 	13,00
  9	 | 	12	 | 	4,24
  12	 | 	17	 | 	7,81
___________________________
Simulation Topology [2:7]
___________________________
From 	  To 		Length
___________________________
  11	 | 	18	 | 	11,05
  17	 | 	18	 | 	8,49
  16	 | 	17	 | 	9,22
  15	 | 	16	 | 	8,06
  13	 | 	19	 | 	7,81
  12	 | 	14	 | 	3,61
  12	 | 	13	 | 	5,10
  11	 | 	16	 | 	7,28
  11	 | 	14	 | 	4,47
  10	 | 	19	 | 	13,04
  10	 | 	17	 | 	6,32
  9	 | 	10	 | 	3,00
  7	 | 	13	 | 	11,05
  7	 | 	12	 | 	6,32
  6	 | 	17	 | 	16,16
  6	 | 	8	 | 	3,16
  5	 | 	19	 | 	24,04
  5	 | 	14	 | 	15,03
  0	 | 	1	 | 	2,83
  0	 | 	5	 | 	9,00
  0	 | 	10	 | 	21,00
  0	 | 	11	 | 	22,56
  1	 | 	2	 | 	4,24
  1	 | 	3	 | 	9,43
  1	 | 	19	 | 	30,41
  3	 | 	4	 | 	4,12
  3	 | 	5	 | 	7,07
  3	 | 	15	 | 	21,54
  4	 | 	5	 | 	3,00
  4	 | 	6	 | 	3,16
  4	 | 	9	 | 	9,49
  6	 | 	7	 | 	4,24
  7	 | 	8	 | 	2,00
  7	 | 	14	 | 	9,00
  9	 | 	11	 | 	6,40
  10	 | 	11	 | 	5,10
  14	 | 	15	 | 	6,32
  14	 | 	19	 | 	10,00
  16	 | 	19	 | 	3,00
  17	 | 	19	 | 	10,30
  5	 | 	18	 | 	24,33
  14	 | 	18	 | 	9,49
  13	 | 	18	 | 	7,28
  8	 | 	17	 | 	13,00
  9	 | 	12	 | 	4,24
  12	 | 	17	 | 	7,81
  9	 | 	13	 | 	8,25
___________________________
Simulation Topology [2:8]
___________________________
From 	  To 		Length
___________________________
  11	 | 	18	 | 	11,05
  17	 | 	18	 | 	8,49
  16	 | 	17	 | 	9,22
  15	 | 	16	 | 	8,06
  13	 | 	19	 | 	7,81
  12	 | 	14	 | 	3,61
  12	 | 	13	 | 	5,10
  11	 | 	16	 | 	7,28
  11	 | 	14	 | 	4,47
  10	 | 	19	 | 	13,04
  10	 | 	17	 | 	6,32
  9	 | 	10	 | 	3,00
  7	 | 	13	 | 	11,05
  7	 | 	12	 | 	6,32
  6	 | 	17	 | 	16,16
  6	 | 	8	 | 	3,16
  5	 | 	19	 | 	24,04
  5	 | 	14	 | 	15,03
  0	 | 	1	 | 	2,83
  0	 | 	5	 | 	9,00
  0	 | 	10	 | 	21,00
  0	 | 	11	 | 	22,56
  1	 | 	2	 | 	4,24
  1	 | 	3	 | 	9,43
  1	 | 	19	 | 	30,41
  3	 | 	4	 | 	4,12
  3	 | 	5	 | 	7,07
  3	 | 	15	 | 	21,54
  4	 | 	5	 | 	3,00
  4	 | 	6	 | 	3,16
  4	 | 	9	 | 	9,49
  6	 | 	7	 | 	4,24
  7	 | 	8	 | 	2,00
  7	 | 	14	 | 	9,00
  9	 | 	11	 | 	6,40
  10	 | 	11	 | 	5,10
  14	 | 	15	 | 	6,32
  14	 | 	19	 | 	10,00
  16	 | 	19	 | 	3,00
  17	 | 	19	 | 	10,30
  5	 | 	18	 | 	24,33
  14	 | 	18	 | 	9,49
  13	 | 	18	 | 	7,28
  8	 | 	17	 | 	13,00
  9	 | 	12	 | 	4,24
  12	 | 	17	 | 	7,81
  9	 | 	13	 | 	8,25
  7	 | 	15	 | 	15,13
___________________________
Simulation Topology [2:9]
___________________________
From 	  To 		Length
___________________________
  11	 | 	18	 | 	11,05
  17	 | 	18	 | 	8,49
  16	 | 	17	 | 	9,22
  15	 | 	16	 | 	8,06
  13	 | 	19	 | 	7,81
  12	 | 	14	 | 	3,61
  12	 | 	13	 | 	5,10
  11	 | 	16	 | 	7,28
  11	 | 	14	 | 	4,47
  10	 | 	19	 | 	13,04
  10	 | 	17	 | 	6,32
  9	 | 	10	 | 	3,00
  7	 | 	13	 | 	11,05
  7	 | 	12	 | 	6,32
  6	 | 	17	 | 	16,16
  6	 | 	8	 | 	3,16
  5	 | 	19	 | 	24,04
  5	 | 	14	 | 	15,03
  0	 | 	1	 | 	2,83
  0	 | 	5	 | 	9,00
  0	 | 	10	 | 	21,00
  0	 | 	11	 | 	22,56
  1	 | 	2	 | 	4,24
  1	 | 	3	 | 	9,43
  1	 | 	19	 | 	30,41
  3	 | 	4	 | 	4,12
  3	 | 	5	 | 	7,07
  3	 | 	15	 | 	21,54
  4	 | 	5	 | 	3,00
  4	 | 	6	 | 	3,16
  4	 | 	9	 | 	9,49
  6	 | 	7	 | 	4,24
  7	 | 	8	 | 	2,00
  7	 | 	14	 | 	9,00
  9	 | 	11	 | 	6,40
  10	 | 	11	 | 	5,10
  14	 | 	15	 | 	6,32
  14	 | 	19	 | 	10,00
  16	 | 	19	 | 	3,00
  17	 | 	19	 | 	10,30
  5	 | 	18	 | 	24,33
  14	 | 	18	 | 	9,49
  13	 | 	18	 | 	7,28
  8	 | 	17	 | 	13,00
  9	 | 	12	 | 	4,24
  12	 | 	17	 | 	7,81
  9	 | 	13	 | 	8,25
  7	 | 	15	 | 	15,13
  12	 | 	16	 | 	8,94
___________________________
