Simulation Topology 1
___________________________
Simulation Topology 2
___________________________
[5]				[6]		
[7]				[4]		
[6]				[14]		
[3]				[12]		
[7]				[12]		
[2]				[19]		
[0]				[23]		
[7]				[23]		
[6]				[31]		
[6]				[28]		
___________________________
Simulation Topology [2:0]
___________________________
From 	  To 		Length
___________________________
  0	 | 	1	 | 	2,83
  0	 | 	4	 | 	6,32
  0	 | 	6	 | 	17,72
  1	 | 	5	 | 	15,81
  2	 | 	3	 | 	3,61
  2	 | 	4	 | 	2,24
  2	 | 	6	 | 	10,82
  3	 | 	6	 | 	11,40
  4	 | 	7	 | 	11,00
  5	 | 	6	 | 	4,47
  5	 | 	8	 | 	12,65
  7	 | 	8	 | 	8,06
  7	 | 	9	 | 	5,10
___________________________
Simulation Topology [2:1]
___________________________
From 	  To 		Length
___________________________
  0	 | 	1	 | 	2,83
  0	 | 	4	 | 	6,32
  0	 | 	6	 | 	17,72
  1	 | 	5	 | 	15,81
  2	 | 	3	 | 	3,61
  2	 | 	4	 | 	2,24
  2	 | 	6	 | 	10,82
  3	 | 	6	 | 	11,40
  4	 | 	7	 | 	11,00
  5	 | 	6	 | 	4,47
  5	 | 	8	 | 	12,65
  7	 | 	8	 | 	8,06
  7	 | 	9	 | 	5,10
  3	 | 	7	 | 	11,70
___________________________
Simulation Topology [2:2]
___________________________
From 	  To 		Length
___________________________
  0	 | 	1	 | 	2,83
  0	 | 	4	 | 	6,32
  0	 | 	6	 | 	17,72
  1	 | 	5	 | 	15,81
  2	 | 	3	 | 	3,61
  2	 | 	4	 | 	2,24
  2	 | 	6	 | 	10,82
  3	 | 	6	 | 	11,40
  4	 | 	7	 | 	11,00
  5	 | 	6	 | 	4,47
  5	 | 	8	 | 	12,65
  7	 | 	8	 | 	8,06
  7	 | 	9	 | 	5,10
  3	 | 	7	 | 	11,70
  1	 | 	2	 | 	10,05
___________________________
Simulation Topology [2:3]
___________________________
From 	  To 		Length
___________________________
  0	 | 	1	 | 	2,83
  0	 | 	4	 | 	6,32
  0	 | 	6	 | 	17,72
  1	 | 	5	 | 	15,81
  2	 | 	3	 | 	3,61
  2	 | 	4	 | 	2,24
  2	 | 	6	 | 	10,82
  3	 | 	6	 | 	11,40
  4	 | 	7	 | 	11,00
  5	 | 	6	 | 	4,47
  5	 | 	8	 | 	12,65
  7	 | 	8	 | 	8,06
  7	 | 	9	 | 	5,10
  3	 | 	7	 | 	11,70
  1	 | 	2	 | 	10,05
  1	 | 	3	 | 	8,94
___________________________
Simulation Topology [2:4]
___________________________
From 	  To 		Length
___________________________
  0	 | 	1	 | 	2,83
  0	 | 	4	 | 	6,32
  0	 | 	6	 | 	17,72
  1	 | 	5	 | 	15,81
  2	 | 	3	 | 	3,61
  2	 | 	4	 | 	2,24
  2	 | 	6	 | 	10,82
  3	 | 	6	 | 	11,40
  4	 | 	7	 | 	11,00
  5	 | 	6	 | 	4,47
  5	 | 	8	 | 	12,65
  7	 | 	8	 | 	8,06
  7	 | 	9	 | 	5,10
  3	 | 	7	 | 	11,70
  1	 | 	2	 | 	10,05
  1	 | 	3	 | 	8,94
  8	 | 	9	 | 	3,00
___________________________
