Simulation Topology 1
___________________________
[0]				[10]		
[2]				[9]		
[6]				[21]		
[0]				[18]		
[3]				[23]		
[1]				[16]		
[5]				[16]		
[3]				[16]		
[6]				[23]		
[7]				[18]		
[6]				[25]		
[8]				[28]		
[5]				[31]		
[1]				[26]		
[3]				[25]		
[0]				[30]		
[3]				[31]		
[1]				[36]		
[7]				[32]		
[0]				[38]		
[5]				[37]		
[6]				[34]		
[8]				[48]		
[6]				[48]		
[3]				[54]		
[2]				[51]		
[1]				[56]		
[8]				[70]		
[3]				[66]		
[4]				[68]		
[5]				[66]		
[5]				[73]		
[0]				[72]		
[6]				[75]		
[7]				[79]		
___________________________
Simulation Topology [1:0]
___________________________
From 	  To 		Length
___________________________
  0	 | 	1	 | 	2,24
  0	 | 	22	 | 	38,83
  0	 | 	30	 | 	56,22
  1	 | 	25	 | 	42,00
  2	 | 	5	 | 	7,07
  2	 | 	34	 | 	58,01
  3	 | 	5	 | 	2,24
  3	 | 	27	 | 	52,61
  4	 | 	8	 | 	3,00
  6	 | 	8	 | 	7,07
  6	 | 	9	 | 	2,83
  7	 | 	9	 | 	4,47
  7	 | 	10	 | 	9,49
  10	 | 	11	 | 	3,61
  11	 | 	15	 | 	8,25
  12	 | 	14	 | 	6,32
  12	 | 	27	 | 	39,12
  13	 | 	19	 | 	12,04
  13	 | 	21	 | 	9,43
  14	 | 	16	 | 	6,00
  15	 | 	16	 | 	3,16
  17	 | 	19	 | 	2,24
  17	 | 	28	 | 	30,07
  18	 | 	20	 | 	5,39
  18	 | 	21	 | 	2,24
  20	 | 	34	 | 	42,05
  22	 | 	24	 | 	7,81
  23	 | 	25	 | 	5,00
  23	 | 	32	 | 	24,74
  24	 | 	26	 | 	2,83
  26	 | 	29	 | 	12,37
  28	 | 	29	 | 	2,24
  30	 | 	33	 | 	9,06
  31	 | 	32	 | 	5,10
  31	 | 	33	 | 	2,24
___________________________
Simulation Topology 2
___________________________
[4]				[2]		
[6]				[10]		
[0]				[9]		
[5]				[8]		
[0]				[14]		
[9]				[20]		
[4]				[33]		
[6]				[39]		
[1]				[33]		
[7]				[33]		
[3]				[38]		
[5]				[37]		
[5]				[45]		
[2]				[43]		
[5]				[47]		
[2]				[46]		
[8]				[53]		
[0]				[54]		
[3]				[48]		
[2]				[51]		
[6]				[51]		
[5]				[53]		
[8]				[49]		
[0]				[63]		
[0]				[60]		
[0]				[58]		
[7]				[58]		
[6]				[63]		
[4]				[62]		
[5]				[59]		
[2]				[56]		
[7]				[66]		
[8]				[71]		
[5]				[70]		
[5]				[66]		
___________________________
Simulation Topology [2:0]
___________________________
From 	  To 		Length
___________________________
  31	 | 	33	 | 	4,47
  31	 | 	32	 | 	5,10
  30	 | 	33	 | 	14,32
  28	 | 	29	 | 	3,16
  26	 | 	29	 | 	2,24
  24	 | 	26	 | 	7,28
  23	 | 	32	 | 	11,31
  23	 | 	25	 | 	5,00
  22	 | 	24	 | 	13,60
  20	 | 	34	 | 	15,03
  18	 | 	21	 | 	5,39
  18	 | 	20	 | 	4,24
  17	 | 	28	 | 	8,94
  17	 | 	19	 | 	3,61
  15	 | 	16	 | 	9,22
  14	 | 	16	 | 	6,71
  13	 | 	21	 | 	10,44
  0	 | 	1	 | 	8,25
  0	 | 	32	 | 	69,12
  1	 | 	3	 | 	2,24
  2	 | 	13	 | 	34,06
  2	 | 	22	 | 	40,79
  3	 | 	7	 | 	31,02
  4	 | 	11	 | 	23,54
  4	 | 	34	 | 	52,24
  5	 | 	21	 | 	33,24
  6	 | 	8	 | 	3,00
  6	 | 	9	 | 	3,00
  7	 | 	30	 | 	17,46
  8	 | 	27	 | 	30,41
  9	 | 	23	 | 	30,81
  10	 | 	12	 | 	7,28
  10	 | 	13	 | 	5,10
  11	 | 	12	 | 	8,00
  14	 | 	15	 | 	3,16
  14	 | 	18	 | 	2,24
  15	 | 	26	 | 	13,00
  16	 | 	20	 | 	2,83
  16	 | 	28	 | 	9,85
  17	 | 	29	 | 	7,07
  18	 | 	27	 | 	15,30
  19	 | 	20	 | 	4,00
  21	 | 	22	 | 	5,00
  23	 | 	28	 | 	4,12
  24	 | 	33	 | 	11,18
  24	 | 	34	 | 	7,81
  25	 | 	31	 | 	10,63
  25	 | 	33	 | 	13,00
  26	 | 	30	 | 	5,39
  29	 | 	31	 | 	7,28
___________________________
