Simulation Topology 1
___________________________
Simulation Topology 2
___________________________
[7]				[1]		
[4]				[4]		
[5]				[2]		
[0]				[1]		
[6]				[11]		
[8]				[11]		
[2]				[9]		
[1]				[16]		
[1]				[13]		
[3]				[16]		
[3]				[14]		
[0]				[28]		
[4]				[28]		
[3]				[24]		
[1]				[24]		
[8]				[26]		
[6]				[26]		
[3]				[30]		
[7]				[33]		
[9]				[40]		
[7]				[36]		
[3]				[37]		
[9]				[38]		
[1]				[40]		
[1]				[38]		
___________________________
Simulation Topology [2:0]
___________________________
From 	  To 		Length
___________________________
  0	 | 	2	 | 	2,24
  0	 | 	23	 | 	39,46
  1	 | 	2	 | 	2,24
  1	 | 	12	 | 	24,00
  1	 | 	17	 | 	26,02
  1	 | 	19	 | 	36,35
  2	 | 	11	 | 	26,48
  2	 | 	19	 | 	38,21
  2	 | 	24	 | 	36,22
  3	 | 	12	 | 	27,29
  3	 | 	20	 | 	35,69
  4	 | 	6	 | 	4,47
  4	 | 	14	 | 	13,93
  5	 | 	6	 | 	6,32
  5	 | 	18	 | 	22,02
  6	 | 	11	 | 	19,10
  7	 | 	9	 | 	2,00
  7	 | 	10	 | 	2,83
  8	 | 	9	 | 	3,61
  8	 | 	10	 | 	2,24
  8	 | 	14	 | 	11,00
  8	 | 	23	 | 	27,00
  11	 | 	12	 | 	4,00
  11	 | 	23	 | 	12,04
  12	 | 	13	 | 	4,12
  12	 | 	23	 | 	12,37
  13	 | 	15	 | 	5,39
  14	 | 	15	 | 	7,28
  14	 | 	16	 | 	5,39
  19	 | 	21	 | 	6,71
  19	 | 	22	 | 	2,00
  20	 | 	22	 | 	2,83
  21	 | 	24	 | 	2,24
___________________________
Simulation Topology [2:1]
___________________________
From 	  To 		Length
___________________________
  0	 | 	2	 | 	2,24
  0	 | 	23	 | 	39,46
  1	 | 	2	 | 	2,24
  1	 | 	12	 | 	24,00
  1	 | 	17	 | 	26,02
  1	 | 	19	 | 	36,35
  2	 | 	11	 | 	26,48
  2	 | 	19	 | 	38,21
  2	 | 	24	 | 	36,22
  3	 | 	12	 | 	27,29
  3	 | 	20	 | 	35,69
  4	 | 	6	 | 	4,47
  4	 | 	14	 | 	13,93
  5	 | 	6	 | 	6,32
  5	 | 	18	 | 	22,02
  6	 | 	11	 | 	19,10
  7	 | 	9	 | 	2,00
  7	 | 	10	 | 	2,83
  8	 | 	9	 | 	3,61
  8	 | 	10	 | 	2,24
  8	 | 	14	 | 	11,00
  8	 | 	23	 | 	27,00
  11	 | 	12	 | 	4,00
  11	 | 	23	 | 	12,04
  12	 | 	13	 | 	4,12
  12	 | 	23	 | 	12,37
  13	 | 	15	 | 	5,39
  14	 | 	15	 | 	7,28
  14	 | 	16	 | 	5,39
  19	 | 	21	 | 	6,71
  19	 | 	22	 | 	2,00
  20	 | 	22	 | 	2,83
  21	 | 	24	 | 	2,24
  1	 | 	14	 | 	20,22
___________________________
Simulation Topology [2:2]
___________________________
From 	  To 		Length
___________________________
  0	 | 	2	 | 	2,24
  0	 | 	23	 | 	39,46
  1	 | 	2	 | 	2,24
  1	 | 	12	 | 	24,00
  1	 | 	17	 | 	26,02
  1	 | 	19	 | 	36,35
  2	 | 	11	 | 	26,48
  2	 | 	19	 | 	38,21
  2	 | 	24	 | 	36,22
  3	 | 	12	 | 	27,29
  3	 | 	20	 | 	35,69
  4	 | 	6	 | 	4,47
  4	 | 	14	 | 	13,93
  5	 | 	6	 | 	6,32
  5	 | 	18	 | 	22,02
  6	 | 	11	 | 	19,10
  7	 | 	9	 | 	2,00
  7	 | 	10	 | 	2,83
  8	 | 	9	 | 	3,61
  8	 | 	10	 | 	2,24
  8	 | 	14	 | 	11,00
  8	 | 	23	 | 	27,00
  11	 | 	12	 | 	4,00
  11	 | 	23	 | 	12,04
  12	 | 	13	 | 	4,12
  12	 | 	23	 | 	12,37
  13	 | 	15	 | 	5,39
  14	 | 	15	 | 	7,28
  14	 | 	16	 | 	5,39
  19	 | 	21	 | 	6,71
  19	 | 	22	 | 	2,00
  20	 | 	22	 | 	2,83
  21	 | 	24	 | 	2,24
  1	 | 	14	 | 	20,22
  8	 | 	18	 | 	20,88
___________________________
Simulation Topology [2:3]
___________________________
From 	  To 		Length
___________________________
  0	 | 	2	 | 	2,24
  0	 | 	23	 | 	39,46
  1	 | 	2	 | 	2,24
  1	 | 	12	 | 	24,00
  1	 | 	17	 | 	26,02
  1	 | 	19	 | 	36,35
  2	 | 	11	 | 	26,48
  2	 | 	19	 | 	38,21
  2	 | 	24	 | 	36,22
  3	 | 	12	 | 	27,29
  3	 | 	20	 | 	35,69
  4	 | 	6	 | 	4,47
  4	 | 	14	 | 	13,93
  5	 | 	6	 | 	6,32
  5	 | 	18	 | 	22,02
  6	 | 	11	 | 	19,10
  7	 | 	9	 | 	2,00
  7	 | 	10	 | 	2,83
  8	 | 	9	 | 	3,61
  8	 | 	10	 | 	2,24
  8	 | 	14	 | 	11,00
  8	 | 	23	 | 	27,00
  11	 | 	12	 | 	4,00
  11	 | 	23	 | 	12,04
  12	 | 	13	 | 	4,12
  12	 | 	23	 | 	12,37
  13	 | 	15	 | 	5,39
  14	 | 	15	 | 	7,28
  14	 | 	16	 | 	5,39
  19	 | 	21	 | 	6,71
  19	 | 	22	 | 	2,00
  20	 | 	22	 | 	2,83
  21	 | 	24	 | 	2,24
  1	 | 	14	 | 	20,22
  8	 | 	18	 | 	20,88
  9	 | 	21	 | 	21,00
___________________________
Simulation Topology [2:4]
___________________________
From 	  To 		Length
___________________________
  0	 | 	2	 | 	2,24
  0	 | 	23	 | 	39,46
  1	 | 	2	 | 	2,24
  1	 | 	12	 | 	24,00
  1	 | 	17	 | 	26,02
  1	 | 	19	 | 	36,35
  2	 | 	11	 | 	26,48
  2	 | 	19	 | 	38,21
  2	 | 	24	 | 	36,22
  3	 | 	12	 | 	27,29
  3	 | 	20	 | 	35,69
  4	 | 	6	 | 	4,47
  4	 | 	14	 | 	13,93
  5	 | 	6	 | 	6,32
  5	 | 	18	 | 	22,02
  6	 | 	11	 | 	19,10
  7	 | 	9	 | 	2,00
  7	 | 	10	 | 	2,83
  8	 | 	9	 | 	3,61
  8	 | 	10	 | 	2,24
  8	 | 	14	 | 	11,00
  8	 | 	23	 | 	27,00
  11	 | 	12	 | 	4,00
  11	 | 	23	 | 	12,04
  12	 | 	13	 | 	4,12
  12	 | 	23	 | 	12,37
  13	 | 	15	 | 	5,39
  14	 | 	15	 | 	7,28
  14	 | 	16	 | 	5,39
  19	 | 	21	 | 	6,71
  19	 | 	22	 | 	2,00
  20	 | 	22	 | 	2,83
  21	 | 	24	 | 	2,24
  1	 | 	14	 | 	20,22
  8	 | 	18	 | 	20,88
  9	 | 	21	 | 	21,00
  7	 | 	11	 | 	12,04
___________________________
Simulation Topology [2:5]
___________________________
From 	  To 		Length
___________________________
  0	 | 	2	 | 	2,24
  0	 | 	23	 | 	39,46
  1	 | 	2	 | 	2,24
  1	 | 	12	 | 	24,00
  1	 | 	17	 | 	26,02
  1	 | 	19	 | 	36,35
  2	 | 	11	 | 	26,48
  2	 | 	19	 | 	38,21
  2	 | 	24	 | 	36,22
  3	 | 	12	 | 	27,29
  3	 | 	20	 | 	35,69
  4	 | 	6	 | 	4,47
  4	 | 	14	 | 	13,93
  5	 | 	6	 | 	6,32
  5	 | 	18	 | 	22,02
  6	 | 	11	 | 	19,10
  7	 | 	9	 | 	2,00
  7	 | 	10	 | 	2,83
  8	 | 	9	 | 	3,61
  8	 | 	10	 | 	2,24
  8	 | 	14	 | 	11,00
  8	 | 	23	 | 	27,00
  11	 | 	12	 | 	4,00
  11	 | 	23	 | 	12,04
  12	 | 	13	 | 	4,12
  12	 | 	23	 | 	12,37
  13	 | 	15	 | 	5,39
  14	 | 	15	 | 	7,28
  14	 | 	16	 | 	5,39
  19	 | 	21	 | 	6,71
  19	 | 	22	 | 	2,00
  20	 | 	22	 | 	2,83
  21	 | 	24	 | 	2,24
  1	 | 	14	 | 	20,22
  8	 | 	18	 | 	20,88
  9	 | 	21	 | 	21,00
  7	 | 	11	 | 	12,04
  3	 | 	10	 | 	13,34
___________________________
Simulation Topology [2:6]
___________________________
From 	  To 		Length
___________________________
  0	 | 	2	 | 	2,24
  0	 | 	23	 | 	39,46
  1	 | 	2	 | 	2,24
  1	 | 	12	 | 	24,00
  1	 | 	17	 | 	26,02
  1	 | 	19	 | 	36,35
  2	 | 	11	 | 	26,48
  2	 | 	19	 | 	38,21
  2	 | 	24	 | 	36,22
  3	 | 	12	 | 	27,29
  3	 | 	20	 | 	35,69
  4	 | 	6	 | 	4,47
  4	 | 	14	 | 	13,93
  5	 | 	6	 | 	6,32
  5	 | 	18	 | 	22,02
  6	 | 	11	 | 	19,10
  7	 | 	9	 | 	2,00
  7	 | 	10	 | 	2,83
  8	 | 	9	 | 	3,61
  8	 | 	10	 | 	2,24
  8	 | 	14	 | 	11,00
  8	 | 	23	 | 	27,00
  11	 | 	12	 | 	4,00
  11	 | 	23	 | 	12,04
  12	 | 	13	 | 	4,12
  12	 | 	23	 | 	12,37
  13	 | 	15	 | 	5,39
  14	 | 	15	 | 	7,28
  14	 | 	16	 | 	5,39
  19	 | 	21	 | 	6,71
  19	 | 	22	 | 	2,00
  20	 | 	22	 | 	2,83
  21	 | 	24	 | 	2,24
  1	 | 	14	 | 	20,22
  8	 | 	18	 | 	20,88
  9	 | 	21	 | 	21,00
  7	 | 	11	 | 	12,04
  3	 | 	10	 | 	13,34
  3	 | 	13	 | 	23,19
___________________________
Simulation Topology [2:7]
___________________________
From 	  To 		Length
___________________________
  0	 | 	2	 | 	2,24
  0	 | 	23	 | 	39,46
  1	 | 	2	 | 	2,24
  1	 | 	12	 | 	24,00
  1	 | 	17	 | 	26,02
  1	 | 	19	 | 	36,35
  2	 | 	11	 | 	26,48
  2	 | 	19	 | 	38,21
  2	 | 	24	 | 	36,22
  3	 | 	12	 | 	27,29
  3	 | 	20	 | 	35,69
  4	 | 	6	 | 	4,47
  4	 | 	14	 | 	13,93
  5	 | 	6	 | 	6,32
  5	 | 	18	 | 	22,02
  6	 | 	11	 | 	19,10
  7	 | 	9	 | 	2,00
  7	 | 	10	 | 	2,83
  8	 | 	9	 | 	3,61
  8	 | 	10	 | 	2,24
  8	 | 	14	 | 	11,00
  8	 | 	23	 | 	27,00
  11	 | 	12	 | 	4,00
  11	 | 	23	 | 	12,04
  12	 | 	13	 | 	4,12
  12	 | 	23	 | 	12,37
  13	 | 	15	 | 	5,39
  14	 | 	15	 | 	7,28
  14	 | 	16	 | 	5,39
  19	 | 	21	 | 	6,71
  19	 | 	22	 | 	2,00
  20	 | 	22	 | 	2,83
  21	 | 	24	 | 	2,24
  1	 | 	14	 | 	20,22
  8	 | 	18	 | 	20,88
  9	 | 	21	 | 	21,00
  7	 | 	11	 | 	12,04
  3	 | 	10	 | 	13,34
  3	 | 	13	 | 	23,19
  7	 | 	13	 | 	8,25
___________________________
Simulation Topology [2:8]
___________________________
From 	  To 		Length
___________________________
  0	 | 	2	 | 	2,24
  0	 | 	23	 | 	39,46
  1	 | 	2	 | 	2,24
  1	 | 	12	 | 	24,00
  1	 | 	17	 | 	26,02
  1	 | 	19	 | 	36,35
  2	 | 	11	 | 	26,48
  2	 | 	19	 | 	38,21
  2	 | 	24	 | 	36,22
  3	 | 	12	 | 	27,29
  3	 | 	20	 | 	35,69
  4	 | 	6	 | 	4,47
  4	 | 	14	 | 	13,93
  5	 | 	6	 | 	6,32
  5	 | 	18	 | 	22,02
  6	 | 	11	 | 	19,10
  7	 | 	9	 | 	2,00
  7	 | 	10	 | 	2,83
  8	 | 	9	 | 	3,61
  8	 | 	10	 | 	2,24
  8	 | 	14	 | 	11,00
  8	 | 	23	 | 	27,00
  11	 | 	12	 | 	4,00
  11	 | 	23	 | 	12,04
  12	 | 	13	 | 	4,12
  12	 | 	23	 | 	12,37
  13	 | 	15	 | 	5,39
  14	 | 	15	 | 	7,28
  14	 | 	16	 | 	5,39
  19	 | 	21	 | 	6,71
  19	 | 	22	 | 	2,00
  20	 | 	22	 | 	2,83
  21	 | 	24	 | 	2,24
  1	 | 	14	 | 	20,22
  8	 | 	18	 | 	20,88
  9	 | 	21	 | 	21,00
  7	 | 	11	 | 	12,04
  3	 | 	10	 | 	13,34
  3	 | 	13	 | 	23,19
  7	 | 	13	 | 	8,25
  13	 | 	23	 | 	16,12
___________________________
Simulation Topology [2:9]
___________________________
From 	  To 		Length
___________________________
  0	 | 	2	 | 	2,24
  0	 | 	23	 | 	39,46
  1	 | 	2	 | 	2,24
  1	 | 	12	 | 	24,00
  1	 | 	17	 | 	26,02
  1	 | 	19	 | 	36,35
  2	 | 	11	 | 	26,48
  2	 | 	19	 | 	38,21
  2	 | 	24	 | 	36,22
  3	 | 	12	 | 	27,29
  3	 | 	20	 | 	35,69
  4	 | 	6	 | 	4,47
  4	 | 	14	 | 	13,93
  5	 | 	6	 | 	6,32
  5	 | 	18	 | 	22,02
  6	 | 	11	 | 	19,10
  7	 | 	9	 | 	2,00
  7	 | 	10	 | 	2,83
  8	 | 	9	 | 	3,61
  8	 | 	10	 | 	2,24
  8	 | 	14	 | 	11,00
  8	 | 	23	 | 	27,00
  11	 | 	12	 | 	4,00
  11	 | 	23	 | 	12,04
  12	 | 	13	 | 	4,12
  12	 | 	23	 | 	12,37
  13	 | 	15	 | 	5,39
  14	 | 	15	 | 	7,28
  14	 | 	16	 | 	5,39
  19	 | 	21	 | 	6,71
  19	 | 	22	 | 	2,00
  20	 | 	22	 | 	2,83
  21	 | 	24	 | 	2,24
  1	 | 	14	 | 	20,22
  8	 | 	18	 | 	20,88
  9	 | 	21	 | 	21,00
  7	 | 	11	 | 	12,04
  3	 | 	10	 | 	13,34
  3	 | 	13	 | 	23,19
  7	 | 	13	 | 	8,25
  13	 | 	23	 | 	16,12
  15	 | 	22	 | 	12,04
___________________________
Simulation Topology [2:10]
___________________________
From 	  To 		Length
___________________________
  0	 | 	2	 | 	2,24
  0	 | 	23	 | 	39,46
  1	 | 	2	 | 	2,24
  1	 | 	12	 | 	24,00
  1	 | 	17	 | 	26,02
  1	 | 	19	 | 	36,35
  2	 | 	11	 | 	26,48
  2	 | 	19	 | 	38,21
  2	 | 	24	 | 	36,22
  3	 | 	12	 | 	27,29
  3	 | 	20	 | 	35,69
  4	 | 	6	 | 	4,47
  4	 | 	14	 | 	13,93
  5	 | 	6	 | 	6,32
  5	 | 	18	 | 	22,02
  6	 | 	11	 | 	19,10
  7	 | 	9	 | 	2,00
  7	 | 	10	 | 	2,83
  8	 | 	9	 | 	3,61
  8	 | 	10	 | 	2,24
  8	 | 	14	 | 	11,00
  8	 | 	23	 | 	27,00
  11	 | 	12	 | 	4,00
  11	 | 	23	 | 	12,04
  12	 | 	13	 | 	4,12
  12	 | 	23	 | 	12,37
  13	 | 	15	 | 	5,39
  14	 | 	15	 | 	7,28
  14	 | 	16	 | 	5,39
  19	 | 	21	 | 	6,71
  19	 | 	22	 | 	2,00
  20	 | 	22	 | 	2,83
  21	 | 	24	 | 	2,24
  1	 | 	14	 | 	20,22
  8	 | 	18	 | 	20,88
  9	 | 	21	 | 	21,00
  7	 | 	11	 | 	12,04
  3	 | 	10	 | 	13,34
  3	 | 	13	 | 	23,19
  7	 | 	13	 | 	8,25
  13	 | 	23	 | 	16,12
  15	 | 	22	 | 	12,04
  4	 | 	10	 | 	4,24
___________________________
Simulation Topology [2:11]
___________________________
From 	  To 		Length
___________________________
  0	 | 	2	 | 	2,24
  0	 | 	23	 | 	39,46
  1	 | 	2	 | 	2,24
  1	 | 	12	 | 	24,00
  1	 | 	17	 | 	26,02
  1	 | 	19	 | 	36,35
  2	 | 	11	 | 	26,48
  2	 | 	19	 | 	38,21
  2	 | 	24	 | 	36,22
  3	 | 	12	 | 	27,29
  3	 | 	20	 | 	35,69
  4	 | 	6	 | 	4,47
  4	 | 	14	 | 	13,93
  5	 | 	6	 | 	6,32
  5	 | 	18	 | 	22,02
  6	 | 	11	 | 	19,10
  7	 | 	9	 | 	2,00
  7	 | 	10	 | 	2,83
  8	 | 	9	 | 	3,61
  8	 | 	10	 | 	2,24
  8	 | 	14	 | 	11,00
  8	 | 	23	 | 	27,00
  11	 | 	12	 | 	4,00
  11	 | 	23	 | 	12,04
  12	 | 	13	 | 	4,12
  12	 | 	23	 | 	12,37
  13	 | 	15	 | 	5,39
  14	 | 	15	 | 	7,28
  14	 | 	16	 | 	5,39
  19	 | 	21	 | 	6,71
  19	 | 	22	 | 	2,00
  20	 | 	22	 | 	2,83
  21	 | 	24	 | 	2,24
  1	 | 	14	 | 	20,22
  8	 | 	18	 | 	20,88
  9	 | 	21	 | 	21,00
  7	 | 	11	 | 	12,04
  3	 | 	10	 | 	13,34
  3	 | 	13	 | 	23,19
  7	 | 	13	 | 	8,25
  13	 | 	23	 | 	16,12
  15	 | 	22	 | 	12,04
  4	 | 	10	 | 	4,24
  6	 | 	9	 | 	7,07
___________________________
