Simulation Topology 1
___________________________
[5]				[2]		
[1]				[0]		
[2]				[5]		
[7]				[2]		
[6]				[6]		
[6]				[4]		
[5]				[12]		
[5]				[18]		
[9]				[16]		
[0]				[19]		
[3]				[17]		
[8]				[20]		
[5]				[22]		
[0]				[16]		
[9]				[25]		
[5]				[28]		
[6]				[26]		
[4]				[34]		
[3]				[46]		
[0]				[44]		
[8]				[44]		
[6]				[41]		
[4]				[52]		
[6]				[48]		
[2]				[53]		
[3]				[55]		
[7]				[53]		
[2]				[57]		
[9]				[63]		
[4]				[59]		
[6]				[59]		
[8]				[69]		
[3]				[65]		
[0]				[66]		
[6]				[71]		
[6]				[64]		
[0]				[77]		
[1]				[74]		
[1]				[72]		
[5]				[77]		
___________________________
Simulation Topology [1:4]
___________________________
From 	  To 		Length
___________________________
  0	 | 	1	 | 	4,47
  0	 | 	4	 | 	4,12
  0	 | 	10	 | 	15,13
  0	 | 	28	 | 	61,13
  1	 | 	2	 | 	5,10
  1	 | 	5	 | 	6,40
  1	 | 	23	 | 	48,26
  2	 | 	3	 | 	5,83
  2	 | 	4	 | 	4,12
  2	 | 	18	 | 	41,01
  3	 | 	5	 | 	2,24
  3	 | 	25	 | 	53,15
  4	 | 	5	 | 	2,00
  4	 | 	11	 | 	14,14
  5	 | 	22	 | 	48,04
  6	 | 	17	 | 	22,02
  6	 | 	19	 | 	32,39
  7	 | 	8	 | 	4,47
  7	 | 	31	 | 	51,09
  7	 | 	34	 | 	53,01
  8	 | 	16	 | 	10,44
  9	 | 	12	 | 	5,83
  9	 | 	39	 | 	58,22
  10	 | 	25	 | 	38,00
  10	 | 	39	 | 	60,03
  13	 | 	15	 | 	13,00
  14	 | 	15	 | 	5,00
  14	 | 	21	 | 	16,28
  16	 | 	17	 | 	8,25
  17	 | 	21	 | 	7,28
  19	 | 	33	 | 	22,00
  20	 | 	23	 | 	4,47
  20	 | 	24	 | 	10,82
  20	 | 	28	 | 	19,03
  21	 | 	28	 | 	22,20
  22	 | 	23	 | 	4,47
  24	 | 	38	 | 	19,03
  24	 | 	39	 | 	24,19
  25	 | 	26	 | 	4,47
  25	 | 	27	 | 	2,24
  28	 | 	31	 | 	6,08
  29	 | 	30	 | 	2,00
  30	 | 	31	 | 	10,20
  30	 | 	37	 | 	15,81
  31	 | 	32	 | 	6,40
  32	 | 	33	 | 	3,16
  34	 | 	35	 | 	7,00
  34	 | 	37	 | 	5,83
  36	 | 	37	 | 	3,16
___________________________
Simulation Topology [1:5]
___________________________
From 	  To 		Length
___________________________
  0	 | 	1	 | 	4,47
  0	 | 	4	 | 	4,12
  0	 | 	10	 | 	15,13
  0	 | 	28	 | 	61,13
  1	 | 	2	 | 	5,10
  1	 | 	5	 | 	6,40
  1	 | 	23	 | 	48,26
  2	 | 	3	 | 	5,83
  2	 | 	4	 | 	4,12
  2	 | 	18	 | 	41,01
  3	 | 	5	 | 	2,24
  3	 | 	25	 | 	53,15
  4	 | 	5	 | 	2,00
  4	 | 	11	 | 	14,14
  5	 | 	22	 | 	48,04
  6	 | 	17	 | 	22,02
  6	 | 	19	 | 	32,39
  7	 | 	8	 | 	4,47
  7	 | 	31	 | 	51,09
  7	 | 	34	 | 	53,01
  8	 | 	16	 | 	10,44
  9	 | 	12	 | 	5,83
  9	 | 	39	 | 	58,22
  10	 | 	25	 | 	38,00
  10	 | 	39	 | 	60,03
  13	 | 	15	 | 	13,00
  14	 | 	15	 | 	5,00
  14	 | 	21	 | 	16,28
  16	 | 	17	 | 	8,25
  17	 | 	21	 | 	7,28
  19	 | 	33	 | 	22,00
  20	 | 	23	 | 	4,47
  20	 | 	24	 | 	10,82
  20	 | 	28	 | 	19,03
  21	 | 	28	 | 	22,20
  22	 | 	23	 | 	4,47
  24	 | 	38	 | 	19,03
  24	 | 	39	 | 	24,19
  25	 | 	26	 | 	4,47
  25	 | 	27	 | 	2,24
  28	 | 	31	 | 	6,08
  29	 | 	30	 | 	2,00
  30	 | 	31	 | 	10,20
  30	 | 	37	 | 	15,81
  31	 | 	32	 | 	6,40
  32	 | 	33	 | 	3,16
  34	 | 	35	 | 	7,00
  34	 | 	37	 | 	5,83
  36	 | 	37	 | 	3,16
  19	 | 	21	 | 	6,71
___________________________
Simulation Topology [1:6]
___________________________
From 	  To 		Length
___________________________
  0	 | 	1	 | 	4,47
  0	 | 	4	 | 	4,12
  0	 | 	10	 | 	15,13
  0	 | 	28	 | 	61,13
  1	 | 	2	 | 	5,10
  1	 | 	5	 | 	6,40
  1	 | 	23	 | 	48,26
  2	 | 	3	 | 	5,83
  2	 | 	4	 | 	4,12
  2	 | 	18	 | 	41,01
  3	 | 	5	 | 	2,24
  3	 | 	25	 | 	53,15
  4	 | 	5	 | 	2,00
  4	 | 	11	 | 	14,14
  5	 | 	22	 | 	48,04
  6	 | 	17	 | 	22,02
  6	 | 	19	 | 	32,39
  7	 | 	8	 | 	4,47
  7	 | 	31	 | 	51,09
  7	 | 	34	 | 	53,01
  8	 | 	16	 | 	10,44
  9	 | 	12	 | 	5,83
  9	 | 	39	 | 	58,22
  10	 | 	25	 | 	38,00
  10	 | 	39	 | 	60,03
  13	 | 	15	 | 	13,00
  14	 | 	15	 | 	5,00
  14	 | 	21	 | 	16,28
  16	 | 	17	 | 	8,25
  17	 | 	21	 | 	7,28
  19	 | 	33	 | 	22,00
  20	 | 	23	 | 	4,47
  20	 | 	24	 | 	10,82
  20	 | 	28	 | 	19,03
  21	 | 	28	 | 	22,20
  22	 | 	23	 | 	4,47
  24	 | 	38	 | 	19,03
  24	 | 	39	 | 	24,19
  25	 | 	26	 | 	4,47
  25	 | 	27	 | 	2,24
  28	 | 	31	 | 	6,08
  29	 | 	30	 | 	2,00
  30	 | 	31	 | 	10,20
  30	 | 	37	 | 	15,81
  31	 | 	32	 | 	6,40
  32	 | 	33	 | 	3,16
  34	 | 	35	 | 	7,00
  34	 | 	37	 | 	5,83
  36	 | 	37	 | 	3,16
  19	 | 	21	 | 	6,71
  12	 | 	26	 | 	31,06
___________________________
Simulation Topology [1:7]
___________________________
From 	  To 		Length
___________________________
  0	 | 	1	 | 	4,47
  0	 | 	4	 | 	4,12
  0	 | 	10	 | 	15,13
  0	 | 	28	 | 	61,13
  1	 | 	2	 | 	5,10
  1	 | 	5	 | 	6,40
  1	 | 	23	 | 	48,26
  2	 | 	3	 | 	5,83
  2	 | 	4	 | 	4,12
  2	 | 	18	 | 	41,01
  3	 | 	5	 | 	2,24
  3	 | 	25	 | 	53,15
  4	 | 	5	 | 	2,00
  4	 | 	11	 | 	14,14
  5	 | 	22	 | 	48,04
  6	 | 	17	 | 	22,02
  6	 | 	19	 | 	32,39
  7	 | 	8	 | 	4,47
  7	 | 	31	 | 	51,09
  7	 | 	34	 | 	53,01
  8	 | 	16	 | 	10,44
  9	 | 	12	 | 	5,83
  9	 | 	39	 | 	58,22
  10	 | 	25	 | 	38,00
  10	 | 	39	 | 	60,03
  13	 | 	15	 | 	13,00
  14	 | 	15	 | 	5,00
  14	 | 	21	 | 	16,28
  16	 | 	17	 | 	8,25
  17	 | 	21	 | 	7,28
  19	 | 	33	 | 	22,00
  20	 | 	23	 | 	4,47
  20	 | 	24	 | 	10,82
  20	 | 	28	 | 	19,03
  21	 | 	28	 | 	22,20
  22	 | 	23	 | 	4,47
  24	 | 	38	 | 	19,03
  24	 | 	39	 | 	24,19
  25	 | 	26	 | 	4,47
  25	 | 	27	 | 	2,24
  28	 | 	31	 | 	6,08
  29	 | 	30	 | 	2,00
  30	 | 	31	 | 	10,20
  30	 | 	37	 | 	15,81
  31	 | 	32	 | 	6,40
  32	 | 	33	 | 	3,16
  34	 | 	35	 | 	7,00
  34	 | 	37	 | 	5,83
  36	 | 	37	 | 	3,16
  19	 | 	21	 | 	6,71
  12	 | 	26	 | 	31,06
  26	 | 	29	 | 	6,71
___________________________
Simulation Topology [1:8]
___________________________
From 	  To 		Length
___________________________
  0	 | 	1	 | 	4,47
  0	 | 	4	 | 	4,12
  0	 | 	10	 | 	15,13
  0	 | 	28	 | 	61,13
  1	 | 	2	 | 	5,10
  1	 | 	5	 | 	6,40
  1	 | 	23	 | 	48,26
  2	 | 	3	 | 	5,83
  2	 | 	4	 | 	4,12
  2	 | 	18	 | 	41,01
  3	 | 	5	 | 	2,24
  3	 | 	25	 | 	53,15
  4	 | 	5	 | 	2,00
  4	 | 	11	 | 	14,14
  5	 | 	22	 | 	48,04
  6	 | 	17	 | 	22,02
  6	 | 	19	 | 	32,39
  7	 | 	8	 | 	4,47
  7	 | 	31	 | 	51,09
  7	 | 	34	 | 	53,01
  8	 | 	16	 | 	10,44
  9	 | 	12	 | 	5,83
  9	 | 	39	 | 	58,22
  10	 | 	25	 | 	38,00
  10	 | 	39	 | 	60,03
  13	 | 	15	 | 	13,00
  14	 | 	15	 | 	5,00
  14	 | 	21	 | 	16,28
  16	 | 	17	 | 	8,25
  17	 | 	21	 | 	7,28
  19	 | 	33	 | 	22,00
  20	 | 	23	 | 	4,47
  20	 | 	24	 | 	10,82
  20	 | 	28	 | 	19,03
  21	 | 	28	 | 	22,20
  22	 | 	23	 | 	4,47
  24	 | 	38	 | 	19,03
  24	 | 	39	 | 	24,19
  25	 | 	26	 | 	4,47
  25	 | 	27	 | 	2,24
  28	 | 	31	 | 	6,08
  29	 | 	30	 | 	2,00
  30	 | 	31	 | 	10,20
  30	 | 	37	 | 	15,81
  31	 | 	32	 | 	6,40
  32	 | 	33	 | 	3,16
  34	 | 	35	 | 	7,00
  34	 | 	37	 | 	5,83
  36	 | 	37	 | 	3,16
  19	 | 	21	 | 	6,71
  12	 | 	26	 | 	31,06
  26	 | 	29	 | 	6,71
  12	 | 	19	 | 	22,56
___________________________
Simulation Topology [1:9]
___________________________
From 	  To 		Length
___________________________
  0	 | 	1	 | 	4,47
  0	 | 	4	 | 	4,12
  0	 | 	10	 | 	15,13
  0	 | 	28	 | 	61,13
  1	 | 	2	 | 	5,10
  1	 | 	5	 | 	6,40
  1	 | 	23	 | 	48,26
  2	 | 	3	 | 	5,83
  2	 | 	4	 | 	4,12
  2	 | 	18	 | 	41,01
  3	 | 	5	 | 	2,24
  3	 | 	25	 | 	53,15
  4	 | 	5	 | 	2,00
  4	 | 	11	 | 	14,14
  5	 | 	22	 | 	48,04
  6	 | 	17	 | 	22,02
  6	 | 	19	 | 	32,39
  7	 | 	8	 | 	4,47
  7	 | 	31	 | 	51,09
  7	 | 	34	 | 	53,01
  8	 | 	16	 | 	10,44
  9	 | 	12	 | 	5,83
  9	 | 	39	 | 	58,22
  10	 | 	25	 | 	38,00
  10	 | 	39	 | 	60,03
  13	 | 	15	 | 	13,00
  14	 | 	15	 | 	5,00
  14	 | 	21	 | 	16,28
  16	 | 	17	 | 	8,25
  17	 | 	21	 | 	7,28
  19	 | 	33	 | 	22,00
  20	 | 	23	 | 	4,47
  20	 | 	24	 | 	10,82
  20	 | 	28	 | 	19,03
  21	 | 	28	 | 	22,20
  22	 | 	23	 | 	4,47
  24	 | 	38	 | 	19,03
  24	 | 	39	 | 	24,19
  25	 | 	26	 | 	4,47
  25	 | 	27	 | 	2,24
  28	 | 	31	 | 	6,08
  29	 | 	30	 | 	2,00
  30	 | 	31	 | 	10,20
  30	 | 	37	 | 	15,81
  31	 | 	32	 | 	6,40
  32	 | 	33	 | 	3,16
  34	 | 	35	 | 	7,00
  34	 | 	37	 | 	5,83
  36	 | 	37	 | 	3,16
  19	 | 	21	 | 	6,71
  12	 | 	26	 | 	31,06
  26	 | 	29	 | 	6,71
  12	 | 	19	 | 	22,56
  26	 | 	39	 | 	24,08
___________________________
Simulation Topology [1:10]
___________________________
From 	  To 		Length
___________________________
  0	 | 	1	 | 	4,47
  0	 | 	4	 | 	4,12
  0	 | 	10	 | 	15,13
  0	 | 	28	 | 	61,13
  1	 | 	2	 | 	5,10
  1	 | 	5	 | 	6,40
  1	 | 	23	 | 	48,26
  2	 | 	3	 | 	5,83
  2	 | 	4	 | 	4,12
  2	 | 	18	 | 	41,01
  3	 | 	5	 | 	2,24
  3	 | 	25	 | 	53,15
  4	 | 	5	 | 	2,00
  4	 | 	11	 | 	14,14
  5	 | 	22	 | 	48,04
  6	 | 	17	 | 	22,02
  6	 | 	19	 | 	32,39
  7	 | 	8	 | 	4,47
  7	 | 	31	 | 	51,09
  7	 | 	34	 | 	53,01
  8	 | 	16	 | 	10,44
  9	 | 	12	 | 	5,83
  9	 | 	39	 | 	58,22
  10	 | 	25	 | 	38,00
  10	 | 	39	 | 	60,03
  13	 | 	15	 | 	13,00
  14	 | 	15	 | 	5,00
  14	 | 	21	 | 	16,28
  16	 | 	17	 | 	8,25
  17	 | 	21	 | 	7,28
  19	 | 	33	 | 	22,00
  20	 | 	23	 | 	4,47
  20	 | 	24	 | 	10,82
  20	 | 	28	 | 	19,03
  21	 | 	28	 | 	22,20
  22	 | 	23	 | 	4,47
  24	 | 	38	 | 	19,03
  24	 | 	39	 | 	24,19
  25	 | 	26	 | 	4,47
  25	 | 	27	 | 	2,24
  28	 | 	31	 | 	6,08
  29	 | 	30	 | 	2,00
  30	 | 	31	 | 	10,20
  30	 | 	37	 | 	15,81
  31	 | 	32	 | 	6,40
  32	 | 	33	 | 	3,16
  34	 | 	35	 | 	7,00
  34	 | 	37	 | 	5,83
  36	 | 	37	 | 	3,16
  19	 | 	21	 | 	6,71
  12	 | 	26	 | 	31,06
  26	 | 	29	 | 	6,71
  12	 | 	19	 | 	22,56
  26	 | 	39	 | 	24,08
  23	 | 	29	 | 	11,18
___________________________
Simulation Topology [1:11]
___________________________
From 	  To 		Length
___________________________
  0	 | 	1	 | 	4,47
  0	 | 	4	 | 	4,12
  0	 | 	10	 | 	15,13
  0	 | 	28	 | 	61,13
  1	 | 	2	 | 	5,10
  1	 | 	5	 | 	6,40
  1	 | 	23	 | 	48,26
  2	 | 	3	 | 	5,83
  2	 | 	4	 | 	4,12
  2	 | 	18	 | 	41,01
  3	 | 	5	 | 	2,24
  3	 | 	25	 | 	53,15
  4	 | 	5	 | 	2,00
  4	 | 	11	 | 	14,14
  5	 | 	22	 | 	48,04
  6	 | 	17	 | 	22,02
  6	 | 	19	 | 	32,39
  7	 | 	8	 | 	4,47
  7	 | 	31	 | 	51,09
  7	 | 	34	 | 	53,01
  8	 | 	16	 | 	10,44
  9	 | 	12	 | 	5,83
  9	 | 	39	 | 	58,22
  10	 | 	25	 | 	38,00
  10	 | 	39	 | 	60,03
  13	 | 	15	 | 	13,00
  14	 | 	15	 | 	5,00
  14	 | 	21	 | 	16,28
  16	 | 	17	 | 	8,25
  17	 | 	21	 | 	7,28
  19	 | 	33	 | 	22,00
  20	 | 	23	 | 	4,47
  20	 | 	24	 | 	10,82
  20	 | 	28	 | 	19,03
  21	 | 	28	 | 	22,20
  22	 | 	23	 | 	4,47
  24	 | 	38	 | 	19,03
  24	 | 	39	 | 	24,19
  25	 | 	26	 | 	4,47
  25	 | 	27	 | 	2,24
  28	 | 	31	 | 	6,08
  29	 | 	30	 | 	2,00
  30	 | 	31	 | 	10,20
  30	 | 	37	 | 	15,81
  31	 | 	32	 | 	6,40
  32	 | 	33	 | 	3,16
  34	 | 	35	 | 	7,00
  34	 | 	37	 | 	5,83
  36	 | 	37	 | 	3,16
  19	 | 	21	 | 	6,71
  12	 | 	26	 | 	31,06
  26	 | 	29	 | 	6,71
  12	 | 	19	 | 	22,56
  26	 | 	39	 | 	24,08
  23	 | 	29	 | 	11,18
  7	 | 	36	 | 	59,21
___________________________
Simulation Topology [1:12]
___________________________
From 	  To 		Length
___________________________
  0	 | 	1	 | 	4,47
  0	 | 	4	 | 	4,12
  0	 | 	10	 | 	15,13
  0	 | 	28	 | 	61,13
  1	 | 	2	 | 	5,10
  1	 | 	5	 | 	6,40
  1	 | 	23	 | 	48,26
  2	 | 	3	 | 	5,83
  2	 | 	4	 | 	4,12
  2	 | 	18	 | 	41,01
  3	 | 	5	 | 	2,24
  3	 | 	25	 | 	53,15
  4	 | 	5	 | 	2,00
  4	 | 	11	 | 	14,14
  5	 | 	22	 | 	48,04
  6	 | 	17	 | 	22,02
  6	 | 	19	 | 	32,39
  7	 | 	8	 | 	4,47
  7	 | 	31	 | 	51,09
  7	 | 	34	 | 	53,01
  8	 | 	16	 | 	10,44
  9	 | 	12	 | 	5,83
  9	 | 	39	 | 	58,22
  10	 | 	25	 | 	38,00
  10	 | 	39	 | 	60,03
  13	 | 	15	 | 	13,00
  14	 | 	15	 | 	5,00
  14	 | 	21	 | 	16,28
  16	 | 	17	 | 	8,25
  17	 | 	21	 | 	7,28
  19	 | 	33	 | 	22,00
  20	 | 	23	 | 	4,47
  20	 | 	24	 | 	10,82
  20	 | 	28	 | 	19,03
  21	 | 	28	 | 	22,20
  22	 | 	23	 | 	4,47
  24	 | 	38	 | 	19,03
  24	 | 	39	 | 	24,19
  25	 | 	26	 | 	4,47
  25	 | 	27	 | 	2,24
  28	 | 	31	 | 	6,08
  29	 | 	30	 | 	2,00
  30	 | 	31	 | 	10,20
  30	 | 	37	 | 	15,81
  31	 | 	32	 | 	6,40
  32	 | 	33	 | 	3,16
  34	 | 	35	 | 	7,00
  34	 | 	37	 | 	5,83
  36	 | 	37	 | 	3,16
  19	 | 	21	 | 	6,71
  12	 | 	26	 | 	31,06
  26	 | 	29	 | 	6,71
  12	 | 	19	 | 	22,56
  26	 | 	39	 | 	24,08
  23	 | 	29	 | 	11,18
  7	 | 	36	 | 	59,21
  10	 | 	14	 | 	10,00
___________________________
Simulation Topology [1:13]
___________________________
From 	  To 		Length
___________________________
  0	 | 	1	 | 	4,47
  0	 | 	4	 | 	4,12
  0	 | 	10	 | 	15,13
  0	 | 	28	 | 	61,13
  1	 | 	2	 | 	5,10
  1	 | 	5	 | 	6,40
  1	 | 	23	 | 	48,26
  2	 | 	3	 | 	5,83
  2	 | 	4	 | 	4,12
  2	 | 	18	 | 	41,01
  3	 | 	5	 | 	2,24
  3	 | 	25	 | 	53,15
  4	 | 	5	 | 	2,00
  4	 | 	11	 | 	14,14
  5	 | 	22	 | 	48,04
  6	 | 	17	 | 	22,02
  6	 | 	19	 | 	32,39
  7	 | 	8	 | 	4,47
  7	 | 	31	 | 	51,09
  7	 | 	34	 | 	53,01
  8	 | 	16	 | 	10,44
  9	 | 	12	 | 	5,83
  9	 | 	39	 | 	58,22
  10	 | 	25	 | 	38,00
  10	 | 	39	 | 	60,03
  13	 | 	15	 | 	13,00
  14	 | 	15	 | 	5,00
  14	 | 	21	 | 	16,28
  16	 | 	17	 | 	8,25
  17	 | 	21	 | 	7,28
  19	 | 	33	 | 	22,00
  20	 | 	23	 | 	4,47
  20	 | 	24	 | 	10,82
  20	 | 	28	 | 	19,03
  21	 | 	28	 | 	22,20
  22	 | 	23	 | 	4,47
  24	 | 	38	 | 	19,03
  24	 | 	39	 | 	24,19
  25	 | 	26	 | 	4,47
  25	 | 	27	 | 	2,24
  28	 | 	31	 | 	6,08
  29	 | 	30	 | 	2,00
  30	 | 	31	 | 	10,20
  30	 | 	37	 | 	15,81
  31	 | 	32	 | 	6,40
  32	 | 	33	 | 	3,16
  34	 | 	35	 | 	7,00
  34	 | 	37	 | 	5,83
  36	 | 	37	 | 	3,16
  19	 | 	21	 | 	6,71
  12	 | 	26	 | 	31,06
  26	 | 	29	 | 	6,71
  12	 | 	19	 | 	22,56
  26	 | 	39	 | 	24,08
  23	 | 	29	 | 	11,18
  7	 | 	36	 | 	59,21
  10	 | 	14	 | 	10,00
  11	 | 	36	 | 	57,56
___________________________
Simulation Topology [1:14]
___________________________
From 	  To 		Length
___________________________
  0	 | 	1	 | 	4,47
  0	 | 	4	 | 	4,12
  0	 | 	10	 | 	15,13
  0	 | 	28	 | 	61,13
  1	 | 	2	 | 	5,10
  1	 | 	5	 | 	6,40
  1	 | 	23	 | 	48,26
  2	 | 	3	 | 	5,83
  2	 | 	4	 | 	4,12
  2	 | 	18	 | 	41,01
  3	 | 	5	 | 	2,24
  3	 | 	25	 | 	53,15
  4	 | 	5	 | 	2,00
  4	 | 	11	 | 	14,14
  5	 | 	22	 | 	48,04
  6	 | 	17	 | 	22,02
  6	 | 	19	 | 	32,39
  7	 | 	8	 | 	4,47
  7	 | 	31	 | 	51,09
  7	 | 	34	 | 	53,01
  8	 | 	16	 | 	10,44
  9	 | 	12	 | 	5,83
  9	 | 	39	 | 	58,22
  10	 | 	25	 | 	38,00
  10	 | 	39	 | 	60,03
  13	 | 	15	 | 	13,00
  14	 | 	15	 | 	5,00
  14	 | 	21	 | 	16,28
  16	 | 	17	 | 	8,25
  17	 | 	21	 | 	7,28
  19	 | 	33	 | 	22,00
  20	 | 	23	 | 	4,47
  20	 | 	24	 | 	10,82
  20	 | 	28	 | 	19,03
  21	 | 	28	 | 	22,20
  22	 | 	23	 | 	4,47
  24	 | 	38	 | 	19,03
  24	 | 	39	 | 	24,19
  25	 | 	26	 | 	4,47
  25	 | 	27	 | 	2,24
  28	 | 	31	 | 	6,08
  29	 | 	30	 | 	2,00
  30	 | 	31	 | 	10,20
  30	 | 	37	 | 	15,81
  31	 | 	32	 | 	6,40
  32	 | 	33	 | 	3,16
  34	 | 	35	 | 	7,00
  34	 | 	37	 | 	5,83
  36	 | 	37	 | 	3,16
  19	 | 	21	 | 	6,71
  12	 | 	26	 | 	31,06
  26	 | 	29	 | 	6,71
  12	 | 	19	 | 	22,56
  26	 | 	39	 | 	24,08
  23	 | 	29	 | 	11,18
  7	 | 	36	 | 	59,21
  10	 | 	14	 | 	10,00
  11	 | 	36	 | 	57,56
  12	 | 	18	 | 	24,08
___________________________
Simulation Topology [1:15]
___________________________
From 	  To 		Length
___________________________
  0	 | 	1	 | 	4,47
  0	 | 	4	 | 	4,12
  0	 | 	10	 | 	15,13
  0	 | 	28	 | 	61,13
  1	 | 	2	 | 	5,10
  1	 | 	5	 | 	6,40
  1	 | 	23	 | 	48,26
  2	 | 	3	 | 	5,83
  2	 | 	4	 | 	4,12
  2	 | 	18	 | 	41,01
  3	 | 	5	 | 	2,24
  3	 | 	25	 | 	53,15
  4	 | 	5	 | 	2,00
  4	 | 	11	 | 	14,14
  5	 | 	22	 | 	48,04
  6	 | 	17	 | 	22,02
  6	 | 	19	 | 	32,39
  7	 | 	8	 | 	4,47
  7	 | 	31	 | 	51,09
  7	 | 	34	 | 	53,01
  8	 | 	16	 | 	10,44
  9	 | 	12	 | 	5,83
  9	 | 	39	 | 	58,22
  10	 | 	25	 | 	38,00
  10	 | 	39	 | 	60,03
  13	 | 	15	 | 	13,00
  14	 | 	15	 | 	5,00
  14	 | 	21	 | 	16,28
  16	 | 	17	 | 	8,25
  17	 | 	21	 | 	7,28
  19	 | 	33	 | 	22,00
  20	 | 	23	 | 	4,47
  20	 | 	24	 | 	10,82
  20	 | 	28	 | 	19,03
  21	 | 	28	 | 	22,20
  22	 | 	23	 | 	4,47
  24	 | 	38	 | 	19,03
  24	 | 	39	 | 	24,19
  25	 | 	26	 | 	4,47
  25	 | 	27	 | 	2,24
  28	 | 	31	 | 	6,08
  29	 | 	30	 | 	2,00
  30	 | 	31	 | 	10,20
  30	 | 	37	 | 	15,81
  31	 | 	32	 | 	6,40
  32	 | 	33	 | 	3,16
  34	 | 	35	 | 	7,00
  34	 | 	37	 | 	5,83
  36	 | 	37	 | 	3,16
  19	 | 	21	 | 	6,71
  12	 | 	26	 | 	31,06
  26	 | 	29	 | 	6,71
  12	 | 	19	 | 	22,56
  26	 | 	39	 | 	24,08
  23	 | 	29	 | 	11,18
  7	 | 	36	 | 	59,21
  10	 | 	14	 | 	10,00
  11	 | 	36	 | 	57,56
  12	 | 	18	 | 	24,08
  20	 | 	38	 | 	28,86
___________________________
Simulation Topology [1:16]
___________________________
From 	  To 		Length
___________________________
  0	 | 	1	 | 	4,47
  0	 | 	4	 | 	4,12
  0	 | 	10	 | 	15,13
  0	 | 	28	 | 	61,13
  1	 | 	2	 | 	5,10
  1	 | 	5	 | 	6,40
  1	 | 	23	 | 	48,26
  2	 | 	3	 | 	5,83
  2	 | 	4	 | 	4,12
  2	 | 	18	 | 	41,01
  3	 | 	5	 | 	2,24
  3	 | 	25	 | 	53,15
  4	 | 	5	 | 	2,00
  4	 | 	11	 | 	14,14
  5	 | 	22	 | 	48,04
  6	 | 	17	 | 	22,02
  6	 | 	19	 | 	32,39
  7	 | 	8	 | 	4,47
  7	 | 	31	 | 	51,09
  7	 | 	34	 | 	53,01
  8	 | 	16	 | 	10,44
  9	 | 	12	 | 	5,83
  9	 | 	39	 | 	58,22
  10	 | 	25	 | 	38,00
  10	 | 	39	 | 	60,03
  13	 | 	15	 | 	13,00
  14	 | 	15	 | 	5,00
  14	 | 	21	 | 	16,28
  16	 | 	17	 | 	8,25
  17	 | 	21	 | 	7,28
  19	 | 	33	 | 	22,00
  20	 | 	23	 | 	4,47
  20	 | 	24	 | 	10,82
  20	 | 	28	 | 	19,03
  21	 | 	28	 | 	22,20
  22	 | 	23	 | 	4,47
  24	 | 	38	 | 	19,03
  24	 | 	39	 | 	24,19
  25	 | 	26	 | 	4,47
  25	 | 	27	 | 	2,24
  28	 | 	31	 | 	6,08
  29	 | 	30	 | 	2,00
  30	 | 	31	 | 	10,20
  30	 | 	37	 | 	15,81
  31	 | 	32	 | 	6,40
  32	 | 	33	 | 	3,16
  34	 | 	35	 | 	7,00
  34	 | 	37	 | 	5,83
  36	 | 	37	 | 	3,16
  19	 | 	21	 | 	6,71
  12	 | 	26	 | 	31,06
  26	 | 	29	 | 	6,71
  12	 | 	19	 | 	22,56
  26	 | 	39	 | 	24,08
  23	 | 	29	 | 	11,18
  7	 | 	36	 | 	59,21
  10	 | 	14	 | 	10,00
  11	 | 	36	 | 	57,56
  12	 | 	18	 | 	24,08
  20	 | 	38	 | 	28,86
  18	 | 	29	 | 	13,04
___________________________
Simulation Topology [1:17]
___________________________
From 	  To 		Length
___________________________
  0	 | 	1	 | 	4,47
  0	 | 	4	 | 	4,12
  0	 | 	10	 | 	15,13
  0	 | 	28	 | 	61,13
  1	 | 	2	 | 	5,10
  1	 | 	5	 | 	6,40
  1	 | 	23	 | 	48,26
  2	 | 	3	 | 	5,83
  2	 | 	4	 | 	4,12
  2	 | 	18	 | 	41,01
  3	 | 	5	 | 	2,24
  3	 | 	25	 | 	53,15
  4	 | 	5	 | 	2,00
  4	 | 	11	 | 	14,14
  5	 | 	22	 | 	48,04
  6	 | 	17	 | 	22,02
  6	 | 	19	 | 	32,39
  7	 | 	8	 | 	4,47
  7	 | 	31	 | 	51,09
  7	 | 	34	 | 	53,01
  8	 | 	16	 | 	10,44
  9	 | 	12	 | 	5,83
  9	 | 	39	 | 	58,22
  10	 | 	25	 | 	38,00
  10	 | 	39	 | 	60,03
  13	 | 	15	 | 	13,00
  14	 | 	15	 | 	5,00
  14	 | 	21	 | 	16,28
  16	 | 	17	 | 	8,25
  17	 | 	21	 | 	7,28
  19	 | 	33	 | 	22,00
  20	 | 	23	 | 	4,47
  20	 | 	24	 | 	10,82
  20	 | 	28	 | 	19,03
  21	 | 	28	 | 	22,20
  22	 | 	23	 | 	4,47
  24	 | 	38	 | 	19,03
  24	 | 	39	 | 	24,19
  25	 | 	26	 | 	4,47
  25	 | 	27	 | 	2,24
  28	 | 	31	 | 	6,08
  29	 | 	30	 | 	2,00
  30	 | 	31	 | 	10,20
  30	 | 	37	 | 	15,81
  31	 | 	32	 | 	6,40
  32	 | 	33	 | 	3,16
  34	 | 	35	 | 	7,00
  34	 | 	37	 | 	5,83
  36	 | 	37	 | 	3,16
  19	 | 	21	 | 	6,71
  12	 | 	26	 | 	31,06
  26	 | 	29	 | 	6,71
  12	 | 	19	 | 	22,56
  26	 | 	39	 | 	24,08
  23	 | 	29	 | 	11,18
  7	 | 	36	 | 	59,21
  10	 | 	14	 | 	10,00
  11	 | 	36	 | 	57,56
  12	 | 	18	 | 	24,08
  20	 | 	38	 | 	28,86
  18	 | 	29	 | 	13,04
  9	 | 	27	 | 	38,05
___________________________
Simulation Topology [1:18]
___________________________
From 	  To 		Length
___________________________
  0	 | 	1	 | 	4,47
  0	 | 	4	 | 	4,12
  0	 | 	10	 | 	15,13
  0	 | 	28	 | 	61,13
  1	 | 	2	 | 	5,10
  1	 | 	5	 | 	6,40
  1	 | 	23	 | 	48,26
  2	 | 	3	 | 	5,83
  2	 | 	4	 | 	4,12
  2	 | 	18	 | 	41,01
  3	 | 	5	 | 	2,24
  3	 | 	25	 | 	53,15
  4	 | 	5	 | 	2,00
  4	 | 	11	 | 	14,14
  5	 | 	22	 | 	48,04
  6	 | 	17	 | 	22,02
  6	 | 	19	 | 	32,39
  7	 | 	8	 | 	4,47
  7	 | 	31	 | 	51,09
  7	 | 	34	 | 	53,01
  8	 | 	16	 | 	10,44
  9	 | 	12	 | 	5,83
  9	 | 	39	 | 	58,22
  10	 | 	25	 | 	38,00
  10	 | 	39	 | 	60,03
  13	 | 	15	 | 	13,00
  14	 | 	15	 | 	5,00
  14	 | 	21	 | 	16,28
  16	 | 	17	 | 	8,25
  17	 | 	21	 | 	7,28
  19	 | 	33	 | 	22,00
  20	 | 	23	 | 	4,47
  20	 | 	24	 | 	10,82
  20	 | 	28	 | 	19,03
  21	 | 	28	 | 	22,20
  22	 | 	23	 | 	4,47
  24	 | 	38	 | 	19,03
  24	 | 	39	 | 	24,19
  25	 | 	26	 | 	4,47
  25	 | 	27	 | 	2,24
  28	 | 	31	 | 	6,08
  29	 | 	30	 | 	2,00
  30	 | 	31	 | 	10,20
  30	 | 	37	 | 	15,81
  31	 | 	32	 | 	6,40
  32	 | 	33	 | 	3,16
  34	 | 	35	 | 	7,00
  34	 | 	37	 | 	5,83
  36	 | 	37	 | 	3,16
  19	 | 	21	 | 	6,71
  12	 | 	26	 | 	31,06
  26	 | 	29	 | 	6,71
  12	 | 	19	 | 	22,56
  26	 | 	39	 | 	24,08
  23	 | 	29	 | 	11,18
  7	 | 	36	 | 	59,21
  10	 | 	14	 | 	10,00
  11	 | 	36	 | 	57,56
  12	 | 	18	 | 	24,08
  20	 | 	38	 | 	28,86
  18	 | 	29	 | 	13,04
  9	 | 	27	 | 	38,05
  15	 | 	36	 | 	49,25
___________________________
Simulation Topology [1:19]
___________________________
From 	  To 		Length
___________________________
  0	 | 	1	 | 	4,47
  0	 | 	4	 | 	4,12
  0	 | 	10	 | 	15,13
  0	 | 	28	 | 	61,13
  1	 | 	2	 | 	5,10
  1	 | 	5	 | 	6,40
  1	 | 	23	 | 	48,26
  2	 | 	3	 | 	5,83
  2	 | 	4	 | 	4,12
  2	 | 	18	 | 	41,01
  3	 | 	5	 | 	2,24
  3	 | 	25	 | 	53,15
  4	 | 	5	 | 	2,00
  4	 | 	11	 | 	14,14
  5	 | 	22	 | 	48,04
  6	 | 	17	 | 	22,02
  6	 | 	19	 | 	32,39
  7	 | 	8	 | 	4,47
  7	 | 	31	 | 	51,09
  7	 | 	34	 | 	53,01
  8	 | 	16	 | 	10,44
  9	 | 	12	 | 	5,83
  9	 | 	39	 | 	58,22
  10	 | 	25	 | 	38,00
  10	 | 	39	 | 	60,03
  13	 | 	15	 | 	13,00
  14	 | 	15	 | 	5,00
  14	 | 	21	 | 	16,28
  16	 | 	17	 | 	8,25
  17	 | 	21	 | 	7,28
  19	 | 	33	 | 	22,00
  20	 | 	23	 | 	4,47
  20	 | 	24	 | 	10,82
  20	 | 	28	 | 	19,03
  21	 | 	28	 | 	22,20
  22	 | 	23	 | 	4,47
  24	 | 	38	 | 	19,03
  24	 | 	39	 | 	24,19
  25	 | 	26	 | 	4,47
  25	 | 	27	 | 	2,24
  28	 | 	31	 | 	6,08
  29	 | 	30	 | 	2,00
  30	 | 	31	 | 	10,20
  30	 | 	37	 | 	15,81
  31	 | 	32	 | 	6,40
  32	 | 	33	 | 	3,16
  34	 | 	35	 | 	7,00
  34	 | 	37	 | 	5,83
  36	 | 	37	 | 	3,16
  19	 | 	21	 | 	6,71
  12	 | 	26	 | 	31,06
  26	 | 	29	 | 	6,71
  12	 | 	19	 | 	22,56
  26	 | 	39	 | 	24,08
  23	 | 	29	 | 	11,18
  7	 | 	36	 | 	59,21
  10	 | 	14	 | 	10,00
  11	 | 	36	 | 	57,56
  12	 | 	18	 | 	24,08
  20	 | 	38	 | 	28,86
  18	 | 	29	 | 	13,04
  9	 | 	27	 | 	38,05
  15	 | 	36	 | 	49,25
  22	 | 	34	 | 	19,10
___________________________
Simulation Topology 2
___________________________
[1]				[12]		
[9]				[14]		
[5]				[11]		
[2]				[10]		
[5]				[8]		
[9]				[19]		
[3]				[19]		
[0]				[22]		
[6]				[30]		
[2]				[27]		
[4]				[24]		
[8]				[26]		
[5]				[28]		
[2]				[24]		
[6]				[26]		
[1]				[35]		
[1]				[51]		
[8]				[51]		
[3]				[63]		
[7]				[56]		
[4]				[61]		
[7]				[61]		
[5]				[67]		
[1]				[71]		
[2]				[69]		
[8]				[64]		
[9]				[66]		
[1]				[65]		
[6]				[64]		
[9]				[79]		
[5]				[78]		
[9]				[77]		
[16]				[6]		
[19]				[0]		
[13]				[2]		
[19]				[2]		
[12]				[6]		
[11]				[9]		
[18]				[16]		
[15]				[28]		
___________________________
Simulation Topology [2:0]
___________________________
From 	  To 		Length
___________________________
  22	 | 	34	 | 	65,49
  15	 | 	36	 | 	31,02
  9	 | 	27	 | 	38,01
  18	 | 	29	 | 	17,09
  20	 | 	38	 | 	47,13
  12	 | 	18	 | 	35,06
  11	 | 	36	 | 	20,40
  10	 | 	14	 | 	2,83
  7	 | 	36	 | 	20,00
  23	 | 	29	 | 	11,31
  26	 | 	39	 | 	38,47
  12	 | 	19	 | 	28,07
  26	 | 	29	 | 	13,00
  12	 | 	26	 | 	38,21
  19	 | 	21	 | 	5,00
  36	 | 	37	 | 	3,16
  34	 | 	37	 | 	7,28
  34	 | 	35	 | 	6,00
  32	 | 	33	 | 	6,71
  31	 | 	32	 | 	71,34
  30	 | 	37	 | 	69,26
  30	 | 	31	 | 	4,12
  29	 | 	30	 | 	4,12
  28	 | 	31	 | 	13,34
  25	 | 	27	 | 	7,07
  25	 | 	26	 | 	2,24
  24	 | 	39	 | 	43,01
  24	 | 	38	 | 	55,36
  22	 | 	23	 | 	5,66
  21	 | 	28	 | 	3,16
  20	 | 	28	 | 	3,61
  20	 | 	24	 | 	8,25
  0	 | 	1	 | 	8,25
  0	 | 	2	 | 	4,12
  0	 | 	23	 | 	59,00
  0	 | 	32	 | 	16,16
  1	 | 	3	 | 	8,06
  1	 | 	4	 | 	7,21
  1	 | 	15	 | 	22,47
  2	 | 	22	 | 	56,00
  2	 | 	33	 | 	17,80
  2	 | 	36	 | 	8,60
  3	 | 	10	 | 	14,14
  3	 | 	21	 | 	51,24
  3	 | 	24	 | 	59,00
  4	 | 	31	 | 	69,12
  4	 | 	35	 | 	15,23
  5	 | 	20	 | 	42,30
  6	 | 	7	 | 	4,24
  6	 | 	25	 | 	45,28
  6	 | 	35	 | 	23,35
  8	 | 	10	 | 	6,32
  8	 | 	13	 | 	7,21
  8	 | 	20	 | 	31,06
  8	 | 	29	 | 	49,09
  9	 | 	10	 | 	3,61
  9	 | 	12	 | 	3,16
  10	 | 	28	 | 	40,05
  11	 | 	14	 | 	2,00
  12	 | 	14	 | 	2,24
  13	 | 	31	 | 	53,46
  15	 | 	22	 | 	32,25
  17	 | 	20	 | 	10,77
  17	 | 	26	 | 	15,03
  17	 | 	29	 | 	28,02
  17	 | 	31	 | 	26,02
  18	 | 	37	 | 	54,59
  19	 | 	20	 | 	5,83
  21	 | 	24	 | 	9,43
  21	 | 	26	 | 	5,39
  22	 | 	25	 | 	4,24
  24	 | 	33	 | 	71,06
  26	 | 	27	 | 	8,06
  32	 | 	34	 | 	5,00
  33	 | 	34	 | 	6,32
___________________________
Simulation Topology [2:1]
___________________________
From 	  To 		Length
___________________________
  22	 | 	34	 | 	65,49
  15	 | 	36	 | 	31,02
  9	 | 	27	 | 	38,01
  18	 | 	29	 | 	17,09
  20	 | 	38	 | 	47,13
  12	 | 	18	 | 	35,06
  11	 | 	36	 | 	20,40
  10	 | 	14	 | 	2,83
  7	 | 	36	 | 	20,00
  23	 | 	29	 | 	11,31
  26	 | 	39	 | 	38,47
  12	 | 	19	 | 	28,07
  26	 | 	29	 | 	13,00
  12	 | 	26	 | 	38,21
  19	 | 	21	 | 	5,00
  36	 | 	37	 | 	3,16
  34	 | 	37	 | 	7,28
  34	 | 	35	 | 	6,00
  32	 | 	33	 | 	6,71
  31	 | 	32	 | 	71,34
  30	 | 	37	 | 	69,26
  30	 | 	31	 | 	4,12
  29	 | 	30	 | 	4,12
  28	 | 	31	 | 	13,34
  25	 | 	27	 | 	7,07
  25	 | 	26	 | 	2,24
  24	 | 	39	 | 	43,01
  24	 | 	38	 | 	55,36
  22	 | 	23	 | 	5,66
  21	 | 	28	 | 	3,16
  20	 | 	28	 | 	3,61
  20	 | 	24	 | 	8,25
  0	 | 	1	 | 	8,25
  0	 | 	2	 | 	4,12
  0	 | 	23	 | 	59,00
  0	 | 	32	 | 	16,16
  1	 | 	3	 | 	8,06
  1	 | 	4	 | 	7,21
  1	 | 	15	 | 	22,47
  2	 | 	22	 | 	56,00
  2	 | 	33	 | 	17,80
  2	 | 	36	 | 	8,60
  3	 | 	10	 | 	14,14
  3	 | 	21	 | 	51,24
  3	 | 	24	 | 	59,00
  4	 | 	31	 | 	69,12
  4	 | 	35	 | 	15,23
  5	 | 	20	 | 	42,30
  6	 | 	7	 | 	4,24
  6	 | 	25	 | 	45,28
  6	 | 	35	 | 	23,35
  8	 | 	10	 | 	6,32
  8	 | 	13	 | 	7,21
  8	 | 	20	 | 	31,06
  8	 | 	29	 | 	49,09
  9	 | 	10	 | 	3,61
  9	 | 	12	 | 	3,16
  10	 | 	28	 | 	40,05
  11	 | 	14	 | 	2,00
  12	 | 	14	 | 	2,24
  13	 | 	31	 | 	53,46
  15	 | 	22	 | 	32,25
  17	 | 	20	 | 	10,77
  17	 | 	26	 | 	15,03
  17	 | 	29	 | 	28,02
  17	 | 	31	 | 	26,02
  18	 | 	37	 | 	54,59
  19	 | 	20	 | 	5,83
  21	 | 	24	 | 	9,43
  21	 | 	26	 | 	5,39
  22	 | 	25	 | 	4,24
  24	 | 	33	 | 	71,06
  26	 | 	27	 | 	8,06
  32	 | 	34	 | 	5,00
  33	 | 	34	 | 	6,32
  15	 | 	26	 | 	32,02
___________________________
Simulation Topology [2:2]
___________________________
From 	  To 		Length
___________________________
  22	 | 	34	 | 	65,49
  15	 | 	36	 | 	31,02
  9	 | 	27	 | 	38,01
  18	 | 	29	 | 	17,09
  20	 | 	38	 | 	47,13
  12	 | 	18	 | 	35,06
  11	 | 	36	 | 	20,40
  10	 | 	14	 | 	2,83
  7	 | 	36	 | 	20,00
  23	 | 	29	 | 	11,31
  26	 | 	39	 | 	38,47
  12	 | 	19	 | 	28,07
  26	 | 	29	 | 	13,00
  12	 | 	26	 | 	38,21
  19	 | 	21	 | 	5,00
  36	 | 	37	 | 	3,16
  34	 | 	37	 | 	7,28
  34	 | 	35	 | 	6,00
  32	 | 	33	 | 	6,71
  31	 | 	32	 | 	71,34
  30	 | 	37	 | 	69,26
  30	 | 	31	 | 	4,12
  29	 | 	30	 | 	4,12
  28	 | 	31	 | 	13,34
  25	 | 	27	 | 	7,07
  25	 | 	26	 | 	2,24
  24	 | 	39	 | 	43,01
  24	 | 	38	 | 	55,36
  22	 | 	23	 | 	5,66
  21	 | 	28	 | 	3,16
  20	 | 	28	 | 	3,61
  20	 | 	24	 | 	8,25
  0	 | 	1	 | 	8,25
  0	 | 	2	 | 	4,12
  0	 | 	23	 | 	59,00
  0	 | 	32	 | 	16,16
  1	 | 	3	 | 	8,06
  1	 | 	4	 | 	7,21
  1	 | 	15	 | 	22,47
  2	 | 	22	 | 	56,00
  2	 | 	33	 | 	17,80
  2	 | 	36	 | 	8,60
  3	 | 	10	 | 	14,14
  3	 | 	21	 | 	51,24
  3	 | 	24	 | 	59,00
  4	 | 	31	 | 	69,12
  4	 | 	35	 | 	15,23
  5	 | 	20	 | 	42,30
  6	 | 	7	 | 	4,24
  6	 | 	25	 | 	45,28
  6	 | 	35	 | 	23,35
  8	 | 	10	 | 	6,32
  8	 | 	13	 | 	7,21
  8	 | 	20	 | 	31,06
  8	 | 	29	 | 	49,09
  9	 | 	10	 | 	3,61
  9	 | 	12	 | 	3,16
  10	 | 	28	 | 	40,05
  11	 | 	14	 | 	2,00
  12	 | 	14	 | 	2,24
  13	 | 	31	 | 	53,46
  15	 | 	22	 | 	32,25
  17	 | 	20	 | 	10,77
  17	 | 	26	 | 	15,03
  17	 | 	29	 | 	28,02
  17	 | 	31	 | 	26,02
  18	 | 	37	 | 	54,59
  19	 | 	20	 | 	5,83
  21	 | 	24	 | 	9,43
  21	 | 	26	 | 	5,39
  22	 | 	25	 | 	4,24
  24	 | 	33	 | 	71,06
  26	 | 	27	 | 	8,06
  32	 | 	34	 | 	5,00
  33	 | 	34	 | 	6,32
  15	 | 	26	 | 	32,02
  24	 | 	30	 | 	9,49
___________________________
Simulation Topology [2:3]
___________________________
From 	  To 		Length
___________________________
  22	 | 	34	 | 	65,49
  15	 | 	36	 | 	31,02
  9	 | 	27	 | 	38,01
  18	 | 	29	 | 	17,09
  20	 | 	38	 | 	47,13
  12	 | 	18	 | 	35,06
  11	 | 	36	 | 	20,40
  10	 | 	14	 | 	2,83
  7	 | 	36	 | 	20,00
  23	 | 	29	 | 	11,31
  26	 | 	39	 | 	38,47
  12	 | 	19	 | 	28,07
  26	 | 	29	 | 	13,00
  12	 | 	26	 | 	38,21
  19	 | 	21	 | 	5,00
  36	 | 	37	 | 	3,16
  34	 | 	37	 | 	7,28
  34	 | 	35	 | 	6,00
  32	 | 	33	 | 	6,71
  31	 | 	32	 | 	71,34
  30	 | 	37	 | 	69,26
  30	 | 	31	 | 	4,12
  29	 | 	30	 | 	4,12
  28	 | 	31	 | 	13,34
  25	 | 	27	 | 	7,07
  25	 | 	26	 | 	2,24
  24	 | 	39	 | 	43,01
  24	 | 	38	 | 	55,36
  22	 | 	23	 | 	5,66
  21	 | 	28	 | 	3,16
  20	 | 	28	 | 	3,61
  20	 | 	24	 | 	8,25
  0	 | 	1	 | 	8,25
  0	 | 	2	 | 	4,12
  0	 | 	23	 | 	59,00
  0	 | 	32	 | 	16,16
  1	 | 	3	 | 	8,06
  1	 | 	4	 | 	7,21
  1	 | 	15	 | 	22,47
  2	 | 	22	 | 	56,00
  2	 | 	33	 | 	17,80
  2	 | 	36	 | 	8,60
  3	 | 	10	 | 	14,14
  3	 | 	21	 | 	51,24
  3	 | 	24	 | 	59,00
  4	 | 	31	 | 	69,12
  4	 | 	35	 | 	15,23
  5	 | 	20	 | 	42,30
  6	 | 	7	 | 	4,24
  6	 | 	25	 | 	45,28
  6	 | 	35	 | 	23,35
  8	 | 	10	 | 	6,32
  8	 | 	13	 | 	7,21
  8	 | 	20	 | 	31,06
  8	 | 	29	 | 	49,09
  9	 | 	10	 | 	3,61
  9	 | 	12	 | 	3,16
  10	 | 	28	 | 	40,05
  11	 | 	14	 | 	2,00
  12	 | 	14	 | 	2,24
  13	 | 	31	 | 	53,46
  15	 | 	22	 | 	32,25
  17	 | 	20	 | 	10,77
  17	 | 	26	 | 	15,03
  17	 | 	29	 | 	28,02
  17	 | 	31	 | 	26,02
  18	 | 	37	 | 	54,59
  19	 | 	20	 | 	5,83
  21	 | 	24	 | 	9,43
  21	 | 	26	 | 	5,39
  22	 | 	25	 | 	4,24
  24	 | 	33	 | 	71,06
  26	 | 	27	 | 	8,06
  32	 | 	34	 | 	5,00
  33	 | 	34	 | 	6,32
  15	 | 	26	 | 	32,02
  24	 | 	30	 | 	9,49
  19	 | 	38	 | 	41,48
___________________________
Simulation Topology [2:4]
___________________________
From 	  To 		Length
___________________________
  22	 | 	34	 | 	65,49
  15	 | 	36	 | 	31,02
  9	 | 	27	 | 	38,01
  18	 | 	29	 | 	17,09
  20	 | 	38	 | 	47,13
  12	 | 	18	 | 	35,06
  11	 | 	36	 | 	20,40
  10	 | 	14	 | 	2,83
  7	 | 	36	 | 	20,00
  23	 | 	29	 | 	11,31
  26	 | 	39	 | 	38,47
  12	 | 	19	 | 	28,07
  26	 | 	29	 | 	13,00
  12	 | 	26	 | 	38,21
  19	 | 	21	 | 	5,00
  36	 | 	37	 | 	3,16
  34	 | 	37	 | 	7,28
  34	 | 	35	 | 	6,00
  32	 | 	33	 | 	6,71
  31	 | 	32	 | 	71,34
  30	 | 	37	 | 	69,26
  30	 | 	31	 | 	4,12
  29	 | 	30	 | 	4,12
  28	 | 	31	 | 	13,34
  25	 | 	27	 | 	7,07
  25	 | 	26	 | 	2,24
  24	 | 	39	 | 	43,01
  24	 | 	38	 | 	55,36
  22	 | 	23	 | 	5,66
  21	 | 	28	 | 	3,16
  20	 | 	28	 | 	3,61
  20	 | 	24	 | 	8,25
  0	 | 	1	 | 	8,25
  0	 | 	2	 | 	4,12
  0	 | 	23	 | 	59,00
  0	 | 	32	 | 	16,16
  1	 | 	3	 | 	8,06
  1	 | 	4	 | 	7,21
  1	 | 	15	 | 	22,47
  2	 | 	22	 | 	56,00
  2	 | 	33	 | 	17,80
  2	 | 	36	 | 	8,60
  3	 | 	10	 | 	14,14
  3	 | 	21	 | 	51,24
  3	 | 	24	 | 	59,00
  4	 | 	31	 | 	69,12
  4	 | 	35	 | 	15,23
  5	 | 	20	 | 	42,30
  6	 | 	7	 | 	4,24
  6	 | 	25	 | 	45,28
  6	 | 	35	 | 	23,35
  8	 | 	10	 | 	6,32
  8	 | 	13	 | 	7,21
  8	 | 	20	 | 	31,06
  8	 | 	29	 | 	49,09
  9	 | 	10	 | 	3,61
  9	 | 	12	 | 	3,16
  10	 | 	28	 | 	40,05
  11	 | 	14	 | 	2,00
  12	 | 	14	 | 	2,24
  13	 | 	31	 | 	53,46
  15	 | 	22	 | 	32,25
  17	 | 	20	 | 	10,77
  17	 | 	26	 | 	15,03
  17	 | 	29	 | 	28,02
  17	 | 	31	 | 	26,02
  18	 | 	37	 | 	54,59
  19	 | 	20	 | 	5,83
  21	 | 	24	 | 	9,43
  21	 | 	26	 | 	5,39
  22	 | 	25	 | 	4,24
  24	 | 	33	 | 	71,06
  26	 | 	27	 | 	8,06
  32	 | 	34	 | 	5,00
  33	 | 	34	 | 	6,32
  15	 | 	26	 | 	32,02
  24	 | 	30	 | 	9,49
  19	 | 	38	 | 	41,48
___________________________
Simulation Topology [2:5]
___________________________
From 	  To 		Length
___________________________
  22	 | 	34	 | 	65,49
  15	 | 	36	 | 	31,02
  9	 | 	27	 | 	38,01
  18	 | 	29	 | 	17,09
  20	 | 	38	 | 	47,13
  12	 | 	18	 | 	35,06
  11	 | 	36	 | 	20,40
  10	 | 	14	 | 	2,83
  7	 | 	36	 | 	20,00
  23	 | 	29	 | 	11,31
  26	 | 	39	 | 	38,47
  12	 | 	19	 | 	28,07
  26	 | 	29	 | 	13,00
  12	 | 	26	 | 	38,21
  19	 | 	21	 | 	5,00
  36	 | 	37	 | 	3,16
  34	 | 	37	 | 	7,28
  34	 | 	35	 | 	6,00
  32	 | 	33	 | 	6,71
  31	 | 	32	 | 	71,34
  30	 | 	37	 | 	69,26
  30	 | 	31	 | 	4,12
  29	 | 	30	 | 	4,12
  28	 | 	31	 | 	13,34
  25	 | 	27	 | 	7,07
  25	 | 	26	 | 	2,24
  24	 | 	39	 | 	43,01
  24	 | 	38	 | 	55,36
  22	 | 	23	 | 	5,66
  21	 | 	28	 | 	3,16
  20	 | 	28	 | 	3,61
  20	 | 	24	 | 	8,25
  0	 | 	1	 | 	8,25
  0	 | 	2	 | 	4,12
  0	 | 	23	 | 	59,00
  0	 | 	32	 | 	16,16
  1	 | 	3	 | 	8,06
  1	 | 	4	 | 	7,21
  1	 | 	15	 | 	22,47
  2	 | 	22	 | 	56,00
  2	 | 	33	 | 	17,80
  2	 | 	36	 | 	8,60
  3	 | 	10	 | 	14,14
  3	 | 	21	 | 	51,24
  3	 | 	24	 | 	59,00
  4	 | 	31	 | 	69,12
  4	 | 	35	 | 	15,23
  5	 | 	20	 | 	42,30
  6	 | 	7	 | 	4,24
  6	 | 	25	 | 	45,28
  6	 | 	35	 | 	23,35
  8	 | 	10	 | 	6,32
  8	 | 	13	 | 	7,21
  8	 | 	20	 | 	31,06
  8	 | 	29	 | 	49,09
  9	 | 	10	 | 	3,61
  9	 | 	12	 | 	3,16
  10	 | 	28	 | 	40,05
  11	 | 	14	 | 	2,00
  12	 | 	14	 | 	2,24
  13	 | 	31	 | 	53,46
  15	 | 	22	 | 	32,25
  17	 | 	20	 | 	10,77
  17	 | 	26	 | 	15,03
  17	 | 	29	 | 	28,02
  17	 | 	31	 | 	26,02
  18	 | 	37	 | 	54,59
  19	 | 	20	 | 	5,83
  21	 | 	24	 | 	9,43
  21	 | 	26	 | 	5,39
  22	 | 	25	 | 	4,24
  24	 | 	33	 | 	71,06
  26	 | 	27	 | 	8,06
  32	 | 	34	 | 	5,00
  33	 | 	34	 | 	6,32
  15	 | 	26	 | 	32,02
  24	 | 	30	 | 	9,49
  19	 | 	38	 | 	41,48
  11	 | 	33	 | 	28,23
___________________________
Simulation Topology [2:6]
___________________________
From 	  To 		Length
___________________________
  22	 | 	34	 | 	65,49
  15	 | 	36	 | 	31,02
  9	 | 	27	 | 	38,01
  18	 | 	29	 | 	17,09
  20	 | 	38	 | 	47,13
  12	 | 	18	 | 	35,06
  11	 | 	36	 | 	20,40
  10	 | 	14	 | 	2,83
  7	 | 	36	 | 	20,00
  23	 | 	29	 | 	11,31
  26	 | 	39	 | 	38,47
  12	 | 	19	 | 	28,07
  26	 | 	29	 | 	13,00
  12	 | 	26	 | 	38,21
  19	 | 	21	 | 	5,00
  36	 | 	37	 | 	3,16
  34	 | 	37	 | 	7,28
  34	 | 	35	 | 	6,00
  32	 | 	33	 | 	6,71
  31	 | 	32	 | 	71,34
  30	 | 	37	 | 	69,26
  30	 | 	31	 | 	4,12
  29	 | 	30	 | 	4,12
  28	 | 	31	 | 	13,34
  25	 | 	27	 | 	7,07
  25	 | 	26	 | 	2,24
  24	 | 	39	 | 	43,01
  24	 | 	38	 | 	55,36
  22	 | 	23	 | 	5,66
  21	 | 	28	 | 	3,16
  20	 | 	28	 | 	3,61
  20	 | 	24	 | 	8,25
  0	 | 	1	 | 	8,25
  0	 | 	2	 | 	4,12
  0	 | 	23	 | 	59,00
  0	 | 	32	 | 	16,16
  1	 | 	3	 | 	8,06
  1	 | 	4	 | 	7,21
  1	 | 	15	 | 	22,47
  2	 | 	22	 | 	56,00
  2	 | 	33	 | 	17,80
  2	 | 	36	 | 	8,60
  3	 | 	10	 | 	14,14
  3	 | 	21	 | 	51,24
  3	 | 	24	 | 	59,00
  4	 | 	31	 | 	69,12
  4	 | 	35	 | 	15,23
  5	 | 	20	 | 	42,30
  6	 | 	7	 | 	4,24
  6	 | 	25	 | 	45,28
  6	 | 	35	 | 	23,35
  8	 | 	10	 | 	6,32
  8	 | 	13	 | 	7,21
  8	 | 	20	 | 	31,06
  8	 | 	29	 | 	49,09
  9	 | 	10	 | 	3,61
  9	 | 	12	 | 	3,16
  10	 | 	28	 | 	40,05
  11	 | 	14	 | 	2,00
  12	 | 	14	 | 	2,24
  13	 | 	31	 | 	53,46
  15	 | 	22	 | 	32,25
  17	 | 	20	 | 	10,77
  17	 | 	26	 | 	15,03
  17	 | 	29	 | 	28,02
  17	 | 	31	 | 	26,02
  18	 | 	37	 | 	54,59
  19	 | 	20	 | 	5,83
  21	 | 	24	 | 	9,43
  21	 | 	26	 | 	5,39
  22	 | 	25	 | 	4,24
  24	 | 	33	 | 	71,06
  26	 | 	27	 | 	8,06
  32	 | 	34	 | 	5,00
  33	 | 	34	 | 	6,32
  15	 | 	26	 | 	32,02
  24	 | 	30	 | 	9,49
  19	 | 	38	 | 	41,48
  11	 | 	33	 | 	28,23
  7	 | 	30	 | 	56,22
___________________________
Simulation Topology [2:7]
___________________________
From 	  To 		Length
___________________________
  22	 | 	34	 | 	65,49
  15	 | 	36	 | 	31,02
  9	 | 	27	 | 	38,01
  18	 | 	29	 | 	17,09
  20	 | 	38	 | 	47,13
  12	 | 	18	 | 	35,06
  11	 | 	36	 | 	20,40
  10	 | 	14	 | 	2,83
  7	 | 	36	 | 	20,00
  23	 | 	29	 | 	11,31
  26	 | 	39	 | 	38,47
  12	 | 	19	 | 	28,07
  26	 | 	29	 | 	13,00
  12	 | 	26	 | 	38,21
  19	 | 	21	 | 	5,00
  36	 | 	37	 | 	3,16
  34	 | 	37	 | 	7,28
  34	 | 	35	 | 	6,00
  32	 | 	33	 | 	6,71
  31	 | 	32	 | 	71,34
  30	 | 	37	 | 	69,26
  30	 | 	31	 | 	4,12
  29	 | 	30	 | 	4,12
  28	 | 	31	 | 	13,34
  25	 | 	27	 | 	7,07
  25	 | 	26	 | 	2,24
  24	 | 	39	 | 	43,01
  24	 | 	38	 | 	55,36
  22	 | 	23	 | 	5,66
  21	 | 	28	 | 	3,16
  20	 | 	28	 | 	3,61
  20	 | 	24	 | 	8,25
  0	 | 	1	 | 	8,25
  0	 | 	2	 | 	4,12
  0	 | 	23	 | 	59,00
  0	 | 	32	 | 	16,16
  1	 | 	3	 | 	8,06
  1	 | 	4	 | 	7,21
  1	 | 	15	 | 	22,47
  2	 | 	22	 | 	56,00
  2	 | 	33	 | 	17,80
  2	 | 	36	 | 	8,60
  3	 | 	10	 | 	14,14
  3	 | 	21	 | 	51,24
  3	 | 	24	 | 	59,00
  4	 | 	31	 | 	69,12
  4	 | 	35	 | 	15,23
  5	 | 	20	 | 	42,30
  6	 | 	7	 | 	4,24
  6	 | 	25	 | 	45,28
  6	 | 	35	 | 	23,35
  8	 | 	10	 | 	6,32
  8	 | 	13	 | 	7,21
  8	 | 	20	 | 	31,06
  8	 | 	29	 | 	49,09
  9	 | 	10	 | 	3,61
  9	 | 	12	 | 	3,16
  10	 | 	28	 | 	40,05
  11	 | 	14	 | 	2,00
  12	 | 	14	 | 	2,24
  13	 | 	31	 | 	53,46
  15	 | 	22	 | 	32,25
  17	 | 	20	 | 	10,77
  17	 | 	26	 | 	15,03
  17	 | 	29	 | 	28,02
  17	 | 	31	 | 	26,02
  18	 | 	37	 | 	54,59
  19	 | 	20	 | 	5,83
  21	 | 	24	 | 	9,43
  21	 | 	26	 | 	5,39
  22	 | 	25	 | 	4,24
  24	 | 	33	 | 	71,06
  26	 | 	27	 | 	8,06
  32	 | 	34	 | 	5,00
  33	 | 	34	 | 	6,32
  15	 | 	26	 | 	32,02
  24	 | 	30	 | 	9,49
  19	 | 	38	 | 	41,48
  11	 | 	33	 | 	28,23
  7	 | 	30	 | 	56,22
  31	 | 	34	 | 	75,11
___________________________
Simulation Topology [2:8]
___________________________
From 	  To 		Length
___________________________
  22	 | 	34	 | 	65,49
  15	 | 	36	 | 	31,02
  9	 | 	27	 | 	38,01
  18	 | 	29	 | 	17,09
  20	 | 	38	 | 	47,13
  12	 | 	18	 | 	35,06
  11	 | 	36	 | 	20,40
  10	 | 	14	 | 	2,83
  7	 | 	36	 | 	20,00
  23	 | 	29	 | 	11,31
  26	 | 	39	 | 	38,47
  12	 | 	19	 | 	28,07
  26	 | 	29	 | 	13,00
  12	 | 	26	 | 	38,21
  19	 | 	21	 | 	5,00
  36	 | 	37	 | 	3,16
  34	 | 	37	 | 	7,28
  34	 | 	35	 | 	6,00
  32	 | 	33	 | 	6,71
  31	 | 	32	 | 	71,34
  30	 | 	37	 | 	69,26
  30	 | 	31	 | 	4,12
  29	 | 	30	 | 	4,12
  28	 | 	31	 | 	13,34
  25	 | 	27	 | 	7,07
  25	 | 	26	 | 	2,24
  24	 | 	39	 | 	43,01
  24	 | 	38	 | 	55,36
  22	 | 	23	 | 	5,66
  21	 | 	28	 | 	3,16
  20	 | 	28	 | 	3,61
  20	 | 	24	 | 	8,25
  0	 | 	1	 | 	8,25
  0	 | 	2	 | 	4,12
  0	 | 	23	 | 	59,00
  0	 | 	32	 | 	16,16
  1	 | 	3	 | 	8,06
  1	 | 	4	 | 	7,21
  1	 | 	15	 | 	22,47
  2	 | 	22	 | 	56,00
  2	 | 	33	 | 	17,80
  2	 | 	36	 | 	8,60
  3	 | 	10	 | 	14,14
  3	 | 	21	 | 	51,24
  3	 | 	24	 | 	59,00
  4	 | 	31	 | 	69,12
  4	 | 	35	 | 	15,23
  5	 | 	20	 | 	42,30
  6	 | 	7	 | 	4,24
  6	 | 	25	 | 	45,28
  6	 | 	35	 | 	23,35
  8	 | 	10	 | 	6,32
  8	 | 	13	 | 	7,21
  8	 | 	20	 | 	31,06
  8	 | 	29	 | 	49,09
  9	 | 	10	 | 	3,61
  9	 | 	12	 | 	3,16
  10	 | 	28	 | 	40,05
  11	 | 	14	 | 	2,00
  12	 | 	14	 | 	2,24
  13	 | 	31	 | 	53,46
  15	 | 	22	 | 	32,25
  17	 | 	20	 | 	10,77
  17	 | 	26	 | 	15,03
  17	 | 	29	 | 	28,02
  17	 | 	31	 | 	26,02
  18	 | 	37	 | 	54,59
  19	 | 	20	 | 	5,83
  21	 | 	24	 | 	9,43
  21	 | 	26	 | 	5,39
  22	 | 	25	 | 	4,24
  24	 | 	33	 | 	71,06
  26	 | 	27	 | 	8,06
  32	 | 	34	 | 	5,00
  33	 | 	34	 | 	6,32
  15	 | 	26	 | 	32,02
  24	 | 	30	 | 	9,49
  19	 | 	38	 | 	41,48
  11	 | 	33	 | 	28,23
  7	 | 	30	 | 	56,22
  31	 | 	34	 | 	75,11
___________________________
Simulation Topology [2:9]
___________________________
From 	  To 		Length
___________________________
  22	 | 	34	 | 	65,49
  15	 | 	36	 | 	31,02
  9	 | 	27	 | 	38,01
  18	 | 	29	 | 	17,09
  20	 | 	38	 | 	47,13
  12	 | 	18	 | 	35,06
  11	 | 	36	 | 	20,40
  10	 | 	14	 | 	2,83
  7	 | 	36	 | 	20,00
  23	 | 	29	 | 	11,31
  26	 | 	39	 | 	38,47
  12	 | 	19	 | 	28,07
  26	 | 	29	 | 	13,00
  12	 | 	26	 | 	38,21
  19	 | 	21	 | 	5,00
  36	 | 	37	 | 	3,16
  34	 | 	37	 | 	7,28
  34	 | 	35	 | 	6,00
  32	 | 	33	 | 	6,71
  31	 | 	32	 | 	71,34
  30	 | 	37	 | 	69,26
  30	 | 	31	 | 	4,12
  29	 | 	30	 | 	4,12
  28	 | 	31	 | 	13,34
  25	 | 	27	 | 	7,07
  25	 | 	26	 | 	2,24
  24	 | 	39	 | 	43,01
  24	 | 	38	 | 	55,36
  22	 | 	23	 | 	5,66
  21	 | 	28	 | 	3,16
  20	 | 	28	 | 	3,61
  20	 | 	24	 | 	8,25
  0	 | 	1	 | 	8,25
  0	 | 	2	 | 	4,12
  0	 | 	23	 | 	59,00
  0	 | 	32	 | 	16,16
  1	 | 	3	 | 	8,06
  1	 | 	4	 | 	7,21
  1	 | 	15	 | 	22,47
  2	 | 	22	 | 	56,00
  2	 | 	33	 | 	17,80
  2	 | 	36	 | 	8,60
  3	 | 	10	 | 	14,14
  3	 | 	21	 | 	51,24
  3	 | 	24	 | 	59,00
  4	 | 	31	 | 	69,12
  4	 | 	35	 | 	15,23
  5	 | 	20	 | 	42,30
  6	 | 	7	 | 	4,24
  6	 | 	25	 | 	45,28
  6	 | 	35	 | 	23,35
  8	 | 	10	 | 	6,32
  8	 | 	13	 | 	7,21
  8	 | 	20	 | 	31,06
  8	 | 	29	 | 	49,09
  9	 | 	10	 | 	3,61
  9	 | 	12	 | 	3,16
  10	 | 	28	 | 	40,05
  11	 | 	14	 | 	2,00
  12	 | 	14	 | 	2,24
  13	 | 	31	 | 	53,46
  15	 | 	22	 | 	32,25
  17	 | 	20	 | 	10,77
  17	 | 	26	 | 	15,03
  17	 | 	29	 | 	28,02
  17	 | 	31	 | 	26,02
  18	 | 	37	 | 	54,59
  19	 | 	20	 | 	5,83
  21	 | 	24	 | 	9,43
  21	 | 	26	 | 	5,39
  22	 | 	25	 | 	4,24
  24	 | 	33	 | 	71,06
  26	 | 	27	 | 	8,06
  32	 | 	34	 | 	5,00
  33	 | 	34	 | 	6,32
  15	 | 	26	 | 	32,02
  24	 | 	30	 | 	9,49
  19	 | 	38	 | 	41,48
  11	 | 	33	 | 	28,23
  7	 | 	30	 | 	56,22
  31	 | 	34	 | 	75,11
  11	 | 	32	 | 	21,54
___________________________
Simulation Topology [2:10]
___________________________
From 	  To 		Length
___________________________
  22	 | 	34	 | 	65,49
  15	 | 	36	 | 	31,02
  9	 | 	27	 | 	38,01
  18	 | 	29	 | 	17,09
  20	 | 	38	 | 	47,13
  12	 | 	18	 | 	35,06
  11	 | 	36	 | 	20,40
  10	 | 	14	 | 	2,83
  7	 | 	36	 | 	20,00
  23	 | 	29	 | 	11,31
  26	 | 	39	 | 	38,47
  12	 | 	19	 | 	28,07
  26	 | 	29	 | 	13,00
  12	 | 	26	 | 	38,21
  19	 | 	21	 | 	5,00
  36	 | 	37	 | 	3,16
  34	 | 	37	 | 	7,28
  34	 | 	35	 | 	6,00
  32	 | 	33	 | 	6,71
  31	 | 	32	 | 	71,34
  30	 | 	37	 | 	69,26
  30	 | 	31	 | 	4,12
  29	 | 	30	 | 	4,12
  28	 | 	31	 | 	13,34
  25	 | 	27	 | 	7,07
  25	 | 	26	 | 	2,24
  24	 | 	39	 | 	43,01
  24	 | 	38	 | 	55,36
  22	 | 	23	 | 	5,66
  21	 | 	28	 | 	3,16
  20	 | 	28	 | 	3,61
  20	 | 	24	 | 	8,25
  0	 | 	1	 | 	8,25
  0	 | 	2	 | 	4,12
  0	 | 	23	 | 	59,00
  0	 | 	32	 | 	16,16
  1	 | 	3	 | 	8,06
  1	 | 	4	 | 	7,21
  1	 | 	15	 | 	22,47
  2	 | 	22	 | 	56,00
  2	 | 	33	 | 	17,80
  2	 | 	36	 | 	8,60
  3	 | 	10	 | 	14,14
  3	 | 	21	 | 	51,24
  3	 | 	24	 | 	59,00
  4	 | 	31	 | 	69,12
  4	 | 	35	 | 	15,23
  5	 | 	20	 | 	42,30
  6	 | 	7	 | 	4,24
  6	 | 	25	 | 	45,28
  6	 | 	35	 | 	23,35
  8	 | 	10	 | 	6,32
  8	 | 	13	 | 	7,21
  8	 | 	20	 | 	31,06
  8	 | 	29	 | 	49,09
  9	 | 	10	 | 	3,61
  9	 | 	12	 | 	3,16
  10	 | 	28	 | 	40,05
  11	 | 	14	 | 	2,00
  12	 | 	14	 | 	2,24
  13	 | 	31	 | 	53,46
  15	 | 	22	 | 	32,25
  17	 | 	20	 | 	10,77
  17	 | 	26	 | 	15,03
  17	 | 	29	 | 	28,02
  17	 | 	31	 | 	26,02
  18	 | 	37	 | 	54,59
  19	 | 	20	 | 	5,83
  21	 | 	24	 | 	9,43
  21	 | 	26	 | 	5,39
  22	 | 	25	 | 	4,24
  24	 | 	33	 | 	71,06
  26	 | 	27	 | 	8,06
  32	 | 	34	 | 	5,00
  33	 | 	34	 | 	6,32
  15	 | 	26	 | 	32,02
  24	 | 	30	 | 	9,49
  19	 | 	38	 | 	41,48
  11	 | 	33	 | 	28,23
  7	 | 	30	 | 	56,22
  31	 | 	34	 | 	75,11
  11	 | 	32	 | 	21,54
  14	 | 	35	 | 	27,29
___________________________
Simulation Topology [2:11]
___________________________
From 	  To 		Length
___________________________
  22	 | 	34	 | 	65,49
  15	 | 	36	 | 	31,02
  9	 | 	27	 | 	38,01
  18	 | 	29	 | 	17,09
  20	 | 	38	 | 	47,13
  12	 | 	18	 | 	35,06
  11	 | 	36	 | 	20,40
  10	 | 	14	 | 	2,83
  7	 | 	36	 | 	20,00
  23	 | 	29	 | 	11,31
  26	 | 	39	 | 	38,47
  12	 | 	19	 | 	28,07
  26	 | 	29	 | 	13,00
  12	 | 	26	 | 	38,21
  19	 | 	21	 | 	5,00
  36	 | 	37	 | 	3,16
  34	 | 	37	 | 	7,28
  34	 | 	35	 | 	6,00
  32	 | 	33	 | 	6,71
  31	 | 	32	 | 	71,34
  30	 | 	37	 | 	69,26
  30	 | 	31	 | 	4,12
  29	 | 	30	 | 	4,12
  28	 | 	31	 | 	13,34
  25	 | 	27	 | 	7,07
  25	 | 	26	 | 	2,24
  24	 | 	39	 | 	43,01
  24	 | 	38	 | 	55,36
  22	 | 	23	 | 	5,66
  21	 | 	28	 | 	3,16
  20	 | 	28	 | 	3,61
  20	 | 	24	 | 	8,25
  0	 | 	1	 | 	8,25
  0	 | 	2	 | 	4,12
  0	 | 	23	 | 	59,00
  0	 | 	32	 | 	16,16
  1	 | 	3	 | 	8,06
  1	 | 	4	 | 	7,21
  1	 | 	15	 | 	22,47
  2	 | 	22	 | 	56,00
  2	 | 	33	 | 	17,80
  2	 | 	36	 | 	8,60
  3	 | 	10	 | 	14,14
  3	 | 	21	 | 	51,24
  3	 | 	24	 | 	59,00
  4	 | 	31	 | 	69,12
  4	 | 	35	 | 	15,23
  5	 | 	20	 | 	42,30
  6	 | 	7	 | 	4,24
  6	 | 	25	 | 	45,28
  6	 | 	35	 | 	23,35
  8	 | 	10	 | 	6,32
  8	 | 	13	 | 	7,21
  8	 | 	20	 | 	31,06
  8	 | 	29	 | 	49,09
  9	 | 	10	 | 	3,61
  9	 | 	12	 | 	3,16
  10	 | 	28	 | 	40,05
  11	 | 	14	 | 	2,00
  12	 | 	14	 | 	2,24
  13	 | 	31	 | 	53,46
  15	 | 	22	 | 	32,25
  17	 | 	20	 | 	10,77
  17	 | 	26	 | 	15,03
  17	 | 	29	 | 	28,02
  17	 | 	31	 | 	26,02
  18	 | 	37	 | 	54,59
  19	 | 	20	 | 	5,83
  21	 | 	24	 | 	9,43
  21	 | 	26	 | 	5,39
  22	 | 	25	 | 	4,24
  24	 | 	33	 | 	71,06
  26	 | 	27	 | 	8,06
  32	 | 	34	 | 	5,00
  33	 | 	34	 | 	6,32
  15	 | 	26	 | 	32,02
  24	 | 	30	 | 	9,49
  19	 | 	38	 | 	41,48
  11	 | 	33	 | 	28,23
  7	 | 	30	 | 	56,22
  31	 | 	34	 | 	75,11
  11	 | 	32	 | 	21,54
  14	 | 	35	 | 	27,29
  29	 | 	39	 | 	51,35
___________________________
Simulation Topology [2:12]
___________________________
From 	  To 		Length
___________________________
  22	 | 	34	 | 	65,49
  15	 | 	36	 | 	31,02
  9	 | 	27	 | 	38,01
  18	 | 	29	 | 	17,09
  20	 | 	38	 | 	47,13
  12	 | 	18	 | 	35,06
  11	 | 	36	 | 	20,40
  10	 | 	14	 | 	2,83
  7	 | 	36	 | 	20,00
  23	 | 	29	 | 	11,31
  26	 | 	39	 | 	38,47
  12	 | 	19	 | 	28,07
  26	 | 	29	 | 	13,00
  12	 | 	26	 | 	38,21
  19	 | 	21	 | 	5,00
  36	 | 	37	 | 	3,16
  34	 | 	37	 | 	7,28
  34	 | 	35	 | 	6,00
  32	 | 	33	 | 	6,71
  31	 | 	32	 | 	71,34
  30	 | 	37	 | 	69,26
  30	 | 	31	 | 	4,12
  29	 | 	30	 | 	4,12
  28	 | 	31	 | 	13,34
  25	 | 	27	 | 	7,07
  25	 | 	26	 | 	2,24
  24	 | 	39	 | 	43,01
  24	 | 	38	 | 	55,36
  22	 | 	23	 | 	5,66
  21	 | 	28	 | 	3,16
  20	 | 	28	 | 	3,61
  20	 | 	24	 | 	8,25
  0	 | 	1	 | 	8,25
  0	 | 	2	 | 	4,12
  0	 | 	23	 | 	59,00
  0	 | 	32	 | 	16,16
  1	 | 	3	 | 	8,06
  1	 | 	4	 | 	7,21
  1	 | 	15	 | 	22,47
  2	 | 	22	 | 	56,00
  2	 | 	33	 | 	17,80
  2	 | 	36	 | 	8,60
  3	 | 	10	 | 	14,14
  3	 | 	21	 | 	51,24
  3	 | 	24	 | 	59,00
  4	 | 	31	 | 	69,12
  4	 | 	35	 | 	15,23
  5	 | 	20	 | 	42,30
  6	 | 	7	 | 	4,24
  6	 | 	25	 | 	45,28
  6	 | 	35	 | 	23,35
  8	 | 	10	 | 	6,32
  8	 | 	13	 | 	7,21
  8	 | 	20	 | 	31,06
  8	 | 	29	 | 	49,09
  9	 | 	10	 | 	3,61
  9	 | 	12	 | 	3,16
  10	 | 	28	 | 	40,05
  11	 | 	14	 | 	2,00
  12	 | 	14	 | 	2,24
  13	 | 	31	 | 	53,46
  15	 | 	22	 | 	32,25
  17	 | 	20	 | 	10,77
  17	 | 	26	 | 	15,03
  17	 | 	29	 | 	28,02
  17	 | 	31	 | 	26,02
  18	 | 	37	 | 	54,59
  19	 | 	20	 | 	5,83
  21	 | 	24	 | 	9,43
  21	 | 	26	 | 	5,39
  22	 | 	25	 | 	4,24
  24	 | 	33	 | 	71,06
  26	 | 	27	 | 	8,06
  32	 | 	34	 | 	5,00
  33	 | 	34	 | 	6,32
  15	 | 	26	 | 	32,02
  24	 | 	30	 | 	9,49
  19	 | 	38	 | 	41,48
  11	 | 	33	 | 	28,23
  7	 | 	30	 | 	56,22
  31	 | 	34	 | 	75,11
  11	 | 	32	 | 	21,54
  14	 | 	35	 | 	27,29
  29	 | 	39	 | 	51,35
  11	 | 	16	 | 	25,96
___________________________
Simulation Topology [2:13]
___________________________
From 	  To 		Length
___________________________
  22	 | 	34	 | 	65,49
  15	 | 	36	 | 	31,02
  9	 | 	27	 | 	38,01
  18	 | 	29	 | 	17,09
  20	 | 	38	 | 	47,13
  12	 | 	18	 | 	35,06
  11	 | 	36	 | 	20,40
  10	 | 	14	 | 	2,83
  7	 | 	36	 | 	20,00
  23	 | 	29	 | 	11,31
  26	 | 	39	 | 	38,47
  12	 | 	19	 | 	28,07
  26	 | 	29	 | 	13,00
  12	 | 	26	 | 	38,21
  19	 | 	21	 | 	5,00
  36	 | 	37	 | 	3,16
  34	 | 	37	 | 	7,28
  34	 | 	35	 | 	6,00
  32	 | 	33	 | 	6,71
  31	 | 	32	 | 	71,34
  30	 | 	37	 | 	69,26
  30	 | 	31	 | 	4,12
  29	 | 	30	 | 	4,12
  28	 | 	31	 | 	13,34
  25	 | 	27	 | 	7,07
  25	 | 	26	 | 	2,24
  24	 | 	39	 | 	43,01
  24	 | 	38	 | 	55,36
  22	 | 	23	 | 	5,66
  21	 | 	28	 | 	3,16
  20	 | 	28	 | 	3,61
  20	 | 	24	 | 	8,25
  0	 | 	1	 | 	8,25
  0	 | 	2	 | 	4,12
  0	 | 	23	 | 	59,00
  0	 | 	32	 | 	16,16
  1	 | 	3	 | 	8,06
  1	 | 	4	 | 	7,21
  1	 | 	15	 | 	22,47
  2	 | 	22	 | 	56,00
  2	 | 	33	 | 	17,80
  2	 | 	36	 | 	8,60
  3	 | 	10	 | 	14,14
  3	 | 	21	 | 	51,24
  3	 | 	24	 | 	59,00
  4	 | 	31	 | 	69,12
  4	 | 	35	 | 	15,23
  5	 | 	20	 | 	42,30
  6	 | 	7	 | 	4,24
  6	 | 	25	 | 	45,28
  6	 | 	35	 | 	23,35
  8	 | 	10	 | 	6,32
  8	 | 	13	 | 	7,21
  8	 | 	20	 | 	31,06
  8	 | 	29	 | 	49,09
  9	 | 	10	 | 	3,61
  9	 | 	12	 | 	3,16
  10	 | 	28	 | 	40,05
  11	 | 	14	 | 	2,00
  12	 | 	14	 | 	2,24
  13	 | 	31	 | 	53,46
  15	 | 	22	 | 	32,25
  17	 | 	20	 | 	10,77
  17	 | 	26	 | 	15,03
  17	 | 	29	 | 	28,02
  17	 | 	31	 | 	26,02
  18	 | 	37	 | 	54,59
  19	 | 	20	 | 	5,83
  21	 | 	24	 | 	9,43
  21	 | 	26	 | 	5,39
  22	 | 	25	 | 	4,24
  24	 | 	33	 | 	71,06
  26	 | 	27	 | 	8,06
  32	 | 	34	 | 	5,00
  33	 | 	34	 | 	6,32
  15	 | 	26	 | 	32,02
  24	 | 	30	 | 	9,49
  19	 | 	38	 | 	41,48
  11	 | 	33	 | 	28,23
  7	 | 	30	 | 	56,22
  31	 | 	34	 | 	75,11
  11	 | 	32	 | 	21,54
  14	 | 	35	 | 	27,29
  29	 | 	39	 | 	51,35
  11	 | 	16	 | 	25,96
  23	 | 	35	 | 	71,31
___________________________
Simulation Topology [2:14]
___________________________
From 	  To 		Length
___________________________
  22	 | 	34	 | 	65,49
  15	 | 	36	 | 	31,02
  9	 | 	27	 | 	38,01
  18	 | 	29	 | 	17,09
  20	 | 	38	 | 	47,13
  12	 | 	18	 | 	35,06
  11	 | 	36	 | 	20,40
  10	 | 	14	 | 	2,83
  7	 | 	36	 | 	20,00
  23	 | 	29	 | 	11,31
  26	 | 	39	 | 	38,47
  12	 | 	19	 | 	28,07
  26	 | 	29	 | 	13,00
  12	 | 	26	 | 	38,21
  19	 | 	21	 | 	5,00
  36	 | 	37	 | 	3,16
  34	 | 	37	 | 	7,28
  34	 | 	35	 | 	6,00
  32	 | 	33	 | 	6,71
  31	 | 	32	 | 	71,34
  30	 | 	37	 | 	69,26
  30	 | 	31	 | 	4,12
  29	 | 	30	 | 	4,12
  28	 | 	31	 | 	13,34
  25	 | 	27	 | 	7,07
  25	 | 	26	 | 	2,24
  24	 | 	39	 | 	43,01
  24	 | 	38	 | 	55,36
  22	 | 	23	 | 	5,66
  21	 | 	28	 | 	3,16
  20	 | 	28	 | 	3,61
  20	 | 	24	 | 	8,25
  0	 | 	1	 | 	8,25
  0	 | 	2	 | 	4,12
  0	 | 	23	 | 	59,00
  0	 | 	32	 | 	16,16
  1	 | 	3	 | 	8,06
  1	 | 	4	 | 	7,21
  1	 | 	15	 | 	22,47
  2	 | 	22	 | 	56,00
  2	 | 	33	 | 	17,80
  2	 | 	36	 | 	8,60
  3	 | 	10	 | 	14,14
  3	 | 	21	 | 	51,24
  3	 | 	24	 | 	59,00
  4	 | 	31	 | 	69,12
  4	 | 	35	 | 	15,23
  5	 | 	20	 | 	42,30
  6	 | 	7	 | 	4,24
  6	 | 	25	 | 	45,28
  6	 | 	35	 | 	23,35
  8	 | 	10	 | 	6,32
  8	 | 	13	 | 	7,21
  8	 | 	20	 | 	31,06
  8	 | 	29	 | 	49,09
  9	 | 	10	 | 	3,61
  9	 | 	12	 | 	3,16
  10	 | 	28	 | 	40,05
  11	 | 	14	 | 	2,00
  12	 | 	14	 | 	2,24
  13	 | 	31	 | 	53,46
  15	 | 	22	 | 	32,25
  17	 | 	20	 | 	10,77
  17	 | 	26	 | 	15,03
  17	 | 	29	 | 	28,02
  17	 | 	31	 | 	26,02
  18	 | 	37	 | 	54,59
  19	 | 	20	 | 	5,83
  21	 | 	24	 | 	9,43
  21	 | 	26	 | 	5,39
  22	 | 	25	 | 	4,24
  24	 | 	33	 | 	71,06
  26	 | 	27	 | 	8,06
  32	 | 	34	 | 	5,00
  33	 | 	34	 | 	6,32
  15	 | 	26	 | 	32,02
  24	 | 	30	 | 	9,49
  19	 | 	38	 | 	41,48
  11	 | 	33	 | 	28,23
  7	 | 	30	 | 	56,22
  31	 | 	34	 | 	75,11
  11	 | 	32	 | 	21,54
  14	 | 	35	 | 	27,29
  29	 | 	39	 | 	51,35
  11	 | 	16	 | 	25,96
  23	 | 	35	 | 	71,31
  12	 | 	38	 | 	17,69
___________________________
Simulation Topology [2:15]
___________________________
From 	  To 		Length
___________________________
  22	 | 	34	 | 	65,49
  15	 | 	36	 | 	31,02
  9	 | 	27	 | 	38,01
  18	 | 	29	 | 	17,09
  20	 | 	38	 | 	47,13
  12	 | 	18	 | 	35,06
  11	 | 	36	 | 	20,40
  10	 | 	14	 | 	2,83
  7	 | 	36	 | 	20,00
  23	 | 	29	 | 	11,31
  26	 | 	39	 | 	38,47
  12	 | 	19	 | 	28,07
  26	 | 	29	 | 	13,00
  12	 | 	26	 | 	38,21
  19	 | 	21	 | 	5,00
  36	 | 	37	 | 	3,16
  34	 | 	37	 | 	7,28
  34	 | 	35	 | 	6,00
  32	 | 	33	 | 	6,71
  31	 | 	32	 | 	71,34
  30	 | 	37	 | 	69,26
  30	 | 	31	 | 	4,12
  29	 | 	30	 | 	4,12
  28	 | 	31	 | 	13,34
  25	 | 	27	 | 	7,07
  25	 | 	26	 | 	2,24
  24	 | 	39	 | 	43,01
  24	 | 	38	 | 	55,36
  22	 | 	23	 | 	5,66
  21	 | 	28	 | 	3,16
  20	 | 	28	 | 	3,61
  20	 | 	24	 | 	8,25
  0	 | 	1	 | 	8,25
  0	 | 	2	 | 	4,12
  0	 | 	23	 | 	59,00
  0	 | 	32	 | 	16,16
  1	 | 	3	 | 	8,06
  1	 | 	4	 | 	7,21
  1	 | 	15	 | 	22,47
  2	 | 	22	 | 	56,00
  2	 | 	33	 | 	17,80
  2	 | 	36	 | 	8,60
  3	 | 	10	 | 	14,14
  3	 | 	21	 | 	51,24
  3	 | 	24	 | 	59,00
  4	 | 	31	 | 	69,12
  4	 | 	35	 | 	15,23
  5	 | 	20	 | 	42,30
  6	 | 	7	 | 	4,24
  6	 | 	25	 | 	45,28
  6	 | 	35	 | 	23,35
  8	 | 	10	 | 	6,32
  8	 | 	13	 | 	7,21
  8	 | 	20	 | 	31,06
  8	 | 	29	 | 	49,09
  9	 | 	10	 | 	3,61
  9	 | 	12	 | 	3,16
  10	 | 	28	 | 	40,05
  11	 | 	14	 | 	2,00
  12	 | 	14	 | 	2,24
  13	 | 	31	 | 	53,46
  15	 | 	22	 | 	32,25
  17	 | 	20	 | 	10,77
  17	 | 	26	 | 	15,03
  17	 | 	29	 | 	28,02
  17	 | 	31	 | 	26,02
  18	 | 	37	 | 	54,59
  19	 | 	20	 | 	5,83
  21	 | 	24	 | 	9,43
  21	 | 	26	 | 	5,39
  22	 | 	25	 | 	4,24
  24	 | 	33	 | 	71,06
  26	 | 	27	 | 	8,06
  32	 | 	34	 | 	5,00
  33	 | 	34	 | 	6,32
  15	 | 	26	 | 	32,02
  24	 | 	30	 | 	9,49
  19	 | 	38	 | 	41,48
  11	 | 	33	 | 	28,23
  7	 | 	30	 | 	56,22
  31	 | 	34	 | 	75,11
  11	 | 	32	 | 	21,54
  14	 | 	35	 | 	27,29
  29	 | 	39	 | 	51,35
  11	 | 	16	 | 	25,96
  23	 | 	35	 | 	71,31
  12	 | 	38	 | 	17,69
  14	 | 	28	 | 	38,00
___________________________
Simulation Topology [2:16]
___________________________
From 	  To 		Length
___________________________
  22	 | 	34	 | 	65,49
  15	 | 	36	 | 	31,02
  9	 | 	27	 | 	38,01
  18	 | 	29	 | 	17,09
  20	 | 	38	 | 	47,13
  12	 | 	18	 | 	35,06
  11	 | 	36	 | 	20,40
  10	 | 	14	 | 	2,83
  7	 | 	36	 | 	20,00
  23	 | 	29	 | 	11,31
  26	 | 	39	 | 	38,47
  12	 | 	19	 | 	28,07
  26	 | 	29	 | 	13,00
  12	 | 	26	 | 	38,21
  19	 | 	21	 | 	5,00
  36	 | 	37	 | 	3,16
  34	 | 	37	 | 	7,28
  34	 | 	35	 | 	6,00
  32	 | 	33	 | 	6,71
  31	 | 	32	 | 	71,34
  30	 | 	37	 | 	69,26
  30	 | 	31	 | 	4,12
  29	 | 	30	 | 	4,12
  28	 | 	31	 | 	13,34
  25	 | 	27	 | 	7,07
  25	 | 	26	 | 	2,24
  24	 | 	39	 | 	43,01
  24	 | 	38	 | 	55,36
  22	 | 	23	 | 	5,66
  21	 | 	28	 | 	3,16
  20	 | 	28	 | 	3,61
  20	 | 	24	 | 	8,25
  0	 | 	1	 | 	8,25
  0	 | 	2	 | 	4,12
  0	 | 	23	 | 	59,00
  0	 | 	32	 | 	16,16
  1	 | 	3	 | 	8,06
  1	 | 	4	 | 	7,21
  1	 | 	15	 | 	22,47
  2	 | 	22	 | 	56,00
  2	 | 	33	 | 	17,80
  2	 | 	36	 | 	8,60
  3	 | 	10	 | 	14,14
  3	 | 	21	 | 	51,24
  3	 | 	24	 | 	59,00
  4	 | 	31	 | 	69,12
  4	 | 	35	 | 	15,23
  5	 | 	20	 | 	42,30
  6	 | 	7	 | 	4,24
  6	 | 	25	 | 	45,28
  6	 | 	35	 | 	23,35
  8	 | 	10	 | 	6,32
  8	 | 	13	 | 	7,21
  8	 | 	20	 | 	31,06
  8	 | 	29	 | 	49,09
  9	 | 	10	 | 	3,61
  9	 | 	12	 | 	3,16
  10	 | 	28	 | 	40,05
  11	 | 	14	 | 	2,00
  12	 | 	14	 | 	2,24
  13	 | 	31	 | 	53,46
  15	 | 	22	 | 	32,25
  17	 | 	20	 | 	10,77
  17	 | 	26	 | 	15,03
  17	 | 	29	 | 	28,02
  17	 | 	31	 | 	26,02
  18	 | 	37	 | 	54,59
  19	 | 	20	 | 	5,83
  21	 | 	24	 | 	9,43
  21	 | 	26	 | 	5,39
  22	 | 	25	 | 	4,24
  24	 | 	33	 | 	71,06
  26	 | 	27	 | 	8,06
  32	 | 	34	 | 	5,00
  33	 | 	34	 | 	6,32
  15	 | 	26	 | 	32,02
  24	 | 	30	 | 	9,49
  19	 | 	38	 | 	41,48
  11	 | 	33	 | 	28,23
  7	 | 	30	 | 	56,22
  31	 | 	34	 | 	75,11
  11	 | 	32	 | 	21,54
  14	 | 	35	 | 	27,29
  29	 | 	39	 | 	51,35
  11	 | 	16	 | 	25,96
  23	 | 	35	 | 	71,31
  12	 | 	38	 | 	17,69
  14	 | 	28	 | 	38,00
  5	 | 	34	 | 	17,46
___________________________
Simulation Topology [2:17]
___________________________
From 	  To 		Length
___________________________
  22	 | 	34	 | 	65,49
  15	 | 	36	 | 	31,02
  9	 | 	27	 | 	38,01
  18	 | 	29	 | 	17,09
  20	 | 	38	 | 	47,13
  12	 | 	18	 | 	35,06
  11	 | 	36	 | 	20,40
  10	 | 	14	 | 	2,83
  7	 | 	36	 | 	20,00
  23	 | 	29	 | 	11,31
  26	 | 	39	 | 	38,47
  12	 | 	19	 | 	28,07
  26	 | 	29	 | 	13,00
  12	 | 	26	 | 	38,21
  19	 | 	21	 | 	5,00
  36	 | 	37	 | 	3,16
  34	 | 	37	 | 	7,28
  34	 | 	35	 | 	6,00
  32	 | 	33	 | 	6,71
  31	 | 	32	 | 	71,34
  30	 | 	37	 | 	69,26
  30	 | 	31	 | 	4,12
  29	 | 	30	 | 	4,12
  28	 | 	31	 | 	13,34
  25	 | 	27	 | 	7,07
  25	 | 	26	 | 	2,24
  24	 | 	39	 | 	43,01
  24	 | 	38	 | 	55,36
  22	 | 	23	 | 	5,66
  21	 | 	28	 | 	3,16
  20	 | 	28	 | 	3,61
  20	 | 	24	 | 	8,25
  0	 | 	1	 | 	8,25
  0	 | 	2	 | 	4,12
  0	 | 	23	 | 	59,00
  0	 | 	32	 | 	16,16
  1	 | 	3	 | 	8,06
  1	 | 	4	 | 	7,21
  1	 | 	15	 | 	22,47
  2	 | 	22	 | 	56,00
  2	 | 	33	 | 	17,80
  2	 | 	36	 | 	8,60
  3	 | 	10	 | 	14,14
  3	 | 	21	 | 	51,24
  3	 | 	24	 | 	59,00
  4	 | 	31	 | 	69,12
  4	 | 	35	 | 	15,23
  5	 | 	20	 | 	42,30
  6	 | 	7	 | 	4,24
  6	 | 	25	 | 	45,28
  6	 | 	35	 | 	23,35
  8	 | 	10	 | 	6,32
  8	 | 	13	 | 	7,21
  8	 | 	20	 | 	31,06
  8	 | 	29	 | 	49,09
  9	 | 	10	 | 	3,61
  9	 | 	12	 | 	3,16
  10	 | 	28	 | 	40,05
  11	 | 	14	 | 	2,00
  12	 | 	14	 | 	2,24
  13	 | 	31	 | 	53,46
  15	 | 	22	 | 	32,25
  17	 | 	20	 | 	10,77
  17	 | 	26	 | 	15,03
  17	 | 	29	 | 	28,02
  17	 | 	31	 | 	26,02
  18	 | 	37	 | 	54,59
  19	 | 	20	 | 	5,83
  21	 | 	24	 | 	9,43
  21	 | 	26	 | 	5,39
  22	 | 	25	 | 	4,24
  24	 | 	33	 | 	71,06
  26	 | 	27	 | 	8,06
  32	 | 	34	 | 	5,00
  33	 | 	34	 | 	6,32
  15	 | 	26	 | 	32,02
  24	 | 	30	 | 	9,49
  19	 | 	38	 | 	41,48
  11	 | 	33	 | 	28,23
  7	 | 	30	 | 	56,22
  31	 | 	34	 | 	75,11
  11	 | 	32	 | 	21,54
  14	 | 	35	 | 	27,29
  29	 | 	39	 | 	51,35
  11	 | 	16	 | 	25,96
  23	 | 	35	 | 	71,31
  12	 | 	38	 | 	17,69
  14	 | 	28	 | 	38,00
  5	 | 	34	 | 	17,46
  25	 | 	28	 | 	2,00
___________________________
Simulation Topology [2:18]
___________________________
From 	  To 		Length
___________________________
  22	 | 	34	 | 	65,49
  15	 | 	36	 | 	31,02
  9	 | 	27	 | 	38,01
  18	 | 	29	 | 	17,09
  20	 | 	38	 | 	47,13
  12	 | 	18	 | 	35,06
  11	 | 	36	 | 	20,40
  10	 | 	14	 | 	2,83
  7	 | 	36	 | 	20,00
  23	 | 	29	 | 	11,31
  26	 | 	39	 | 	38,47
  12	 | 	19	 | 	28,07
  26	 | 	29	 | 	13,00
  12	 | 	26	 | 	38,21
  19	 | 	21	 | 	5,00
  36	 | 	37	 | 	3,16
  34	 | 	37	 | 	7,28
  34	 | 	35	 | 	6,00
  32	 | 	33	 | 	6,71
  31	 | 	32	 | 	71,34
  30	 | 	37	 | 	69,26
  30	 | 	31	 | 	4,12
  29	 | 	30	 | 	4,12
  28	 | 	31	 | 	13,34
  25	 | 	27	 | 	7,07
  25	 | 	26	 | 	2,24
  24	 | 	39	 | 	43,01
  24	 | 	38	 | 	55,36
  22	 | 	23	 | 	5,66
  21	 | 	28	 | 	3,16
  20	 | 	28	 | 	3,61
  20	 | 	24	 | 	8,25
  0	 | 	1	 | 	8,25
  0	 | 	2	 | 	4,12
  0	 | 	23	 | 	59,00
  0	 | 	32	 | 	16,16
  1	 | 	3	 | 	8,06
  1	 | 	4	 | 	7,21
  1	 | 	15	 | 	22,47
  2	 | 	22	 | 	56,00
  2	 | 	33	 | 	17,80
  2	 | 	36	 | 	8,60
  3	 | 	10	 | 	14,14
  3	 | 	21	 | 	51,24
  3	 | 	24	 | 	59,00
  4	 | 	31	 | 	69,12
  4	 | 	35	 | 	15,23
  5	 | 	20	 | 	42,30
  6	 | 	7	 | 	4,24
  6	 | 	25	 | 	45,28
  6	 | 	35	 | 	23,35
  8	 | 	10	 | 	6,32
  8	 | 	13	 | 	7,21
  8	 | 	20	 | 	31,06
  8	 | 	29	 | 	49,09
  9	 | 	10	 | 	3,61
  9	 | 	12	 | 	3,16
  10	 | 	28	 | 	40,05
  11	 | 	14	 | 	2,00
  12	 | 	14	 | 	2,24
  13	 | 	31	 | 	53,46
  15	 | 	22	 | 	32,25
  17	 | 	20	 | 	10,77
  17	 | 	26	 | 	15,03
  17	 | 	29	 | 	28,02
  17	 | 	31	 | 	26,02
  18	 | 	37	 | 	54,59
  19	 | 	20	 | 	5,83
  21	 | 	24	 | 	9,43
  21	 | 	26	 | 	5,39
  22	 | 	25	 | 	4,24
  24	 | 	33	 | 	71,06
  26	 | 	27	 | 	8,06
  32	 | 	34	 | 	5,00
  33	 | 	34	 | 	6,32
  15	 | 	26	 | 	32,02
  24	 | 	30	 | 	9,49
  19	 | 	38	 | 	41,48
  11	 | 	33	 | 	28,23
  7	 | 	30	 | 	56,22
  31	 | 	34	 | 	75,11
  11	 | 	32	 | 	21,54
  14	 | 	35	 | 	27,29
  29	 | 	39	 | 	51,35
  11	 | 	16	 | 	25,96
  23	 | 	35	 | 	71,31
  12	 | 	38	 | 	17,69
  14	 | 	28	 | 	38,00
  5	 | 	34	 | 	17,46
  25	 | 	28	 | 	2,00
  32	 | 	38	 | 	10,20
___________________________
Simulation Topology [2:19]
___________________________
From 	  To 		Length
___________________________
  22	 | 	34	 | 	65,49
  15	 | 	36	 | 	31,02
  9	 | 	27	 | 	38,01
  18	 | 	29	 | 	17,09
  20	 | 	38	 | 	47,13
  12	 | 	18	 | 	35,06
  11	 | 	36	 | 	20,40
  10	 | 	14	 | 	2,83
  7	 | 	36	 | 	20,00
  23	 | 	29	 | 	11,31
  26	 | 	39	 | 	38,47
  12	 | 	19	 | 	28,07
  26	 | 	29	 | 	13,00
  12	 | 	26	 | 	38,21
  19	 | 	21	 | 	5,00
  36	 | 	37	 | 	3,16
  34	 | 	37	 | 	7,28
  34	 | 	35	 | 	6,00
  32	 | 	33	 | 	6,71
  31	 | 	32	 | 	71,34
  30	 | 	37	 | 	69,26
  30	 | 	31	 | 	4,12
  29	 | 	30	 | 	4,12
  28	 | 	31	 | 	13,34
  25	 | 	27	 | 	7,07
  25	 | 	26	 | 	2,24
  24	 | 	39	 | 	43,01
  24	 | 	38	 | 	55,36
  22	 | 	23	 | 	5,66
  21	 | 	28	 | 	3,16
  20	 | 	28	 | 	3,61
  20	 | 	24	 | 	8,25
  0	 | 	1	 | 	8,25
  0	 | 	2	 | 	4,12
  0	 | 	23	 | 	59,00
  0	 | 	32	 | 	16,16
  1	 | 	3	 | 	8,06
  1	 | 	4	 | 	7,21
  1	 | 	15	 | 	22,47
  2	 | 	22	 | 	56,00
  2	 | 	33	 | 	17,80
  2	 | 	36	 | 	8,60
  3	 | 	10	 | 	14,14
  3	 | 	21	 | 	51,24
  3	 | 	24	 | 	59,00
  4	 | 	31	 | 	69,12
  4	 | 	35	 | 	15,23
  5	 | 	20	 | 	42,30
  6	 | 	7	 | 	4,24
  6	 | 	25	 | 	45,28
  6	 | 	35	 | 	23,35
  8	 | 	10	 | 	6,32
  8	 | 	13	 | 	7,21
  8	 | 	20	 | 	31,06
  8	 | 	29	 | 	49,09
  9	 | 	10	 | 	3,61
  9	 | 	12	 | 	3,16
  10	 | 	28	 | 	40,05
  11	 | 	14	 | 	2,00
  12	 | 	14	 | 	2,24
  13	 | 	31	 | 	53,46
  15	 | 	22	 | 	32,25
  17	 | 	20	 | 	10,77
  17	 | 	26	 | 	15,03
  17	 | 	29	 | 	28,02
  17	 | 	31	 | 	26,02
  18	 | 	37	 | 	54,59
  19	 | 	20	 | 	5,83
  21	 | 	24	 | 	9,43
  21	 | 	26	 | 	5,39
  22	 | 	25	 | 	4,24
  24	 | 	33	 | 	71,06
  26	 | 	27	 | 	8,06
  32	 | 	34	 | 	5,00
  33	 | 	34	 | 	6,32
  15	 | 	26	 | 	32,02
  24	 | 	30	 | 	9,49
  19	 | 	38	 | 	41,48
  11	 | 	33	 | 	28,23
  7	 | 	30	 | 	56,22
  31	 | 	34	 | 	75,11
  11	 | 	32	 | 	21,54
  14	 | 	35	 | 	27,29
  29	 | 	39	 | 	51,35
  11	 | 	16	 | 	25,96
  23	 | 	35	 | 	71,31
  12	 | 	38	 | 	17,69
  14	 | 	28	 | 	38,00
  5	 | 	34	 | 	17,46
  25	 | 	28	 | 	2,00
  32	 | 	38	 | 	10,20
  5	 | 	9	 | 	10,63
___________________________
