Simulation Topology 1
___________________________
[2]				[2]		
[0]				[1]		
[9]				[4]		
[3]				[6]		
[5]				[7]		
[1]				[4]		
[2]				[9]		
[9]				[9]		
[5]				[9]		
[0]				[9]		
___________________________
Simulation Topology [1:2]
___________________________
From 	  To 		Length
___________________________
  0	 | 	1	 | 	2,24
  0	 | 	5	 | 	2,24
  1	 | 	2	 | 	9,49
  1	 | 	4	 | 	7,81
  1	 | 	7	 | 	12,04
  2	 | 	6	 | 	8,60
  2	 | 	9	 | 	10,30
  3	 | 	4	 | 	2,24
  3	 | 	5	 | 	2,83
  3	 | 	6	 | 	3,16
  3	 | 	7	 | 	6,71
  6	 | 	8	 | 	3,00
  7	 | 	9	 | 	9,00
  8	 | 	9	 | 	5,00
___________________________
Simulation Topology [1:3]
___________________________
From 	  To 		Length
___________________________
  0	 | 	1	 | 	2,24
  0	 | 	5	 | 	2,24
  1	 | 	2	 | 	9,49
  1	 | 	4	 | 	7,81
  1	 | 	7	 | 	12,04
  2	 | 	6	 | 	8,60
  2	 | 	9	 | 	10,30
  3	 | 	4	 | 	2,24
  3	 | 	5	 | 	2,83
  3	 | 	6	 | 	3,16
  3	 | 	7	 | 	6,71
  6	 | 	8	 | 	3,00
  7	 | 	9	 | 	9,00
  8	 | 	9	 | 	5,00
  2	 | 	5	 | 	8,00
___________________________
Simulation Topology [1:4]
___________________________
From 	  To 		Length
___________________________
  0	 | 	1	 | 	2,24
  0	 | 	5	 | 	2,24
  1	 | 	2	 | 	9,49
  1	 | 	4	 | 	7,81
  1	 | 	7	 | 	12,04
  2	 | 	6	 | 	8,60
  2	 | 	9	 | 	10,30
  3	 | 	4	 | 	2,24
  3	 | 	5	 | 	2,83
  3	 | 	6	 | 	3,16
  3	 | 	7	 | 	6,71
  6	 | 	8	 | 	3,00
  7	 | 	9	 | 	9,00
  8	 | 	9	 | 	5,00
  2	 | 	5	 | 	8,00
  4	 | 	5	 | 	5,00
___________________________
Simulation Topology 2
___________________________
