Simulation Topology 1
___________________________
Simulation Topology 2
___________________________
[9]				[1]		
[1]				[3]		
[1]				[1]		
[8]				[6]		
[4]				[14]		
[9]				[13]		
[9]				[15]		
[2]				[15]		
[4]				[18]		
[6]				[16]		
___________________________
Simulation Topology [2:2]
___________________________
From 	  To 		Length
___________________________
  0	 | 	2	 | 	8,00
  0	 | 	3	 | 	5,10
  0	 | 	4	 | 	13,93
  0	 | 	5	 | 	12,00
  1	 | 	2	 | 	2,00
  1	 | 	7	 | 	12,04
  1	 | 	9	 | 	13,93
  2	 | 	4	 | 	13,34
  2	 | 	6	 | 	16,12
  3	 | 	5	 | 	7,07
  3	 | 	6	 | 	9,06
  3	 | 	7	 | 	10,82
  4	 | 	5	 | 	5,10
  4	 | 	7	 | 	2,24
  5	 | 	6	 | 	2,00
  6	 | 	8	 | 	5,83
  7	 | 	8	 | 	3,61
  8	 | 	9	 | 	2,83
___________________________
Simulation Topology [2:3]
___________________________
From 	  To 		Length
___________________________
  0	 | 	2	 | 	8,00
  0	 | 	3	 | 	5,10
  0	 | 	4	 | 	13,93
  0	 | 	5	 | 	12,00
  1	 | 	2	 | 	2,00
  1	 | 	7	 | 	12,04
  1	 | 	9	 | 	13,93
  2	 | 	4	 | 	13,34
  2	 | 	6	 | 	16,12
  3	 | 	5	 | 	7,07
  3	 | 	6	 | 	9,06
  3	 | 	7	 | 	10,82
  4	 | 	5	 | 	5,10
  4	 | 	7	 | 	2,24
  5	 | 	6	 | 	2,00
  6	 | 	8	 | 	5,83
  7	 | 	8	 | 	3,61
  8	 | 	9	 | 	2,83
  1	 | 	8	 | 	15,30
___________________________
