Simulation Topology 1
___________________________
Simulation Topology 2
___________________________
[0]				[0]		
[2]				[3]		
[9]				[5]		
[6]				[15]		
[0]				[13]		
[2]				[14]		
[9]				[14]		
[5]				[19]		
[9]				[19]		
[8]				[22]		
[4]				[21]		
[6]				[20]		
[5]				[26]		
[2]				[28]		
[6]				[30]		
___________________________
Simulation Topology [2:0]
___________________________
From 	  To 		Length
___________________________
  0	 | 	6	 | 	16,64
  0	 | 	8	 | 	21,02
  0	 | 	12	 | 	26,48
  0	 | 	14	 | 	30,59
  1	 | 	4	 | 	10,20
  1	 | 	5	 | 	11,00
  2	 | 	4	 | 	12,04
  2	 | 	5	 | 	11,40
  2	 | 	7	 | 	14,56
  2	 | 	14	 | 	25,18
  3	 | 	4	 | 	6,32
  3	 | 	5	 | 	4,12
  3	 | 	9	 | 	7,28
  4	 | 	10	 | 	8,94
  6	 | 	7	 | 	6,40
  6	 | 	11	 | 	6,71
  6	 | 	12	 | 	12,65
  7	 | 	12	 | 	7,00
  8	 | 	9	 | 	3,16
  9	 | 	13	 | 	8,49
  10	 | 	11	 | 	2,24
  12	 | 	13	 | 	3,61
___________________________
Simulation Topology [2:1]
___________________________
From 	  To 		Length
___________________________
  0	 | 	6	 | 	16,64
  0	 | 	8	 | 	21,02
  0	 | 	12	 | 	26,48
  0	 | 	14	 | 	30,59
  1	 | 	4	 | 	10,20
  1	 | 	5	 | 	11,00
  2	 | 	4	 | 	12,04
  2	 | 	5	 | 	11,40
  2	 | 	7	 | 	14,56
  2	 | 	14	 | 	25,18
  3	 | 	4	 | 	6,32
  3	 | 	5	 | 	4,12
  3	 | 	9	 | 	7,28
  4	 | 	10	 | 	8,94
  6	 | 	7	 | 	6,40
  6	 | 	11	 | 	6,71
  6	 | 	12	 | 	12,65
  7	 | 	12	 | 	7,00
  8	 | 	9	 | 	3,16
  9	 | 	13	 | 	8,49
  10	 | 	11	 | 	2,24
  12	 | 	13	 | 	3,61
  2	 | 	10	 | 	16,76
___________________________
Simulation Topology [2:2]
___________________________
From 	  To 		Length
___________________________
  0	 | 	6	 | 	16,64
  0	 | 	8	 | 	21,02
  0	 | 	12	 | 	26,48
  0	 | 	14	 | 	30,59
  1	 | 	4	 | 	10,20
  1	 | 	5	 | 	11,00
  2	 | 	4	 | 	12,04
  2	 | 	5	 | 	11,40
  2	 | 	7	 | 	14,56
  2	 | 	14	 | 	25,18
  3	 | 	4	 | 	6,32
  3	 | 	5	 | 	4,12
  3	 | 	9	 | 	7,28
  4	 | 	10	 | 	8,94
  6	 | 	7	 | 	6,40
  6	 | 	11	 | 	6,71
  6	 | 	12	 | 	12,65
  7	 | 	12	 | 	7,00
  8	 | 	9	 | 	3,16
  9	 | 	13	 | 	8,49
  10	 | 	11	 | 	2,24
  12	 | 	13	 | 	3,61
  2	 | 	10	 | 	16,76
  3	 | 	12	 | 	11,05
___________________________
Simulation Topology [2:3]
___________________________
From 	  To 		Length
___________________________
  0	 | 	6	 | 	16,64
  0	 | 	8	 | 	21,02
  0	 | 	12	 | 	26,48
  0	 | 	14	 | 	30,59
  1	 | 	4	 | 	10,20
  1	 | 	5	 | 	11,00
  2	 | 	4	 | 	12,04
  2	 | 	5	 | 	11,40
  2	 | 	7	 | 	14,56
  2	 | 	14	 | 	25,18
  3	 | 	4	 | 	6,32
  3	 | 	5	 | 	4,12
  3	 | 	9	 | 	7,28
  4	 | 	10	 | 	8,94
  6	 | 	7	 | 	6,40
  6	 | 	11	 | 	6,71
  6	 | 	12	 | 	12,65
  7	 | 	12	 | 	7,00
  8	 | 	9	 | 	3,16
  9	 | 	13	 | 	8,49
  10	 | 	11	 | 	2,24
  12	 | 	13	 | 	3,61
  2	 | 	10	 | 	16,76
  3	 | 	12	 | 	11,05
  7	 | 	14	 | 	11,05
___________________________
Simulation Topology [2:4]
___________________________
From 	  To 		Length
___________________________
  0	 | 	6	 | 	16,64
  0	 | 	8	 | 	21,02
  0	 | 	12	 | 	26,48
  0	 | 	14	 | 	30,59
  1	 | 	4	 | 	10,20
  1	 | 	5	 | 	11,00
  2	 | 	4	 | 	12,04
  2	 | 	5	 | 	11,40
  2	 | 	7	 | 	14,56
  2	 | 	14	 | 	25,18
  3	 | 	4	 | 	6,32
  3	 | 	5	 | 	4,12
  3	 | 	9	 | 	7,28
  4	 | 	10	 | 	8,94
  6	 | 	7	 | 	6,40
  6	 | 	11	 | 	6,71
  6	 | 	12	 | 	12,65
  7	 | 	12	 | 	7,00
  8	 | 	9	 | 	3,16
  9	 | 	13	 | 	8,49
  10	 | 	11	 | 	2,24
  12	 | 	13	 | 	3,61
  2	 | 	10	 | 	16,76
  3	 | 	12	 | 	11,05
  7	 | 	14	 | 	11,05
  5	 | 	6	 | 	7,00
___________________________
Simulation Topology [2:5]
___________________________
From 	  To 		Length
___________________________
  0	 | 	6	 | 	16,64
  0	 | 	8	 | 	21,02
  0	 | 	12	 | 	26,48
  0	 | 	14	 | 	30,59
  1	 | 	4	 | 	10,20
  1	 | 	5	 | 	11,00
  2	 | 	4	 | 	12,04
  2	 | 	5	 | 	11,40
  2	 | 	7	 | 	14,56
  2	 | 	14	 | 	25,18
  3	 | 	4	 | 	6,32
  3	 | 	5	 | 	4,12
  3	 | 	9	 | 	7,28
  4	 | 	10	 | 	8,94
  6	 | 	7	 | 	6,40
  6	 | 	11	 | 	6,71
  6	 | 	12	 | 	12,65
  7	 | 	12	 | 	7,00
  8	 | 	9	 | 	3,16
  9	 | 	13	 | 	8,49
  10	 | 	11	 | 	2,24
  12	 | 	13	 | 	3,61
  2	 | 	10	 | 	16,76
  3	 | 	12	 | 	11,05
  7	 | 	14	 | 	11,05
  5	 | 	6	 | 	7,00
  7	 | 	8	 | 	4,00
___________________________
Simulation Topology [2:6]
___________________________
From 	  To 		Length
___________________________
  0	 | 	6	 | 	16,64
  0	 | 	8	 | 	21,02
  0	 | 	12	 | 	26,48
  0	 | 	14	 | 	30,59
  1	 | 	4	 | 	10,20
  1	 | 	5	 | 	11,00
  2	 | 	4	 | 	12,04
  2	 | 	5	 | 	11,40
  2	 | 	7	 | 	14,56
  2	 | 	14	 | 	25,18
  3	 | 	4	 | 	6,32
  3	 | 	5	 | 	4,12
  3	 | 	9	 | 	7,28
  4	 | 	10	 | 	8,94
  6	 | 	7	 | 	6,40
  6	 | 	11	 | 	6,71
  6	 | 	12	 | 	12,65
  7	 | 	12	 | 	7,00
  8	 | 	9	 | 	3,16
  9	 | 	13	 | 	8,49
  10	 | 	11	 | 	2,24
  12	 | 	13	 | 	3,61
  2	 | 	10	 | 	16,76
  3	 | 	12	 | 	11,05
  7	 | 	14	 | 	11,05
  5	 | 	6	 | 	7,00
  7	 | 	8	 | 	4,00
  1	 | 	14	 | 	27,29
___________________________
