Simulation Topology 1
___________________________
[2]				[0]		
[8]				[5]		
[1]				[5]		
[3]				[10]		
[3]				[8]		
[0]				[8]		
[4]				[12]		
[2]				[27]		
[7]				[25]		
[5]				[25]		
___________________________
Simulation Topology [1:4]
___________________________
From 	  To 		Length
___________________________
  0	 | 	1	 | 	7,81
  0	 | 	3	 | 	10,05
  0	 | 	5	 | 	8,25
  0	 | 	6	 | 	12,17
  1	 | 	2	 | 	7,00
  1	 | 	3	 | 	7,07
  1	 | 	9	 | 	20,22
  2	 | 	4	 | 	3,61
  2	 | 	6	 | 	7,62
  2	 | 	8	 | 	20,88
  3	 | 	4	 | 	2,00
  3	 | 	7	 | 	17,03
  4	 | 	5	 | 	3,00
  5	 | 	8	 | 	18,38
  5	 | 	9	 | 	17,72
  6	 | 	9	 | 	13,04
  7	 | 	8	 | 	5,39
___________________________
Simulation Topology 2
___________________________
[4]				[6]		
[1]				[10]		
[4]				[8]		
[5]				[11]		
[2]				[14]		
[0]				[14]		
[7]				[13]		
[5]				[16]		
[8]				[21]		
[1]				[21]		
___________________________
Simulation Topology [2:0]
___________________________
From 	  To 		Length
___________________________
  7	 | 	8	 | 	5,83
  6	 | 	9	 | 	10,00
  5	 | 	9	 | 	7,07
  5	 | 	8	 | 	10,63
  4	 | 	5	 | 	2,00
  3	 | 	7	 | 	5,00
  3	 | 	4	 | 	4,24
  2	 | 	8	 | 	13,60
  0	 | 	1	 | 	5,00
  0	 | 	2	 | 	2,00
  0	 | 	4	 | 	8,25
  1	 | 	3	 | 	4,12
  1	 | 	4	 | 	4,12
  2	 | 	4	 | 	6,32
  2	 | 	5	 | 	7,21
  2	 | 	7	 | 	8,06
  3	 | 	5	 | 	5,83
  3	 | 	9	 | 	10,77
___________________________
Simulation Topology [2:1]
___________________________
From 	  To 		Length
___________________________
  7	 | 	8	 | 	5,83
  6	 | 	9	 | 	10,00
  5	 | 	9	 | 	7,07
  5	 | 	8	 | 	10,63
  4	 | 	5	 | 	2,00
  3	 | 	7	 | 	5,00
  3	 | 	4	 | 	4,24
  2	 | 	8	 | 	13,60
  0	 | 	1	 | 	5,00
  0	 | 	2	 | 	2,00
  0	 | 	4	 | 	8,25
  1	 | 	3	 | 	4,12
  1	 | 	4	 | 	4,12
  2	 | 	4	 | 	6,32
  2	 | 	5	 | 	7,21
  2	 | 	7	 | 	8,06
  3	 | 	5	 | 	5,83
  3	 | 	9	 | 	10,77
  5	 | 	7	 | 	5,39
___________________________
Simulation Topology [2:2]
___________________________
From 	  To 		Length
___________________________
  7	 | 	8	 | 	5,83
  6	 | 	9	 | 	10,00
  5	 | 	9	 | 	7,07
  5	 | 	8	 | 	10,63
  4	 | 	5	 | 	2,00
  3	 | 	7	 | 	5,00
  3	 | 	4	 | 	4,24
  2	 | 	8	 | 	13,60
  0	 | 	1	 | 	5,00
  0	 | 	2	 | 	2,00
  0	 | 	4	 | 	8,25
  1	 | 	3	 | 	4,12
  1	 | 	4	 | 	4,12
  2	 | 	4	 | 	6,32
  2	 | 	5	 | 	7,21
  2	 | 	7	 | 	8,06
  3	 | 	5	 | 	5,83
  3	 | 	9	 | 	10,77
  5	 | 	7	 | 	5,39
___________________________
Simulation Topology [2:3]
___________________________
From 	  To 		Length
___________________________
  7	 | 	8	 | 	5,83
  6	 | 	9	 | 	10,00
  5	 | 	9	 | 	7,07
  5	 | 	8	 | 	10,63
  4	 | 	5	 | 	2,00
  3	 | 	7	 | 	5,00
  3	 | 	4	 | 	4,24
  2	 | 	8	 | 	13,60
  0	 | 	1	 | 	5,00
  0	 | 	2	 | 	2,00
  0	 | 	4	 | 	8,25
  1	 | 	3	 | 	4,12
  1	 | 	4	 | 	4,12
  2	 | 	4	 | 	6,32
  2	 | 	5	 | 	7,21
  2	 | 	7	 | 	8,06
  3	 | 	5	 | 	5,83
  3	 | 	9	 | 	10,77
  5	 | 	7	 | 	5,39
  1	 | 	9	 | 	11,00
___________________________
Simulation Topology [2:4]
___________________________
From 	  To 		Length
___________________________
  7	 | 	8	 | 	5,83
  6	 | 	9	 | 	10,00
  5	 | 	9	 | 	7,07
  5	 | 	8	 | 	10,63
  4	 | 	5	 | 	2,00
  3	 | 	7	 | 	5,00
  3	 | 	4	 | 	4,24
  2	 | 	8	 | 	13,60
  0	 | 	1	 | 	5,00
  0	 | 	2	 | 	2,00
  0	 | 	4	 | 	8,25
  1	 | 	3	 | 	4,12
  1	 | 	4	 | 	4,12
  2	 | 	4	 | 	6,32
  2	 | 	5	 | 	7,21
  2	 | 	7	 | 	8,06
  3	 | 	5	 | 	5,83
  3	 | 	9	 | 	10,77
  5	 | 	7	 | 	5,39
  1	 | 	9	 | 	11,00
  6	 | 	8	 | 	8,06
___________________________
