Simulation Topology 1
___________________________
[9]				[3]		
[9]				[8]		
[2]				[10]		
[6]				[8]		
[4]				[16]		
[0]				[17]		
[1]				[19]		
[7]				[19]		
[7]				[23]		
[0]				[21]		
___________________________
Simulation Topology [1:3]
___________________________
From 	  To 		Length
___________________________
  0	 | 	1	 | 	5,00
  0	 | 	2	 | 	9,90
  0	 | 	4	 | 	13,93
  1	 | 	2	 | 	7,28
  1	 | 	4	 | 	9,43
  2	 | 	7	 | 	10,30
  3	 | 	4	 | 	8,25
  3	 | 	6	 | 	12,08
  3	 | 	9	 | 	14,32
  5	 | 	6	 | 	2,24
  5	 | 	8	 | 	9,22
  6	 | 	7	 | 	6,00
  7	 | 	9	 | 	7,28
  8	 | 	9	 | 	7,28
___________________________
Simulation Topology 2
___________________________
[3]				[2]		
[3]				[0]		
[5]				[5]		
[9]				[4]		
[7]				[9]		
[7]				[11]		
[1]				[11]		
[9]				[15]		
[7]				[23]		
[5]				[23]		
___________________________
Simulation Topology [2:0]
___________________________
From 	  To 		Length
___________________________
  8	 | 	9	 | 	2,00
  7	 | 	9	 | 	8,94
  6	 | 	7	 | 	8,94
  5	 | 	8	 | 	12,00
  5	 | 	6	 | 	6,00
  3	 | 	9	 | 	19,42
  3	 | 	6	 | 	10,63
  0	 | 	1	 | 	2,00
  0	 | 	2	 | 	3,61
  0	 | 	7	 | 	14,32
  1	 | 	5	 | 	11,70
  2	 | 	3	 | 	4,12
  2	 | 	4	 | 	4,47
  3	 | 	5	 | 	7,28
  4	 | 	6	 | 	6,32
  4	 | 	9	 | 	14,14
  7	 | 	8	 | 	8,25
___________________________
Simulation Topology [2:1]
___________________________
From 	  To 		Length
___________________________
  8	 | 	9	 | 	2,00
  7	 | 	9	 | 	8,94
  6	 | 	7	 | 	8,94
  5	 | 	8	 | 	12,00
  5	 | 	6	 | 	6,00
  3	 | 	9	 | 	19,42
  3	 | 	6	 | 	10,63
  0	 | 	1	 | 	2,00
  0	 | 	2	 | 	3,61
  0	 | 	7	 | 	14,32
  1	 | 	5	 | 	11,70
  2	 | 	3	 | 	4,12
  2	 | 	4	 | 	4,47
  3	 | 	5	 | 	7,28
  4	 | 	6	 | 	6,32
  4	 | 	9	 | 	14,14
  7	 | 	8	 | 	8,25
  1	 | 	8	 | 	23,35
___________________________
Simulation Topology [2:2]
___________________________
From 	  To 		Length
___________________________
  8	 | 	9	 | 	2,00
  7	 | 	9	 | 	8,94
  6	 | 	7	 | 	8,94
  5	 | 	8	 | 	12,00
  5	 | 	6	 | 	6,00
  3	 | 	9	 | 	19,42
  3	 | 	6	 | 	10,63
  0	 | 	1	 | 	2,00
  0	 | 	2	 | 	3,61
  0	 | 	7	 | 	14,32
  1	 | 	5	 | 	11,70
  2	 | 	3	 | 	4,12
  2	 | 	4	 | 	4,47
  3	 | 	5	 | 	7,28
  4	 | 	6	 | 	6,32
  4	 | 	9	 | 	14,14
  7	 | 	8	 | 	8,25
  1	 | 	8	 | 	23,35
___________________________
Simulation Topology [2:3]
___________________________
From 	  To 		Length
___________________________
  8	 | 	9	 | 	2,00
  7	 | 	9	 | 	8,94
  6	 | 	7	 | 	8,94
  5	 | 	8	 | 	12,00
  5	 | 	6	 | 	6,00
  3	 | 	9	 | 	19,42
  3	 | 	6	 | 	10,63
  0	 | 	1	 | 	2,00
  0	 | 	2	 | 	3,61
  0	 | 	7	 | 	14,32
  1	 | 	5	 | 	11,70
  2	 | 	3	 | 	4,12
  2	 | 	4	 | 	4,47
  3	 | 	5	 | 	7,28
  4	 | 	6	 | 	6,32
  4	 | 	9	 | 	14,14
  7	 | 	8	 | 	8,25
  1	 | 	8	 | 	23,35
___________________________
