Simulation Topology 1
___________________________
[5]				[11]		
[3]				[10]		
[1]				[13]		
[0]				[10]		
[6]				[14]		
[5]				[8]		
[9]				[13]		
[2]				[21]		
[7]				[17]		
[6]				[20]		
[9]				[23]		
[0]				[19]		
[6]				[26]		
[9]				[26]		
[3]				[30]		
[7]				[30]		
[3]				[24]		
[6]				[24]		
[4]				[39]		
[8]				[37]		
[6]				[36]		
[7]				[52]		
[3]				[52]		
[0]				[48]		
[8]				[55]		
[4]				[58]		
[2]				[61]		
[0]				[60]		
[2]				[57]		
[0]				[63]		
[5]				[63]		
[2]				[59]		
[7]				[67]		
[3]				[69]		
[6]				[70]		
[2]				[66]		
[0]				[65]		
[9]				[68]		
[7]				[64]		
[1]				[77]		
___________________________
Simulation Topology [1:8]
___________________________
From 	  To 		Length
___________________________
  0	 | 	5	 | 	3,00
  0	 | 	13	 | 	15,52
  0	 | 	31	 | 	48,09
  1	 | 	2	 | 	3,61
  1	 | 	3	 | 	3,00
  1	 | 	6	 | 	6,71
  2	 | 	6	 | 	8,00
  2	 | 	16	 | 	11,18
  2	 | 	20	 | 	23,54
  3	 | 	8	 | 	9,90
  4	 | 	5	 | 	6,08
  4	 | 	15	 | 	16,03
  4	 | 	16	 | 	10,44
  4	 | 	21	 | 	38,01
  6	 | 	24	 | 	42,01
  6	 | 	30	 | 	50,16
  7	 | 	9	 | 	4,12
  7	 | 	17	 | 	5,00
  8	 | 	11	 | 	7,28
  8	 | 	14	 | 	13,60
  8	 | 	18	 | 	22,20
  9	 | 	10	 | 	4,24
  9	 | 	36	 | 	45,40
  9	 | 	37	 | 	48,09
  10	 | 	20	 | 	13,34
  11	 | 	21	 | 	33,73
  11	 | 	33	 | 	50,09
  12	 | 	16	 | 	3,61
  13	 | 	14	 | 	7,21
  13	 | 	15	 | 	4,47
  13	 | 	19	 | 	11,05
  14	 | 	17	 | 	6,71
  15	 | 	26	 | 	31,40
  16	 | 	17	 | 	3,00
  18	 | 	20	 | 	3,61
  18	 | 	34	 | 	31,06
  19	 | 	20	 | 	2,24
  19	 | 	22	 | 	15,81
  21	 | 	24	 | 	3,16
  22	 | 	23	 | 	5,00
  22	 | 	24	 | 	5,83
  22	 | 	25	 | 	6,08
  25	 | 	26	 | 	3,61
  25	 | 	28	 | 	2,24
  25	 | 	38	 | 	6,71
  26	 | 	27	 | 	2,24
  26	 | 	39	 | 	16,03
  27	 | 	30	 | 	5,83
  28	 | 	31	 | 	2,00
  29	 | 	33	 | 	6,71
  32	 | 	35	 | 	5,10
  32	 | 	37	 | 	2,24
  34	 | 	35	 | 	5,66
  34	 | 	38	 | 	6,08
  35	 | 	37	 | 	7,28
  36	 | 	37	 | 	9,49
___________________________
Simulation Topology [1:9]
___________________________
From 	  To 		Length
___________________________
  0	 | 	5	 | 	3,00
  0	 | 	13	 | 	15,52
  0	 | 	31	 | 	48,09
  1	 | 	2	 | 	3,61
  1	 | 	3	 | 	3,00
  1	 | 	6	 | 	6,71
  2	 | 	6	 | 	8,00
  2	 | 	16	 | 	11,18
  2	 | 	20	 | 	23,54
  3	 | 	8	 | 	9,90
  4	 | 	5	 | 	6,08
  4	 | 	15	 | 	16,03
  4	 | 	16	 | 	10,44
  4	 | 	21	 | 	38,01
  6	 | 	24	 | 	42,01
  6	 | 	30	 | 	50,16
  7	 | 	9	 | 	4,12
  7	 | 	17	 | 	5,00
  8	 | 	11	 | 	7,28
  8	 | 	14	 | 	13,60
  8	 | 	18	 | 	22,20
  9	 | 	10	 | 	4,24
  9	 | 	36	 | 	45,40
  9	 | 	37	 | 	48,09
  10	 | 	20	 | 	13,34
  11	 | 	21	 | 	33,73
  11	 | 	33	 | 	50,09
  12	 | 	16	 | 	3,61
  13	 | 	14	 | 	7,21
  13	 | 	15	 | 	4,47
  13	 | 	19	 | 	11,05
  14	 | 	17	 | 	6,71
  15	 | 	26	 | 	31,40
  16	 | 	17	 | 	3,00
  18	 | 	20	 | 	3,61
  18	 | 	34	 | 	31,06
  19	 | 	20	 | 	2,24
  19	 | 	22	 | 	15,81
  21	 | 	24	 | 	3,16
  22	 | 	23	 | 	5,00
  22	 | 	24	 | 	5,83
  22	 | 	25	 | 	6,08
  25	 | 	26	 | 	3,61
  25	 | 	28	 | 	2,24
  25	 | 	38	 | 	6,71
  26	 | 	27	 | 	2,24
  26	 | 	39	 | 	16,03
  27	 | 	30	 | 	5,83
  28	 | 	31	 | 	2,00
  29	 | 	33	 | 	6,71
  32	 | 	35	 | 	5,10
  32	 | 	37	 | 	2,24
  34	 | 	35	 | 	5,66
  34	 | 	38	 | 	6,08
  35	 | 	37	 | 	7,28
  36	 | 	37	 | 	9,49
  30	 | 	31	 | 	5,00
___________________________
Simulation Topology [1:10]
___________________________
From 	  To 		Length
___________________________
  0	 | 	5	 | 	3,00
  0	 | 	13	 | 	15,52
  0	 | 	31	 | 	48,09
  1	 | 	2	 | 	3,61
  1	 | 	3	 | 	3,00
  1	 | 	6	 | 	6,71
  2	 | 	6	 | 	8,00
  2	 | 	16	 | 	11,18
  2	 | 	20	 | 	23,54
  3	 | 	8	 | 	9,90
  4	 | 	5	 | 	6,08
  4	 | 	15	 | 	16,03
  4	 | 	16	 | 	10,44
  4	 | 	21	 | 	38,01
  6	 | 	24	 | 	42,01
  6	 | 	30	 | 	50,16
  7	 | 	9	 | 	4,12
  7	 | 	17	 | 	5,00
  8	 | 	11	 | 	7,28
  8	 | 	14	 | 	13,60
  8	 | 	18	 | 	22,20
  9	 | 	10	 | 	4,24
  9	 | 	36	 | 	45,40
  9	 | 	37	 | 	48,09
  10	 | 	20	 | 	13,34
  11	 | 	21	 | 	33,73
  11	 | 	33	 | 	50,09
  12	 | 	16	 | 	3,61
  13	 | 	14	 | 	7,21
  13	 | 	15	 | 	4,47
  13	 | 	19	 | 	11,05
  14	 | 	17	 | 	6,71
  15	 | 	26	 | 	31,40
  16	 | 	17	 | 	3,00
  18	 | 	20	 | 	3,61
  18	 | 	34	 | 	31,06
  19	 | 	20	 | 	2,24
  19	 | 	22	 | 	15,81
  21	 | 	24	 | 	3,16
  22	 | 	23	 | 	5,00
  22	 | 	24	 | 	5,83
  22	 | 	25	 | 	6,08
  25	 | 	26	 | 	3,61
  25	 | 	28	 | 	2,24
  25	 | 	38	 | 	6,71
  26	 | 	27	 | 	2,24
  26	 | 	39	 | 	16,03
  27	 | 	30	 | 	5,83
  28	 | 	31	 | 	2,00
  29	 | 	33	 | 	6,71
  32	 | 	35	 | 	5,10
  32	 | 	37	 | 	2,24
  34	 | 	35	 | 	5,66
  34	 | 	38	 | 	6,08
  35	 | 	37	 | 	7,28
  36	 | 	37	 | 	9,49
  30	 | 	31	 | 	5,00
  7	 | 	32	 | 	46,27
___________________________
Simulation Topology [1:11]
___________________________
From 	  To 		Length
___________________________
  0	 | 	5	 | 	3,00
  0	 | 	13	 | 	15,52
  0	 | 	31	 | 	48,09
  1	 | 	2	 | 	3,61
  1	 | 	3	 | 	3,00
  1	 | 	6	 | 	6,71
  2	 | 	6	 | 	8,00
  2	 | 	16	 | 	11,18
  2	 | 	20	 | 	23,54
  3	 | 	8	 | 	9,90
  4	 | 	5	 | 	6,08
  4	 | 	15	 | 	16,03
  4	 | 	16	 | 	10,44
  4	 | 	21	 | 	38,01
  6	 | 	24	 | 	42,01
  6	 | 	30	 | 	50,16
  7	 | 	9	 | 	4,12
  7	 | 	17	 | 	5,00
  8	 | 	11	 | 	7,28
  8	 | 	14	 | 	13,60
  8	 | 	18	 | 	22,20
  9	 | 	10	 | 	4,24
  9	 | 	36	 | 	45,40
  9	 | 	37	 | 	48,09
  10	 | 	20	 | 	13,34
  11	 | 	21	 | 	33,73
  11	 | 	33	 | 	50,09
  12	 | 	16	 | 	3,61
  13	 | 	14	 | 	7,21
  13	 | 	15	 | 	4,47
  13	 | 	19	 | 	11,05
  14	 | 	17	 | 	6,71
  15	 | 	26	 | 	31,40
  16	 | 	17	 | 	3,00
  18	 | 	20	 | 	3,61
  18	 | 	34	 | 	31,06
  19	 | 	20	 | 	2,24
  19	 | 	22	 | 	15,81
  21	 | 	24	 | 	3,16
  22	 | 	23	 | 	5,00
  22	 | 	24	 | 	5,83
  22	 | 	25	 | 	6,08
  25	 | 	26	 | 	3,61
  25	 | 	28	 | 	2,24
  25	 | 	38	 | 	6,71
  26	 | 	27	 | 	2,24
  26	 | 	39	 | 	16,03
  27	 | 	30	 | 	5,83
  28	 | 	31	 | 	2,00
  29	 | 	33	 | 	6,71
  32	 | 	35	 | 	5,10
  32	 | 	37	 | 	2,24
  34	 | 	35	 | 	5,66
  34	 | 	38	 | 	6,08
  35	 | 	37	 | 	7,28
  36	 | 	37	 | 	9,49
  30	 | 	31	 | 	5,00
  7	 | 	32	 | 	46,27
  24	 | 	33	 | 	14,87
___________________________
Simulation Topology [1:12]
___________________________
From 	  To 		Length
___________________________
  0	 | 	5	 | 	3,00
  0	 | 	13	 | 	15,52
  0	 | 	31	 | 	48,09
  1	 | 	2	 | 	3,61
  1	 | 	3	 | 	3,00
  1	 | 	6	 | 	6,71
  2	 | 	6	 | 	8,00
  2	 | 	16	 | 	11,18
  2	 | 	20	 | 	23,54
  3	 | 	8	 | 	9,90
  4	 | 	5	 | 	6,08
  4	 | 	15	 | 	16,03
  4	 | 	16	 | 	10,44
  4	 | 	21	 | 	38,01
  6	 | 	24	 | 	42,01
  6	 | 	30	 | 	50,16
  7	 | 	9	 | 	4,12
  7	 | 	17	 | 	5,00
  8	 | 	11	 | 	7,28
  8	 | 	14	 | 	13,60
  8	 | 	18	 | 	22,20
  9	 | 	10	 | 	4,24
  9	 | 	36	 | 	45,40
  9	 | 	37	 | 	48,09
  10	 | 	20	 | 	13,34
  11	 | 	21	 | 	33,73
  11	 | 	33	 | 	50,09
  12	 | 	16	 | 	3,61
  13	 | 	14	 | 	7,21
  13	 | 	15	 | 	4,47
  13	 | 	19	 | 	11,05
  14	 | 	17	 | 	6,71
  15	 | 	26	 | 	31,40
  16	 | 	17	 | 	3,00
  18	 | 	20	 | 	3,61
  18	 | 	34	 | 	31,06
  19	 | 	20	 | 	2,24
  19	 | 	22	 | 	15,81
  21	 | 	24	 | 	3,16
  22	 | 	23	 | 	5,00
  22	 | 	24	 | 	5,83
  22	 | 	25	 | 	6,08
  25	 | 	26	 | 	3,61
  25	 | 	28	 | 	2,24
  25	 | 	38	 | 	6,71
  26	 | 	27	 | 	2,24
  26	 | 	39	 | 	16,03
  27	 | 	30	 | 	5,83
  28	 | 	31	 | 	2,00
  29	 | 	33	 | 	6,71
  32	 | 	35	 | 	5,10
  32	 | 	37	 | 	2,24
  34	 | 	35	 | 	5,66
  34	 | 	38	 | 	6,08
  35	 | 	37	 | 	7,28
  36	 | 	37	 | 	9,49
  30	 | 	31	 | 	5,00
  7	 | 	32	 | 	46,27
  24	 | 	33	 | 	14,87
  7	 | 	29	 | 	42,05
___________________________
Simulation Topology [1:13]
___________________________
From 	  To 		Length
___________________________
  0	 | 	5	 | 	3,00
  0	 | 	13	 | 	15,52
  0	 | 	31	 | 	48,09
  1	 | 	2	 | 	3,61
  1	 | 	3	 | 	3,00
  1	 | 	6	 | 	6,71
  2	 | 	6	 | 	8,00
  2	 | 	16	 | 	11,18
  2	 | 	20	 | 	23,54
  3	 | 	8	 | 	9,90
  4	 | 	5	 | 	6,08
  4	 | 	15	 | 	16,03
  4	 | 	16	 | 	10,44
  4	 | 	21	 | 	38,01
  6	 | 	24	 | 	42,01
  6	 | 	30	 | 	50,16
  7	 | 	9	 | 	4,12
  7	 | 	17	 | 	5,00
  8	 | 	11	 | 	7,28
  8	 | 	14	 | 	13,60
  8	 | 	18	 | 	22,20
  9	 | 	10	 | 	4,24
  9	 | 	36	 | 	45,40
  9	 | 	37	 | 	48,09
  10	 | 	20	 | 	13,34
  11	 | 	21	 | 	33,73
  11	 | 	33	 | 	50,09
  12	 | 	16	 | 	3,61
  13	 | 	14	 | 	7,21
  13	 | 	15	 | 	4,47
  13	 | 	19	 | 	11,05
  14	 | 	17	 | 	6,71
  15	 | 	26	 | 	31,40
  16	 | 	17	 | 	3,00
  18	 | 	20	 | 	3,61
  18	 | 	34	 | 	31,06
  19	 | 	20	 | 	2,24
  19	 | 	22	 | 	15,81
  21	 | 	24	 | 	3,16
  22	 | 	23	 | 	5,00
  22	 | 	24	 | 	5,83
  22	 | 	25	 | 	6,08
  25	 | 	26	 | 	3,61
  25	 | 	28	 | 	2,24
  25	 | 	38	 | 	6,71
  26	 | 	27	 | 	2,24
  26	 | 	39	 | 	16,03
  27	 | 	30	 | 	5,83
  28	 | 	31	 | 	2,00
  29	 | 	33	 | 	6,71
  32	 | 	35	 | 	5,10
  32	 | 	37	 | 	2,24
  34	 | 	35	 | 	5,66
  34	 | 	38	 | 	6,08
  35	 | 	37	 | 	7,28
  36	 | 	37	 | 	9,49
  30	 | 	31	 | 	5,00
  7	 | 	32	 | 	46,27
  24	 | 	33	 | 	14,87
  7	 | 	29	 | 	42,05
  1	 | 	35	 | 	56,01
___________________________
Simulation Topology [1:14]
___________________________
From 	  To 		Length
___________________________
  0	 | 	5	 | 	3,00
  0	 | 	13	 | 	15,52
  0	 | 	31	 | 	48,09
  1	 | 	2	 | 	3,61
  1	 | 	3	 | 	3,00
  1	 | 	6	 | 	6,71
  2	 | 	6	 | 	8,00
  2	 | 	16	 | 	11,18
  2	 | 	20	 | 	23,54
  3	 | 	8	 | 	9,90
  4	 | 	5	 | 	6,08
  4	 | 	15	 | 	16,03
  4	 | 	16	 | 	10,44
  4	 | 	21	 | 	38,01
  6	 | 	24	 | 	42,01
  6	 | 	30	 | 	50,16
  7	 | 	9	 | 	4,12
  7	 | 	17	 | 	5,00
  8	 | 	11	 | 	7,28
  8	 | 	14	 | 	13,60
  8	 | 	18	 | 	22,20
  9	 | 	10	 | 	4,24
  9	 | 	36	 | 	45,40
  9	 | 	37	 | 	48,09
  10	 | 	20	 | 	13,34
  11	 | 	21	 | 	33,73
  11	 | 	33	 | 	50,09
  12	 | 	16	 | 	3,61
  13	 | 	14	 | 	7,21
  13	 | 	15	 | 	4,47
  13	 | 	19	 | 	11,05
  14	 | 	17	 | 	6,71
  15	 | 	26	 | 	31,40
  16	 | 	17	 | 	3,00
  18	 | 	20	 | 	3,61
  18	 | 	34	 | 	31,06
  19	 | 	20	 | 	2,24
  19	 | 	22	 | 	15,81
  21	 | 	24	 | 	3,16
  22	 | 	23	 | 	5,00
  22	 | 	24	 | 	5,83
  22	 | 	25	 | 	6,08
  25	 | 	26	 | 	3,61
  25	 | 	28	 | 	2,24
  25	 | 	38	 | 	6,71
  26	 | 	27	 | 	2,24
  26	 | 	39	 | 	16,03
  27	 | 	30	 | 	5,83
  28	 | 	31	 | 	2,00
  29	 | 	33	 | 	6,71
  32	 | 	35	 | 	5,10
  32	 | 	37	 | 	2,24
  34	 | 	35	 | 	5,66
  34	 | 	38	 | 	6,08
  35	 | 	37	 | 	7,28
  36	 | 	37	 | 	9,49
  30	 | 	31	 | 	5,00
  7	 | 	32	 | 	46,27
  24	 | 	33	 | 	14,87
  7	 | 	29	 | 	42,05
  1	 | 	35	 | 	56,01
  14	 | 	31	 | 	29,02
___________________________
Simulation Topology [1:15]
___________________________
From 	  To 		Length
___________________________
  0	 | 	5	 | 	3,00
  0	 | 	13	 | 	15,52
  0	 | 	31	 | 	48,09
  1	 | 	2	 | 	3,61
  1	 | 	3	 | 	3,00
  1	 | 	6	 | 	6,71
  2	 | 	6	 | 	8,00
  2	 | 	16	 | 	11,18
  2	 | 	20	 | 	23,54
  3	 | 	8	 | 	9,90
  4	 | 	5	 | 	6,08
  4	 | 	15	 | 	16,03
  4	 | 	16	 | 	10,44
  4	 | 	21	 | 	38,01
  6	 | 	24	 | 	42,01
  6	 | 	30	 | 	50,16
  7	 | 	9	 | 	4,12
  7	 | 	17	 | 	5,00
  8	 | 	11	 | 	7,28
  8	 | 	14	 | 	13,60
  8	 | 	18	 | 	22,20
  9	 | 	10	 | 	4,24
  9	 | 	36	 | 	45,40
  9	 | 	37	 | 	48,09
  10	 | 	20	 | 	13,34
  11	 | 	21	 | 	33,73
  11	 | 	33	 | 	50,09
  12	 | 	16	 | 	3,61
  13	 | 	14	 | 	7,21
  13	 | 	15	 | 	4,47
  13	 | 	19	 | 	11,05
  14	 | 	17	 | 	6,71
  15	 | 	26	 | 	31,40
  16	 | 	17	 | 	3,00
  18	 | 	20	 | 	3,61
  18	 | 	34	 | 	31,06
  19	 | 	20	 | 	2,24
  19	 | 	22	 | 	15,81
  21	 | 	24	 | 	3,16
  22	 | 	23	 | 	5,00
  22	 | 	24	 | 	5,83
  22	 | 	25	 | 	6,08
  25	 | 	26	 | 	3,61
  25	 | 	28	 | 	2,24
  25	 | 	38	 | 	6,71
  26	 | 	27	 | 	2,24
  26	 | 	39	 | 	16,03
  27	 | 	30	 | 	5,83
  28	 | 	31	 | 	2,00
  29	 | 	33	 | 	6,71
  32	 | 	35	 | 	5,10
  32	 | 	37	 | 	2,24
  34	 | 	35	 | 	5,66
  34	 | 	38	 | 	6,08
  35	 | 	37	 | 	7,28
  36	 | 	37	 | 	9,49
  30	 | 	31	 | 	5,00
  7	 | 	32	 | 	46,27
  24	 | 	33	 | 	14,87
  7	 | 	29	 | 	42,05
  1	 | 	35	 | 	56,01
  14	 | 	31	 | 	29,02
  17	 | 	30	 | 	39,01
___________________________
Simulation Topology [1:16]
___________________________
From 	  To 		Length
___________________________
  0	 | 	5	 | 	3,00
  0	 | 	13	 | 	15,52
  0	 | 	31	 | 	48,09
  1	 | 	2	 | 	3,61
  1	 | 	3	 | 	3,00
  1	 | 	6	 | 	6,71
  2	 | 	6	 | 	8,00
  2	 | 	16	 | 	11,18
  2	 | 	20	 | 	23,54
  3	 | 	8	 | 	9,90
  4	 | 	5	 | 	6,08
  4	 | 	15	 | 	16,03
  4	 | 	16	 | 	10,44
  4	 | 	21	 | 	38,01
  6	 | 	24	 | 	42,01
  6	 | 	30	 | 	50,16
  7	 | 	9	 | 	4,12
  7	 | 	17	 | 	5,00
  8	 | 	11	 | 	7,28
  8	 | 	14	 | 	13,60
  8	 | 	18	 | 	22,20
  9	 | 	10	 | 	4,24
  9	 | 	36	 | 	45,40
  9	 | 	37	 | 	48,09
  10	 | 	20	 | 	13,34
  11	 | 	21	 | 	33,73
  11	 | 	33	 | 	50,09
  12	 | 	16	 | 	3,61
  13	 | 	14	 | 	7,21
  13	 | 	15	 | 	4,47
  13	 | 	19	 | 	11,05
  14	 | 	17	 | 	6,71
  15	 | 	26	 | 	31,40
  16	 | 	17	 | 	3,00
  18	 | 	20	 | 	3,61
  18	 | 	34	 | 	31,06
  19	 | 	20	 | 	2,24
  19	 | 	22	 | 	15,81
  21	 | 	24	 | 	3,16
  22	 | 	23	 | 	5,00
  22	 | 	24	 | 	5,83
  22	 | 	25	 | 	6,08
  25	 | 	26	 | 	3,61
  25	 | 	28	 | 	2,24
  25	 | 	38	 | 	6,71
  26	 | 	27	 | 	2,24
  26	 | 	39	 | 	16,03
  27	 | 	30	 | 	5,83
  28	 | 	31	 | 	2,00
  29	 | 	33	 | 	6,71
  32	 | 	35	 | 	5,10
  32	 | 	37	 | 	2,24
  34	 | 	35	 | 	5,66
  34	 | 	38	 | 	6,08
  35	 | 	37	 | 	7,28
  36	 | 	37	 | 	9,49
  30	 | 	31	 | 	5,00
  7	 | 	32	 | 	46,27
  24	 | 	33	 | 	14,87
  7	 | 	29	 | 	42,05
  1	 | 	35	 | 	56,01
  14	 | 	31	 | 	29,02
  17	 | 	30	 | 	39,01
  15	 | 	34	 | 	40,01
___________________________
Simulation Topology [1:17]
___________________________
From 	  To 		Length
___________________________
  0	 | 	5	 | 	3,00
  0	 | 	13	 | 	15,52
  0	 | 	31	 | 	48,09
  1	 | 	2	 | 	3,61
  1	 | 	3	 | 	3,00
  1	 | 	6	 | 	6,71
  2	 | 	6	 | 	8,00
  2	 | 	16	 | 	11,18
  2	 | 	20	 | 	23,54
  3	 | 	8	 | 	9,90
  4	 | 	5	 | 	6,08
  4	 | 	15	 | 	16,03
  4	 | 	16	 | 	10,44
  4	 | 	21	 | 	38,01
  6	 | 	24	 | 	42,01
  6	 | 	30	 | 	50,16
  7	 | 	9	 | 	4,12
  7	 | 	17	 | 	5,00
  8	 | 	11	 | 	7,28
  8	 | 	14	 | 	13,60
  8	 | 	18	 | 	22,20
  9	 | 	10	 | 	4,24
  9	 | 	36	 | 	45,40
  9	 | 	37	 | 	48,09
  10	 | 	20	 | 	13,34
  11	 | 	21	 | 	33,73
  11	 | 	33	 | 	50,09
  12	 | 	16	 | 	3,61
  13	 | 	14	 | 	7,21
  13	 | 	15	 | 	4,47
  13	 | 	19	 | 	11,05
  14	 | 	17	 | 	6,71
  15	 | 	26	 | 	31,40
  16	 | 	17	 | 	3,00
  18	 | 	20	 | 	3,61
  18	 | 	34	 | 	31,06
  19	 | 	20	 | 	2,24
  19	 | 	22	 | 	15,81
  21	 | 	24	 | 	3,16
  22	 | 	23	 | 	5,00
  22	 | 	24	 | 	5,83
  22	 | 	25	 | 	6,08
  25	 | 	26	 | 	3,61
  25	 | 	28	 | 	2,24
  25	 | 	38	 | 	6,71
  26	 | 	27	 | 	2,24
  26	 | 	39	 | 	16,03
  27	 | 	30	 | 	5,83
  28	 | 	31	 | 	2,00
  29	 | 	33	 | 	6,71
  32	 | 	35	 | 	5,10
  32	 | 	37	 | 	2,24
  34	 | 	35	 | 	5,66
  34	 | 	38	 | 	6,08
  35	 | 	37	 | 	7,28
  36	 | 	37	 | 	9,49
  30	 | 	31	 | 	5,00
  7	 | 	32	 | 	46,27
  24	 | 	33	 | 	14,87
  7	 | 	29	 | 	42,05
  1	 | 	35	 | 	56,01
  14	 | 	31	 | 	29,02
  17	 | 	30	 | 	39,01
  15	 | 	34	 | 	40,01
  28	 | 	36	 | 	8,25
___________________________
Simulation Topology [1:18]
___________________________
From 	  To 		Length
___________________________
  0	 | 	5	 | 	3,00
  0	 | 	13	 | 	15,52
  0	 | 	31	 | 	48,09
  1	 | 	2	 | 	3,61
  1	 | 	3	 | 	3,00
  1	 | 	6	 | 	6,71
  2	 | 	6	 | 	8,00
  2	 | 	16	 | 	11,18
  2	 | 	20	 | 	23,54
  3	 | 	8	 | 	9,90
  4	 | 	5	 | 	6,08
  4	 | 	15	 | 	16,03
  4	 | 	16	 | 	10,44
  4	 | 	21	 | 	38,01
  6	 | 	24	 | 	42,01
  6	 | 	30	 | 	50,16
  7	 | 	9	 | 	4,12
  7	 | 	17	 | 	5,00
  8	 | 	11	 | 	7,28
  8	 | 	14	 | 	13,60
  8	 | 	18	 | 	22,20
  9	 | 	10	 | 	4,24
  9	 | 	36	 | 	45,40
  9	 | 	37	 | 	48,09
  10	 | 	20	 | 	13,34
  11	 | 	21	 | 	33,73
  11	 | 	33	 | 	50,09
  12	 | 	16	 | 	3,61
  13	 | 	14	 | 	7,21
  13	 | 	15	 | 	4,47
  13	 | 	19	 | 	11,05
  14	 | 	17	 | 	6,71
  15	 | 	26	 | 	31,40
  16	 | 	17	 | 	3,00
  18	 | 	20	 | 	3,61
  18	 | 	34	 | 	31,06
  19	 | 	20	 | 	2,24
  19	 | 	22	 | 	15,81
  21	 | 	24	 | 	3,16
  22	 | 	23	 | 	5,00
  22	 | 	24	 | 	5,83
  22	 | 	25	 | 	6,08
  25	 | 	26	 | 	3,61
  25	 | 	28	 | 	2,24
  25	 | 	38	 | 	6,71
  26	 | 	27	 | 	2,24
  26	 | 	39	 | 	16,03
  27	 | 	30	 | 	5,83
  28	 | 	31	 | 	2,00
  29	 | 	33	 | 	6,71
  32	 | 	35	 | 	5,10
  32	 | 	37	 | 	2,24
  34	 | 	35	 | 	5,66
  34	 | 	38	 | 	6,08
  35	 | 	37	 | 	7,28
  36	 | 	37	 | 	9,49
  30	 | 	31	 | 	5,00
  7	 | 	32	 | 	46,27
  24	 | 	33	 | 	14,87
  7	 | 	29	 | 	42,05
  1	 | 	35	 | 	56,01
  14	 | 	31	 | 	29,02
  17	 | 	30	 | 	39,01
  15	 | 	34	 | 	40,01
  28	 | 	36	 | 	8,25
  32	 | 	39	 | 	11,66
___________________________
Simulation Topology [1:19]
___________________________
From 	  To 		Length
___________________________
  0	 | 	5	 | 	3,00
  0	 | 	13	 | 	15,52
  0	 | 	31	 | 	48,09
  1	 | 	2	 | 	3,61
  1	 | 	3	 | 	3,00
  1	 | 	6	 | 	6,71
  2	 | 	6	 | 	8,00
  2	 | 	16	 | 	11,18
  2	 | 	20	 | 	23,54
  3	 | 	8	 | 	9,90
  4	 | 	5	 | 	6,08
  4	 | 	15	 | 	16,03
  4	 | 	16	 | 	10,44
  4	 | 	21	 | 	38,01
  6	 | 	24	 | 	42,01
  6	 | 	30	 | 	50,16
  7	 | 	9	 | 	4,12
  7	 | 	17	 | 	5,00
  8	 | 	11	 | 	7,28
  8	 | 	14	 | 	13,60
  8	 | 	18	 | 	22,20
  9	 | 	10	 | 	4,24
  9	 | 	36	 | 	45,40
  9	 | 	37	 | 	48,09
  10	 | 	20	 | 	13,34
  11	 | 	21	 | 	33,73
  11	 | 	33	 | 	50,09
  12	 | 	16	 | 	3,61
  13	 | 	14	 | 	7,21
  13	 | 	15	 | 	4,47
  13	 | 	19	 | 	11,05
  14	 | 	17	 | 	6,71
  15	 | 	26	 | 	31,40
  16	 | 	17	 | 	3,00
  18	 | 	20	 | 	3,61
  18	 | 	34	 | 	31,06
  19	 | 	20	 | 	2,24
  19	 | 	22	 | 	15,81
  21	 | 	24	 | 	3,16
  22	 | 	23	 | 	5,00
  22	 | 	24	 | 	5,83
  22	 | 	25	 | 	6,08
  25	 | 	26	 | 	3,61
  25	 | 	28	 | 	2,24
  25	 | 	38	 | 	6,71
  26	 | 	27	 | 	2,24
  26	 | 	39	 | 	16,03
  27	 | 	30	 | 	5,83
  28	 | 	31	 | 	2,00
  29	 | 	33	 | 	6,71
  32	 | 	35	 | 	5,10
  32	 | 	37	 | 	2,24
  34	 | 	35	 | 	5,66
  34	 | 	38	 | 	6,08
  35	 | 	37	 | 	7,28
  36	 | 	37	 | 	9,49
  30	 | 	31	 | 	5,00
  7	 | 	32	 | 	46,27
  24	 | 	33	 | 	14,87
  7	 | 	29	 | 	42,05
  1	 | 	35	 | 	56,01
  14	 | 	31	 | 	29,02
  17	 | 	30	 | 	39,01
  15	 | 	34	 | 	40,01
  28	 | 	36	 | 	8,25
  32	 | 	39	 | 	11,66
  10	 | 	27	 | 	38,08
___________________________
Simulation Topology 2
___________________________
[9]				[3]		
[3]				[1]		
[4]				[9]		
[3]				[11]		
[3]				[15]		
[6]				[11]		
[1]				[9]		
[2]				[13]		
[8]				[20]		
[0]				[16]		
[1]				[18]		
[4]				[20]		
[9]				[18]		
[7]				[23]		
[2]				[24]		
[4]				[28]		
[1]				[33]		
[5]				[37]		
[3]				[39]		
[4]				[34]		
[1]				[41]		
[6]				[40]		
[9]				[50]		
[7]				[53]		
[5]				[50]		
[1]				[55]		
[7]				[51]		
[1]				[52]		
[3]				[53]		
[4]				[48]		
[5]				[61]		
[4]				[64]		
[3]				[71]		
[0]				[71]		
[1]				[66]		
[6]				[68]		
[3]				[79]		
[18]				[2]		
[14]				[4]		
[12]				[1]		
___________________________
Simulation Topology [2:0]
___________________________
From 	  To 		Length
___________________________
  10	 | 	27	 | 	34,00
  32	 | 	39	 | 	70,58
  28	 | 	36	 | 	26,00
  15	 | 	34	 | 	38,12
  17	 | 	30	 | 	24,00
  14	 | 	31	 | 	40,05
  1	 | 	35	 | 	67,07
  7	 | 	29	 | 	35,06
  24	 | 	33	 | 	21,59
  7	 | 	32	 | 	58,01
  30	 | 	31	 | 	3,16
  36	 | 	37	 | 	78,45
  35	 | 	37	 | 	67,08
  34	 | 	38	 | 	63,35
  34	 | 	35	 | 	5,39
  32	 | 	37	 | 	70,61
  32	 | 	35	 | 	4,24
  29	 | 	33	 | 	23,35
  28	 | 	31	 | 	11,05
  27	 | 	30	 | 	9,85
  26	 | 	39	 | 	50,25
  26	 | 	27	 | 	6,08
  25	 | 	38	 | 	52,63
  25	 | 	28	 | 	2,83
  25	 | 	26	 | 	7,21
  22	 | 	25	 | 	9,43
  22	 | 	24	 | 	4,00
  22	 | 	23	 | 	3,61
  21	 | 	24	 | 	10,05
  19	 | 	22	 | 	16,76
  19	 | 	20	 | 	7,62
  18	 | 	34	 | 	27,07
  18	 | 	20	 | 	2,83
  0	 | 	1	 | 	6,32
  0	 | 	3	 | 	10,00
  0	 | 	14	 | 	22,14
  0	 | 	15	 | 	25,50
  1	 | 	12	 | 	18,03
  1	 | 	23	 | 	52,15
  2	 | 	3	 | 	2,24
  2	 | 	10	 | 	9,49
  3	 | 	5	 | 	3,00
  3	 | 	36	 | 	68,00
  4	 | 	6	 | 	6,32
  4	 | 	7	 | 	2,24
  4	 | 	18	 | 	24,00
  5	 | 	7	 | 	4,47
  5	 | 	36	 | 	68,07
  6	 | 	15	 | 	19,24
  6	 | 	27	 | 	43,00
  7	 | 	13	 | 	11,18
  7	 | 	39	 | 	15,62
  8	 | 	11	 | 	4,00
  9	 | 	10	 | 	2,24
  9	 | 	25	 | 	39,01
  9	 | 	35	 | 	52,35
  10	 | 	29	 | 	30,15
  12	 | 	16	 | 	17,00
  13	 | 	31	 | 	41,11
  14	 | 	17	 | 	13,34
  15	 | 	30	 | 	33,02
  16	 | 	19	 | 	3,16
  16	 | 	35	 | 	35,36
  19	 | 	21	 | 	6,32
  19	 | 	23	 | 	19,24
  20	 | 	21	 | 	5,10
  20	 | 	24	 | 	9,85
  23	 | 	24	 | 	3,61
  26	 | 	29	 | 	4,24
  29	 | 	30	 | 	13,04
  32	 | 	34	 | 	5,39
___________________________
Simulation Topology [2:1]
___________________________
From 	  To 		Length
___________________________
  10	 | 	27	 | 	34,00
  32	 | 	39	 | 	70,58
  28	 | 	36	 | 	26,00
  15	 | 	34	 | 	38,12
  17	 | 	30	 | 	24,00
  14	 | 	31	 | 	40,05
  1	 | 	35	 | 	67,07
  7	 | 	29	 | 	35,06
  24	 | 	33	 | 	21,59
  7	 | 	32	 | 	58,01
  30	 | 	31	 | 	3,16
  36	 | 	37	 | 	78,45
  35	 | 	37	 | 	67,08
  34	 | 	38	 | 	63,35
  34	 | 	35	 | 	5,39
  32	 | 	37	 | 	70,61
  32	 | 	35	 | 	4,24
  29	 | 	33	 | 	23,35
  28	 | 	31	 | 	11,05
  27	 | 	30	 | 	9,85
  26	 | 	39	 | 	50,25
  26	 | 	27	 | 	6,08
  25	 | 	38	 | 	52,63
  25	 | 	28	 | 	2,83
  25	 | 	26	 | 	7,21
  22	 | 	25	 | 	9,43
  22	 | 	24	 | 	4,00
  22	 | 	23	 | 	3,61
  21	 | 	24	 | 	10,05
  19	 | 	22	 | 	16,76
  19	 | 	20	 | 	7,62
  18	 | 	34	 | 	27,07
  18	 | 	20	 | 	2,83
  0	 | 	1	 | 	6,32
  0	 | 	3	 | 	10,00
  0	 | 	14	 | 	22,14
  0	 | 	15	 | 	25,50
  1	 | 	12	 | 	18,03
  1	 | 	23	 | 	52,15
  2	 | 	3	 | 	2,24
  2	 | 	10	 | 	9,49
  3	 | 	5	 | 	3,00
  3	 | 	36	 | 	68,00
  4	 | 	6	 | 	6,32
  4	 | 	7	 | 	2,24
  4	 | 	18	 | 	24,00
  5	 | 	7	 | 	4,47
  5	 | 	36	 | 	68,07
  6	 | 	15	 | 	19,24
  6	 | 	27	 | 	43,00
  7	 | 	13	 | 	11,18
  7	 | 	39	 | 	15,62
  8	 | 	11	 | 	4,00
  9	 | 	10	 | 	2,24
  9	 | 	25	 | 	39,01
  9	 | 	35	 | 	52,35
  10	 | 	29	 | 	30,15
  12	 | 	16	 | 	17,00
  13	 | 	31	 | 	41,11
  14	 | 	17	 | 	13,34
  15	 | 	30	 | 	33,02
  16	 | 	19	 | 	3,16
  16	 | 	35	 | 	35,36
  19	 | 	21	 | 	6,32
  19	 | 	23	 | 	19,24
  20	 | 	21	 | 	5,10
  20	 | 	24	 | 	9,85
  23	 | 	24	 | 	3,61
  26	 | 	29	 | 	4,24
  29	 | 	30	 | 	13,04
  32	 | 	34	 | 	5,39
  14	 | 	38	 | 	23,32
___________________________
Simulation Topology [2:2]
___________________________
From 	  To 		Length
___________________________
  10	 | 	27	 | 	34,00
  32	 | 	39	 | 	70,58
  28	 | 	36	 | 	26,00
  15	 | 	34	 | 	38,12
  17	 | 	30	 | 	24,00
  14	 | 	31	 | 	40,05
  1	 | 	35	 | 	67,07
  7	 | 	29	 | 	35,06
  24	 | 	33	 | 	21,59
  7	 | 	32	 | 	58,01
  30	 | 	31	 | 	3,16
  36	 | 	37	 | 	78,45
  35	 | 	37	 | 	67,08
  34	 | 	38	 | 	63,35
  34	 | 	35	 | 	5,39
  32	 | 	37	 | 	70,61
  32	 | 	35	 | 	4,24
  29	 | 	33	 | 	23,35
  28	 | 	31	 | 	11,05
  27	 | 	30	 | 	9,85
  26	 | 	39	 | 	50,25
  26	 | 	27	 | 	6,08
  25	 | 	38	 | 	52,63
  25	 | 	28	 | 	2,83
  25	 | 	26	 | 	7,21
  22	 | 	25	 | 	9,43
  22	 | 	24	 | 	4,00
  22	 | 	23	 | 	3,61
  21	 | 	24	 | 	10,05
  19	 | 	22	 | 	16,76
  19	 | 	20	 | 	7,62
  18	 | 	34	 | 	27,07
  18	 | 	20	 | 	2,83
  0	 | 	1	 | 	6,32
  0	 | 	3	 | 	10,00
  0	 | 	14	 | 	22,14
  0	 | 	15	 | 	25,50
  1	 | 	12	 | 	18,03
  1	 | 	23	 | 	52,15
  2	 | 	3	 | 	2,24
  2	 | 	10	 | 	9,49
  3	 | 	5	 | 	3,00
  3	 | 	36	 | 	68,00
  4	 | 	6	 | 	6,32
  4	 | 	7	 | 	2,24
  4	 | 	18	 | 	24,00
  5	 | 	7	 | 	4,47
  5	 | 	36	 | 	68,07
  6	 | 	15	 | 	19,24
  6	 | 	27	 | 	43,00
  7	 | 	13	 | 	11,18
  7	 | 	39	 | 	15,62
  8	 | 	11	 | 	4,00
  9	 | 	10	 | 	2,24
  9	 | 	25	 | 	39,01
  9	 | 	35	 | 	52,35
  10	 | 	29	 | 	30,15
  12	 | 	16	 | 	17,00
  13	 | 	31	 | 	41,11
  14	 | 	17	 | 	13,34
  15	 | 	30	 | 	33,02
  16	 | 	19	 | 	3,16
  16	 | 	35	 | 	35,36
  19	 | 	21	 | 	6,32
  19	 | 	23	 | 	19,24
  20	 | 	21	 | 	5,10
  20	 | 	24	 | 	9,85
  23	 | 	24	 | 	3,61
  26	 | 	29	 | 	4,24
  29	 | 	30	 | 	13,04
  32	 | 	34	 | 	5,39
  14	 | 	38	 | 	23,32
  6	 | 	18	 | 	30,07
___________________________
Simulation Topology [2:3]
___________________________
From 	  To 		Length
___________________________
  10	 | 	27	 | 	34,00
  32	 | 	39	 | 	70,58
  28	 | 	36	 | 	26,00
  15	 | 	34	 | 	38,12
  17	 | 	30	 | 	24,00
  14	 | 	31	 | 	40,05
  1	 | 	35	 | 	67,07
  7	 | 	29	 | 	35,06
  24	 | 	33	 | 	21,59
  7	 | 	32	 | 	58,01
  30	 | 	31	 | 	3,16
  36	 | 	37	 | 	78,45
  35	 | 	37	 | 	67,08
  34	 | 	38	 | 	63,35
  34	 | 	35	 | 	5,39
  32	 | 	37	 | 	70,61
  32	 | 	35	 | 	4,24
  29	 | 	33	 | 	23,35
  28	 | 	31	 | 	11,05
  27	 | 	30	 | 	9,85
  26	 | 	39	 | 	50,25
  26	 | 	27	 | 	6,08
  25	 | 	38	 | 	52,63
  25	 | 	28	 | 	2,83
  25	 | 	26	 | 	7,21
  22	 | 	25	 | 	9,43
  22	 | 	24	 | 	4,00
  22	 | 	23	 | 	3,61
  21	 | 	24	 | 	10,05
  19	 | 	22	 | 	16,76
  19	 | 	20	 | 	7,62
  18	 | 	34	 | 	27,07
  18	 | 	20	 | 	2,83
  0	 | 	1	 | 	6,32
  0	 | 	3	 | 	10,00
  0	 | 	14	 | 	22,14
  0	 | 	15	 | 	25,50
  1	 | 	12	 | 	18,03
  1	 | 	23	 | 	52,15
  2	 | 	3	 | 	2,24
  2	 | 	10	 | 	9,49
  3	 | 	5	 | 	3,00
  3	 | 	36	 | 	68,00
  4	 | 	6	 | 	6,32
  4	 | 	7	 | 	2,24
  4	 | 	18	 | 	24,00
  5	 | 	7	 | 	4,47
  5	 | 	36	 | 	68,07
  6	 | 	15	 | 	19,24
  6	 | 	27	 | 	43,00
  7	 | 	13	 | 	11,18
  7	 | 	39	 | 	15,62
  8	 | 	11	 | 	4,00
  9	 | 	10	 | 	2,24
  9	 | 	25	 | 	39,01
  9	 | 	35	 | 	52,35
  10	 | 	29	 | 	30,15
  12	 | 	16	 | 	17,00
  13	 | 	31	 | 	41,11
  14	 | 	17	 | 	13,34
  15	 | 	30	 | 	33,02
  16	 | 	19	 | 	3,16
  16	 | 	35	 | 	35,36
  19	 | 	21	 | 	6,32
  19	 | 	23	 | 	19,24
  20	 | 	21	 | 	5,10
  20	 | 	24	 | 	9,85
  23	 | 	24	 | 	3,61
  26	 | 	29	 | 	4,24
  29	 | 	30	 | 	13,04
  32	 | 	34	 | 	5,39
  14	 | 	38	 | 	23,32
  6	 | 	18	 | 	30,07
  17	 | 	32	 | 	34,06
___________________________
Simulation Topology [2:4]
___________________________
From 	  To 		Length
___________________________
  10	 | 	27	 | 	34,00
  32	 | 	39	 | 	70,58
  28	 | 	36	 | 	26,00
  15	 | 	34	 | 	38,12
  17	 | 	30	 | 	24,00
  14	 | 	31	 | 	40,05
  1	 | 	35	 | 	67,07
  7	 | 	29	 | 	35,06
  24	 | 	33	 | 	21,59
  7	 | 	32	 | 	58,01
  30	 | 	31	 | 	3,16
  36	 | 	37	 | 	78,45
  35	 | 	37	 | 	67,08
  34	 | 	38	 | 	63,35
  34	 | 	35	 | 	5,39
  32	 | 	37	 | 	70,61
  32	 | 	35	 | 	4,24
  29	 | 	33	 | 	23,35
  28	 | 	31	 | 	11,05
  27	 | 	30	 | 	9,85
  26	 | 	39	 | 	50,25
  26	 | 	27	 | 	6,08
  25	 | 	38	 | 	52,63
  25	 | 	28	 | 	2,83
  25	 | 	26	 | 	7,21
  22	 | 	25	 | 	9,43
  22	 | 	24	 | 	4,00
  22	 | 	23	 | 	3,61
  21	 | 	24	 | 	10,05
  19	 | 	22	 | 	16,76
  19	 | 	20	 | 	7,62
  18	 | 	34	 | 	27,07
  18	 | 	20	 | 	2,83
  0	 | 	1	 | 	6,32
  0	 | 	3	 | 	10,00
  0	 | 	14	 | 	22,14
  0	 | 	15	 | 	25,50
  1	 | 	12	 | 	18,03
  1	 | 	23	 | 	52,15
  2	 | 	3	 | 	2,24
  2	 | 	10	 | 	9,49
  3	 | 	5	 | 	3,00
  3	 | 	36	 | 	68,00
  4	 | 	6	 | 	6,32
  4	 | 	7	 | 	2,24
  4	 | 	18	 | 	24,00
  5	 | 	7	 | 	4,47
  5	 | 	36	 | 	68,07
  6	 | 	15	 | 	19,24
  6	 | 	27	 | 	43,00
  7	 | 	13	 | 	11,18
  7	 | 	39	 | 	15,62
  8	 | 	11	 | 	4,00
  9	 | 	10	 | 	2,24
  9	 | 	25	 | 	39,01
  9	 | 	35	 | 	52,35
  10	 | 	29	 | 	30,15
  12	 | 	16	 | 	17,00
  13	 | 	31	 | 	41,11
  14	 | 	17	 | 	13,34
  15	 | 	30	 | 	33,02
  16	 | 	19	 | 	3,16
  16	 | 	35	 | 	35,36
  19	 | 	21	 | 	6,32
  19	 | 	23	 | 	19,24
  20	 | 	21	 | 	5,10
  20	 | 	24	 | 	9,85
  23	 | 	24	 | 	3,61
  26	 | 	29	 | 	4,24
  29	 | 	30	 | 	13,04
  32	 | 	34	 | 	5,39
  14	 | 	38	 | 	23,32
  6	 | 	18	 | 	30,07
  17	 | 	32	 | 	34,06
  14	 | 	39	 | 	25,08
___________________________
Simulation Topology [2:5]
___________________________
From 	  To 		Length
___________________________
  10	 | 	27	 | 	34,00
  32	 | 	39	 | 	70,58
  28	 | 	36	 | 	26,00
  15	 | 	34	 | 	38,12
  17	 | 	30	 | 	24,00
  14	 | 	31	 | 	40,05
  1	 | 	35	 | 	67,07
  7	 | 	29	 | 	35,06
  24	 | 	33	 | 	21,59
  7	 | 	32	 | 	58,01
  30	 | 	31	 | 	3,16
  36	 | 	37	 | 	78,45
  35	 | 	37	 | 	67,08
  34	 | 	38	 | 	63,35
  34	 | 	35	 | 	5,39
  32	 | 	37	 | 	70,61
  32	 | 	35	 | 	4,24
  29	 | 	33	 | 	23,35
  28	 | 	31	 | 	11,05
  27	 | 	30	 | 	9,85
  26	 | 	39	 | 	50,25
  26	 | 	27	 | 	6,08
  25	 | 	38	 | 	52,63
  25	 | 	28	 | 	2,83
  25	 | 	26	 | 	7,21
  22	 | 	25	 | 	9,43
  22	 | 	24	 | 	4,00
  22	 | 	23	 | 	3,61
  21	 | 	24	 | 	10,05
  19	 | 	22	 | 	16,76
  19	 | 	20	 | 	7,62
  18	 | 	34	 | 	27,07
  18	 | 	20	 | 	2,83
  0	 | 	1	 | 	6,32
  0	 | 	3	 | 	10,00
  0	 | 	14	 | 	22,14
  0	 | 	15	 | 	25,50
  1	 | 	12	 | 	18,03
  1	 | 	23	 | 	52,15
  2	 | 	3	 | 	2,24
  2	 | 	10	 | 	9,49
  3	 | 	5	 | 	3,00
  3	 | 	36	 | 	68,00
  4	 | 	6	 | 	6,32
  4	 | 	7	 | 	2,24
  4	 | 	18	 | 	24,00
  5	 | 	7	 | 	4,47
  5	 | 	36	 | 	68,07
  6	 | 	15	 | 	19,24
  6	 | 	27	 | 	43,00
  7	 | 	13	 | 	11,18
  7	 | 	39	 | 	15,62
  8	 | 	11	 | 	4,00
  9	 | 	10	 | 	2,24
  9	 | 	25	 | 	39,01
  9	 | 	35	 | 	52,35
  10	 | 	29	 | 	30,15
  12	 | 	16	 | 	17,00
  13	 | 	31	 | 	41,11
  14	 | 	17	 | 	13,34
  15	 | 	30	 | 	33,02
  16	 | 	19	 | 	3,16
  16	 | 	35	 | 	35,36
  19	 | 	21	 | 	6,32
  19	 | 	23	 | 	19,24
  20	 | 	21	 | 	5,10
  20	 | 	24	 | 	9,85
  23	 | 	24	 | 	3,61
  26	 | 	29	 | 	4,24
  29	 | 	30	 | 	13,04
  32	 | 	34	 | 	5,39
  14	 | 	38	 | 	23,32
  6	 | 	18	 | 	30,07
  17	 | 	32	 | 	34,06
  14	 | 	39	 | 	25,08
  12	 | 	36	 | 	61,29
___________________________
Simulation Topology [2:6]
___________________________
From 	  To 		Length
___________________________
  10	 | 	27	 | 	34,00
  32	 | 	39	 | 	70,58
  28	 | 	36	 | 	26,00
  15	 | 	34	 | 	38,12
  17	 | 	30	 | 	24,00
  14	 | 	31	 | 	40,05
  1	 | 	35	 | 	67,07
  7	 | 	29	 | 	35,06
  24	 | 	33	 | 	21,59
  7	 | 	32	 | 	58,01
  30	 | 	31	 | 	3,16
  36	 | 	37	 | 	78,45
  35	 | 	37	 | 	67,08
  34	 | 	38	 | 	63,35
  34	 | 	35	 | 	5,39
  32	 | 	37	 | 	70,61
  32	 | 	35	 | 	4,24
  29	 | 	33	 | 	23,35
  28	 | 	31	 | 	11,05
  27	 | 	30	 | 	9,85
  26	 | 	39	 | 	50,25
  26	 | 	27	 | 	6,08
  25	 | 	38	 | 	52,63
  25	 | 	28	 | 	2,83
  25	 | 	26	 | 	7,21
  22	 | 	25	 | 	9,43
  22	 | 	24	 | 	4,00
  22	 | 	23	 | 	3,61
  21	 | 	24	 | 	10,05
  19	 | 	22	 | 	16,76
  19	 | 	20	 | 	7,62
  18	 | 	34	 | 	27,07
  18	 | 	20	 | 	2,83
  0	 | 	1	 | 	6,32
  0	 | 	3	 | 	10,00
  0	 | 	14	 | 	22,14
  0	 | 	15	 | 	25,50
  1	 | 	12	 | 	18,03
  1	 | 	23	 | 	52,15
  2	 | 	3	 | 	2,24
  2	 | 	10	 | 	9,49
  3	 | 	5	 | 	3,00
  3	 | 	36	 | 	68,00
  4	 | 	6	 | 	6,32
  4	 | 	7	 | 	2,24
  4	 | 	18	 | 	24,00
  5	 | 	7	 | 	4,47
  5	 | 	36	 | 	68,07
  6	 | 	15	 | 	19,24
  6	 | 	27	 | 	43,00
  7	 | 	13	 | 	11,18
  7	 | 	39	 | 	15,62
  8	 | 	11	 | 	4,00
  9	 | 	10	 | 	2,24
  9	 | 	25	 | 	39,01
  9	 | 	35	 | 	52,35
  10	 | 	29	 | 	30,15
  12	 | 	16	 | 	17,00
  13	 | 	31	 | 	41,11
  14	 | 	17	 | 	13,34
  15	 | 	30	 | 	33,02
  16	 | 	19	 | 	3,16
  16	 | 	35	 | 	35,36
  19	 | 	21	 | 	6,32
  19	 | 	23	 | 	19,24
  20	 | 	21	 | 	5,10
  20	 | 	24	 | 	9,85
  23	 | 	24	 | 	3,61
  26	 | 	29	 | 	4,24
  29	 | 	30	 | 	13,04
  32	 | 	34	 | 	5,39
  14	 | 	38	 | 	23,32
  6	 | 	18	 | 	30,07
  17	 | 	32	 | 	34,06
  14	 | 	39	 | 	25,08
  12	 | 	36	 | 	61,29
  28	 | 	30	 | 	8,25
___________________________
Simulation Topology [2:7]
___________________________
From 	  To 		Length
___________________________
  10	 | 	27	 | 	34,00
  32	 | 	39	 | 	70,58
  28	 | 	36	 | 	26,00
  15	 | 	34	 | 	38,12
  17	 | 	30	 | 	24,00
  14	 | 	31	 | 	40,05
  1	 | 	35	 | 	67,07
  7	 | 	29	 | 	35,06
  24	 | 	33	 | 	21,59
  7	 | 	32	 | 	58,01
  30	 | 	31	 | 	3,16
  36	 | 	37	 | 	78,45
  35	 | 	37	 | 	67,08
  34	 | 	38	 | 	63,35
  34	 | 	35	 | 	5,39
  32	 | 	37	 | 	70,61
  32	 | 	35	 | 	4,24
  29	 | 	33	 | 	23,35
  28	 | 	31	 | 	11,05
  27	 | 	30	 | 	9,85
  26	 | 	39	 | 	50,25
  26	 | 	27	 | 	6,08
  25	 | 	38	 | 	52,63
  25	 | 	28	 | 	2,83
  25	 | 	26	 | 	7,21
  22	 | 	25	 | 	9,43
  22	 | 	24	 | 	4,00
  22	 | 	23	 | 	3,61
  21	 | 	24	 | 	10,05
  19	 | 	22	 | 	16,76
  19	 | 	20	 | 	7,62
  18	 | 	34	 | 	27,07
  18	 | 	20	 | 	2,83
  0	 | 	1	 | 	6,32
  0	 | 	3	 | 	10,00
  0	 | 	14	 | 	22,14
  0	 | 	15	 | 	25,50
  1	 | 	12	 | 	18,03
  1	 | 	23	 | 	52,15
  2	 | 	3	 | 	2,24
  2	 | 	10	 | 	9,49
  3	 | 	5	 | 	3,00
  3	 | 	36	 | 	68,00
  4	 | 	6	 | 	6,32
  4	 | 	7	 | 	2,24
  4	 | 	18	 | 	24,00
  5	 | 	7	 | 	4,47
  5	 | 	36	 | 	68,07
  6	 | 	15	 | 	19,24
  6	 | 	27	 | 	43,00
  7	 | 	13	 | 	11,18
  7	 | 	39	 | 	15,62
  8	 | 	11	 | 	4,00
  9	 | 	10	 | 	2,24
  9	 | 	25	 | 	39,01
  9	 | 	35	 | 	52,35
  10	 | 	29	 | 	30,15
  12	 | 	16	 | 	17,00
  13	 | 	31	 | 	41,11
  14	 | 	17	 | 	13,34
  15	 | 	30	 | 	33,02
  16	 | 	19	 | 	3,16
  16	 | 	35	 | 	35,36
  19	 | 	21	 | 	6,32
  19	 | 	23	 | 	19,24
  20	 | 	21	 | 	5,10
  20	 | 	24	 | 	9,85
  23	 | 	24	 | 	3,61
  26	 | 	29	 | 	4,24
  29	 | 	30	 | 	13,04
  32	 | 	34	 | 	5,39
  14	 | 	38	 | 	23,32
  6	 | 	18	 | 	30,07
  17	 | 	32	 | 	34,06
  14	 | 	39	 | 	25,08
  12	 | 	36	 | 	61,29
  28	 | 	30	 | 	8,25
  19	 | 	28	 | 	19,03
___________________________
Simulation Topology [2:8]
___________________________
From 	  To 		Length
___________________________
  10	 | 	27	 | 	34,00
  32	 | 	39	 | 	70,58
  28	 | 	36	 | 	26,00
  15	 | 	34	 | 	38,12
  17	 | 	30	 | 	24,00
  14	 | 	31	 | 	40,05
  1	 | 	35	 | 	67,07
  7	 | 	29	 | 	35,06
  24	 | 	33	 | 	21,59
  7	 | 	32	 | 	58,01
  30	 | 	31	 | 	3,16
  36	 | 	37	 | 	78,45
  35	 | 	37	 | 	67,08
  34	 | 	38	 | 	63,35
  34	 | 	35	 | 	5,39
  32	 | 	37	 | 	70,61
  32	 | 	35	 | 	4,24
  29	 | 	33	 | 	23,35
  28	 | 	31	 | 	11,05
  27	 | 	30	 | 	9,85
  26	 | 	39	 | 	50,25
  26	 | 	27	 | 	6,08
  25	 | 	38	 | 	52,63
  25	 | 	28	 | 	2,83
  25	 | 	26	 | 	7,21
  22	 | 	25	 | 	9,43
  22	 | 	24	 | 	4,00
  22	 | 	23	 | 	3,61
  21	 | 	24	 | 	10,05
  19	 | 	22	 | 	16,76
  19	 | 	20	 | 	7,62
  18	 | 	34	 | 	27,07
  18	 | 	20	 | 	2,83
  0	 | 	1	 | 	6,32
  0	 | 	3	 | 	10,00
  0	 | 	14	 | 	22,14
  0	 | 	15	 | 	25,50
  1	 | 	12	 | 	18,03
  1	 | 	23	 | 	52,15
  2	 | 	3	 | 	2,24
  2	 | 	10	 | 	9,49
  3	 | 	5	 | 	3,00
  3	 | 	36	 | 	68,00
  4	 | 	6	 | 	6,32
  4	 | 	7	 | 	2,24
  4	 | 	18	 | 	24,00
  5	 | 	7	 | 	4,47
  5	 | 	36	 | 	68,07
  6	 | 	15	 | 	19,24
  6	 | 	27	 | 	43,00
  7	 | 	13	 | 	11,18
  7	 | 	39	 | 	15,62
  8	 | 	11	 | 	4,00
  9	 | 	10	 | 	2,24
  9	 | 	25	 | 	39,01
  9	 | 	35	 | 	52,35
  10	 | 	29	 | 	30,15
  12	 | 	16	 | 	17,00
  13	 | 	31	 | 	41,11
  14	 | 	17	 | 	13,34
  15	 | 	30	 | 	33,02
  16	 | 	19	 | 	3,16
  16	 | 	35	 | 	35,36
  19	 | 	21	 | 	6,32
  19	 | 	23	 | 	19,24
  20	 | 	21	 | 	5,10
  20	 | 	24	 | 	9,85
  23	 | 	24	 | 	3,61
  26	 | 	29	 | 	4,24
  29	 | 	30	 | 	13,04
  32	 | 	34	 | 	5,39
  14	 | 	38	 | 	23,32
  6	 | 	18	 | 	30,07
  17	 | 	32	 | 	34,06
  14	 | 	39	 | 	25,08
  12	 | 	36	 | 	61,29
  28	 | 	30	 | 	8,25
  19	 | 	28	 | 	19,03
  30	 | 	38	 | 	57,71
___________________________
Simulation Topology [2:9]
___________________________
From 	  To 		Length
___________________________
  10	 | 	27	 | 	34,00
  32	 | 	39	 | 	70,58
  28	 | 	36	 | 	26,00
  15	 | 	34	 | 	38,12
  17	 | 	30	 | 	24,00
  14	 | 	31	 | 	40,05
  1	 | 	35	 | 	67,07
  7	 | 	29	 | 	35,06
  24	 | 	33	 | 	21,59
  7	 | 	32	 | 	58,01
  30	 | 	31	 | 	3,16
  36	 | 	37	 | 	78,45
  35	 | 	37	 | 	67,08
  34	 | 	38	 | 	63,35
  34	 | 	35	 | 	5,39
  32	 | 	37	 | 	70,61
  32	 | 	35	 | 	4,24
  29	 | 	33	 | 	23,35
  28	 | 	31	 | 	11,05
  27	 | 	30	 | 	9,85
  26	 | 	39	 | 	50,25
  26	 | 	27	 | 	6,08
  25	 | 	38	 | 	52,63
  25	 | 	28	 | 	2,83
  25	 | 	26	 | 	7,21
  22	 | 	25	 | 	9,43
  22	 | 	24	 | 	4,00
  22	 | 	23	 | 	3,61
  21	 | 	24	 | 	10,05
  19	 | 	22	 | 	16,76
  19	 | 	20	 | 	7,62
  18	 | 	34	 | 	27,07
  18	 | 	20	 | 	2,83
  0	 | 	1	 | 	6,32
  0	 | 	3	 | 	10,00
  0	 | 	14	 | 	22,14
  0	 | 	15	 | 	25,50
  1	 | 	12	 | 	18,03
  1	 | 	23	 | 	52,15
  2	 | 	3	 | 	2,24
  2	 | 	10	 | 	9,49
  3	 | 	5	 | 	3,00
  3	 | 	36	 | 	68,00
  4	 | 	6	 | 	6,32
  4	 | 	7	 | 	2,24
  4	 | 	18	 | 	24,00
  5	 | 	7	 | 	4,47
  5	 | 	36	 | 	68,07
  6	 | 	15	 | 	19,24
  6	 | 	27	 | 	43,00
  7	 | 	13	 | 	11,18
  7	 | 	39	 | 	15,62
  8	 | 	11	 | 	4,00
  9	 | 	10	 | 	2,24
  9	 | 	25	 | 	39,01
  9	 | 	35	 | 	52,35
  10	 | 	29	 | 	30,15
  12	 | 	16	 | 	17,00
  13	 | 	31	 | 	41,11
  14	 | 	17	 | 	13,34
  15	 | 	30	 | 	33,02
  16	 | 	19	 | 	3,16
  16	 | 	35	 | 	35,36
  19	 | 	21	 | 	6,32
  19	 | 	23	 | 	19,24
  20	 | 	21	 | 	5,10
  20	 | 	24	 | 	9,85
  23	 | 	24	 | 	3,61
  26	 | 	29	 | 	4,24
  29	 | 	30	 | 	13,04
  32	 | 	34	 | 	5,39
  14	 | 	38	 | 	23,32
  6	 | 	18	 | 	30,07
  17	 | 	32	 | 	34,06
  14	 | 	39	 | 	25,08
  12	 | 	36	 | 	61,29
  28	 | 	30	 | 	8,25
  19	 | 	28	 | 	19,03
  30	 | 	38	 | 	57,71
  5	 | 	23	 | 	42,01
___________________________
Simulation Topology [2:10]
___________________________
From 	  To 		Length
___________________________
  10	 | 	27	 | 	34,00
  32	 | 	39	 | 	70,58
  28	 | 	36	 | 	26,00
  15	 | 	34	 | 	38,12
  17	 | 	30	 | 	24,00
  14	 | 	31	 | 	40,05
  1	 | 	35	 | 	67,07
  7	 | 	29	 | 	35,06
  24	 | 	33	 | 	21,59
  7	 | 	32	 | 	58,01
  30	 | 	31	 | 	3,16
  36	 | 	37	 | 	78,45
  35	 | 	37	 | 	67,08
  34	 | 	38	 | 	63,35
  34	 | 	35	 | 	5,39
  32	 | 	37	 | 	70,61
  32	 | 	35	 | 	4,24
  29	 | 	33	 | 	23,35
  28	 | 	31	 | 	11,05
  27	 | 	30	 | 	9,85
  26	 | 	39	 | 	50,25
  26	 | 	27	 | 	6,08
  25	 | 	38	 | 	52,63
  25	 | 	28	 | 	2,83
  25	 | 	26	 | 	7,21
  22	 | 	25	 | 	9,43
  22	 | 	24	 | 	4,00
  22	 | 	23	 | 	3,61
  21	 | 	24	 | 	10,05
  19	 | 	22	 | 	16,76
  19	 | 	20	 | 	7,62
  18	 | 	34	 | 	27,07
  18	 | 	20	 | 	2,83
  0	 | 	1	 | 	6,32
  0	 | 	3	 | 	10,00
  0	 | 	14	 | 	22,14
  0	 | 	15	 | 	25,50
  1	 | 	12	 | 	18,03
  1	 | 	23	 | 	52,15
  2	 | 	3	 | 	2,24
  2	 | 	10	 | 	9,49
  3	 | 	5	 | 	3,00
  3	 | 	36	 | 	68,00
  4	 | 	6	 | 	6,32
  4	 | 	7	 | 	2,24
  4	 | 	18	 | 	24,00
  5	 | 	7	 | 	4,47
  5	 | 	36	 | 	68,07
  6	 | 	15	 | 	19,24
  6	 | 	27	 | 	43,00
  7	 | 	13	 | 	11,18
  7	 | 	39	 | 	15,62
  8	 | 	11	 | 	4,00
  9	 | 	10	 | 	2,24
  9	 | 	25	 | 	39,01
  9	 | 	35	 | 	52,35
  10	 | 	29	 | 	30,15
  12	 | 	16	 | 	17,00
  13	 | 	31	 | 	41,11
  14	 | 	17	 | 	13,34
  15	 | 	30	 | 	33,02
  16	 | 	19	 | 	3,16
  16	 | 	35	 | 	35,36
  19	 | 	21	 | 	6,32
  19	 | 	23	 | 	19,24
  20	 | 	21	 | 	5,10
  20	 | 	24	 | 	9,85
  23	 | 	24	 | 	3,61
  26	 | 	29	 | 	4,24
  29	 | 	30	 | 	13,04
  32	 | 	34	 | 	5,39
  14	 | 	38	 | 	23,32
  6	 | 	18	 | 	30,07
  17	 | 	32	 | 	34,06
  14	 | 	39	 | 	25,08
  12	 | 	36	 | 	61,29
  28	 | 	30	 | 	8,25
  19	 | 	28	 | 	19,03
  30	 | 	38	 | 	57,71
  5	 | 	23	 | 	42,01
  4	 | 	34	 | 	51,04
___________________________
Simulation Topology [2:11]
___________________________
From 	  To 		Length
___________________________
  10	 | 	27	 | 	34,00
  32	 | 	39	 | 	70,58
  28	 | 	36	 | 	26,00
  15	 | 	34	 | 	38,12
  17	 | 	30	 | 	24,00
  14	 | 	31	 | 	40,05
  1	 | 	35	 | 	67,07
  7	 | 	29	 | 	35,06
  24	 | 	33	 | 	21,59
  7	 | 	32	 | 	58,01
  30	 | 	31	 | 	3,16
  36	 | 	37	 | 	78,45
  35	 | 	37	 | 	67,08
  34	 | 	38	 | 	63,35
  34	 | 	35	 | 	5,39
  32	 | 	37	 | 	70,61
  32	 | 	35	 | 	4,24
  29	 | 	33	 | 	23,35
  28	 | 	31	 | 	11,05
  27	 | 	30	 | 	9,85
  26	 | 	39	 | 	50,25
  26	 | 	27	 | 	6,08
  25	 | 	38	 | 	52,63
  25	 | 	28	 | 	2,83
  25	 | 	26	 | 	7,21
  22	 | 	25	 | 	9,43
  22	 | 	24	 | 	4,00
  22	 | 	23	 | 	3,61
  21	 | 	24	 | 	10,05
  19	 | 	22	 | 	16,76
  19	 | 	20	 | 	7,62
  18	 | 	34	 | 	27,07
  18	 | 	20	 | 	2,83
  0	 | 	1	 | 	6,32
  0	 | 	3	 | 	10,00
  0	 | 	14	 | 	22,14
  0	 | 	15	 | 	25,50
  1	 | 	12	 | 	18,03
  1	 | 	23	 | 	52,15
  2	 | 	3	 | 	2,24
  2	 | 	10	 | 	9,49
  3	 | 	5	 | 	3,00
  3	 | 	36	 | 	68,00
  4	 | 	6	 | 	6,32
  4	 | 	7	 | 	2,24
  4	 | 	18	 | 	24,00
  5	 | 	7	 | 	4,47
  5	 | 	36	 | 	68,07
  6	 | 	15	 | 	19,24
  6	 | 	27	 | 	43,00
  7	 | 	13	 | 	11,18
  7	 | 	39	 | 	15,62
  8	 | 	11	 | 	4,00
  9	 | 	10	 | 	2,24
  9	 | 	25	 | 	39,01
  9	 | 	35	 | 	52,35
  10	 | 	29	 | 	30,15
  12	 | 	16	 | 	17,00
  13	 | 	31	 | 	41,11
  14	 | 	17	 | 	13,34
  15	 | 	30	 | 	33,02
  16	 | 	19	 | 	3,16
  16	 | 	35	 | 	35,36
  19	 | 	21	 | 	6,32
  19	 | 	23	 | 	19,24
  20	 | 	21	 | 	5,10
  20	 | 	24	 | 	9,85
  23	 | 	24	 | 	3,61
  26	 | 	29	 | 	4,24
  29	 | 	30	 | 	13,04
  32	 | 	34	 | 	5,39
  14	 | 	38	 | 	23,32
  6	 | 	18	 | 	30,07
  17	 | 	32	 | 	34,06
  14	 | 	39	 | 	25,08
  12	 | 	36	 | 	61,29
  28	 | 	30	 | 	8,25
  19	 | 	28	 | 	19,03
  30	 | 	38	 | 	57,71
  5	 | 	23	 | 	42,01
  4	 | 	34	 | 	51,04
  8	 | 	20	 | 	22,14
___________________________
Simulation Topology [2:12]
___________________________
From 	  To 		Length
___________________________
  10	 | 	27	 | 	34,00
  32	 | 	39	 | 	70,58
  28	 | 	36	 | 	26,00
  15	 | 	34	 | 	38,12
  17	 | 	30	 | 	24,00
  14	 | 	31	 | 	40,05
  1	 | 	35	 | 	67,07
  7	 | 	29	 | 	35,06
  24	 | 	33	 | 	21,59
  7	 | 	32	 | 	58,01
  30	 | 	31	 | 	3,16
  36	 | 	37	 | 	78,45
  35	 | 	37	 | 	67,08
  34	 | 	38	 | 	63,35
  34	 | 	35	 | 	5,39
  32	 | 	37	 | 	70,61
  32	 | 	35	 | 	4,24
  29	 | 	33	 | 	23,35
  28	 | 	31	 | 	11,05
  27	 | 	30	 | 	9,85
  26	 | 	39	 | 	50,25
  26	 | 	27	 | 	6,08
  25	 | 	38	 | 	52,63
  25	 | 	28	 | 	2,83
  25	 | 	26	 | 	7,21
  22	 | 	25	 | 	9,43
  22	 | 	24	 | 	4,00
  22	 | 	23	 | 	3,61
  21	 | 	24	 | 	10,05
  19	 | 	22	 | 	16,76
  19	 | 	20	 | 	7,62
  18	 | 	34	 | 	27,07
  18	 | 	20	 | 	2,83
  0	 | 	1	 | 	6,32
  0	 | 	3	 | 	10,00
  0	 | 	14	 | 	22,14
  0	 | 	15	 | 	25,50
  1	 | 	12	 | 	18,03
  1	 | 	23	 | 	52,15
  2	 | 	3	 | 	2,24
  2	 | 	10	 | 	9,49
  3	 | 	5	 | 	3,00
  3	 | 	36	 | 	68,00
  4	 | 	6	 | 	6,32
  4	 | 	7	 | 	2,24
  4	 | 	18	 | 	24,00
  5	 | 	7	 | 	4,47
  5	 | 	36	 | 	68,07
  6	 | 	15	 | 	19,24
  6	 | 	27	 | 	43,00
  7	 | 	13	 | 	11,18
  7	 | 	39	 | 	15,62
  8	 | 	11	 | 	4,00
  9	 | 	10	 | 	2,24
  9	 | 	25	 | 	39,01
  9	 | 	35	 | 	52,35
  10	 | 	29	 | 	30,15
  12	 | 	16	 | 	17,00
  13	 | 	31	 | 	41,11
  14	 | 	17	 | 	13,34
  15	 | 	30	 | 	33,02
  16	 | 	19	 | 	3,16
  16	 | 	35	 | 	35,36
  19	 | 	21	 | 	6,32
  19	 | 	23	 | 	19,24
  20	 | 	21	 | 	5,10
  20	 | 	24	 | 	9,85
  23	 | 	24	 | 	3,61
  26	 | 	29	 | 	4,24
  29	 | 	30	 | 	13,04
  32	 | 	34	 | 	5,39
  14	 | 	38	 | 	23,32
  6	 | 	18	 | 	30,07
  17	 | 	32	 | 	34,06
  14	 | 	39	 | 	25,08
  12	 | 	36	 | 	61,29
  28	 | 	30	 | 	8,25
  19	 | 	28	 | 	19,03
  30	 | 	38	 | 	57,71
  5	 | 	23	 | 	42,01
  4	 | 	34	 | 	51,04
  8	 | 	20	 | 	22,14
  18	 | 	29	 | 	9,06
___________________________
Simulation Topology [2:13]
___________________________
From 	  To 		Length
___________________________
  10	 | 	27	 | 	34,00
  32	 | 	39	 | 	70,58
  28	 | 	36	 | 	26,00
  15	 | 	34	 | 	38,12
  17	 | 	30	 | 	24,00
  14	 | 	31	 | 	40,05
  1	 | 	35	 | 	67,07
  7	 | 	29	 | 	35,06
  24	 | 	33	 | 	21,59
  7	 | 	32	 | 	58,01
  30	 | 	31	 | 	3,16
  36	 | 	37	 | 	78,45
  35	 | 	37	 | 	67,08
  34	 | 	38	 | 	63,35
  34	 | 	35	 | 	5,39
  32	 | 	37	 | 	70,61
  32	 | 	35	 | 	4,24
  29	 | 	33	 | 	23,35
  28	 | 	31	 | 	11,05
  27	 | 	30	 | 	9,85
  26	 | 	39	 | 	50,25
  26	 | 	27	 | 	6,08
  25	 | 	38	 | 	52,63
  25	 | 	28	 | 	2,83
  25	 | 	26	 | 	7,21
  22	 | 	25	 | 	9,43
  22	 | 	24	 | 	4,00
  22	 | 	23	 | 	3,61
  21	 | 	24	 | 	10,05
  19	 | 	22	 | 	16,76
  19	 | 	20	 | 	7,62
  18	 | 	34	 | 	27,07
  18	 | 	20	 | 	2,83
  0	 | 	1	 | 	6,32
  0	 | 	3	 | 	10,00
  0	 | 	14	 | 	22,14
  0	 | 	15	 | 	25,50
  1	 | 	12	 | 	18,03
  1	 | 	23	 | 	52,15
  2	 | 	3	 | 	2,24
  2	 | 	10	 | 	9,49
  3	 | 	5	 | 	3,00
  3	 | 	36	 | 	68,00
  4	 | 	6	 | 	6,32
  4	 | 	7	 | 	2,24
  4	 | 	18	 | 	24,00
  5	 | 	7	 | 	4,47
  5	 | 	36	 | 	68,07
  6	 | 	15	 | 	19,24
  6	 | 	27	 | 	43,00
  7	 | 	13	 | 	11,18
  7	 | 	39	 | 	15,62
  8	 | 	11	 | 	4,00
  9	 | 	10	 | 	2,24
  9	 | 	25	 | 	39,01
  9	 | 	35	 | 	52,35
  10	 | 	29	 | 	30,15
  12	 | 	16	 | 	17,00
  13	 | 	31	 | 	41,11
  14	 | 	17	 | 	13,34
  15	 | 	30	 | 	33,02
  16	 | 	19	 | 	3,16
  16	 | 	35	 | 	35,36
  19	 | 	21	 | 	6,32
  19	 | 	23	 | 	19,24
  20	 | 	21	 | 	5,10
  20	 | 	24	 | 	9,85
  23	 | 	24	 | 	3,61
  26	 | 	29	 | 	4,24
  29	 | 	30	 | 	13,04
  32	 | 	34	 | 	5,39
  14	 | 	38	 | 	23,32
  6	 | 	18	 | 	30,07
  17	 | 	32	 | 	34,06
  14	 | 	39	 | 	25,08
  12	 | 	36	 | 	61,29
  28	 | 	30	 | 	8,25
  19	 | 	28	 | 	19,03
  30	 | 	38	 | 	57,71
  5	 | 	23	 | 	42,01
  4	 | 	34	 | 	51,04
  8	 | 	20	 | 	22,14
  18	 | 	29	 | 	9,06
  33	 | 	34	 | 	5,10
___________________________
Simulation Topology [2:14]
___________________________
From 	  To 		Length
___________________________
  10	 | 	27	 | 	34,00
  32	 | 	39	 | 	70,58
  28	 | 	36	 | 	26,00
  15	 | 	34	 | 	38,12
  17	 | 	30	 | 	24,00
  14	 | 	31	 | 	40,05
  1	 | 	35	 | 	67,07
  7	 | 	29	 | 	35,06
  24	 | 	33	 | 	21,59
  7	 | 	32	 | 	58,01
  30	 | 	31	 | 	3,16
  36	 | 	37	 | 	78,45
  35	 | 	37	 | 	67,08
  34	 | 	38	 | 	63,35
  34	 | 	35	 | 	5,39
  32	 | 	37	 | 	70,61
  32	 | 	35	 | 	4,24
  29	 | 	33	 | 	23,35
  28	 | 	31	 | 	11,05
  27	 | 	30	 | 	9,85
  26	 | 	39	 | 	50,25
  26	 | 	27	 | 	6,08
  25	 | 	38	 | 	52,63
  25	 | 	28	 | 	2,83
  25	 | 	26	 | 	7,21
  22	 | 	25	 | 	9,43
  22	 | 	24	 | 	4,00
  22	 | 	23	 | 	3,61
  21	 | 	24	 | 	10,05
  19	 | 	22	 | 	16,76
  19	 | 	20	 | 	7,62
  18	 | 	34	 | 	27,07
  18	 | 	20	 | 	2,83
  0	 | 	1	 | 	6,32
  0	 | 	3	 | 	10,00
  0	 | 	14	 | 	22,14
  0	 | 	15	 | 	25,50
  1	 | 	12	 | 	18,03
  1	 | 	23	 | 	52,15
  2	 | 	3	 | 	2,24
  2	 | 	10	 | 	9,49
  3	 | 	5	 | 	3,00
  3	 | 	36	 | 	68,00
  4	 | 	6	 | 	6,32
  4	 | 	7	 | 	2,24
  4	 | 	18	 | 	24,00
  5	 | 	7	 | 	4,47
  5	 | 	36	 | 	68,07
  6	 | 	15	 | 	19,24
  6	 | 	27	 | 	43,00
  7	 | 	13	 | 	11,18
  7	 | 	39	 | 	15,62
  8	 | 	11	 | 	4,00
  9	 | 	10	 | 	2,24
  9	 | 	25	 | 	39,01
  9	 | 	35	 | 	52,35
  10	 | 	29	 | 	30,15
  12	 | 	16	 | 	17,00
  13	 | 	31	 | 	41,11
  14	 | 	17	 | 	13,34
  15	 | 	30	 | 	33,02
  16	 | 	19	 | 	3,16
  16	 | 	35	 | 	35,36
  19	 | 	21	 | 	6,32
  19	 | 	23	 | 	19,24
  20	 | 	21	 | 	5,10
  20	 | 	24	 | 	9,85
  23	 | 	24	 | 	3,61
  26	 | 	29	 | 	4,24
  29	 | 	30	 | 	13,04
  32	 | 	34	 | 	5,39
  14	 | 	38	 | 	23,32
  6	 | 	18	 | 	30,07
  17	 | 	32	 | 	34,06
  14	 | 	39	 | 	25,08
  12	 | 	36	 | 	61,29
  28	 | 	30	 | 	8,25
  19	 | 	28	 | 	19,03
  30	 | 	38	 | 	57,71
  5	 | 	23	 | 	42,01
  4	 | 	34	 | 	51,04
  8	 | 	20	 | 	22,14
  18	 | 	29	 | 	9,06
  33	 | 	34	 | 	5,10
  26	 | 	32	 | 	20,40
___________________________
Simulation Topology [2:15]
___________________________
From 	  To 		Length
___________________________
  10	 | 	27	 | 	34,00
  32	 | 	39	 | 	70,58
  28	 | 	36	 | 	26,00
  15	 | 	34	 | 	38,12
  17	 | 	30	 | 	24,00
  14	 | 	31	 | 	40,05
  1	 | 	35	 | 	67,07
  7	 | 	29	 | 	35,06
  24	 | 	33	 | 	21,59
  7	 | 	32	 | 	58,01
  30	 | 	31	 | 	3,16
  36	 | 	37	 | 	78,45
  35	 | 	37	 | 	67,08
  34	 | 	38	 | 	63,35
  34	 | 	35	 | 	5,39
  32	 | 	37	 | 	70,61
  32	 | 	35	 | 	4,24
  29	 | 	33	 | 	23,35
  28	 | 	31	 | 	11,05
  27	 | 	30	 | 	9,85
  26	 | 	39	 | 	50,25
  26	 | 	27	 | 	6,08
  25	 | 	38	 | 	52,63
  25	 | 	28	 | 	2,83
  25	 | 	26	 | 	7,21
  22	 | 	25	 | 	9,43
  22	 | 	24	 | 	4,00
  22	 | 	23	 | 	3,61
  21	 | 	24	 | 	10,05
  19	 | 	22	 | 	16,76
  19	 | 	20	 | 	7,62
  18	 | 	34	 | 	27,07
  18	 | 	20	 | 	2,83
  0	 | 	1	 | 	6,32
  0	 | 	3	 | 	10,00
  0	 | 	14	 | 	22,14
  0	 | 	15	 | 	25,50
  1	 | 	12	 | 	18,03
  1	 | 	23	 | 	52,15
  2	 | 	3	 | 	2,24
  2	 | 	10	 | 	9,49
  3	 | 	5	 | 	3,00
  3	 | 	36	 | 	68,00
  4	 | 	6	 | 	6,32
  4	 | 	7	 | 	2,24
  4	 | 	18	 | 	24,00
  5	 | 	7	 | 	4,47
  5	 | 	36	 | 	68,07
  6	 | 	15	 | 	19,24
  6	 | 	27	 | 	43,00
  7	 | 	13	 | 	11,18
  7	 | 	39	 | 	15,62
  8	 | 	11	 | 	4,00
  9	 | 	10	 | 	2,24
  9	 | 	25	 | 	39,01
  9	 | 	35	 | 	52,35
  10	 | 	29	 | 	30,15
  12	 | 	16	 | 	17,00
  13	 | 	31	 | 	41,11
  14	 | 	17	 | 	13,34
  15	 | 	30	 | 	33,02
  16	 | 	19	 | 	3,16
  16	 | 	35	 | 	35,36
  19	 | 	21	 | 	6,32
  19	 | 	23	 | 	19,24
  20	 | 	21	 | 	5,10
  20	 | 	24	 | 	9,85
  23	 | 	24	 | 	3,61
  26	 | 	29	 | 	4,24
  29	 | 	30	 | 	13,04
  32	 | 	34	 | 	5,39
  14	 | 	38	 | 	23,32
  6	 | 	18	 | 	30,07
  17	 | 	32	 | 	34,06
  14	 | 	39	 | 	25,08
  12	 | 	36	 | 	61,29
  28	 | 	30	 | 	8,25
  19	 | 	28	 | 	19,03
  30	 | 	38	 | 	57,71
  5	 | 	23	 | 	42,01
  4	 | 	34	 | 	51,04
  8	 | 	20	 | 	22,14
  18	 | 	29	 | 	9,06
  33	 | 	34	 | 	5,10
  26	 | 	32	 | 	20,40
  2	 | 	37	 | 	15,65
___________________________
Simulation Topology [2:16]
___________________________
From 	  To 		Length
___________________________
  10	 | 	27	 | 	34,00
  32	 | 	39	 | 	70,58
  28	 | 	36	 | 	26,00
  15	 | 	34	 | 	38,12
  17	 | 	30	 | 	24,00
  14	 | 	31	 | 	40,05
  1	 | 	35	 | 	67,07
  7	 | 	29	 | 	35,06
  24	 | 	33	 | 	21,59
  7	 | 	32	 | 	58,01
  30	 | 	31	 | 	3,16
  36	 | 	37	 | 	78,45
  35	 | 	37	 | 	67,08
  34	 | 	38	 | 	63,35
  34	 | 	35	 | 	5,39
  32	 | 	37	 | 	70,61
  32	 | 	35	 | 	4,24
  29	 | 	33	 | 	23,35
  28	 | 	31	 | 	11,05
  27	 | 	30	 | 	9,85
  26	 | 	39	 | 	50,25
  26	 | 	27	 | 	6,08
  25	 | 	38	 | 	52,63
  25	 | 	28	 | 	2,83
  25	 | 	26	 | 	7,21
  22	 | 	25	 | 	9,43
  22	 | 	24	 | 	4,00
  22	 | 	23	 | 	3,61
  21	 | 	24	 | 	10,05
  19	 | 	22	 | 	16,76
  19	 | 	20	 | 	7,62
  18	 | 	34	 | 	27,07
  18	 | 	20	 | 	2,83
  0	 | 	1	 | 	6,32
  0	 | 	3	 | 	10,00
  0	 | 	14	 | 	22,14
  0	 | 	15	 | 	25,50
  1	 | 	12	 | 	18,03
  1	 | 	23	 | 	52,15
  2	 | 	3	 | 	2,24
  2	 | 	10	 | 	9,49
  3	 | 	5	 | 	3,00
  3	 | 	36	 | 	68,00
  4	 | 	6	 | 	6,32
  4	 | 	7	 | 	2,24
  4	 | 	18	 | 	24,00
  5	 | 	7	 | 	4,47
  5	 | 	36	 | 	68,07
  6	 | 	15	 | 	19,24
  6	 | 	27	 | 	43,00
  7	 | 	13	 | 	11,18
  7	 | 	39	 | 	15,62
  8	 | 	11	 | 	4,00
  9	 | 	10	 | 	2,24
  9	 | 	25	 | 	39,01
  9	 | 	35	 | 	52,35
  10	 | 	29	 | 	30,15
  12	 | 	16	 | 	17,00
  13	 | 	31	 | 	41,11
  14	 | 	17	 | 	13,34
  15	 | 	30	 | 	33,02
  16	 | 	19	 | 	3,16
  16	 | 	35	 | 	35,36
  19	 | 	21	 | 	6,32
  19	 | 	23	 | 	19,24
  20	 | 	21	 | 	5,10
  20	 | 	24	 | 	9,85
  23	 | 	24	 | 	3,61
  26	 | 	29	 | 	4,24
  29	 | 	30	 | 	13,04
  32	 | 	34	 | 	5,39
  14	 | 	38	 | 	23,32
  6	 | 	18	 | 	30,07
  17	 | 	32	 | 	34,06
  14	 | 	39	 | 	25,08
  12	 | 	36	 | 	61,29
  28	 | 	30	 | 	8,25
  19	 | 	28	 | 	19,03
  30	 | 	38	 | 	57,71
  5	 | 	23	 | 	42,01
  4	 | 	34	 | 	51,04
  8	 | 	20	 | 	22,14
  18	 | 	29	 | 	9,06
  33	 | 	34	 | 	5,10
  26	 | 	32	 | 	20,40
  2	 | 	37	 | 	15,65
  12	 | 	26	 | 	33,06
___________________________
Simulation Topology [2:17]
___________________________
From 	  To 		Length
___________________________
  10	 | 	27	 | 	34,00
  32	 | 	39	 | 	70,58
  28	 | 	36	 | 	26,00
  15	 | 	34	 | 	38,12
  17	 | 	30	 | 	24,00
  14	 | 	31	 | 	40,05
  1	 | 	35	 | 	67,07
  7	 | 	29	 | 	35,06
  24	 | 	33	 | 	21,59
  7	 | 	32	 | 	58,01
  30	 | 	31	 | 	3,16
  36	 | 	37	 | 	78,45
  35	 | 	37	 | 	67,08
  34	 | 	38	 | 	63,35
  34	 | 	35	 | 	5,39
  32	 | 	37	 | 	70,61
  32	 | 	35	 | 	4,24
  29	 | 	33	 | 	23,35
  28	 | 	31	 | 	11,05
  27	 | 	30	 | 	9,85
  26	 | 	39	 | 	50,25
  26	 | 	27	 | 	6,08
  25	 | 	38	 | 	52,63
  25	 | 	28	 | 	2,83
  25	 | 	26	 | 	7,21
  22	 | 	25	 | 	9,43
  22	 | 	24	 | 	4,00
  22	 | 	23	 | 	3,61
  21	 | 	24	 | 	10,05
  19	 | 	22	 | 	16,76
  19	 | 	20	 | 	7,62
  18	 | 	34	 | 	27,07
  18	 | 	20	 | 	2,83
  0	 | 	1	 | 	6,32
  0	 | 	3	 | 	10,00
  0	 | 	14	 | 	22,14
  0	 | 	15	 | 	25,50
  1	 | 	12	 | 	18,03
  1	 | 	23	 | 	52,15
  2	 | 	3	 | 	2,24
  2	 | 	10	 | 	9,49
  3	 | 	5	 | 	3,00
  3	 | 	36	 | 	68,00
  4	 | 	6	 | 	6,32
  4	 | 	7	 | 	2,24
  4	 | 	18	 | 	24,00
  5	 | 	7	 | 	4,47
  5	 | 	36	 | 	68,07
  6	 | 	15	 | 	19,24
  6	 | 	27	 | 	43,00
  7	 | 	13	 | 	11,18
  7	 | 	39	 | 	15,62
  8	 | 	11	 | 	4,00
  9	 | 	10	 | 	2,24
  9	 | 	25	 | 	39,01
  9	 | 	35	 | 	52,35
  10	 | 	29	 | 	30,15
  12	 | 	16	 | 	17,00
  13	 | 	31	 | 	41,11
  14	 | 	17	 | 	13,34
  15	 | 	30	 | 	33,02
  16	 | 	19	 | 	3,16
  16	 | 	35	 | 	35,36
  19	 | 	21	 | 	6,32
  19	 | 	23	 | 	19,24
  20	 | 	21	 | 	5,10
  20	 | 	24	 | 	9,85
  23	 | 	24	 | 	3,61
  26	 | 	29	 | 	4,24
  29	 | 	30	 | 	13,04
  32	 | 	34	 | 	5,39
  14	 | 	38	 | 	23,32
  6	 | 	18	 | 	30,07
  17	 | 	32	 | 	34,06
  14	 | 	39	 | 	25,08
  12	 | 	36	 | 	61,29
  28	 | 	30	 | 	8,25
  19	 | 	28	 | 	19,03
  30	 | 	38	 | 	57,71
  5	 | 	23	 | 	42,01
  4	 | 	34	 | 	51,04
  8	 | 	20	 | 	22,14
  18	 | 	29	 | 	9,06
  33	 | 	34	 | 	5,10
  26	 | 	32	 | 	20,40
  2	 | 	37	 | 	15,65
  12	 | 	26	 | 	33,06
  31	 | 	39	 | 	63,51
___________________________
Simulation Topology [2:18]
___________________________
From 	  To 		Length
___________________________
  10	 | 	27	 | 	34,00
  32	 | 	39	 | 	70,58
  28	 | 	36	 | 	26,00
  15	 | 	34	 | 	38,12
  17	 | 	30	 | 	24,00
  14	 | 	31	 | 	40,05
  1	 | 	35	 | 	67,07
  7	 | 	29	 | 	35,06
  24	 | 	33	 | 	21,59
  7	 | 	32	 | 	58,01
  30	 | 	31	 | 	3,16
  36	 | 	37	 | 	78,45
  35	 | 	37	 | 	67,08
  34	 | 	38	 | 	63,35
  34	 | 	35	 | 	5,39
  32	 | 	37	 | 	70,61
  32	 | 	35	 | 	4,24
  29	 | 	33	 | 	23,35
  28	 | 	31	 | 	11,05
  27	 | 	30	 | 	9,85
  26	 | 	39	 | 	50,25
  26	 | 	27	 | 	6,08
  25	 | 	38	 | 	52,63
  25	 | 	28	 | 	2,83
  25	 | 	26	 | 	7,21
  22	 | 	25	 | 	9,43
  22	 | 	24	 | 	4,00
  22	 | 	23	 | 	3,61
  21	 | 	24	 | 	10,05
  19	 | 	22	 | 	16,76
  19	 | 	20	 | 	7,62
  18	 | 	34	 | 	27,07
  18	 | 	20	 | 	2,83
  0	 | 	1	 | 	6,32
  0	 | 	3	 | 	10,00
  0	 | 	14	 | 	22,14
  0	 | 	15	 | 	25,50
  1	 | 	12	 | 	18,03
  1	 | 	23	 | 	52,15
  2	 | 	3	 | 	2,24
  2	 | 	10	 | 	9,49
  3	 | 	5	 | 	3,00
  3	 | 	36	 | 	68,00
  4	 | 	6	 | 	6,32
  4	 | 	7	 | 	2,24
  4	 | 	18	 | 	24,00
  5	 | 	7	 | 	4,47
  5	 | 	36	 | 	68,07
  6	 | 	15	 | 	19,24
  6	 | 	27	 | 	43,00
  7	 | 	13	 | 	11,18
  7	 | 	39	 | 	15,62
  8	 | 	11	 | 	4,00
  9	 | 	10	 | 	2,24
  9	 | 	25	 | 	39,01
  9	 | 	35	 | 	52,35
  10	 | 	29	 | 	30,15
  12	 | 	16	 | 	17,00
  13	 | 	31	 | 	41,11
  14	 | 	17	 | 	13,34
  15	 | 	30	 | 	33,02
  16	 | 	19	 | 	3,16
  16	 | 	35	 | 	35,36
  19	 | 	21	 | 	6,32
  19	 | 	23	 | 	19,24
  20	 | 	21	 | 	5,10
  20	 | 	24	 | 	9,85
  23	 | 	24	 | 	3,61
  26	 | 	29	 | 	4,24
  29	 | 	30	 | 	13,04
  32	 | 	34	 | 	5,39
  14	 | 	38	 | 	23,32
  6	 | 	18	 | 	30,07
  17	 | 	32	 | 	34,06
  14	 | 	39	 | 	25,08
  12	 | 	36	 | 	61,29
  28	 | 	30	 | 	8,25
  19	 | 	28	 | 	19,03
  30	 | 	38	 | 	57,71
  5	 | 	23	 | 	42,01
  4	 | 	34	 | 	51,04
  8	 | 	20	 | 	22,14
  18	 | 	29	 | 	9,06
  33	 | 	34	 | 	5,10
  26	 | 	32	 | 	20,40
  2	 | 	37	 | 	15,65
  12	 | 	26	 | 	33,06
  31	 | 	39	 | 	63,51
  11	 | 	22	 | 	30,41
___________________________
Simulation Topology [2:19]
___________________________
From 	  To 		Length
___________________________
  10	 | 	27	 | 	34,00
  32	 | 	39	 | 	70,58
  28	 | 	36	 | 	26,00
  15	 | 	34	 | 	38,12
  17	 | 	30	 | 	24,00
  14	 | 	31	 | 	40,05
  1	 | 	35	 | 	67,07
  7	 | 	29	 | 	35,06
  24	 | 	33	 | 	21,59
  7	 | 	32	 | 	58,01
  30	 | 	31	 | 	3,16
  36	 | 	37	 | 	78,45
  35	 | 	37	 | 	67,08
  34	 | 	38	 | 	63,35
  34	 | 	35	 | 	5,39
  32	 | 	37	 | 	70,61
  32	 | 	35	 | 	4,24
  29	 | 	33	 | 	23,35
  28	 | 	31	 | 	11,05
  27	 | 	30	 | 	9,85
  26	 | 	39	 | 	50,25
  26	 | 	27	 | 	6,08
  25	 | 	38	 | 	52,63
  25	 | 	28	 | 	2,83
  25	 | 	26	 | 	7,21
  22	 | 	25	 | 	9,43
  22	 | 	24	 | 	4,00
  22	 | 	23	 | 	3,61
  21	 | 	24	 | 	10,05
  19	 | 	22	 | 	16,76
  19	 | 	20	 | 	7,62
  18	 | 	34	 | 	27,07
  18	 | 	20	 | 	2,83
  0	 | 	1	 | 	6,32
  0	 | 	3	 | 	10,00
  0	 | 	14	 | 	22,14
  0	 | 	15	 | 	25,50
  1	 | 	12	 | 	18,03
  1	 | 	23	 | 	52,15
  2	 | 	3	 | 	2,24
  2	 | 	10	 | 	9,49
  3	 | 	5	 | 	3,00
  3	 | 	36	 | 	68,00
  4	 | 	6	 | 	6,32
  4	 | 	7	 | 	2,24
  4	 | 	18	 | 	24,00
  5	 | 	7	 | 	4,47
  5	 | 	36	 | 	68,07
  6	 | 	15	 | 	19,24
  6	 | 	27	 | 	43,00
  7	 | 	13	 | 	11,18
  7	 | 	39	 | 	15,62
  8	 | 	11	 | 	4,00
  9	 | 	10	 | 	2,24
  9	 | 	25	 | 	39,01
  9	 | 	35	 | 	52,35
  10	 | 	29	 | 	30,15
  12	 | 	16	 | 	17,00
  13	 | 	31	 | 	41,11
  14	 | 	17	 | 	13,34
  15	 | 	30	 | 	33,02
  16	 | 	19	 | 	3,16
  16	 | 	35	 | 	35,36
  19	 | 	21	 | 	6,32
  19	 | 	23	 | 	19,24
  20	 | 	21	 | 	5,10
  20	 | 	24	 | 	9,85
  23	 | 	24	 | 	3,61
  26	 | 	29	 | 	4,24
  29	 | 	30	 | 	13,04
  32	 | 	34	 | 	5,39
  14	 | 	38	 | 	23,32
  6	 | 	18	 | 	30,07
  17	 | 	32	 | 	34,06
  14	 | 	39	 | 	25,08
  12	 | 	36	 | 	61,29
  28	 | 	30	 | 	8,25
  19	 | 	28	 | 	19,03
  30	 | 	38	 | 	57,71
  5	 | 	23	 | 	42,01
  4	 | 	34	 | 	51,04
  8	 | 	20	 | 	22,14
  18	 | 	29	 | 	9,06
  33	 | 	34	 | 	5,10
  26	 | 	32	 | 	20,40
  2	 | 	37	 | 	15,65
  12	 | 	26	 | 	33,06
  31	 | 	39	 | 	63,51
  11	 | 	22	 | 	30,41
  15	 | 	21	 | 	12,17
___________________________
