Simulation Topology 1
___________________________
[6]				[0]		
[8]				[4]		
[2]				[5]		
[1]				[7]		
[9]				[7]		
[3]				[18]		
[4]				[16]		
[5]				[18]		
[1]				[19]		
[7]				[23]		
[4]				[27]		
[7]				[28]		
[2]				[31]		
[5]				[34]		
[4]				[38]		
___________________________
Simulation Topology [1:5]
___________________________
From 	  To 		Length
___________________________
  0	 | 	10	 | 	27,07
  0	 | 	14	 | 	38,05
  1	 | 	3	 | 	7,62
  1	 | 	7	 | 	14,32
  1	 | 	9	 | 	19,03
  2	 | 	3	 | 	2,24
  2	 | 	5	 | 	13,04
  2	 | 	12	 | 	26,00
  3	 | 	11	 | 	21,84
  4	 | 	13	 | 	27,29
  5	 | 	7	 | 	2,00
  5	 | 	9	 | 	6,40
  6	 | 	7	 | 	2,24
  6	 | 	12	 | 	15,13
  6	 | 	14	 | 	22,00
  8	 | 	9	 | 	7,21
  8	 | 	11	 | 	10,82
  8	 | 	13	 | 	15,52
  10	 | 	11	 | 	3,16
  10	 | 	13	 | 	7,07
  12	 | 	14	 | 	7,28
___________________________
Simulation Topology [1:6]
___________________________
From 	  To 		Length
___________________________
  0	 | 	10	 | 	27,07
  0	 | 	14	 | 	38,05
  1	 | 	3	 | 	7,62
  1	 | 	7	 | 	14,32
  1	 | 	9	 | 	19,03
  2	 | 	3	 | 	2,24
  2	 | 	5	 | 	13,04
  2	 | 	12	 | 	26,00
  3	 | 	11	 | 	21,84
  4	 | 	13	 | 	27,29
  5	 | 	7	 | 	2,00
  5	 | 	9	 | 	6,40
  6	 | 	7	 | 	2,24
  6	 | 	12	 | 	15,13
  6	 | 	14	 | 	22,00
  8	 | 	9	 | 	7,21
  8	 | 	11	 | 	10,82
  8	 | 	13	 | 	15,52
  10	 | 	11	 | 	3,16
  10	 | 	13	 | 	7,07
  12	 | 	14	 | 	7,28
  0	 | 	4	 | 	7,62
___________________________
Simulation Topology 2
___________________________
[5]				[3]		
[0]				[3]		
[3]				[1]		
[8]				[6]		
[1]				[5]		
[1]				[7]		
[0]				[8]		
[9]				[10]		
[2]				[18]		
[5]				[16]		
[9]				[19]		
[4]				[19]		
[1]				[22]		
[1]				[20]		
[6]				[22]		
___________________________
Simulation Topology [2:0]
___________________________
From 	  To 		Length
___________________________
  0	 | 	4	 | 	4,47
  12	 | 	14	 | 	5,00
  10	 | 	13	 | 	8,06
  10	 | 	11	 | 	5,00
  8	 | 	13	 | 	2,24
  8	 | 	11	 | 	2,24
  8	 | 	9	 | 	3,61
  6	 | 	14	 | 	15,23
  6	 | 	12	 | 	14,04
  6	 | 	7	 | 	9,22
  5	 | 	9	 | 	9,85
  0	 | 	2	 | 	2,83
  0	 | 	3	 | 	4,24
  0	 | 	11	 | 	16,03
  1	 | 	2	 | 	3,61
  1	 | 	3	 | 	8,54
  1	 | 	10	 | 	18,36
  2	 | 	14	 | 	21,21
  3	 | 	7	 | 	4,12
  4	 | 	5	 | 	2,00
  4	 | 	13	 | 	15,00
  4	 | 	14	 | 	17,72
  5	 | 	6	 | 	1,41
  5	 | 	7	 | 	8,54
  12	 | 	13	 | 	2,00
___________________________
Simulation Topology [2:1]
___________________________
From 	  To 		Length
___________________________
  0	 | 	4	 | 	4,47
  12	 | 	14	 | 	5,00
  10	 | 	13	 | 	8,06
  10	 | 	11	 | 	5,00
  8	 | 	13	 | 	2,24
  8	 | 	11	 | 	2,24
  8	 | 	9	 | 	3,61
  6	 | 	14	 | 	15,23
  6	 | 	12	 | 	14,04
  6	 | 	7	 | 	9,22
  5	 | 	9	 | 	9,85
  0	 | 	2	 | 	2,83
  0	 | 	3	 | 	4,24
  0	 | 	11	 | 	16,03
  1	 | 	2	 | 	3,61
  1	 | 	3	 | 	8,54
  1	 | 	10	 | 	18,36
  2	 | 	14	 | 	21,21
  3	 | 	7	 | 	4,12
  4	 | 	5	 | 	2,00
  4	 | 	13	 | 	15,00
  4	 | 	14	 | 	17,72
  5	 | 	6	 | 	1,41
  5	 | 	7	 | 	8,54
  12	 | 	13	 | 	2,00
  6	 | 	13	 | 	12,04
___________________________
Simulation Topology [2:2]
___________________________
From 	  To 		Length
___________________________
  0	 | 	4	 | 	4,47
  12	 | 	14	 | 	5,00
  10	 | 	13	 | 	8,06
  10	 | 	11	 | 	5,00
  8	 | 	13	 | 	2,24
  8	 | 	11	 | 	2,24
  8	 | 	9	 | 	3,61
  6	 | 	14	 | 	15,23
  6	 | 	12	 | 	14,04
  6	 | 	7	 | 	9,22
  5	 | 	9	 | 	9,85
  0	 | 	2	 | 	2,83
  0	 | 	3	 | 	4,24
  0	 | 	11	 | 	16,03
  1	 | 	2	 | 	3,61
  1	 | 	3	 | 	8,54
  1	 | 	10	 | 	18,36
  2	 | 	14	 | 	21,21
  3	 | 	7	 | 	4,12
  4	 | 	5	 | 	2,00
  4	 | 	13	 | 	15,00
  4	 | 	14	 | 	17,72
  5	 | 	6	 | 	1,41
  5	 | 	7	 | 	8,54
  12	 | 	13	 | 	2,00
  6	 | 	13	 | 	12,04
  6	 | 	10	 | 	14,21
___________________________
Simulation Topology [2:3]
___________________________
From 	  To 		Length
___________________________
  0	 | 	4	 | 	4,47
  12	 | 	14	 | 	5,00
  10	 | 	13	 | 	8,06
  10	 | 	11	 | 	5,00
  8	 | 	13	 | 	2,24
  8	 | 	11	 | 	2,24
  8	 | 	9	 | 	3,61
  6	 | 	14	 | 	15,23
  6	 | 	12	 | 	14,04
  6	 | 	7	 | 	9,22
  5	 | 	9	 | 	9,85
  0	 | 	2	 | 	2,83
  0	 | 	3	 | 	4,24
  0	 | 	11	 | 	16,03
  1	 | 	2	 | 	3,61
  1	 | 	3	 | 	8,54
  1	 | 	10	 | 	18,36
  2	 | 	14	 | 	21,21
  3	 | 	7	 | 	4,12
  4	 | 	5	 | 	2,00
  4	 | 	13	 | 	15,00
  4	 | 	14	 | 	17,72
  5	 | 	6	 | 	1,41
  5	 | 	7	 | 	8,54
  12	 | 	13	 | 	2,00
  6	 | 	13	 | 	12,04
  6	 | 	10	 | 	14,21
  9	 | 	12	 | 	7,21
___________________________
Simulation Topology [2:4]
___________________________
From 	  To 		Length
___________________________
  0	 | 	4	 | 	4,47
  12	 | 	14	 | 	5,00
  10	 | 	13	 | 	8,06
  10	 | 	11	 | 	5,00
  8	 | 	13	 | 	2,24
  8	 | 	11	 | 	2,24
  8	 | 	9	 | 	3,61
  6	 | 	14	 | 	15,23
  6	 | 	12	 | 	14,04
  6	 | 	7	 | 	9,22
  5	 | 	9	 | 	9,85
  0	 | 	2	 | 	2,83
  0	 | 	3	 | 	4,24
  0	 | 	11	 | 	16,03
  1	 | 	2	 | 	3,61
  1	 | 	3	 | 	8,54
  1	 | 	10	 | 	18,36
  2	 | 	14	 | 	21,21
  3	 | 	7	 | 	4,12
  4	 | 	5	 | 	2,00
  4	 | 	13	 | 	15,00
  4	 | 	14	 | 	17,72
  5	 | 	6	 | 	1,41
  5	 | 	7	 | 	8,54
  12	 | 	13	 | 	2,00
  6	 | 	13	 | 	12,04
  6	 | 	10	 | 	14,21
  9	 | 	12	 | 	7,21
  7	 | 	8	 | 	10,63
___________________________
Simulation Topology [2:5]
___________________________
From 	  To 		Length
___________________________
  0	 | 	4	 | 	4,47
  12	 | 	14	 | 	5,00
  10	 | 	13	 | 	8,06
  10	 | 	11	 | 	5,00
  8	 | 	13	 | 	2,24
  8	 | 	11	 | 	2,24
  8	 | 	9	 | 	3,61
  6	 | 	14	 | 	15,23
  6	 | 	12	 | 	14,04
  6	 | 	7	 | 	9,22
  5	 | 	9	 | 	9,85
  0	 | 	2	 | 	2,83
  0	 | 	3	 | 	4,24
  0	 | 	11	 | 	16,03
  1	 | 	2	 | 	3,61
  1	 | 	3	 | 	8,54
  1	 | 	10	 | 	18,36
  2	 | 	14	 | 	21,21
  3	 | 	7	 | 	4,12
  4	 | 	5	 | 	2,00
  4	 | 	13	 | 	15,00
  4	 | 	14	 | 	17,72
  5	 | 	6	 | 	1,41
  5	 | 	7	 | 	8,54
  12	 | 	13	 | 	2,00
  6	 | 	13	 | 	12,04
  6	 | 	10	 | 	14,21
  9	 | 	12	 | 	7,21
  7	 | 	8	 | 	10,63
___________________________
