Simulation Topology 1
___________________________
Simulation Topology 2
___________________________
[2]				[0]		
[7]				[1]		
[0]				[7]		
[1]				[14]		
[8]				[15]		
[4]				[18]		
[6]				[17]		
[2]				[19]		
[0]				[22]		
[3]				[21]		
[8]				[21]		
[5]				[23]		
[4]				[26]		
[1]				[25]		
[2]				[27]		
___________________________
Simulation Topology [2:5]
___________________________
From 	  To 		Length
___________________________
  0	 | 	1	 | 	5,10
  0	 | 	4	 | 	16,16
  0	 | 	6	 | 	17,46
  1	 | 	5	 | 	17,26
  1	 | 	8	 | 	22,14
  1	 | 	10	 | 	20,02
  2	 | 	4	 | 	11,31
  2	 | 	5	 | 	11,70
  2	 | 	7	 | 	12,17
  2	 | 	14	 | 	20,10
  3	 | 	9	 | 	7,28
  4	 | 	6	 | 	2,83
  4	 | 	13	 | 	12,21
  5	 | 	6	 | 	2,24
  5	 | 	13	 | 	7,62
  6	 | 	14	 | 	10,77
  7	 | 	9	 | 	2,24
  7	 | 	12	 | 	7,28
  7	 | 	13	 | 	6,08
  8	 | 	9	 | 	3,16
  9	 | 	11	 | 	2,83
  11	 | 	12	 | 	3,16
  12	 | 	13	 | 	3,16
___________________________
Simulation Topology [2:6]
___________________________
From 	  To 		Length
___________________________
  0	 | 	1	 | 	5,10
  0	 | 	4	 | 	16,16
  0	 | 	6	 | 	17,46
  1	 | 	5	 | 	17,26
  1	 | 	8	 | 	22,14
  1	 | 	10	 | 	20,02
  2	 | 	4	 | 	11,31
  2	 | 	5	 | 	11,70
  2	 | 	7	 | 	12,17
  2	 | 	14	 | 	20,10
  3	 | 	9	 | 	7,28
  4	 | 	6	 | 	2,83
  4	 | 	13	 | 	12,21
  5	 | 	6	 | 	2,24
  5	 | 	13	 | 	7,62
  6	 | 	14	 | 	10,77
  7	 | 	9	 | 	2,24
  7	 | 	12	 | 	7,28
  7	 | 	13	 | 	6,08
  8	 | 	9	 | 	3,16
  9	 | 	11	 | 	2,83
  11	 | 	12	 | 	3,16
  12	 | 	13	 | 	3,16
  8	 | 	11	 | 	5,10
___________________________
