Simulation Topology 1
___________________________
[6]				[1]		
[4]				[4]		
[4]				[7]		
[6]				[10]		
[9]				[11]		
[3]				[15]		
[5]				[12]		
[0]				[15]		
[0]				[36]		
[3]				[32]		
[9]				[32]		
[5]				[34]		
[8]				[36]		
[8]				[42]		
[1]				[42]		
[5]				[42]		
[1]				[40]		
[6]				[46]		
[2]				[46]		
[3]				[55]		
[9]				[52]		
[8]				[49]		
[0]				[55]		
[6]				[50]		
[7]				[55]		
[7]				[52]		
[0]				[50]		
[6]				[61]		
[2]				[56]		
[4]				[59]		
[8]				[62]		
[6]				[71]		
[1]				[65]		
[9]				[67]		
[9]				[69]		
[4]				[68]		
[6]				[68]		
[5]				[64]		
[8]				[64]		
[5]				[77]		
___________________________
Simulation Topology [1:19]
___________________________
From 	  To 		Length
___________________________
  0	 | 	1	 | 	3,61
  0	 | 	5	 | 	14,32
  0	 | 	6	 | 	11,05
  0	 | 	34	 | 	68,07
  1	 | 	2	 | 	3,00
  1	 | 	7	 | 	11,70
  1	 | 	26	 | 	46,17
  2	 | 	4	 | 	6,40
  2	 | 	9	 | 	25,02
  2	 | 	24	 | 	48,09
  3	 | 	5	 | 	5,83
  3	 | 	12	 | 	26,08
  3	 | 	26	 | 	40,45
  3	 | 	30	 | 	52,04
  4	 | 	6	 | 	4,12
  4	 | 	8	 | 	26,57
  4	 | 	19	 | 	44,41
  5	 | 	6	 | 	3,61
  5	 | 	30	 | 	47,27
  6	 | 	19	 | 	43,05
  7	 | 	39	 | 	62,20
  8	 | 	10	 | 	9,85
  8	 | 	11	 | 	5,39
  8	 | 	39	 | 	41,30
  9	 | 	11	 | 	2,83
  9	 | 	12	 | 	6,40
  9	 | 	18	 | 	14,04
  10	 | 	12	 | 	4,12
  10	 | 	28	 | 	25,00
  10	 | 	35	 | 	36,35
  11	 | 	33	 | 	33,24
  12	 | 	33	 | 	31,02
  13	 | 	16	 | 	7,28
  13	 | 	17	 | 	4,47
  13	 | 	28	 | 	15,23
  13	 | 	36	 | 	26,08
  14	 | 	18	 | 	4,12
  14	 | 	34	 | 	28,16
  15	 | 	21	 | 	7,62
  15	 | 	27	 | 	19,03
  18	 | 	21	 | 	6,71
  18	 | 	34	 | 	24,04
  19	 | 	21	 | 	7,81
  19	 | 	24	 | 	4,00
  20	 | 	23	 | 	3,61
  20	 | 	33	 | 	15,00
  20	 | 	35	 | 	16,76
  21	 | 	32	 | 	17,46
  22	 | 	25	 | 	7,62
  22	 | 	26	 | 	5,00
  22	 | 	36	 | 	14,32
  23	 | 	25	 | 	2,24
  23	 | 	38	 | 	14,14
  24	 | 	25	 | 	3,00
  24	 | 	32	 | 	11,66
  26	 | 	28	 | 	6,32
  27	 | 	29	 | 	2,83
  27	 | 	30	 | 	2,24
  27	 | 	31	 | 	10,00
  28	 | 	29	 | 	3,61
  30	 | 	31	 | 	9,22
  31	 | 	32	 | 	7,81
  31	 | 	34	 | 	3,61
  32	 | 	37	 | 	4,12
  33	 | 	36	 | 	3,16
  35	 | 	37	 | 	4,12
  35	 | 	38	 | 	5,66
  36	 | 	38	 | 	4,47
___________________________
Simulation Topology 2
___________________________
[0]				[2]		
[8]				[5]		
[6]				[13]		
[7]				[11]		
[6]				[8]		
[2]				[12]		
[0]				[15]		
[2]				[10]		
[9]				[15]		
[4]				[10]		
[7]				[18]		
[1]				[19]		
[5]				[20]		
[9]				[21]		
[0]				[21]		
[8]				[25]		
[5]				[25]		
[3]				[24]		
[6]				[29]		
[2]				[37]		
[5]				[35]		
[6]				[39]		
[5]				[33]		
[7]				[32]		
[9]				[36]		
[1]				[35]		
[9]				[34]		
[5]				[42]		
[8]				[46]		
[3]				[55]		
[3]				[53]		
[8]				[48]		
[6]				[54]		
[6]				[49]		
[5]				[56]		
[0]				[58]		
[7]				[59]		
[4]				[61]		
[2]				[71]		
[5]				[71]		
___________________________
Simulation Topology [2:0]
___________________________
From 	  To 		Length
___________________________
  36	 | 	38	 | 	13,00
  35	 | 	38	 | 	13,15
  35	 | 	37	 | 	5,00
  33	 | 	36	 | 	10,05
  32	 | 	37	 | 	7,28
  31	 | 	34	 | 	8,54
  31	 | 	32	 | 	6,32
  30	 | 	31	 | 	7,07
  28	 | 	29	 | 	10,30
  27	 | 	31	 | 	6,71
  27	 | 	30	 | 	11,18
  27	 | 	29	 | 	13,15
  26	 | 	28	 | 	12,04
  24	 | 	32	 | 	18,25
  24	 | 	25	 | 	8,06
  23	 | 	38	 | 	39,32
  23	 | 	25	 | 	6,71
  22	 | 	36	 | 	26,08
  22	 | 	26	 | 	4,12
  22	 | 	25	 | 	4,47
  21	 | 	32	 | 	15,00
  20	 | 	35	 | 	23,54
  20	 | 	33	 | 	14,04
  20	 | 	23	 | 	3,61
  19	 | 	24	 | 	7,07
  19	 | 	21	 | 	4,47
  18	 | 	34	 | 	27,02
  18	 | 	21	 | 	10,00
  15	 | 	27	 | 	17,26
  15	 | 	21	 | 	14,14
  14	 | 	34	 | 	35,36
  14	 | 	18	 | 	10,00
  13	 | 	36	 | 	38,05
  13	 | 	28	 | 	25,02
  0	 | 	19	 | 	35,06
  0	 | 	20	 | 	33,38
  1	 | 	27	 | 	37,12
  1	 | 	28	 | 	41,00
  1	 | 	31	 | 	43,00
  2	 | 	3	 | 	2,24
  2	 | 	5	 | 	4,12
  2	 | 	10	 | 	5,10
  2	 | 	14	 | 	10,00
  3	 | 	19	 | 	26,48
  4	 | 	34	 | 	48,01
  5	 | 	8	 | 	7,62
  7	 | 	9	 | 	2,00
  9	 | 	18	 | 	19,10
  10	 | 	13	 | 	3,61
  10	 | 	14	 | 	7,62
  10	 | 	36	 | 	41,00
  11	 | 	12	 | 	4,12
  11	 | 	33	 | 	30,41
  12	 | 	14	 | 	5,10
  13	 | 	37	 | 	40,31
  14	 | 	17	 | 	4,24
  15	 | 	16	 | 	3,00
  15	 | 	17	 | 	5,10
  17	 | 	18	 | 	5,83
  17	 | 	30	 | 	29,00
  19	 | 	28	 | 	10,82
  19	 | 	30	 | 	16,03
  20	 | 	24	 | 	4,12
  20	 | 	25	 | 	4,00
  21	 | 	25	 | 	6,40
  23	 | 	26	 | 	2,83
  24	 | 	26	 | 	2,00
  25	 | 	28	 | 	13,04
  25	 | 	34	 | 	21,38
  28	 | 	31	 | 	2,00
  29	 | 	30	 | 	2,00
  29	 | 	39	 | 	16,12
  30	 | 	33	 | 	5,00
  34	 | 	36	 | 	3,61
  34	 | 	37	 | 	5,10
___________________________
Simulation Topology [2:1]
___________________________
From 	  To 		Length
___________________________
  36	 | 	38	 | 	13,00
  35	 | 	38	 | 	13,15
  35	 | 	37	 | 	5,00
  33	 | 	36	 | 	10,05
  32	 | 	37	 | 	7,28
  31	 | 	34	 | 	8,54
  31	 | 	32	 | 	6,32
  30	 | 	31	 | 	7,07
  28	 | 	29	 | 	10,30
  27	 | 	31	 | 	6,71
  27	 | 	30	 | 	11,18
  27	 | 	29	 | 	13,15
  26	 | 	28	 | 	12,04
  24	 | 	32	 | 	18,25
  24	 | 	25	 | 	8,06
  23	 | 	38	 | 	39,32
  23	 | 	25	 | 	6,71
  22	 | 	36	 | 	26,08
  22	 | 	26	 | 	4,12
  22	 | 	25	 | 	4,47
  21	 | 	32	 | 	15,00
  20	 | 	35	 | 	23,54
  20	 | 	33	 | 	14,04
  20	 | 	23	 | 	3,61
  19	 | 	24	 | 	7,07
  19	 | 	21	 | 	4,47
  18	 | 	34	 | 	27,02
  18	 | 	21	 | 	10,00
  15	 | 	27	 | 	17,26
  15	 | 	21	 | 	14,14
  14	 | 	34	 | 	35,36
  14	 | 	18	 | 	10,00
  13	 | 	36	 | 	38,05
  13	 | 	28	 | 	25,02
  0	 | 	19	 | 	35,06
  0	 | 	20	 | 	33,38
  1	 | 	27	 | 	37,12
  1	 | 	28	 | 	41,00
  1	 | 	31	 | 	43,00
  2	 | 	3	 | 	2,24
  2	 | 	5	 | 	4,12
  2	 | 	10	 | 	5,10
  2	 | 	14	 | 	10,00
  3	 | 	19	 | 	26,48
  4	 | 	34	 | 	48,01
  5	 | 	8	 | 	7,62
  7	 | 	9	 | 	2,00
  9	 | 	18	 | 	19,10
  10	 | 	13	 | 	3,61
  10	 | 	14	 | 	7,62
  10	 | 	36	 | 	41,00
  11	 | 	12	 | 	4,12
  11	 | 	33	 | 	30,41
  12	 | 	14	 | 	5,10
  13	 | 	37	 | 	40,31
  14	 | 	17	 | 	4,24
  15	 | 	16	 | 	3,00
  15	 | 	17	 | 	5,10
  17	 | 	18	 | 	5,83
  17	 | 	30	 | 	29,00
  19	 | 	28	 | 	10,82
  19	 | 	30	 | 	16,03
  20	 | 	24	 | 	4,12
  20	 | 	25	 | 	4,00
  21	 | 	25	 | 	6,40
  23	 | 	26	 | 	2,83
  24	 | 	26	 | 	2,00
  25	 | 	28	 | 	13,04
  25	 | 	34	 | 	21,38
  28	 | 	31	 | 	2,00
  29	 | 	30	 | 	2,00
  29	 | 	39	 | 	16,12
  30	 | 	33	 | 	5,00
  34	 | 	36	 | 	3,61
  34	 | 	37	 | 	5,10
  1	 | 	33	 | 	44,05
___________________________
Simulation Topology [2:2]
___________________________
From 	  To 		Length
___________________________
  36	 | 	38	 | 	13,00
  35	 | 	38	 | 	13,15
  35	 | 	37	 | 	5,00
  33	 | 	36	 | 	10,05
  32	 | 	37	 | 	7,28
  31	 | 	34	 | 	8,54
  31	 | 	32	 | 	6,32
  30	 | 	31	 | 	7,07
  28	 | 	29	 | 	10,30
  27	 | 	31	 | 	6,71
  27	 | 	30	 | 	11,18
  27	 | 	29	 | 	13,15
  26	 | 	28	 | 	12,04
  24	 | 	32	 | 	18,25
  24	 | 	25	 | 	8,06
  23	 | 	38	 | 	39,32
  23	 | 	25	 | 	6,71
  22	 | 	36	 | 	26,08
  22	 | 	26	 | 	4,12
  22	 | 	25	 | 	4,47
  21	 | 	32	 | 	15,00
  20	 | 	35	 | 	23,54
  20	 | 	33	 | 	14,04
  20	 | 	23	 | 	3,61
  19	 | 	24	 | 	7,07
  19	 | 	21	 | 	4,47
  18	 | 	34	 | 	27,02
  18	 | 	21	 | 	10,00
  15	 | 	27	 | 	17,26
  15	 | 	21	 | 	14,14
  14	 | 	34	 | 	35,36
  14	 | 	18	 | 	10,00
  13	 | 	36	 | 	38,05
  13	 | 	28	 | 	25,02
  0	 | 	19	 | 	35,06
  0	 | 	20	 | 	33,38
  1	 | 	27	 | 	37,12
  1	 | 	28	 | 	41,00
  1	 | 	31	 | 	43,00
  2	 | 	3	 | 	2,24
  2	 | 	5	 | 	4,12
  2	 | 	10	 | 	5,10
  2	 | 	14	 | 	10,00
  3	 | 	19	 | 	26,48
  4	 | 	34	 | 	48,01
  5	 | 	8	 | 	7,62
  7	 | 	9	 | 	2,00
  9	 | 	18	 | 	19,10
  10	 | 	13	 | 	3,61
  10	 | 	14	 | 	7,62
  10	 | 	36	 | 	41,00
  11	 | 	12	 | 	4,12
  11	 | 	33	 | 	30,41
  12	 | 	14	 | 	5,10
  13	 | 	37	 | 	40,31
  14	 | 	17	 | 	4,24
  15	 | 	16	 | 	3,00
  15	 | 	17	 | 	5,10
  17	 | 	18	 | 	5,83
  17	 | 	30	 | 	29,00
  19	 | 	28	 | 	10,82
  19	 | 	30	 | 	16,03
  20	 | 	24	 | 	4,12
  20	 | 	25	 | 	4,00
  21	 | 	25	 | 	6,40
  23	 | 	26	 | 	2,83
  24	 | 	26	 | 	2,00
  25	 | 	28	 | 	13,04
  25	 | 	34	 | 	21,38
  28	 | 	31	 | 	2,00
  29	 | 	30	 | 	2,00
  29	 | 	39	 | 	16,12
  30	 | 	33	 | 	5,00
  34	 | 	36	 | 	3,61
  34	 | 	37	 | 	5,10
  1	 | 	33	 | 	44,05
  4	 | 	32	 | 	46,00
___________________________
Simulation Topology [2:3]
___________________________
From 	  To 		Length
___________________________
  36	 | 	38	 | 	13,00
  35	 | 	38	 | 	13,15
  35	 | 	37	 | 	5,00
  33	 | 	36	 | 	10,05
  32	 | 	37	 | 	7,28
  31	 | 	34	 | 	8,54
  31	 | 	32	 | 	6,32
  30	 | 	31	 | 	7,07
  28	 | 	29	 | 	10,30
  27	 | 	31	 | 	6,71
  27	 | 	30	 | 	11,18
  27	 | 	29	 | 	13,15
  26	 | 	28	 | 	12,04
  24	 | 	32	 | 	18,25
  24	 | 	25	 | 	8,06
  23	 | 	38	 | 	39,32
  23	 | 	25	 | 	6,71
  22	 | 	36	 | 	26,08
  22	 | 	26	 | 	4,12
  22	 | 	25	 | 	4,47
  21	 | 	32	 | 	15,00
  20	 | 	35	 | 	23,54
  20	 | 	33	 | 	14,04
  20	 | 	23	 | 	3,61
  19	 | 	24	 | 	7,07
  19	 | 	21	 | 	4,47
  18	 | 	34	 | 	27,02
  18	 | 	21	 | 	10,00
  15	 | 	27	 | 	17,26
  15	 | 	21	 | 	14,14
  14	 | 	34	 | 	35,36
  14	 | 	18	 | 	10,00
  13	 | 	36	 | 	38,05
  13	 | 	28	 | 	25,02
  0	 | 	19	 | 	35,06
  0	 | 	20	 | 	33,38
  1	 | 	27	 | 	37,12
  1	 | 	28	 | 	41,00
  1	 | 	31	 | 	43,00
  2	 | 	3	 | 	2,24
  2	 | 	5	 | 	4,12
  2	 | 	10	 | 	5,10
  2	 | 	14	 | 	10,00
  3	 | 	19	 | 	26,48
  4	 | 	34	 | 	48,01
  5	 | 	8	 | 	7,62
  7	 | 	9	 | 	2,00
  9	 | 	18	 | 	19,10
  10	 | 	13	 | 	3,61
  10	 | 	14	 | 	7,62
  10	 | 	36	 | 	41,00
  11	 | 	12	 | 	4,12
  11	 | 	33	 | 	30,41
  12	 | 	14	 | 	5,10
  13	 | 	37	 | 	40,31
  14	 | 	17	 | 	4,24
  15	 | 	16	 | 	3,00
  15	 | 	17	 | 	5,10
  17	 | 	18	 | 	5,83
  17	 | 	30	 | 	29,00
  19	 | 	28	 | 	10,82
  19	 | 	30	 | 	16,03
  20	 | 	24	 | 	4,12
  20	 | 	25	 | 	4,00
  21	 | 	25	 | 	6,40
  23	 | 	26	 | 	2,83
  24	 | 	26	 | 	2,00
  25	 | 	28	 | 	13,04
  25	 | 	34	 | 	21,38
  28	 | 	31	 | 	2,00
  29	 | 	30	 | 	2,00
  29	 | 	39	 | 	16,12
  30	 | 	33	 | 	5,00
  34	 | 	36	 | 	3,61
  34	 | 	37	 | 	5,10
  1	 | 	33	 | 	44,05
  4	 | 	32	 | 	46,00
  4	 | 	36	 | 	51,01
___________________________
Simulation Topology [2:4]
___________________________
From 	  To 		Length
___________________________
  36	 | 	38	 | 	13,00
  35	 | 	38	 | 	13,15
  35	 | 	37	 | 	5,00
  33	 | 	36	 | 	10,05
  32	 | 	37	 | 	7,28
  31	 | 	34	 | 	8,54
  31	 | 	32	 | 	6,32
  30	 | 	31	 | 	7,07
  28	 | 	29	 | 	10,30
  27	 | 	31	 | 	6,71
  27	 | 	30	 | 	11,18
  27	 | 	29	 | 	13,15
  26	 | 	28	 | 	12,04
  24	 | 	32	 | 	18,25
  24	 | 	25	 | 	8,06
  23	 | 	38	 | 	39,32
  23	 | 	25	 | 	6,71
  22	 | 	36	 | 	26,08
  22	 | 	26	 | 	4,12
  22	 | 	25	 | 	4,47
  21	 | 	32	 | 	15,00
  20	 | 	35	 | 	23,54
  20	 | 	33	 | 	14,04
  20	 | 	23	 | 	3,61
  19	 | 	24	 | 	7,07
  19	 | 	21	 | 	4,47
  18	 | 	34	 | 	27,02
  18	 | 	21	 | 	10,00
  15	 | 	27	 | 	17,26
  15	 | 	21	 | 	14,14
  14	 | 	34	 | 	35,36
  14	 | 	18	 | 	10,00
  13	 | 	36	 | 	38,05
  13	 | 	28	 | 	25,02
  0	 | 	19	 | 	35,06
  0	 | 	20	 | 	33,38
  1	 | 	27	 | 	37,12
  1	 | 	28	 | 	41,00
  1	 | 	31	 | 	43,00
  2	 | 	3	 | 	2,24
  2	 | 	5	 | 	4,12
  2	 | 	10	 | 	5,10
  2	 | 	14	 | 	10,00
  3	 | 	19	 | 	26,48
  4	 | 	34	 | 	48,01
  5	 | 	8	 | 	7,62
  7	 | 	9	 | 	2,00
  9	 | 	18	 | 	19,10
  10	 | 	13	 | 	3,61
  10	 | 	14	 | 	7,62
  10	 | 	36	 | 	41,00
  11	 | 	12	 | 	4,12
  11	 | 	33	 | 	30,41
  12	 | 	14	 | 	5,10
  13	 | 	37	 | 	40,31
  14	 | 	17	 | 	4,24
  15	 | 	16	 | 	3,00
  15	 | 	17	 | 	5,10
  17	 | 	18	 | 	5,83
  17	 | 	30	 | 	29,00
  19	 | 	28	 | 	10,82
  19	 | 	30	 | 	16,03
  20	 | 	24	 | 	4,12
  20	 | 	25	 | 	4,00
  21	 | 	25	 | 	6,40
  23	 | 	26	 | 	2,83
  24	 | 	26	 | 	2,00
  25	 | 	28	 | 	13,04
  25	 | 	34	 | 	21,38
  28	 | 	31	 | 	2,00
  29	 | 	30	 | 	2,00
  29	 | 	39	 | 	16,12
  30	 | 	33	 | 	5,00
  34	 | 	36	 | 	3,61
  34	 | 	37	 | 	5,10
  1	 | 	33	 | 	44,05
  4	 | 	32	 | 	46,00
  4	 | 	36	 | 	51,01
  16	 | 	23	 | 	7,28
___________________________
Simulation Topology [2:5]
___________________________
From 	  To 		Length
___________________________
  36	 | 	38	 | 	13,00
  35	 | 	38	 | 	13,15
  35	 | 	37	 | 	5,00
  33	 | 	36	 | 	10,05
  32	 | 	37	 | 	7,28
  31	 | 	34	 | 	8,54
  31	 | 	32	 | 	6,32
  30	 | 	31	 | 	7,07
  28	 | 	29	 | 	10,30
  27	 | 	31	 | 	6,71
  27	 | 	30	 | 	11,18
  27	 | 	29	 | 	13,15
  26	 | 	28	 | 	12,04
  24	 | 	32	 | 	18,25
  24	 | 	25	 | 	8,06
  23	 | 	38	 | 	39,32
  23	 | 	25	 | 	6,71
  22	 | 	36	 | 	26,08
  22	 | 	26	 | 	4,12
  22	 | 	25	 | 	4,47
  21	 | 	32	 | 	15,00
  20	 | 	35	 | 	23,54
  20	 | 	33	 | 	14,04
  20	 | 	23	 | 	3,61
  19	 | 	24	 | 	7,07
  19	 | 	21	 | 	4,47
  18	 | 	34	 | 	27,02
  18	 | 	21	 | 	10,00
  15	 | 	27	 | 	17,26
  15	 | 	21	 | 	14,14
  14	 | 	34	 | 	35,36
  14	 | 	18	 | 	10,00
  13	 | 	36	 | 	38,05
  13	 | 	28	 | 	25,02
  0	 | 	19	 | 	35,06
  0	 | 	20	 | 	33,38
  1	 | 	27	 | 	37,12
  1	 | 	28	 | 	41,00
  1	 | 	31	 | 	43,00
  2	 | 	3	 | 	2,24
  2	 | 	5	 | 	4,12
  2	 | 	10	 | 	5,10
  2	 | 	14	 | 	10,00
  3	 | 	19	 | 	26,48
  4	 | 	34	 | 	48,01
  5	 | 	8	 | 	7,62
  7	 | 	9	 | 	2,00
  9	 | 	18	 | 	19,10
  10	 | 	13	 | 	3,61
  10	 | 	14	 | 	7,62
  10	 | 	36	 | 	41,00
  11	 | 	12	 | 	4,12
  11	 | 	33	 | 	30,41
  12	 | 	14	 | 	5,10
  13	 | 	37	 | 	40,31
  14	 | 	17	 | 	4,24
  15	 | 	16	 | 	3,00
  15	 | 	17	 | 	5,10
  17	 | 	18	 | 	5,83
  17	 | 	30	 | 	29,00
  19	 | 	28	 | 	10,82
  19	 | 	30	 | 	16,03
  20	 | 	24	 | 	4,12
  20	 | 	25	 | 	4,00
  21	 | 	25	 | 	6,40
  23	 | 	26	 | 	2,83
  24	 | 	26	 | 	2,00
  25	 | 	28	 | 	13,04
  25	 | 	34	 | 	21,38
  28	 | 	31	 | 	2,00
  29	 | 	30	 | 	2,00
  29	 | 	39	 | 	16,12
  30	 | 	33	 | 	5,00
  34	 | 	36	 | 	3,61
  34	 | 	37	 | 	5,10
  1	 | 	33	 | 	44,05
  4	 | 	32	 | 	46,00
  4	 | 	36	 | 	51,01
  16	 | 	23	 | 	7,28
  3	 | 	11	 | 	10,00
___________________________
Simulation Topology [2:6]
___________________________
From 	  To 		Length
___________________________
  36	 | 	38	 | 	13,00
  35	 | 	38	 | 	13,15
  35	 | 	37	 | 	5,00
  33	 | 	36	 | 	10,05
  32	 | 	37	 | 	7,28
  31	 | 	34	 | 	8,54
  31	 | 	32	 | 	6,32
  30	 | 	31	 | 	7,07
  28	 | 	29	 | 	10,30
  27	 | 	31	 | 	6,71
  27	 | 	30	 | 	11,18
  27	 | 	29	 | 	13,15
  26	 | 	28	 | 	12,04
  24	 | 	32	 | 	18,25
  24	 | 	25	 | 	8,06
  23	 | 	38	 | 	39,32
  23	 | 	25	 | 	6,71
  22	 | 	36	 | 	26,08
  22	 | 	26	 | 	4,12
  22	 | 	25	 | 	4,47
  21	 | 	32	 | 	15,00
  20	 | 	35	 | 	23,54
  20	 | 	33	 | 	14,04
  20	 | 	23	 | 	3,61
  19	 | 	24	 | 	7,07
  19	 | 	21	 | 	4,47
  18	 | 	34	 | 	27,02
  18	 | 	21	 | 	10,00
  15	 | 	27	 | 	17,26
  15	 | 	21	 | 	14,14
  14	 | 	34	 | 	35,36
  14	 | 	18	 | 	10,00
  13	 | 	36	 | 	38,05
  13	 | 	28	 | 	25,02
  0	 | 	19	 | 	35,06
  0	 | 	20	 | 	33,38
  1	 | 	27	 | 	37,12
  1	 | 	28	 | 	41,00
  1	 | 	31	 | 	43,00
  2	 | 	3	 | 	2,24
  2	 | 	5	 | 	4,12
  2	 | 	10	 | 	5,10
  2	 | 	14	 | 	10,00
  3	 | 	19	 | 	26,48
  4	 | 	34	 | 	48,01
  5	 | 	8	 | 	7,62
  7	 | 	9	 | 	2,00
  9	 | 	18	 | 	19,10
  10	 | 	13	 | 	3,61
  10	 | 	14	 | 	7,62
  10	 | 	36	 | 	41,00
  11	 | 	12	 | 	4,12
  11	 | 	33	 | 	30,41
  12	 | 	14	 | 	5,10
  13	 | 	37	 | 	40,31
  14	 | 	17	 | 	4,24
  15	 | 	16	 | 	3,00
  15	 | 	17	 | 	5,10
  17	 | 	18	 | 	5,83
  17	 | 	30	 | 	29,00
  19	 | 	28	 | 	10,82
  19	 | 	30	 | 	16,03
  20	 | 	24	 | 	4,12
  20	 | 	25	 | 	4,00
  21	 | 	25	 | 	6,40
  23	 | 	26	 | 	2,83
  24	 | 	26	 | 	2,00
  25	 | 	28	 | 	13,04
  25	 | 	34	 | 	21,38
  28	 | 	31	 | 	2,00
  29	 | 	30	 | 	2,00
  29	 | 	39	 | 	16,12
  30	 | 	33	 | 	5,00
  34	 | 	36	 | 	3,61
  34	 | 	37	 | 	5,10
  1	 | 	33	 | 	44,05
  4	 | 	32	 | 	46,00
  4	 | 	36	 | 	51,01
  16	 | 	23	 | 	7,28
  3	 | 	11	 | 	10,00
  8	 | 	29	 | 	40,45
___________________________
Simulation Topology [2:7]
___________________________
From 	  To 		Length
___________________________
  36	 | 	38	 | 	13,00
  35	 | 	38	 | 	13,15
  35	 | 	37	 | 	5,00
  33	 | 	36	 | 	10,05
  32	 | 	37	 | 	7,28
  31	 | 	34	 | 	8,54
  31	 | 	32	 | 	6,32
  30	 | 	31	 | 	7,07
  28	 | 	29	 | 	10,30
  27	 | 	31	 | 	6,71
  27	 | 	30	 | 	11,18
  27	 | 	29	 | 	13,15
  26	 | 	28	 | 	12,04
  24	 | 	32	 | 	18,25
  24	 | 	25	 | 	8,06
  23	 | 	38	 | 	39,32
  23	 | 	25	 | 	6,71
  22	 | 	36	 | 	26,08
  22	 | 	26	 | 	4,12
  22	 | 	25	 | 	4,47
  21	 | 	32	 | 	15,00
  20	 | 	35	 | 	23,54
  20	 | 	33	 | 	14,04
  20	 | 	23	 | 	3,61
  19	 | 	24	 | 	7,07
  19	 | 	21	 | 	4,47
  18	 | 	34	 | 	27,02
  18	 | 	21	 | 	10,00
  15	 | 	27	 | 	17,26
  15	 | 	21	 | 	14,14
  14	 | 	34	 | 	35,36
  14	 | 	18	 | 	10,00
  13	 | 	36	 | 	38,05
  13	 | 	28	 | 	25,02
  0	 | 	19	 | 	35,06
  0	 | 	20	 | 	33,38
  1	 | 	27	 | 	37,12
  1	 | 	28	 | 	41,00
  1	 | 	31	 | 	43,00
  2	 | 	3	 | 	2,24
  2	 | 	5	 | 	4,12
  2	 | 	10	 | 	5,10
  2	 | 	14	 | 	10,00
  3	 | 	19	 | 	26,48
  4	 | 	34	 | 	48,01
  5	 | 	8	 | 	7,62
  7	 | 	9	 | 	2,00
  9	 | 	18	 | 	19,10
  10	 | 	13	 | 	3,61
  10	 | 	14	 | 	7,62
  10	 | 	36	 | 	41,00
  11	 | 	12	 | 	4,12
  11	 | 	33	 | 	30,41
  12	 | 	14	 | 	5,10
  13	 | 	37	 | 	40,31
  14	 | 	17	 | 	4,24
  15	 | 	16	 | 	3,00
  15	 | 	17	 | 	5,10
  17	 | 	18	 | 	5,83
  17	 | 	30	 | 	29,00
  19	 | 	28	 | 	10,82
  19	 | 	30	 | 	16,03
  20	 | 	24	 | 	4,12
  20	 | 	25	 | 	4,00
  21	 | 	25	 | 	6,40
  23	 | 	26	 | 	2,83
  24	 | 	26	 | 	2,00
  25	 | 	28	 | 	13,04
  25	 | 	34	 | 	21,38
  28	 | 	31	 | 	2,00
  29	 | 	30	 | 	2,00
  29	 | 	39	 | 	16,12
  30	 | 	33	 | 	5,00
  34	 | 	36	 | 	3,61
  34	 | 	37	 | 	5,10
  1	 | 	33	 | 	44,05
  4	 | 	32	 | 	46,00
  4	 | 	36	 | 	51,01
  16	 | 	23	 | 	7,28
  3	 | 	11	 | 	10,00
  8	 | 	29	 | 	40,45
  13	 | 	27	 | 	21,38
___________________________
Simulation Topology [2:8]
___________________________
From 	  To 		Length
___________________________
  36	 | 	38	 | 	13,00
  35	 | 	38	 | 	13,15
  35	 | 	37	 | 	5,00
  33	 | 	36	 | 	10,05
  32	 | 	37	 | 	7,28
  31	 | 	34	 | 	8,54
  31	 | 	32	 | 	6,32
  30	 | 	31	 | 	7,07
  28	 | 	29	 | 	10,30
  27	 | 	31	 | 	6,71
  27	 | 	30	 | 	11,18
  27	 | 	29	 | 	13,15
  26	 | 	28	 | 	12,04
  24	 | 	32	 | 	18,25
  24	 | 	25	 | 	8,06
  23	 | 	38	 | 	39,32
  23	 | 	25	 | 	6,71
  22	 | 	36	 | 	26,08
  22	 | 	26	 | 	4,12
  22	 | 	25	 | 	4,47
  21	 | 	32	 | 	15,00
  20	 | 	35	 | 	23,54
  20	 | 	33	 | 	14,04
  20	 | 	23	 | 	3,61
  19	 | 	24	 | 	7,07
  19	 | 	21	 | 	4,47
  18	 | 	34	 | 	27,02
  18	 | 	21	 | 	10,00
  15	 | 	27	 | 	17,26
  15	 | 	21	 | 	14,14
  14	 | 	34	 | 	35,36
  14	 | 	18	 | 	10,00
  13	 | 	36	 | 	38,05
  13	 | 	28	 | 	25,02
  0	 | 	19	 | 	35,06
  0	 | 	20	 | 	33,38
  1	 | 	27	 | 	37,12
  1	 | 	28	 | 	41,00
  1	 | 	31	 | 	43,00
  2	 | 	3	 | 	2,24
  2	 | 	5	 | 	4,12
  2	 | 	10	 | 	5,10
  2	 | 	14	 | 	10,00
  3	 | 	19	 | 	26,48
  4	 | 	34	 | 	48,01
  5	 | 	8	 | 	7,62
  7	 | 	9	 | 	2,00
  9	 | 	18	 | 	19,10
  10	 | 	13	 | 	3,61
  10	 | 	14	 | 	7,62
  10	 | 	36	 | 	41,00
  11	 | 	12	 | 	4,12
  11	 | 	33	 | 	30,41
  12	 | 	14	 | 	5,10
  13	 | 	37	 | 	40,31
  14	 | 	17	 | 	4,24
  15	 | 	16	 | 	3,00
  15	 | 	17	 | 	5,10
  17	 | 	18	 | 	5,83
  17	 | 	30	 | 	29,00
  19	 | 	28	 | 	10,82
  19	 | 	30	 | 	16,03
  20	 | 	24	 | 	4,12
  20	 | 	25	 | 	4,00
  21	 | 	25	 | 	6,40
  23	 | 	26	 | 	2,83
  24	 | 	26	 | 	2,00
  25	 | 	28	 | 	13,04
  25	 | 	34	 | 	21,38
  28	 | 	31	 | 	2,00
  29	 | 	30	 | 	2,00
  29	 | 	39	 | 	16,12
  30	 | 	33	 | 	5,00
  34	 | 	36	 | 	3,61
  34	 | 	37	 | 	5,10
  1	 | 	33	 | 	44,05
  4	 | 	32	 | 	46,00
  4	 | 	36	 | 	51,01
  16	 | 	23	 | 	7,28
  3	 | 	11	 | 	10,00
  8	 | 	29	 | 	40,45
  13	 | 	27	 | 	21,38
  6	 | 	22	 | 	18,68
___________________________
Simulation Topology [2:9]
___________________________
From 	  To 		Length
___________________________
  36	 | 	38	 | 	13,00
  35	 | 	38	 | 	13,15
  35	 | 	37	 | 	5,00
  33	 | 	36	 | 	10,05
  32	 | 	37	 | 	7,28
  31	 | 	34	 | 	8,54
  31	 | 	32	 | 	6,32
  30	 | 	31	 | 	7,07
  28	 | 	29	 | 	10,30
  27	 | 	31	 | 	6,71
  27	 | 	30	 | 	11,18
  27	 | 	29	 | 	13,15
  26	 | 	28	 | 	12,04
  24	 | 	32	 | 	18,25
  24	 | 	25	 | 	8,06
  23	 | 	38	 | 	39,32
  23	 | 	25	 | 	6,71
  22	 | 	36	 | 	26,08
  22	 | 	26	 | 	4,12
  22	 | 	25	 | 	4,47
  21	 | 	32	 | 	15,00
  20	 | 	35	 | 	23,54
  20	 | 	33	 | 	14,04
  20	 | 	23	 | 	3,61
  19	 | 	24	 | 	7,07
  19	 | 	21	 | 	4,47
  18	 | 	34	 | 	27,02
  18	 | 	21	 | 	10,00
  15	 | 	27	 | 	17,26
  15	 | 	21	 | 	14,14
  14	 | 	34	 | 	35,36
  14	 | 	18	 | 	10,00
  13	 | 	36	 | 	38,05
  13	 | 	28	 | 	25,02
  0	 | 	19	 | 	35,06
  0	 | 	20	 | 	33,38
  1	 | 	27	 | 	37,12
  1	 | 	28	 | 	41,00
  1	 | 	31	 | 	43,00
  2	 | 	3	 | 	2,24
  2	 | 	5	 | 	4,12
  2	 | 	10	 | 	5,10
  2	 | 	14	 | 	10,00
  3	 | 	19	 | 	26,48
  4	 | 	34	 | 	48,01
  5	 | 	8	 | 	7,62
  7	 | 	9	 | 	2,00
  9	 | 	18	 | 	19,10
  10	 | 	13	 | 	3,61
  10	 | 	14	 | 	7,62
  10	 | 	36	 | 	41,00
  11	 | 	12	 | 	4,12
  11	 | 	33	 | 	30,41
  12	 | 	14	 | 	5,10
  13	 | 	37	 | 	40,31
  14	 | 	17	 | 	4,24
  15	 | 	16	 | 	3,00
  15	 | 	17	 | 	5,10
  17	 | 	18	 | 	5,83
  17	 | 	30	 | 	29,00
  19	 | 	28	 | 	10,82
  19	 | 	30	 | 	16,03
  20	 | 	24	 | 	4,12
  20	 | 	25	 | 	4,00
  21	 | 	25	 | 	6,40
  23	 | 	26	 | 	2,83
  24	 | 	26	 | 	2,00
  25	 | 	28	 | 	13,04
  25	 | 	34	 | 	21,38
  28	 | 	31	 | 	2,00
  29	 | 	30	 | 	2,00
  29	 | 	39	 | 	16,12
  30	 | 	33	 | 	5,00
  34	 | 	36	 | 	3,61
  34	 | 	37	 | 	5,10
  1	 | 	33	 | 	44,05
  4	 | 	32	 | 	46,00
  4	 | 	36	 | 	51,01
  16	 | 	23	 | 	7,28
  3	 | 	11	 | 	10,00
  8	 | 	29	 | 	40,45
  13	 | 	27	 | 	21,38
  6	 | 	22	 | 	18,68
  5	 | 	39	 | 	59,08
___________________________
Simulation Topology [2:10]
___________________________
From 	  To 		Length
___________________________
  36	 | 	38	 | 	13,00
  35	 | 	38	 | 	13,15
  35	 | 	37	 | 	5,00
  33	 | 	36	 | 	10,05
  32	 | 	37	 | 	7,28
  31	 | 	34	 | 	8,54
  31	 | 	32	 | 	6,32
  30	 | 	31	 | 	7,07
  28	 | 	29	 | 	10,30
  27	 | 	31	 | 	6,71
  27	 | 	30	 | 	11,18
  27	 | 	29	 | 	13,15
  26	 | 	28	 | 	12,04
  24	 | 	32	 | 	18,25
  24	 | 	25	 | 	8,06
  23	 | 	38	 | 	39,32
  23	 | 	25	 | 	6,71
  22	 | 	36	 | 	26,08
  22	 | 	26	 | 	4,12
  22	 | 	25	 | 	4,47
  21	 | 	32	 | 	15,00
  20	 | 	35	 | 	23,54
  20	 | 	33	 | 	14,04
  20	 | 	23	 | 	3,61
  19	 | 	24	 | 	7,07
  19	 | 	21	 | 	4,47
  18	 | 	34	 | 	27,02
  18	 | 	21	 | 	10,00
  15	 | 	27	 | 	17,26
  15	 | 	21	 | 	14,14
  14	 | 	34	 | 	35,36
  14	 | 	18	 | 	10,00
  13	 | 	36	 | 	38,05
  13	 | 	28	 | 	25,02
  0	 | 	19	 | 	35,06
  0	 | 	20	 | 	33,38
  1	 | 	27	 | 	37,12
  1	 | 	28	 | 	41,00
  1	 | 	31	 | 	43,00
  2	 | 	3	 | 	2,24
  2	 | 	5	 | 	4,12
  2	 | 	10	 | 	5,10
  2	 | 	14	 | 	10,00
  3	 | 	19	 | 	26,48
  4	 | 	34	 | 	48,01
  5	 | 	8	 | 	7,62
  7	 | 	9	 | 	2,00
  9	 | 	18	 | 	19,10
  10	 | 	13	 | 	3,61
  10	 | 	14	 | 	7,62
  10	 | 	36	 | 	41,00
  11	 | 	12	 | 	4,12
  11	 | 	33	 | 	30,41
  12	 | 	14	 | 	5,10
  13	 | 	37	 | 	40,31
  14	 | 	17	 | 	4,24
  15	 | 	16	 | 	3,00
  15	 | 	17	 | 	5,10
  17	 | 	18	 | 	5,83
  17	 | 	30	 | 	29,00
  19	 | 	28	 | 	10,82
  19	 | 	30	 | 	16,03
  20	 | 	24	 | 	4,12
  20	 | 	25	 | 	4,00
  21	 | 	25	 | 	6,40
  23	 | 	26	 | 	2,83
  24	 | 	26	 | 	2,00
  25	 | 	28	 | 	13,04
  25	 | 	34	 | 	21,38
  28	 | 	31	 | 	2,00
  29	 | 	30	 | 	2,00
  29	 | 	39	 | 	16,12
  30	 | 	33	 | 	5,00
  34	 | 	36	 | 	3,61
  34	 | 	37	 | 	5,10
  1	 | 	33	 | 	44,05
  4	 | 	32	 | 	46,00
  4	 | 	36	 | 	51,01
  16	 | 	23	 | 	7,28
  3	 | 	11	 | 	10,00
  8	 | 	29	 | 	40,45
  13	 | 	27	 | 	21,38
  6	 | 	22	 | 	18,68
  5	 | 	39	 | 	59,08
  9	 | 	38	 | 	61,03
___________________________
Simulation Topology [2:11]
___________________________
From 	  To 		Length
___________________________
  36	 | 	38	 | 	13,00
  35	 | 	38	 | 	13,15
  35	 | 	37	 | 	5,00
  33	 | 	36	 | 	10,05
  32	 | 	37	 | 	7,28
  31	 | 	34	 | 	8,54
  31	 | 	32	 | 	6,32
  30	 | 	31	 | 	7,07
  28	 | 	29	 | 	10,30
  27	 | 	31	 | 	6,71
  27	 | 	30	 | 	11,18
  27	 | 	29	 | 	13,15
  26	 | 	28	 | 	12,04
  24	 | 	32	 | 	18,25
  24	 | 	25	 | 	8,06
  23	 | 	38	 | 	39,32
  23	 | 	25	 | 	6,71
  22	 | 	36	 | 	26,08
  22	 | 	26	 | 	4,12
  22	 | 	25	 | 	4,47
  21	 | 	32	 | 	15,00
  20	 | 	35	 | 	23,54
  20	 | 	33	 | 	14,04
  20	 | 	23	 | 	3,61
  19	 | 	24	 | 	7,07
  19	 | 	21	 | 	4,47
  18	 | 	34	 | 	27,02
  18	 | 	21	 | 	10,00
  15	 | 	27	 | 	17,26
  15	 | 	21	 | 	14,14
  14	 | 	34	 | 	35,36
  14	 | 	18	 | 	10,00
  13	 | 	36	 | 	38,05
  13	 | 	28	 | 	25,02
  0	 | 	19	 | 	35,06
  0	 | 	20	 | 	33,38
  1	 | 	27	 | 	37,12
  1	 | 	28	 | 	41,00
  1	 | 	31	 | 	43,00
  2	 | 	3	 | 	2,24
  2	 | 	5	 | 	4,12
  2	 | 	10	 | 	5,10
  2	 | 	14	 | 	10,00
  3	 | 	19	 | 	26,48
  4	 | 	34	 | 	48,01
  5	 | 	8	 | 	7,62
  7	 | 	9	 | 	2,00
  9	 | 	18	 | 	19,10
  10	 | 	13	 | 	3,61
  10	 | 	14	 | 	7,62
  10	 | 	36	 | 	41,00
  11	 | 	12	 | 	4,12
  11	 | 	33	 | 	30,41
  12	 | 	14	 | 	5,10
  13	 | 	37	 | 	40,31
  14	 | 	17	 | 	4,24
  15	 | 	16	 | 	3,00
  15	 | 	17	 | 	5,10
  17	 | 	18	 | 	5,83
  17	 | 	30	 | 	29,00
  19	 | 	28	 | 	10,82
  19	 | 	30	 | 	16,03
  20	 | 	24	 | 	4,12
  20	 | 	25	 | 	4,00
  21	 | 	25	 | 	6,40
  23	 | 	26	 | 	2,83
  24	 | 	26	 | 	2,00
  25	 | 	28	 | 	13,04
  25	 | 	34	 | 	21,38
  28	 | 	31	 | 	2,00
  29	 | 	30	 | 	2,00
  29	 | 	39	 | 	16,12
  30	 | 	33	 | 	5,00
  34	 | 	36	 | 	3,61
  34	 | 	37	 | 	5,10
  1	 | 	33	 | 	44,05
  4	 | 	32	 | 	46,00
  4	 | 	36	 | 	51,01
  16	 | 	23	 | 	7,28
  3	 | 	11	 | 	10,00
  8	 | 	29	 | 	40,45
  13	 | 	27	 | 	21,38
  6	 | 	22	 | 	18,68
  5	 | 	39	 | 	59,08
  9	 | 	38	 | 	61,03
  26	 | 	36	 | 	25,08
___________________________
Simulation Topology [2:12]
___________________________
From 	  To 		Length
___________________________
  36	 | 	38	 | 	13,00
  35	 | 	38	 | 	13,15
  35	 | 	37	 | 	5,00
  33	 | 	36	 | 	10,05
  32	 | 	37	 | 	7,28
  31	 | 	34	 | 	8,54
  31	 | 	32	 | 	6,32
  30	 | 	31	 | 	7,07
  28	 | 	29	 | 	10,30
  27	 | 	31	 | 	6,71
  27	 | 	30	 | 	11,18
  27	 | 	29	 | 	13,15
  26	 | 	28	 | 	12,04
  24	 | 	32	 | 	18,25
  24	 | 	25	 | 	8,06
  23	 | 	38	 | 	39,32
  23	 | 	25	 | 	6,71
  22	 | 	36	 | 	26,08
  22	 | 	26	 | 	4,12
  22	 | 	25	 | 	4,47
  21	 | 	32	 | 	15,00
  20	 | 	35	 | 	23,54
  20	 | 	33	 | 	14,04
  20	 | 	23	 | 	3,61
  19	 | 	24	 | 	7,07
  19	 | 	21	 | 	4,47
  18	 | 	34	 | 	27,02
  18	 | 	21	 | 	10,00
  15	 | 	27	 | 	17,26
  15	 | 	21	 | 	14,14
  14	 | 	34	 | 	35,36
  14	 | 	18	 | 	10,00
  13	 | 	36	 | 	38,05
  13	 | 	28	 | 	25,02
  0	 | 	19	 | 	35,06
  0	 | 	20	 | 	33,38
  1	 | 	27	 | 	37,12
  1	 | 	28	 | 	41,00
  1	 | 	31	 | 	43,00
  2	 | 	3	 | 	2,24
  2	 | 	5	 | 	4,12
  2	 | 	10	 | 	5,10
  2	 | 	14	 | 	10,00
  3	 | 	19	 | 	26,48
  4	 | 	34	 | 	48,01
  5	 | 	8	 | 	7,62
  7	 | 	9	 | 	2,00
  9	 | 	18	 | 	19,10
  10	 | 	13	 | 	3,61
  10	 | 	14	 | 	7,62
  10	 | 	36	 | 	41,00
  11	 | 	12	 | 	4,12
  11	 | 	33	 | 	30,41
  12	 | 	14	 | 	5,10
  13	 | 	37	 | 	40,31
  14	 | 	17	 | 	4,24
  15	 | 	16	 | 	3,00
  15	 | 	17	 | 	5,10
  17	 | 	18	 | 	5,83
  17	 | 	30	 | 	29,00
  19	 | 	28	 | 	10,82
  19	 | 	30	 | 	16,03
  20	 | 	24	 | 	4,12
  20	 | 	25	 | 	4,00
  21	 | 	25	 | 	6,40
  23	 | 	26	 | 	2,83
  24	 | 	26	 | 	2,00
  25	 | 	28	 | 	13,04
  25	 | 	34	 | 	21,38
  28	 | 	31	 | 	2,00
  29	 | 	30	 | 	2,00
  29	 | 	39	 | 	16,12
  30	 | 	33	 | 	5,00
  34	 | 	36	 | 	3,61
  34	 | 	37	 | 	5,10
  1	 | 	33	 | 	44,05
  4	 | 	32	 | 	46,00
  4	 | 	36	 | 	51,01
  16	 | 	23	 | 	7,28
  3	 | 	11	 | 	10,00
  8	 | 	29	 | 	40,45
  13	 | 	27	 | 	21,38
  6	 | 	22	 | 	18,68
  5	 | 	39	 | 	59,08
  9	 | 	38	 | 	61,03
  26	 | 	36	 | 	25,08
  29	 | 	33	 | 	6,71
___________________________
Simulation Topology [2:13]
___________________________
From 	  To 		Length
___________________________
  36	 | 	38	 | 	13,00
  35	 | 	38	 | 	13,15
  35	 | 	37	 | 	5,00
  33	 | 	36	 | 	10,05
  32	 | 	37	 | 	7,28
  31	 | 	34	 | 	8,54
  31	 | 	32	 | 	6,32
  30	 | 	31	 | 	7,07
  28	 | 	29	 | 	10,30
  27	 | 	31	 | 	6,71
  27	 | 	30	 | 	11,18
  27	 | 	29	 | 	13,15
  26	 | 	28	 | 	12,04
  24	 | 	32	 | 	18,25
  24	 | 	25	 | 	8,06
  23	 | 	38	 | 	39,32
  23	 | 	25	 | 	6,71
  22	 | 	36	 | 	26,08
  22	 | 	26	 | 	4,12
  22	 | 	25	 | 	4,47
  21	 | 	32	 | 	15,00
  20	 | 	35	 | 	23,54
  20	 | 	33	 | 	14,04
  20	 | 	23	 | 	3,61
  19	 | 	24	 | 	7,07
  19	 | 	21	 | 	4,47
  18	 | 	34	 | 	27,02
  18	 | 	21	 | 	10,00
  15	 | 	27	 | 	17,26
  15	 | 	21	 | 	14,14
  14	 | 	34	 | 	35,36
  14	 | 	18	 | 	10,00
  13	 | 	36	 | 	38,05
  13	 | 	28	 | 	25,02
  0	 | 	19	 | 	35,06
  0	 | 	20	 | 	33,38
  1	 | 	27	 | 	37,12
  1	 | 	28	 | 	41,00
  1	 | 	31	 | 	43,00
  2	 | 	3	 | 	2,24
  2	 | 	5	 | 	4,12
  2	 | 	10	 | 	5,10
  2	 | 	14	 | 	10,00
  3	 | 	19	 | 	26,48
  4	 | 	34	 | 	48,01
  5	 | 	8	 | 	7,62
  7	 | 	9	 | 	2,00
  9	 | 	18	 | 	19,10
  10	 | 	13	 | 	3,61
  10	 | 	14	 | 	7,62
  10	 | 	36	 | 	41,00
  11	 | 	12	 | 	4,12
  11	 | 	33	 | 	30,41
  12	 | 	14	 | 	5,10
  13	 | 	37	 | 	40,31
  14	 | 	17	 | 	4,24
  15	 | 	16	 | 	3,00
  15	 | 	17	 | 	5,10
  17	 | 	18	 | 	5,83
  17	 | 	30	 | 	29,00
  19	 | 	28	 | 	10,82
  19	 | 	30	 | 	16,03
  20	 | 	24	 | 	4,12
  20	 | 	25	 | 	4,00
  21	 | 	25	 | 	6,40
  23	 | 	26	 | 	2,83
  24	 | 	26	 | 	2,00
  25	 | 	28	 | 	13,04
  25	 | 	34	 | 	21,38
  28	 | 	31	 | 	2,00
  29	 | 	30	 | 	2,00
  29	 | 	39	 | 	16,12
  30	 | 	33	 | 	5,00
  34	 | 	36	 | 	3,61
  34	 | 	37	 | 	5,10
  1	 | 	33	 | 	44,05
  4	 | 	32	 | 	46,00
  4	 | 	36	 | 	51,01
  16	 | 	23	 | 	7,28
  3	 | 	11	 | 	10,00
  8	 | 	29	 | 	40,45
  13	 | 	27	 | 	21,38
  6	 | 	22	 | 	18,68
  5	 | 	39	 | 	59,08
  9	 | 	38	 | 	61,03
  26	 | 	36	 | 	25,08
  29	 | 	33	 | 	6,71
  4	 | 	27	 | 	34,01
___________________________
Simulation Topology [2:14]
___________________________
From 	  To 		Length
___________________________
  36	 | 	38	 | 	13,00
  35	 | 	38	 | 	13,15
  35	 | 	37	 | 	5,00
  33	 | 	36	 | 	10,05
  32	 | 	37	 | 	7,28
  31	 | 	34	 | 	8,54
  31	 | 	32	 | 	6,32
  30	 | 	31	 | 	7,07
  28	 | 	29	 | 	10,30
  27	 | 	31	 | 	6,71
  27	 | 	30	 | 	11,18
  27	 | 	29	 | 	13,15
  26	 | 	28	 | 	12,04
  24	 | 	32	 | 	18,25
  24	 | 	25	 | 	8,06
  23	 | 	38	 | 	39,32
  23	 | 	25	 | 	6,71
  22	 | 	36	 | 	26,08
  22	 | 	26	 | 	4,12
  22	 | 	25	 | 	4,47
  21	 | 	32	 | 	15,00
  20	 | 	35	 | 	23,54
  20	 | 	33	 | 	14,04
  20	 | 	23	 | 	3,61
  19	 | 	24	 | 	7,07
  19	 | 	21	 | 	4,47
  18	 | 	34	 | 	27,02
  18	 | 	21	 | 	10,00
  15	 | 	27	 | 	17,26
  15	 | 	21	 | 	14,14
  14	 | 	34	 | 	35,36
  14	 | 	18	 | 	10,00
  13	 | 	36	 | 	38,05
  13	 | 	28	 | 	25,02
  0	 | 	19	 | 	35,06
  0	 | 	20	 | 	33,38
  1	 | 	27	 | 	37,12
  1	 | 	28	 | 	41,00
  1	 | 	31	 | 	43,00
  2	 | 	3	 | 	2,24
  2	 | 	5	 | 	4,12
  2	 | 	10	 | 	5,10
  2	 | 	14	 | 	10,00
  3	 | 	19	 | 	26,48
  4	 | 	34	 | 	48,01
  5	 | 	8	 | 	7,62
  7	 | 	9	 | 	2,00
  9	 | 	18	 | 	19,10
  10	 | 	13	 | 	3,61
  10	 | 	14	 | 	7,62
  10	 | 	36	 | 	41,00
  11	 | 	12	 | 	4,12
  11	 | 	33	 | 	30,41
  12	 | 	14	 | 	5,10
  13	 | 	37	 | 	40,31
  14	 | 	17	 | 	4,24
  15	 | 	16	 | 	3,00
  15	 | 	17	 | 	5,10
  17	 | 	18	 | 	5,83
  17	 | 	30	 | 	29,00
  19	 | 	28	 | 	10,82
  19	 | 	30	 | 	16,03
  20	 | 	24	 | 	4,12
  20	 | 	25	 | 	4,00
  21	 | 	25	 | 	6,40
  23	 | 	26	 | 	2,83
  24	 | 	26	 | 	2,00
  25	 | 	28	 | 	13,04
  25	 | 	34	 | 	21,38
  28	 | 	31	 | 	2,00
  29	 | 	30	 | 	2,00
  29	 | 	39	 | 	16,12
  30	 | 	33	 | 	5,00
  34	 | 	36	 | 	3,61
  34	 | 	37	 | 	5,10
  1	 | 	33	 | 	44,05
  4	 | 	32	 | 	46,00
  4	 | 	36	 | 	51,01
  16	 | 	23	 | 	7,28
  3	 | 	11	 | 	10,00
  8	 | 	29	 | 	40,45
  13	 | 	27	 | 	21,38
  6	 | 	22	 | 	18,68
  5	 | 	39	 | 	59,08
  9	 | 	38	 | 	61,03
  26	 | 	36	 | 	25,08
  29	 | 	33	 | 	6,71
  4	 | 	27	 | 	34,01
  18	 | 	24	 | 	7,62
___________________________
Simulation Topology [2:15]
___________________________
From 	  To 		Length
___________________________
  36	 | 	38	 | 	13,00
  35	 | 	38	 | 	13,15
  35	 | 	37	 | 	5,00
  33	 | 	36	 | 	10,05
  32	 | 	37	 | 	7,28
  31	 | 	34	 | 	8,54
  31	 | 	32	 | 	6,32
  30	 | 	31	 | 	7,07
  28	 | 	29	 | 	10,30
  27	 | 	31	 | 	6,71
  27	 | 	30	 | 	11,18
  27	 | 	29	 | 	13,15
  26	 | 	28	 | 	12,04
  24	 | 	32	 | 	18,25
  24	 | 	25	 | 	8,06
  23	 | 	38	 | 	39,32
  23	 | 	25	 | 	6,71
  22	 | 	36	 | 	26,08
  22	 | 	26	 | 	4,12
  22	 | 	25	 | 	4,47
  21	 | 	32	 | 	15,00
  20	 | 	35	 | 	23,54
  20	 | 	33	 | 	14,04
  20	 | 	23	 | 	3,61
  19	 | 	24	 | 	7,07
  19	 | 	21	 | 	4,47
  18	 | 	34	 | 	27,02
  18	 | 	21	 | 	10,00
  15	 | 	27	 | 	17,26
  15	 | 	21	 | 	14,14
  14	 | 	34	 | 	35,36
  14	 | 	18	 | 	10,00
  13	 | 	36	 | 	38,05
  13	 | 	28	 | 	25,02
  0	 | 	19	 | 	35,06
  0	 | 	20	 | 	33,38
  1	 | 	27	 | 	37,12
  1	 | 	28	 | 	41,00
  1	 | 	31	 | 	43,00
  2	 | 	3	 | 	2,24
  2	 | 	5	 | 	4,12
  2	 | 	10	 | 	5,10
  2	 | 	14	 | 	10,00
  3	 | 	19	 | 	26,48
  4	 | 	34	 | 	48,01
  5	 | 	8	 | 	7,62
  7	 | 	9	 | 	2,00
  9	 | 	18	 | 	19,10
  10	 | 	13	 | 	3,61
  10	 | 	14	 | 	7,62
  10	 | 	36	 | 	41,00
  11	 | 	12	 | 	4,12
  11	 | 	33	 | 	30,41
  12	 | 	14	 | 	5,10
  13	 | 	37	 | 	40,31
  14	 | 	17	 | 	4,24
  15	 | 	16	 | 	3,00
  15	 | 	17	 | 	5,10
  17	 | 	18	 | 	5,83
  17	 | 	30	 | 	29,00
  19	 | 	28	 | 	10,82
  19	 | 	30	 | 	16,03
  20	 | 	24	 | 	4,12
  20	 | 	25	 | 	4,00
  21	 | 	25	 | 	6,40
  23	 | 	26	 | 	2,83
  24	 | 	26	 | 	2,00
  25	 | 	28	 | 	13,04
  25	 | 	34	 | 	21,38
  28	 | 	31	 | 	2,00
  29	 | 	30	 | 	2,00
  29	 | 	39	 | 	16,12
  30	 | 	33	 | 	5,00
  34	 | 	36	 | 	3,61
  34	 | 	37	 | 	5,10
  1	 | 	33	 | 	44,05
  4	 | 	32	 | 	46,00
  4	 | 	36	 | 	51,01
  16	 | 	23	 | 	7,28
  3	 | 	11	 | 	10,00
  8	 | 	29	 | 	40,45
  13	 | 	27	 | 	21,38
  6	 | 	22	 | 	18,68
  5	 | 	39	 | 	59,08
  9	 | 	38	 | 	61,03
  26	 | 	36	 | 	25,08
  29	 | 	33	 | 	6,71
  4	 | 	27	 | 	34,01
  18	 | 	24	 | 	7,62
  38	 | 	39	 | 	3,00
___________________________
Simulation Topology [2:16]
___________________________
From 	  To 		Length
___________________________
  36	 | 	38	 | 	13,00
  35	 | 	38	 | 	13,15
  35	 | 	37	 | 	5,00
  33	 | 	36	 | 	10,05
  32	 | 	37	 | 	7,28
  31	 | 	34	 | 	8,54
  31	 | 	32	 | 	6,32
  30	 | 	31	 | 	7,07
  28	 | 	29	 | 	10,30
  27	 | 	31	 | 	6,71
  27	 | 	30	 | 	11,18
  27	 | 	29	 | 	13,15
  26	 | 	28	 | 	12,04
  24	 | 	32	 | 	18,25
  24	 | 	25	 | 	8,06
  23	 | 	38	 | 	39,32
  23	 | 	25	 | 	6,71
  22	 | 	36	 | 	26,08
  22	 | 	26	 | 	4,12
  22	 | 	25	 | 	4,47
  21	 | 	32	 | 	15,00
  20	 | 	35	 | 	23,54
  20	 | 	33	 | 	14,04
  20	 | 	23	 | 	3,61
  19	 | 	24	 | 	7,07
  19	 | 	21	 | 	4,47
  18	 | 	34	 | 	27,02
  18	 | 	21	 | 	10,00
  15	 | 	27	 | 	17,26
  15	 | 	21	 | 	14,14
  14	 | 	34	 | 	35,36
  14	 | 	18	 | 	10,00
  13	 | 	36	 | 	38,05
  13	 | 	28	 | 	25,02
  0	 | 	19	 | 	35,06
  0	 | 	20	 | 	33,38
  1	 | 	27	 | 	37,12
  1	 | 	28	 | 	41,00
  1	 | 	31	 | 	43,00
  2	 | 	3	 | 	2,24
  2	 | 	5	 | 	4,12
  2	 | 	10	 | 	5,10
  2	 | 	14	 | 	10,00
  3	 | 	19	 | 	26,48
  4	 | 	34	 | 	48,01
  5	 | 	8	 | 	7,62
  7	 | 	9	 | 	2,00
  9	 | 	18	 | 	19,10
  10	 | 	13	 | 	3,61
  10	 | 	14	 | 	7,62
  10	 | 	36	 | 	41,00
  11	 | 	12	 | 	4,12
  11	 | 	33	 | 	30,41
  12	 | 	14	 | 	5,10
  13	 | 	37	 | 	40,31
  14	 | 	17	 | 	4,24
  15	 | 	16	 | 	3,00
  15	 | 	17	 | 	5,10
  17	 | 	18	 | 	5,83
  17	 | 	30	 | 	29,00
  19	 | 	28	 | 	10,82
  19	 | 	30	 | 	16,03
  20	 | 	24	 | 	4,12
  20	 | 	25	 | 	4,00
  21	 | 	25	 | 	6,40
  23	 | 	26	 | 	2,83
  24	 | 	26	 | 	2,00
  25	 | 	28	 | 	13,04
  25	 | 	34	 | 	21,38
  28	 | 	31	 | 	2,00
  29	 | 	30	 | 	2,00
  29	 | 	39	 | 	16,12
  30	 | 	33	 | 	5,00
  34	 | 	36	 | 	3,61
  34	 | 	37	 | 	5,10
  1	 | 	33	 | 	44,05
  4	 | 	32	 | 	46,00
  4	 | 	36	 | 	51,01
  16	 | 	23	 | 	7,28
  3	 | 	11	 | 	10,00
  8	 | 	29	 | 	40,45
  13	 | 	27	 | 	21,38
  6	 | 	22	 | 	18,68
  5	 | 	39	 | 	59,08
  9	 | 	38	 | 	61,03
  26	 | 	36	 | 	25,08
  29	 | 	33	 | 	6,71
  4	 | 	27	 | 	34,01
  18	 | 	24	 | 	7,62
  38	 | 	39	 | 	3,00
  27	 | 	35	 | 	16,76
___________________________
Simulation Topology [2:17]
___________________________
From 	  To 		Length
___________________________
  36	 | 	38	 | 	13,00
  35	 | 	38	 | 	13,15
  35	 | 	37	 | 	5,00
  33	 | 	36	 | 	10,05
  32	 | 	37	 | 	7,28
  31	 | 	34	 | 	8,54
  31	 | 	32	 | 	6,32
  30	 | 	31	 | 	7,07
  28	 | 	29	 | 	10,30
  27	 | 	31	 | 	6,71
  27	 | 	30	 | 	11,18
  27	 | 	29	 | 	13,15
  26	 | 	28	 | 	12,04
  24	 | 	32	 | 	18,25
  24	 | 	25	 | 	8,06
  23	 | 	38	 | 	39,32
  23	 | 	25	 | 	6,71
  22	 | 	36	 | 	26,08
  22	 | 	26	 | 	4,12
  22	 | 	25	 | 	4,47
  21	 | 	32	 | 	15,00
  20	 | 	35	 | 	23,54
  20	 | 	33	 | 	14,04
  20	 | 	23	 | 	3,61
  19	 | 	24	 | 	7,07
  19	 | 	21	 | 	4,47
  18	 | 	34	 | 	27,02
  18	 | 	21	 | 	10,00
  15	 | 	27	 | 	17,26
  15	 | 	21	 | 	14,14
  14	 | 	34	 | 	35,36
  14	 | 	18	 | 	10,00
  13	 | 	36	 | 	38,05
  13	 | 	28	 | 	25,02
  0	 | 	19	 | 	35,06
  0	 | 	20	 | 	33,38
  1	 | 	27	 | 	37,12
  1	 | 	28	 | 	41,00
  1	 | 	31	 | 	43,00
  2	 | 	3	 | 	2,24
  2	 | 	5	 | 	4,12
  2	 | 	10	 | 	5,10
  2	 | 	14	 | 	10,00
  3	 | 	19	 | 	26,48
  4	 | 	34	 | 	48,01
  5	 | 	8	 | 	7,62
  7	 | 	9	 | 	2,00
  9	 | 	18	 | 	19,10
  10	 | 	13	 | 	3,61
  10	 | 	14	 | 	7,62
  10	 | 	36	 | 	41,00
  11	 | 	12	 | 	4,12
  11	 | 	33	 | 	30,41
  12	 | 	14	 | 	5,10
  13	 | 	37	 | 	40,31
  14	 | 	17	 | 	4,24
  15	 | 	16	 | 	3,00
  15	 | 	17	 | 	5,10
  17	 | 	18	 | 	5,83
  17	 | 	30	 | 	29,00
  19	 | 	28	 | 	10,82
  19	 | 	30	 | 	16,03
  20	 | 	24	 | 	4,12
  20	 | 	25	 | 	4,00
  21	 | 	25	 | 	6,40
  23	 | 	26	 | 	2,83
  24	 | 	26	 | 	2,00
  25	 | 	28	 | 	13,04
  25	 | 	34	 | 	21,38
  28	 | 	31	 | 	2,00
  29	 | 	30	 | 	2,00
  29	 | 	39	 | 	16,12
  30	 | 	33	 | 	5,00
  34	 | 	36	 | 	3,61
  34	 | 	37	 | 	5,10
  1	 | 	33	 | 	44,05
  4	 | 	32	 | 	46,00
  4	 | 	36	 | 	51,01
  16	 | 	23	 | 	7,28
  3	 | 	11	 | 	10,00
  8	 | 	29	 | 	40,45
  13	 | 	27	 | 	21,38
  6	 | 	22	 | 	18,68
  5	 | 	39	 | 	59,08
  9	 | 	38	 | 	61,03
  26	 | 	36	 | 	25,08
  29	 | 	33	 | 	6,71
  4	 | 	27	 | 	34,01
  18	 | 	24	 | 	7,62
  38	 | 	39	 | 	3,00
  27	 | 	35	 | 	16,76
  22	 | 	31	 | 	15,30
___________________________
Simulation Topology [2:18]
___________________________
From 	  To 		Length
___________________________
  36	 | 	38	 | 	13,00
  35	 | 	38	 | 	13,15
  35	 | 	37	 | 	5,00
  33	 | 	36	 | 	10,05
  32	 | 	37	 | 	7,28
  31	 | 	34	 | 	8,54
  31	 | 	32	 | 	6,32
  30	 | 	31	 | 	7,07
  28	 | 	29	 | 	10,30
  27	 | 	31	 | 	6,71
  27	 | 	30	 | 	11,18
  27	 | 	29	 | 	13,15
  26	 | 	28	 | 	12,04
  24	 | 	32	 | 	18,25
  24	 | 	25	 | 	8,06
  23	 | 	38	 | 	39,32
  23	 | 	25	 | 	6,71
  22	 | 	36	 | 	26,08
  22	 | 	26	 | 	4,12
  22	 | 	25	 | 	4,47
  21	 | 	32	 | 	15,00
  20	 | 	35	 | 	23,54
  20	 | 	33	 | 	14,04
  20	 | 	23	 | 	3,61
  19	 | 	24	 | 	7,07
  19	 | 	21	 | 	4,47
  18	 | 	34	 | 	27,02
  18	 | 	21	 | 	10,00
  15	 | 	27	 | 	17,26
  15	 | 	21	 | 	14,14
  14	 | 	34	 | 	35,36
  14	 | 	18	 | 	10,00
  13	 | 	36	 | 	38,05
  13	 | 	28	 | 	25,02
  0	 | 	19	 | 	35,06
  0	 | 	20	 | 	33,38
  1	 | 	27	 | 	37,12
  1	 | 	28	 | 	41,00
  1	 | 	31	 | 	43,00
  2	 | 	3	 | 	2,24
  2	 | 	5	 | 	4,12
  2	 | 	10	 | 	5,10
  2	 | 	14	 | 	10,00
  3	 | 	19	 | 	26,48
  4	 | 	34	 | 	48,01
  5	 | 	8	 | 	7,62
  7	 | 	9	 | 	2,00
  9	 | 	18	 | 	19,10
  10	 | 	13	 | 	3,61
  10	 | 	14	 | 	7,62
  10	 | 	36	 | 	41,00
  11	 | 	12	 | 	4,12
  11	 | 	33	 | 	30,41
  12	 | 	14	 | 	5,10
  13	 | 	37	 | 	40,31
  14	 | 	17	 | 	4,24
  15	 | 	16	 | 	3,00
  15	 | 	17	 | 	5,10
  17	 | 	18	 | 	5,83
  17	 | 	30	 | 	29,00
  19	 | 	28	 | 	10,82
  19	 | 	30	 | 	16,03
  20	 | 	24	 | 	4,12
  20	 | 	25	 | 	4,00
  21	 | 	25	 | 	6,40
  23	 | 	26	 | 	2,83
  24	 | 	26	 | 	2,00
  25	 | 	28	 | 	13,04
  25	 | 	34	 | 	21,38
  28	 | 	31	 | 	2,00
  29	 | 	30	 | 	2,00
  29	 | 	39	 | 	16,12
  30	 | 	33	 | 	5,00
  34	 | 	36	 | 	3,61
  34	 | 	37	 | 	5,10
  1	 | 	33	 | 	44,05
  4	 | 	32	 | 	46,00
  4	 | 	36	 | 	51,01
  16	 | 	23	 | 	7,28
  3	 | 	11	 | 	10,00
  8	 | 	29	 | 	40,45
  13	 | 	27	 | 	21,38
  6	 | 	22	 | 	18,68
  5	 | 	39	 | 	59,08
  9	 | 	38	 | 	61,03
  26	 | 	36	 | 	25,08
  29	 | 	33	 | 	6,71
  4	 | 	27	 | 	34,01
  18	 | 	24	 | 	7,62
  38	 | 	39	 | 	3,00
  27	 | 	35	 | 	16,76
  22	 | 	31	 | 	15,30
  3	 | 	13	 | 	10,20
___________________________
Simulation Topology [2:19]
___________________________
From 	  To 		Length
___________________________
  36	 | 	38	 | 	13,00
  35	 | 	38	 | 	13,15
  35	 | 	37	 | 	5,00
  33	 | 	36	 | 	10,05
  32	 | 	37	 | 	7,28
  31	 | 	34	 | 	8,54
  31	 | 	32	 | 	6,32
  30	 | 	31	 | 	7,07
  28	 | 	29	 | 	10,30
  27	 | 	31	 | 	6,71
  27	 | 	30	 | 	11,18
  27	 | 	29	 | 	13,15
  26	 | 	28	 | 	12,04
  24	 | 	32	 | 	18,25
  24	 | 	25	 | 	8,06
  23	 | 	38	 | 	39,32
  23	 | 	25	 | 	6,71
  22	 | 	36	 | 	26,08
  22	 | 	26	 | 	4,12
  22	 | 	25	 | 	4,47
  21	 | 	32	 | 	15,00
  20	 | 	35	 | 	23,54
  20	 | 	33	 | 	14,04
  20	 | 	23	 | 	3,61
  19	 | 	24	 | 	7,07
  19	 | 	21	 | 	4,47
  18	 | 	34	 | 	27,02
  18	 | 	21	 | 	10,00
  15	 | 	27	 | 	17,26
  15	 | 	21	 | 	14,14
  14	 | 	34	 | 	35,36
  14	 | 	18	 | 	10,00
  13	 | 	36	 | 	38,05
  13	 | 	28	 | 	25,02
  0	 | 	19	 | 	35,06
  0	 | 	20	 | 	33,38
  1	 | 	27	 | 	37,12
  1	 | 	28	 | 	41,00
  1	 | 	31	 | 	43,00
  2	 | 	3	 | 	2,24
  2	 | 	5	 | 	4,12
  2	 | 	10	 | 	5,10
  2	 | 	14	 | 	10,00
  3	 | 	19	 | 	26,48
  4	 | 	34	 | 	48,01
  5	 | 	8	 | 	7,62
  7	 | 	9	 | 	2,00
  9	 | 	18	 | 	19,10
  10	 | 	13	 | 	3,61
  10	 | 	14	 | 	7,62
  10	 | 	36	 | 	41,00
  11	 | 	12	 | 	4,12
  11	 | 	33	 | 	30,41
  12	 | 	14	 | 	5,10
  13	 | 	37	 | 	40,31
  14	 | 	17	 | 	4,24
  15	 | 	16	 | 	3,00
  15	 | 	17	 | 	5,10
  17	 | 	18	 | 	5,83
  17	 | 	30	 | 	29,00
  19	 | 	28	 | 	10,82
  19	 | 	30	 | 	16,03
  20	 | 	24	 | 	4,12
  20	 | 	25	 | 	4,00
  21	 | 	25	 | 	6,40
  23	 | 	26	 | 	2,83
  24	 | 	26	 | 	2,00
  25	 | 	28	 | 	13,04
  25	 | 	34	 | 	21,38
  28	 | 	31	 | 	2,00
  29	 | 	30	 | 	2,00
  29	 | 	39	 | 	16,12
  30	 | 	33	 | 	5,00
  34	 | 	36	 | 	3,61
  34	 | 	37	 | 	5,10
  1	 | 	33	 | 	44,05
  4	 | 	32	 | 	46,00
  4	 | 	36	 | 	51,01
  16	 | 	23	 | 	7,28
  3	 | 	11	 | 	10,00
  8	 | 	29	 | 	40,45
  13	 | 	27	 | 	21,38
  6	 | 	22	 | 	18,68
  5	 | 	39	 | 	59,08
  9	 | 	38	 | 	61,03
  26	 | 	36	 | 	25,08
  29	 | 	33	 | 	6,71
  4	 | 	27	 | 	34,01
  18	 | 	24	 | 	7,62
  38	 | 	39	 | 	3,00
  27	 | 	35	 | 	16,76
  22	 | 	31	 | 	15,30
  3	 | 	13	 | 	10,20
  21	 | 	23	 | 	7,07
___________________________
