Simulation Topology 1
___________________________
Simulation Topology 2
___________________________
[9]				[3]		
[0]				[1]		
[4]				[6]		
[4]				[8]		
[3]				[10]		
[7]				[10]		
[5]				[10]		
[1]				[14]		
[6]				[14]		
[8]				[13]		
[3]				[15]		
[7]				[19]		
[1]				[18]		
[8]				[17]		
[5]				[17]		
___________________________
Simulation Topology [2:0]
___________________________
From 	  To 		Length
___________________________
  0	 | 	1	 | 	9,22
  0	 | 	5	 | 	7,28
  0	 | 	9	 | 	10,05
  1	 | 	2	 | 	6,40
  1	 | 	9	 | 	14,42
  2	 | 	3	 | 	2,00
  2	 | 	4	 | 	4,12
  2	 | 	12	 | 	12,37
  3	 | 	4	 | 	2,24
  4	 | 	5	 | 	4,00
  4	 | 	7	 | 	4,47
  5	 | 	10	 | 	6,40
  6	 | 	8	 | 	4,12
  8	 | 	9	 | 	2,24
  8	 | 	11	 | 	5,10
  8	 | 	14	 | 	3,16
  10	 | 	12	 | 	3,61
  10	 | 	13	 | 	5,39
  11	 | 	13	 | 	2,24
___________________________
Simulation Topology [2:1]
___________________________
From 	  To 		Length
___________________________
  0	 | 	1	 | 	9,22
  0	 | 	5	 | 	7,28
  0	 | 	9	 | 	10,05
  1	 | 	2	 | 	6,40
  1	 | 	9	 | 	14,42
  2	 | 	3	 | 	2,00
  2	 | 	4	 | 	4,12
  2	 | 	12	 | 	12,37
  3	 | 	4	 | 	2,24
  4	 | 	5	 | 	4,00
  4	 | 	7	 | 	4,47
  5	 | 	10	 | 	6,40
  6	 | 	8	 | 	4,12
  8	 | 	9	 | 	2,24
  8	 | 	11	 | 	5,10
  8	 | 	14	 | 	3,16
  10	 | 	12	 | 	3,61
  10	 | 	13	 | 	5,39
  11	 | 	13	 | 	2,24
  7	 | 	9	 | 	7,07
___________________________
Simulation Topology [2:2]
___________________________
From 	  To 		Length
___________________________
  0	 | 	1	 | 	9,22
  0	 | 	5	 | 	7,28
  0	 | 	9	 | 	10,05
  1	 | 	2	 | 	6,40
  1	 | 	9	 | 	14,42
  2	 | 	3	 | 	2,00
  2	 | 	4	 | 	4,12
  2	 | 	12	 | 	12,37
  3	 | 	4	 | 	2,24
  4	 | 	5	 | 	4,00
  4	 | 	7	 | 	4,47
  5	 | 	10	 | 	6,40
  6	 | 	8	 | 	4,12
  8	 | 	9	 | 	2,24
  8	 | 	11	 | 	5,10
  8	 | 	14	 | 	3,16
  10	 | 	12	 | 	3,61
  10	 | 	13	 | 	5,39
  11	 | 	13	 | 	2,24
  7	 | 	9	 | 	7,07
  10	 | 	11	 | 	5,66
___________________________
Simulation Topology [2:3]
___________________________
From 	  To 		Length
___________________________
  0	 | 	1	 | 	9,22
  0	 | 	5	 | 	7,28
  0	 | 	9	 | 	10,05
  1	 | 	2	 | 	6,40
  1	 | 	9	 | 	14,42
  2	 | 	3	 | 	2,00
  2	 | 	4	 | 	4,12
  2	 | 	12	 | 	12,37
  3	 | 	4	 | 	2,24
  4	 | 	5	 | 	4,00
  4	 | 	7	 | 	4,47
  5	 | 	10	 | 	6,40
  6	 | 	8	 | 	4,12
  8	 | 	9	 | 	2,24
  8	 | 	11	 | 	5,10
  8	 | 	14	 | 	3,16
  10	 | 	12	 | 	3,61
  10	 | 	13	 | 	5,39
  11	 | 	13	 | 	2,24
  7	 | 	9	 | 	7,07
  10	 | 	11	 | 	5,66
  7	 | 	14	 | 	5,00
___________________________
Simulation Topology [2:4]
___________________________
From 	  To 		Length
___________________________
  0	 | 	1	 | 	9,22
  0	 | 	5	 | 	7,28
  0	 | 	9	 | 	10,05
  1	 | 	2	 | 	6,40
  1	 | 	9	 | 	14,42
  2	 | 	3	 | 	2,00
  2	 | 	4	 | 	4,12
  2	 | 	12	 | 	12,37
  3	 | 	4	 | 	2,24
  4	 | 	5	 | 	4,00
  4	 | 	7	 | 	4,47
  5	 | 	10	 | 	6,40
  6	 | 	8	 | 	4,12
  8	 | 	9	 | 	2,24
  8	 | 	11	 | 	5,10
  8	 | 	14	 | 	3,16
  10	 | 	12	 | 	3,61
  10	 | 	13	 | 	5,39
  11	 | 	13	 | 	2,24
  7	 | 	9	 | 	7,07
  10	 | 	11	 | 	5,66
  7	 | 	14	 | 	5,00
  7	 | 	13	 | 	7,62
___________________________
Simulation Topology [2:5]
___________________________
From 	  To 		Length
___________________________
  0	 | 	1	 | 	9,22
  0	 | 	5	 | 	7,28
  0	 | 	9	 | 	10,05
  1	 | 	2	 | 	6,40
  1	 | 	9	 | 	14,42
  2	 | 	3	 | 	2,00
  2	 | 	4	 | 	4,12
  2	 | 	12	 | 	12,37
  3	 | 	4	 | 	2,24
  4	 | 	5	 | 	4,00
  4	 | 	7	 | 	4,47
  5	 | 	10	 | 	6,40
  6	 | 	8	 | 	4,12
  8	 | 	9	 | 	2,24
  8	 | 	11	 | 	5,10
  8	 | 	14	 | 	3,16
  10	 | 	12	 | 	3,61
  10	 | 	13	 | 	5,39
  11	 | 	13	 | 	2,24
  7	 | 	9	 | 	7,07
  10	 | 	11	 | 	5,66
  7	 | 	14	 | 	5,00
  7	 | 	13	 | 	7,62
  6	 | 	14	 | 	7,00
___________________________
Simulation Topology [2:6]
___________________________
From 	  To 		Length
___________________________
  0	 | 	1	 | 	9,22
  0	 | 	5	 | 	7,28
  0	 | 	9	 | 	10,05
  1	 | 	2	 | 	6,40
  1	 | 	9	 | 	14,42
  2	 | 	3	 | 	2,00
  2	 | 	4	 | 	4,12
  2	 | 	12	 | 	12,37
  3	 | 	4	 | 	2,24
  4	 | 	5	 | 	4,00
  4	 | 	7	 | 	4,47
  5	 | 	10	 | 	6,40
  6	 | 	8	 | 	4,12
  8	 | 	9	 | 	2,24
  8	 | 	11	 | 	5,10
  8	 | 	14	 | 	3,16
  10	 | 	12	 | 	3,61
  10	 | 	13	 | 	5,39
  11	 | 	13	 | 	2,24
  7	 | 	9	 | 	7,07
  10	 | 	11	 | 	5,66
  7	 | 	14	 | 	5,00
  7	 | 	13	 | 	7,62
  6	 | 	14	 | 	7,00
  6	 | 	13	 | 	7,62
___________________________
