Simulation Topology 1
___________________________
Simulation Topology 2
___________________________
[2]				[3]		
[7]				[0]		
[0]				[6]		
[4]				[19]		
[7]				[18]		
[7]				[25]		
[2]				[28]		
[8]				[29]		
[0]				[34]		
[1]				[32]		
___________________________
Simulation Topology [2:0]
___________________________
From 	  To 		Length
___________________________
  0	 | 	1	 | 	5,83
  0	 | 	6	 | 	25,00
  1	 | 	7	 | 	29,02
  2	 | 	5	 | 	20,25
  2	 | 	6	 | 	22,09
  3	 | 	7	 | 	10,77
  3	 | 	8	 | 	15,52
  4	 | 	5	 | 	7,00
  4	 | 	9	 | 	15,23
  8	 | 	9	 | 	2,24
___________________________
