Simulation Topology 1
___________________________
Simulation Topology 2
___________________________
[4]				[3]		
[5]				[7]		
[2]				[5]		
[8]				[4]		
[8]				[9]		
[0]				[8]		
[6]				[10]		
[0]				[15]		
[9]				[13]		
[5]				[13]		
___________________________
Simulation Topology [2:2]
___________________________
From 	  To 		Length
___________________________
  0	 | 	1	 | 	4,12
  0	 | 	2	 | 	2,83
  0	 | 	5	 | 	6,40
  1	 | 	2	 | 	3,61
  1	 | 	3	 | 	4,24
  1	 | 	5	 | 	5,10
  2	 | 	3	 | 	6,08
  2	 | 	6	 | 	6,40
  3	 | 	7	 | 	13,60
  3	 | 	9	 | 	9,49
  4	 | 	5	 | 	8,06
  4	 | 	6	 | 	2,24
  4	 | 	7	 | 	10,00
  4	 | 	8	 | 	4,12
  6	 | 	9	 | 	3,16
___________________________
Simulation Topology [2:3]
___________________________
From 	  To 		Length
___________________________
  0	 | 	1	 | 	4,12
  0	 | 	2	 | 	2,83
  0	 | 	5	 | 	6,40
  1	 | 	2	 | 	3,61
  1	 | 	3	 | 	4,24
  1	 | 	5	 | 	5,10
  2	 | 	3	 | 	6,08
  2	 | 	6	 | 	6,40
  3	 | 	7	 | 	13,60
  3	 | 	9	 | 	9,49
  4	 | 	5	 | 	8,06
  4	 | 	6	 | 	2,24
  4	 | 	7	 | 	10,00
  4	 | 	8	 | 	4,12
  6	 | 	9	 | 	3,16
  7	 | 	8	 | 	9,22
___________________________
Simulation Topology [2:4]
___________________________
From 	  To 		Length
___________________________
  0	 | 	1	 | 	4,12
  0	 | 	2	 | 	2,83
  0	 | 	5	 | 	6,40
  1	 | 	2	 | 	3,61
  1	 | 	3	 | 	4,24
  1	 | 	5	 | 	5,10
  2	 | 	3	 | 	6,08
  2	 | 	6	 | 	6,40
  3	 | 	7	 | 	13,60
  3	 | 	9	 | 	9,49
  4	 | 	5	 | 	8,06
  4	 | 	6	 | 	2,24
  4	 | 	7	 | 	10,00
  4	 | 	8	 | 	4,12
  6	 | 	9	 | 	3,16
  7	 | 	8	 | 	9,22
  5	 | 	7	 | 	7,00
___________________________
