Simulation Topology 1
___________________________
Simulation Topology 2
___________________________
[5]				[4]		
[9]				[7]		
[3]				[7]		
[1]				[6]		
[4]				[9]		
[7]				[8]		
[1]				[10]		
[6]				[11]		
[6]				[15]		
[2]				[14]		
[6]				[13]		
[4]				[13]		
[9]				[18]		
[7]				[18]		
[5]				[17]		
___________________________
Simulation Topology [2:1]
___________________________
From 	  To 		Length
___________________________
  0	 | 	1	 | 	5,00
  0	 | 	3	 | 	4,47
  0	 | 	7	 | 	7,07
  1	 | 	3	 | 	8,06
  2	 | 	3	 | 	2,24
  2	 | 	8	 | 	8,54
  2	 | 	9	 | 	7,07
  2	 | 	14	 | 	10,20
  3	 | 	10	 | 	8,60
  4	 | 	6	 | 	3,16
  4	 | 	7	 | 	2,83
  5	 | 	12	 | 	10,20
  5	 | 	13	 | 	10,00
  5	 | 	14	 | 	9,22
  6	 | 	12	 | 	11,31
  7	 | 	11	 | 	2,83
  8	 | 	11	 | 	2,83
  10	 | 	11	 | 	2,00
  10	 | 	14	 | 	4,12
  12	 | 	13	 | 	2,00
  13	 | 	14	 | 	2,24
___________________________
Simulation Topology [2:2]
___________________________
From 	  To 		Length
___________________________
  0	 | 	1	 | 	5,00
  0	 | 	3	 | 	4,47
  0	 | 	7	 | 	7,07
  1	 | 	3	 | 	8,06
  2	 | 	3	 | 	2,24
  2	 | 	8	 | 	8,54
  2	 | 	9	 | 	7,07
  2	 | 	14	 | 	10,20
  3	 | 	10	 | 	8,60
  4	 | 	6	 | 	3,16
  4	 | 	7	 | 	2,83
  5	 | 	12	 | 	10,20
  5	 | 	13	 | 	10,00
  5	 | 	14	 | 	9,22
  6	 | 	12	 | 	11,31
  7	 | 	11	 | 	2,83
  8	 | 	11	 | 	2,83
  10	 | 	11	 | 	2,00
  10	 | 	14	 | 	4,12
  12	 | 	13	 | 	2,00
  13	 | 	14	 | 	2,24
  1	 | 	4	 | 	5,39
___________________________
Simulation Topology [2:3]
___________________________
From 	  To 		Length
___________________________
  0	 | 	1	 | 	5,00
  0	 | 	3	 | 	4,47
  0	 | 	7	 | 	7,07
  1	 | 	3	 | 	8,06
  2	 | 	3	 | 	2,24
  2	 | 	8	 | 	8,54
  2	 | 	9	 | 	7,07
  2	 | 	14	 | 	10,20
  3	 | 	10	 | 	8,60
  4	 | 	6	 | 	3,16
  4	 | 	7	 | 	2,83
  5	 | 	12	 | 	10,20
  5	 | 	13	 | 	10,00
  5	 | 	14	 | 	9,22
  6	 | 	12	 | 	11,31
  7	 | 	11	 | 	2,83
  8	 | 	11	 | 	2,83
  10	 | 	11	 | 	2,00
  10	 | 	14	 | 	4,12
  12	 | 	13	 | 	2,00
  13	 | 	14	 | 	2,24
  1	 | 	4	 | 	5,39
  1	 | 	9	 | 	9,90
___________________________
Simulation Topology [2:4]
___________________________
From 	  To 		Length
___________________________
  0	 | 	1	 | 	5,00
  0	 | 	3	 | 	4,47
  0	 | 	7	 | 	7,07
  1	 | 	3	 | 	8,06
  2	 | 	3	 | 	2,24
  2	 | 	8	 | 	8,54
  2	 | 	9	 | 	7,07
  2	 | 	14	 | 	10,20
  3	 | 	10	 | 	8,60
  4	 | 	6	 | 	3,16
  4	 | 	7	 | 	2,83
  5	 | 	12	 | 	10,20
  5	 | 	13	 | 	10,00
  5	 | 	14	 | 	9,22
  6	 | 	12	 | 	11,31
  7	 | 	11	 | 	2,83
  8	 | 	11	 | 	2,83
  10	 | 	11	 | 	2,00
  10	 | 	14	 | 	4,12
  12	 | 	13	 | 	2,00
  13	 | 	14	 | 	2,24
  1	 | 	4	 | 	5,39
  1	 | 	9	 | 	9,90
  5	 | 	8	 | 	7,07
___________________________
Simulation Topology [2:5]
___________________________
From 	  To 		Length
___________________________
  0	 | 	1	 | 	5,00
  0	 | 	3	 | 	4,47
  0	 | 	7	 | 	7,07
  1	 | 	3	 | 	8,06
  2	 | 	3	 | 	2,24
  2	 | 	8	 | 	8,54
  2	 | 	9	 | 	7,07
  2	 | 	14	 | 	10,20
  3	 | 	10	 | 	8,60
  4	 | 	6	 | 	3,16
  4	 | 	7	 | 	2,83
  5	 | 	12	 | 	10,20
  5	 | 	13	 | 	10,00
  5	 | 	14	 | 	9,22
  6	 | 	12	 | 	11,31
  7	 | 	11	 | 	2,83
  8	 | 	11	 | 	2,83
  10	 | 	11	 | 	2,00
  10	 | 	14	 | 	4,12
  12	 | 	13	 | 	2,00
  13	 | 	14	 | 	2,24
  1	 | 	4	 | 	5,39
  1	 | 	9	 | 	9,90
  5	 | 	8	 | 	7,07
  10	 | 	13	 | 	5,10
___________________________
Simulation Topology [2:6]
___________________________
From 	  To 		Length
___________________________
  0	 | 	1	 | 	5,00
  0	 | 	3	 | 	4,47
  0	 | 	7	 | 	7,07
  1	 | 	3	 | 	8,06
  2	 | 	3	 | 	2,24
  2	 | 	8	 | 	8,54
  2	 | 	9	 | 	7,07
  2	 | 	14	 | 	10,20
  3	 | 	10	 | 	8,60
  4	 | 	6	 | 	3,16
  4	 | 	7	 | 	2,83
  5	 | 	12	 | 	10,20
  5	 | 	13	 | 	10,00
  5	 | 	14	 | 	9,22
  6	 | 	12	 | 	11,31
  7	 | 	11	 | 	2,83
  8	 | 	11	 | 	2,83
  10	 | 	11	 | 	2,00
  10	 | 	14	 | 	4,12
  12	 | 	13	 | 	2,00
  13	 | 	14	 | 	2,24
  1	 | 	4	 | 	5,39
  1	 | 	9	 | 	9,90
  5	 | 	8	 | 	7,07
  10	 | 	13	 | 	5,10
  7	 | 	9	 | 	5,00
___________________________
