Simulation Topology 1
___________________________
[1]				[3]		
[5]				[17]		
[0]				[22]		
[0]				[20]		
[5]				[19]		
[7]				[25]		
[2]				[28]		
[0]				[25]		
[5]				[28]		
[7]				[31]		
[3]				[36]		
[6]				[35]		
[9]				[34]		
[8]				[39]		
[1]				[34]		
[0]				[39]		
[2]				[38]		
[1]				[44]		
[8]				[47]		
[6]				[40]		
[3]				[55]		
[6]				[57]		
[7]				[60]		
[5]				[60]		
[0]				[64]		
[8]				[72]		
[1]				[73]		
[7]				[74]		
[8]				[78]		
[5]				[74]		
[5]				[79]		
[12]				[7]		
[15]				[11]		
[18]				[12]		
[11]				[13]		
[13]				[12]		
[13]				[22]		
[13]				[20]		
[10]				[23]		
[15]				[24]		
___________________________
Simulation Topology [1:19]
___________________________
From 	  To 		Length
___________________________
  0	 | 	3	 | 	17,03
  0	 | 	11	 | 	32,39
  0	 | 	30	 | 	76,11
  1	 | 	2	 | 	7,07
  1	 | 	16	 | 	21,21
  1	 | 	24	 | 	47,27
  1	 | 	38	 | 	7,81
  2	 | 	3	 | 	2,00
  2	 | 	14	 | 	12,04
  2	 | 	34	 | 	14,21
  3	 | 	13	 | 	20,62
  3	 | 	29	 | 	54,23
  4	 | 	5	 | 	6,32
  4	 | 	6	 | 	9,49
  4	 | 	18	 | 	28,16
  4	 | 	31	 | 	13,89
  5	 | 	8	 | 	3,61
  5	 | 	10	 | 	11,70
  6	 | 	8	 | 	3,00
  6	 | 	11	 | 	8,06
  6	 | 	22	 | 	32,39
  7	 | 	8	 | 	5,83
  7	 | 	25	 | 	47,68
  8	 | 	18	 | 	19,24
  9	 | 	13	 | 	8,06
  9	 | 	15	 | 	10,63
  10	 | 	12	 | 	6,32
  10	 | 	15	 | 	4,24
  10	 | 	33	 | 	28,30
  11	 | 	12	 | 	3,16
  11	 | 	14	 | 	5,10
  12	 | 	13	 | 	5,10
  12	 | 	19	 | 	6,71
  13	 | 	30	 | 	40,11
  14	 | 	26	 | 	39,00
  14	 | 	29	 | 	40,20
  16	 | 	17	 | 	6,08
  16	 | 	32	 | 	29,97
  17	 | 	22	 | 	17,09
  17	 | 	33	 | 	36,24
  17	 | 	35	 | 	34,18
  18	 | 	26	 | 	26,93
  19	 | 	20	 | 	15,30
  19	 | 	35	 | 	28,86
  20	 | 	21	 | 	3,61
  20	 | 	31	 | 	48,84
  20	 | 	34	 | 	42,76
  21	 | 	36	 | 	35,69
  21	 | 	39	 | 	34,21
  22	 | 	23	 | 	2,00
  23	 | 	27	 | 	14,14
  23	 | 	39	 | 	37,36
  24	 | 	25	 | 	11,31
  24	 | 	27	 | 	12,21
  25	 | 	39	 | 	48,51
  28	 | 	30	 | 	3,16
  28	 | 	37	 | 	58,22
  32	 | 	33	 | 	3,16
  35	 | 	37	 | 	8,00
  37	 | 	38	 | 	4,24
___________________________
Simulation Topology 2
___________________________
[3]				[1]		
[6]				[3]		
[6]				[11]		
[7]				[14]		
[0]				[13]		
[7]				[8]		
[6]				[16]		
[9]				[23]		
[0]				[27]		
[8]				[29]		
[2]				[26]		
[3]				[31]		
[5]				[25]		
[1]				[29]		
[3]				[37]		
[0]				[45]		
[3]				[41]		
[1]				[47]		
[6]				[41]		
[0]				[54]		
[9]				[48]		
[2]				[54]		
[7]				[52]		
[2]				[58]		
[7]				[59]		
[5]				[57]		
[8]				[62]		
[9]				[58]		
[0]				[60]		
[3]				[60]		
[6]				[70]		
[2]				[67]		
[7]				[68]		
[8]				[70]		
[9]				[66]		
[2]				[74]		
[4]				[78]		
[8]				[76]		
[1]				[79]		
[8]				[72]		
___________________________
Simulation Topology [2:0]
___________________________
From 	  To 		Length
___________________________
  37	 | 	38	 | 	7,62
  35	 | 	37	 | 	6,32
  32	 | 	33	 | 	2,24
  28	 | 	37	 | 	17,89
  28	 | 	30	 | 	11,66
  25	 | 	39	 | 	15,30
  24	 | 	27	 | 	2,24
  24	 | 	25	 | 	2,83
  23	 | 	39	 | 	15,23
  23	 | 	27	 | 	7,00
  22	 | 	23	 | 	7,81
  21	 | 	39	 | 	18,97
  21	 | 	36	 | 	24,08
  20	 | 	34	 | 	18,00
  20	 | 	31	 | 	20,25
  20	 | 	21	 | 	9,22
  19	 | 	35	 | 	20,10
  19	 | 	20	 | 	10,82
  18	 | 	26	 | 	21,10
  17	 | 	35	 | 	27,02
  17	 | 	33	 | 	24,04
  17	 | 	22	 | 	7,81
  16	 | 	32	 | 	27,29
  16	 | 	17	 | 	6,32
  14	 | 	29	 | 	23,00
  14	 | 	26	 | 	25,50
  13	 | 	30	 | 	41,30
  12	 | 	19	 | 	29,43
  12	 | 	13	 | 	5,66
  11	 | 	14	 | 	6,00
  0	 | 	1	 | 	3,61
  0	 | 	20	 | 	47,38
  0	 | 	21	 | 	53,01
  1	 | 	5	 | 	5,10
  1	 | 	10	 | 	23,35
  1	 | 	14	 | 	34,13
  2	 | 	3	 | 	3,16
  2	 | 	5	 | 	3,16
  2	 | 	16	 | 	30,15
  3	 | 	12	 | 	11,18
  3	 | 	27	 | 	44,05
  4	 | 	5	 | 	8,60
  4	 | 	29	 | 	47,10
  5	 | 	17	 | 	39,46
  7	 | 	25	 | 	34,23
  8	 | 	9	 | 	8,25
  8	 | 	13	 | 	2,24
  9	 | 	11	 | 	5,39
  9	 | 	23	 | 	29,61
  10	 | 	11	 | 	5,10
  10	 | 	12	 | 	3,16
  12	 | 	16	 | 	16,12
  12	 | 	18	 | 	16,03
  13	 | 	29	 | 	31,06
  14	 | 	16	 | 	4,00
  14	 | 	17	 | 	10,20
  14	 | 	22	 | 	15,52
  15	 | 	17	 | 	2,24
  15	 | 	35	 | 	29,07
  18	 | 	20	 | 	7,62
  19	 | 	21	 | 	2,00
  19	 | 	31	 | 	13,15
  22	 | 	31	 | 	15,81
  23	 | 	24	 | 	5,10
  24	 | 	36	 | 	19,24
  24	 | 	39	 | 	13,04
  25	 | 	28	 | 	5,83
  26	 | 	27	 | 	4,12
  27	 | 	36	 | 	20,62
  29	 | 	32	 | 	8,94
  29	 | 	33	 | 	11,18
  30	 | 	31	 | 	5,00
  30	 | 	32	 | 	2,24
  35	 | 	36	 | 	4,47
  36	 | 	38	 | 	3,16
___________________________
Simulation Topology [2:1]
___________________________
From 	  To 		Length
___________________________
  37	 | 	38	 | 	7,62
  35	 | 	37	 | 	6,32
  32	 | 	33	 | 	2,24
  28	 | 	37	 | 	17,89
  28	 | 	30	 | 	11,66
  25	 | 	39	 | 	15,30
  24	 | 	27	 | 	2,24
  24	 | 	25	 | 	2,83
  23	 | 	39	 | 	15,23
  23	 | 	27	 | 	7,00
  22	 | 	23	 | 	7,81
  21	 | 	39	 | 	18,97
  21	 | 	36	 | 	24,08
  20	 | 	34	 | 	18,00
  20	 | 	31	 | 	20,25
  20	 | 	21	 | 	9,22
  19	 | 	35	 | 	20,10
  19	 | 	20	 | 	10,82
  18	 | 	26	 | 	21,10
  17	 | 	35	 | 	27,02
  17	 | 	33	 | 	24,04
  17	 | 	22	 | 	7,81
  16	 | 	32	 | 	27,29
  16	 | 	17	 | 	6,32
  14	 | 	29	 | 	23,00
  14	 | 	26	 | 	25,50
  13	 | 	30	 | 	41,30
  12	 | 	19	 | 	29,43
  12	 | 	13	 | 	5,66
  11	 | 	14	 | 	6,00
  0	 | 	1	 | 	3,61
  0	 | 	20	 | 	47,38
  0	 | 	21	 | 	53,01
  1	 | 	5	 | 	5,10
  1	 | 	10	 | 	23,35
  1	 | 	14	 | 	34,13
  2	 | 	3	 | 	3,16
  2	 | 	5	 | 	3,16
  2	 | 	16	 | 	30,15
  3	 | 	12	 | 	11,18
  3	 | 	27	 | 	44,05
  4	 | 	5	 | 	8,60
  4	 | 	29	 | 	47,10
  5	 | 	17	 | 	39,46
  7	 | 	25	 | 	34,23
  8	 | 	9	 | 	8,25
  8	 | 	13	 | 	2,24
  9	 | 	11	 | 	5,39
  9	 | 	23	 | 	29,61
  10	 | 	11	 | 	5,10
  10	 | 	12	 | 	3,16
  12	 | 	16	 | 	16,12
  12	 | 	18	 | 	16,03
  13	 | 	29	 | 	31,06
  14	 | 	16	 | 	4,00
  14	 | 	17	 | 	10,20
  14	 | 	22	 | 	15,52
  15	 | 	17	 | 	2,24
  15	 | 	35	 | 	29,07
  18	 | 	20	 | 	7,62
  19	 | 	21	 | 	2,00
  19	 | 	31	 | 	13,15
  22	 | 	31	 | 	15,81
  23	 | 	24	 | 	5,10
  24	 | 	36	 | 	19,24
  24	 | 	39	 | 	13,04
  25	 | 	28	 | 	5,83
  26	 | 	27	 | 	4,12
  27	 | 	36	 | 	20,62
  29	 | 	32	 | 	8,94
  29	 | 	33	 | 	11,18
  30	 | 	31	 | 	5,00
  30	 | 	32	 | 	2,24
  35	 | 	36	 | 	4,47
  36	 | 	38	 | 	3,16
  8	 | 	10	 | 	2,24
___________________________
Simulation Topology [2:2]
___________________________
From 	  To 		Length
___________________________
  37	 | 	38	 | 	7,62
  35	 | 	37	 | 	6,32
  32	 | 	33	 | 	2,24
  28	 | 	37	 | 	17,89
  28	 | 	30	 | 	11,66
  25	 | 	39	 | 	15,30
  24	 | 	27	 | 	2,24
  24	 | 	25	 | 	2,83
  23	 | 	39	 | 	15,23
  23	 | 	27	 | 	7,00
  22	 | 	23	 | 	7,81
  21	 | 	39	 | 	18,97
  21	 | 	36	 | 	24,08
  20	 | 	34	 | 	18,00
  20	 | 	31	 | 	20,25
  20	 | 	21	 | 	9,22
  19	 | 	35	 | 	20,10
  19	 | 	20	 | 	10,82
  18	 | 	26	 | 	21,10
  17	 | 	35	 | 	27,02
  17	 | 	33	 | 	24,04
  17	 | 	22	 | 	7,81
  16	 | 	32	 | 	27,29
  16	 | 	17	 | 	6,32
  14	 | 	29	 | 	23,00
  14	 | 	26	 | 	25,50
  13	 | 	30	 | 	41,30
  12	 | 	19	 | 	29,43
  12	 | 	13	 | 	5,66
  11	 | 	14	 | 	6,00
  0	 | 	1	 | 	3,61
  0	 | 	20	 | 	47,38
  0	 | 	21	 | 	53,01
  1	 | 	5	 | 	5,10
  1	 | 	10	 | 	23,35
  1	 | 	14	 | 	34,13
  2	 | 	3	 | 	3,16
  2	 | 	5	 | 	3,16
  2	 | 	16	 | 	30,15
  3	 | 	12	 | 	11,18
  3	 | 	27	 | 	44,05
  4	 | 	5	 | 	8,60
  4	 | 	29	 | 	47,10
  5	 | 	17	 | 	39,46
  7	 | 	25	 | 	34,23
  8	 | 	9	 | 	8,25
  8	 | 	13	 | 	2,24
  9	 | 	11	 | 	5,39
  9	 | 	23	 | 	29,61
  10	 | 	11	 | 	5,10
  10	 | 	12	 | 	3,16
  12	 | 	16	 | 	16,12
  12	 | 	18	 | 	16,03
  13	 | 	29	 | 	31,06
  14	 | 	16	 | 	4,00
  14	 | 	17	 | 	10,20
  14	 | 	22	 | 	15,52
  15	 | 	17	 | 	2,24
  15	 | 	35	 | 	29,07
  18	 | 	20	 | 	7,62
  19	 | 	21	 | 	2,00
  19	 | 	31	 | 	13,15
  22	 | 	31	 | 	15,81
  23	 | 	24	 | 	5,10
  24	 | 	36	 | 	19,24
  24	 | 	39	 | 	13,04
  25	 | 	28	 | 	5,83
  26	 | 	27	 | 	4,12
  27	 | 	36	 | 	20,62
  29	 | 	32	 | 	8,94
  29	 | 	33	 | 	11,18
  30	 | 	31	 | 	5,00
  30	 | 	32	 | 	2,24
  35	 | 	36	 | 	4,47
  36	 | 	38	 | 	3,16
  8	 | 	10	 | 	2,24
  3	 | 	17	 | 	33,54
___________________________
Simulation Topology [2:3]
___________________________
From 	  To 		Length
___________________________
  37	 | 	38	 | 	7,62
  35	 | 	37	 | 	6,32
  32	 | 	33	 | 	2,24
  28	 | 	37	 | 	17,89
  28	 | 	30	 | 	11,66
  25	 | 	39	 | 	15,30
  24	 | 	27	 | 	2,24
  24	 | 	25	 | 	2,83
  23	 | 	39	 | 	15,23
  23	 | 	27	 | 	7,00
  22	 | 	23	 | 	7,81
  21	 | 	39	 | 	18,97
  21	 | 	36	 | 	24,08
  20	 | 	34	 | 	18,00
  20	 | 	31	 | 	20,25
  20	 | 	21	 | 	9,22
  19	 | 	35	 | 	20,10
  19	 | 	20	 | 	10,82
  18	 | 	26	 | 	21,10
  17	 | 	35	 | 	27,02
  17	 | 	33	 | 	24,04
  17	 | 	22	 | 	7,81
  16	 | 	32	 | 	27,29
  16	 | 	17	 | 	6,32
  14	 | 	29	 | 	23,00
  14	 | 	26	 | 	25,50
  13	 | 	30	 | 	41,30
  12	 | 	19	 | 	29,43
  12	 | 	13	 | 	5,66
  11	 | 	14	 | 	6,00
  0	 | 	1	 | 	3,61
  0	 | 	20	 | 	47,38
  0	 | 	21	 | 	53,01
  1	 | 	5	 | 	5,10
  1	 | 	10	 | 	23,35
  1	 | 	14	 | 	34,13
  2	 | 	3	 | 	3,16
  2	 | 	5	 | 	3,16
  2	 | 	16	 | 	30,15
  3	 | 	12	 | 	11,18
  3	 | 	27	 | 	44,05
  4	 | 	5	 | 	8,60
  4	 | 	29	 | 	47,10
  5	 | 	17	 | 	39,46
  7	 | 	25	 | 	34,23
  8	 | 	9	 | 	8,25
  8	 | 	13	 | 	2,24
  9	 | 	11	 | 	5,39
  9	 | 	23	 | 	29,61
  10	 | 	11	 | 	5,10
  10	 | 	12	 | 	3,16
  12	 | 	16	 | 	16,12
  12	 | 	18	 | 	16,03
  13	 | 	29	 | 	31,06
  14	 | 	16	 | 	4,00
  14	 | 	17	 | 	10,20
  14	 | 	22	 | 	15,52
  15	 | 	17	 | 	2,24
  15	 | 	35	 | 	29,07
  18	 | 	20	 | 	7,62
  19	 | 	21	 | 	2,00
  19	 | 	31	 | 	13,15
  22	 | 	31	 | 	15,81
  23	 | 	24	 | 	5,10
  24	 | 	36	 | 	19,24
  24	 | 	39	 | 	13,04
  25	 | 	28	 | 	5,83
  26	 | 	27	 | 	4,12
  27	 | 	36	 | 	20,62
  29	 | 	32	 | 	8,94
  29	 | 	33	 | 	11,18
  30	 | 	31	 | 	5,00
  30	 | 	32	 | 	2,24
  35	 | 	36	 | 	4,47
  36	 | 	38	 | 	3,16
  8	 | 	10	 | 	2,24
  3	 | 	17	 | 	33,54
  7	 | 	39	 | 	49,01
___________________________
Simulation Topology [2:4]
___________________________
From 	  To 		Length
___________________________
  37	 | 	38	 | 	7,62
  35	 | 	37	 | 	6,32
  32	 | 	33	 | 	2,24
  28	 | 	37	 | 	17,89
  28	 | 	30	 | 	11,66
  25	 | 	39	 | 	15,30
  24	 | 	27	 | 	2,24
  24	 | 	25	 | 	2,83
  23	 | 	39	 | 	15,23
  23	 | 	27	 | 	7,00
  22	 | 	23	 | 	7,81
  21	 | 	39	 | 	18,97
  21	 | 	36	 | 	24,08
  20	 | 	34	 | 	18,00
  20	 | 	31	 | 	20,25
  20	 | 	21	 | 	9,22
  19	 | 	35	 | 	20,10
  19	 | 	20	 | 	10,82
  18	 | 	26	 | 	21,10
  17	 | 	35	 | 	27,02
  17	 | 	33	 | 	24,04
  17	 | 	22	 | 	7,81
  16	 | 	32	 | 	27,29
  16	 | 	17	 | 	6,32
  14	 | 	29	 | 	23,00
  14	 | 	26	 | 	25,50
  13	 | 	30	 | 	41,30
  12	 | 	19	 | 	29,43
  12	 | 	13	 | 	5,66
  11	 | 	14	 | 	6,00
  0	 | 	1	 | 	3,61
  0	 | 	20	 | 	47,38
  0	 | 	21	 | 	53,01
  1	 | 	5	 | 	5,10
  1	 | 	10	 | 	23,35
  1	 | 	14	 | 	34,13
  2	 | 	3	 | 	3,16
  2	 | 	5	 | 	3,16
  2	 | 	16	 | 	30,15
  3	 | 	12	 | 	11,18
  3	 | 	27	 | 	44,05
  4	 | 	5	 | 	8,60
  4	 | 	29	 | 	47,10
  5	 | 	17	 | 	39,46
  7	 | 	25	 | 	34,23
  8	 | 	9	 | 	8,25
  8	 | 	13	 | 	2,24
  9	 | 	11	 | 	5,39
  9	 | 	23	 | 	29,61
  10	 | 	11	 | 	5,10
  10	 | 	12	 | 	3,16
  12	 | 	16	 | 	16,12
  12	 | 	18	 | 	16,03
  13	 | 	29	 | 	31,06
  14	 | 	16	 | 	4,00
  14	 | 	17	 | 	10,20
  14	 | 	22	 | 	15,52
  15	 | 	17	 | 	2,24
  15	 | 	35	 | 	29,07
  18	 | 	20	 | 	7,62
  19	 | 	21	 | 	2,00
  19	 | 	31	 | 	13,15
  22	 | 	31	 | 	15,81
  23	 | 	24	 | 	5,10
  24	 | 	36	 | 	19,24
  24	 | 	39	 | 	13,04
  25	 | 	28	 | 	5,83
  26	 | 	27	 | 	4,12
  27	 | 	36	 | 	20,62
  29	 | 	32	 | 	8,94
  29	 | 	33	 | 	11,18
  30	 | 	31	 | 	5,00
  30	 | 	32	 | 	2,24
  35	 | 	36	 | 	4,47
  36	 | 	38	 | 	3,16
  8	 | 	10	 | 	2,24
  3	 | 	17	 | 	33,54
  7	 | 	39	 | 	49,01
  16	 | 	31	 | 	26,02
___________________________
Simulation Topology [2:5]
___________________________
From 	  To 		Length
___________________________
  37	 | 	38	 | 	7,62
  35	 | 	37	 | 	6,32
  32	 | 	33	 | 	2,24
  28	 | 	37	 | 	17,89
  28	 | 	30	 | 	11,66
  25	 | 	39	 | 	15,30
  24	 | 	27	 | 	2,24
  24	 | 	25	 | 	2,83
  23	 | 	39	 | 	15,23
  23	 | 	27	 | 	7,00
  22	 | 	23	 | 	7,81
  21	 | 	39	 | 	18,97
  21	 | 	36	 | 	24,08
  20	 | 	34	 | 	18,00
  20	 | 	31	 | 	20,25
  20	 | 	21	 | 	9,22
  19	 | 	35	 | 	20,10
  19	 | 	20	 | 	10,82
  18	 | 	26	 | 	21,10
  17	 | 	35	 | 	27,02
  17	 | 	33	 | 	24,04
  17	 | 	22	 | 	7,81
  16	 | 	32	 | 	27,29
  16	 | 	17	 | 	6,32
  14	 | 	29	 | 	23,00
  14	 | 	26	 | 	25,50
  13	 | 	30	 | 	41,30
  12	 | 	19	 | 	29,43
  12	 | 	13	 | 	5,66
  11	 | 	14	 | 	6,00
  0	 | 	1	 | 	3,61
  0	 | 	20	 | 	47,38
  0	 | 	21	 | 	53,01
  1	 | 	5	 | 	5,10
  1	 | 	10	 | 	23,35
  1	 | 	14	 | 	34,13
  2	 | 	3	 | 	3,16
  2	 | 	5	 | 	3,16
  2	 | 	16	 | 	30,15
  3	 | 	12	 | 	11,18
  3	 | 	27	 | 	44,05
  4	 | 	5	 | 	8,60
  4	 | 	29	 | 	47,10
  5	 | 	17	 | 	39,46
  7	 | 	25	 | 	34,23
  8	 | 	9	 | 	8,25
  8	 | 	13	 | 	2,24
  9	 | 	11	 | 	5,39
  9	 | 	23	 | 	29,61
  10	 | 	11	 | 	5,10
  10	 | 	12	 | 	3,16
  12	 | 	16	 | 	16,12
  12	 | 	18	 | 	16,03
  13	 | 	29	 | 	31,06
  14	 | 	16	 | 	4,00
  14	 | 	17	 | 	10,20
  14	 | 	22	 | 	15,52
  15	 | 	17	 | 	2,24
  15	 | 	35	 | 	29,07
  18	 | 	20	 | 	7,62
  19	 | 	21	 | 	2,00
  19	 | 	31	 | 	13,15
  22	 | 	31	 | 	15,81
  23	 | 	24	 | 	5,10
  24	 | 	36	 | 	19,24
  24	 | 	39	 | 	13,04
  25	 | 	28	 | 	5,83
  26	 | 	27	 | 	4,12
  27	 | 	36	 | 	20,62
  29	 | 	32	 | 	8,94
  29	 | 	33	 | 	11,18
  30	 | 	31	 | 	5,00
  30	 | 	32	 | 	2,24
  35	 | 	36	 | 	4,47
  36	 | 	38	 | 	3,16
  8	 | 	10	 | 	2,24
  3	 | 	17	 | 	33,54
  7	 | 	39	 | 	49,01
  16	 | 	31	 | 	26,02
  22	 | 	34	 | 	14,14
___________________________
Simulation Topology [2:6]
___________________________
From 	  To 		Length
___________________________
  37	 | 	38	 | 	7,62
  35	 | 	37	 | 	6,32
  32	 | 	33	 | 	2,24
  28	 | 	37	 | 	17,89
  28	 | 	30	 | 	11,66
  25	 | 	39	 | 	15,30
  24	 | 	27	 | 	2,24
  24	 | 	25	 | 	2,83
  23	 | 	39	 | 	15,23
  23	 | 	27	 | 	7,00
  22	 | 	23	 | 	7,81
  21	 | 	39	 | 	18,97
  21	 | 	36	 | 	24,08
  20	 | 	34	 | 	18,00
  20	 | 	31	 | 	20,25
  20	 | 	21	 | 	9,22
  19	 | 	35	 | 	20,10
  19	 | 	20	 | 	10,82
  18	 | 	26	 | 	21,10
  17	 | 	35	 | 	27,02
  17	 | 	33	 | 	24,04
  17	 | 	22	 | 	7,81
  16	 | 	32	 | 	27,29
  16	 | 	17	 | 	6,32
  14	 | 	29	 | 	23,00
  14	 | 	26	 | 	25,50
  13	 | 	30	 | 	41,30
  12	 | 	19	 | 	29,43
  12	 | 	13	 | 	5,66
  11	 | 	14	 | 	6,00
  0	 | 	1	 | 	3,61
  0	 | 	20	 | 	47,38
  0	 | 	21	 | 	53,01
  1	 | 	5	 | 	5,10
  1	 | 	10	 | 	23,35
  1	 | 	14	 | 	34,13
  2	 | 	3	 | 	3,16
  2	 | 	5	 | 	3,16
  2	 | 	16	 | 	30,15
  3	 | 	12	 | 	11,18
  3	 | 	27	 | 	44,05
  4	 | 	5	 | 	8,60
  4	 | 	29	 | 	47,10
  5	 | 	17	 | 	39,46
  7	 | 	25	 | 	34,23
  8	 | 	9	 | 	8,25
  8	 | 	13	 | 	2,24
  9	 | 	11	 | 	5,39
  9	 | 	23	 | 	29,61
  10	 | 	11	 | 	5,10
  10	 | 	12	 | 	3,16
  12	 | 	16	 | 	16,12
  12	 | 	18	 | 	16,03
  13	 | 	29	 | 	31,06
  14	 | 	16	 | 	4,00
  14	 | 	17	 | 	10,20
  14	 | 	22	 | 	15,52
  15	 | 	17	 | 	2,24
  15	 | 	35	 | 	29,07
  18	 | 	20	 | 	7,62
  19	 | 	21	 | 	2,00
  19	 | 	31	 | 	13,15
  22	 | 	31	 | 	15,81
  23	 | 	24	 | 	5,10
  24	 | 	36	 | 	19,24
  24	 | 	39	 | 	13,04
  25	 | 	28	 | 	5,83
  26	 | 	27	 | 	4,12
  27	 | 	36	 | 	20,62
  29	 | 	32	 | 	8,94
  29	 | 	33	 | 	11,18
  30	 | 	31	 | 	5,00
  30	 | 	32	 | 	2,24
  35	 | 	36	 | 	4,47
  36	 | 	38	 | 	3,16
  8	 | 	10	 | 	2,24
  3	 | 	17	 | 	33,54
  7	 | 	39	 | 	49,01
  16	 | 	31	 | 	26,02
  22	 | 	34	 | 	14,14
  19	 | 	33	 | 	17,89
___________________________
Simulation Topology [2:7]
___________________________
From 	  To 		Length
___________________________
  37	 | 	38	 | 	7,62
  35	 | 	37	 | 	6,32
  32	 | 	33	 | 	2,24
  28	 | 	37	 | 	17,89
  28	 | 	30	 | 	11,66
  25	 | 	39	 | 	15,30
  24	 | 	27	 | 	2,24
  24	 | 	25	 | 	2,83
  23	 | 	39	 | 	15,23
  23	 | 	27	 | 	7,00
  22	 | 	23	 | 	7,81
  21	 | 	39	 | 	18,97
  21	 | 	36	 | 	24,08
  20	 | 	34	 | 	18,00
  20	 | 	31	 | 	20,25
  20	 | 	21	 | 	9,22
  19	 | 	35	 | 	20,10
  19	 | 	20	 | 	10,82
  18	 | 	26	 | 	21,10
  17	 | 	35	 | 	27,02
  17	 | 	33	 | 	24,04
  17	 | 	22	 | 	7,81
  16	 | 	32	 | 	27,29
  16	 | 	17	 | 	6,32
  14	 | 	29	 | 	23,00
  14	 | 	26	 | 	25,50
  13	 | 	30	 | 	41,30
  12	 | 	19	 | 	29,43
  12	 | 	13	 | 	5,66
  11	 | 	14	 | 	6,00
  0	 | 	1	 | 	3,61
  0	 | 	20	 | 	47,38
  0	 | 	21	 | 	53,01
  1	 | 	5	 | 	5,10
  1	 | 	10	 | 	23,35
  1	 | 	14	 | 	34,13
  2	 | 	3	 | 	3,16
  2	 | 	5	 | 	3,16
  2	 | 	16	 | 	30,15
  3	 | 	12	 | 	11,18
  3	 | 	27	 | 	44,05
  4	 | 	5	 | 	8,60
  4	 | 	29	 | 	47,10
  5	 | 	17	 | 	39,46
  7	 | 	25	 | 	34,23
  8	 | 	9	 | 	8,25
  8	 | 	13	 | 	2,24
  9	 | 	11	 | 	5,39
  9	 | 	23	 | 	29,61
  10	 | 	11	 | 	5,10
  10	 | 	12	 | 	3,16
  12	 | 	16	 | 	16,12
  12	 | 	18	 | 	16,03
  13	 | 	29	 | 	31,06
  14	 | 	16	 | 	4,00
  14	 | 	17	 | 	10,20
  14	 | 	22	 | 	15,52
  15	 | 	17	 | 	2,24
  15	 | 	35	 | 	29,07
  18	 | 	20	 | 	7,62
  19	 | 	21	 | 	2,00
  19	 | 	31	 | 	13,15
  22	 | 	31	 | 	15,81
  23	 | 	24	 | 	5,10
  24	 | 	36	 | 	19,24
  24	 | 	39	 | 	13,04
  25	 | 	28	 | 	5,83
  26	 | 	27	 | 	4,12
  27	 | 	36	 | 	20,62
  29	 | 	32	 | 	8,94
  29	 | 	33	 | 	11,18
  30	 | 	31	 | 	5,00
  30	 | 	32	 | 	2,24
  35	 | 	36	 | 	4,47
  36	 | 	38	 | 	3,16
  8	 | 	10	 | 	2,24
  3	 | 	17	 | 	33,54
  7	 | 	39	 | 	49,01
  16	 | 	31	 | 	26,02
  22	 | 	34	 | 	14,14
  19	 | 	33	 | 	17,89
  15	 | 	30	 | 	25,71
___________________________
Simulation Topology [2:8]
___________________________
From 	  To 		Length
___________________________
  37	 | 	38	 | 	7,62
  35	 | 	37	 | 	6,32
  32	 | 	33	 | 	2,24
  28	 | 	37	 | 	17,89
  28	 | 	30	 | 	11,66
  25	 | 	39	 | 	15,30
  24	 | 	27	 | 	2,24
  24	 | 	25	 | 	2,83
  23	 | 	39	 | 	15,23
  23	 | 	27	 | 	7,00
  22	 | 	23	 | 	7,81
  21	 | 	39	 | 	18,97
  21	 | 	36	 | 	24,08
  20	 | 	34	 | 	18,00
  20	 | 	31	 | 	20,25
  20	 | 	21	 | 	9,22
  19	 | 	35	 | 	20,10
  19	 | 	20	 | 	10,82
  18	 | 	26	 | 	21,10
  17	 | 	35	 | 	27,02
  17	 | 	33	 | 	24,04
  17	 | 	22	 | 	7,81
  16	 | 	32	 | 	27,29
  16	 | 	17	 | 	6,32
  14	 | 	29	 | 	23,00
  14	 | 	26	 | 	25,50
  13	 | 	30	 | 	41,30
  12	 | 	19	 | 	29,43
  12	 | 	13	 | 	5,66
  11	 | 	14	 | 	6,00
  0	 | 	1	 | 	3,61
  0	 | 	20	 | 	47,38
  0	 | 	21	 | 	53,01
  1	 | 	5	 | 	5,10
  1	 | 	10	 | 	23,35
  1	 | 	14	 | 	34,13
  2	 | 	3	 | 	3,16
  2	 | 	5	 | 	3,16
  2	 | 	16	 | 	30,15
  3	 | 	12	 | 	11,18
  3	 | 	27	 | 	44,05
  4	 | 	5	 | 	8,60
  4	 | 	29	 | 	47,10
  5	 | 	17	 | 	39,46
  7	 | 	25	 | 	34,23
  8	 | 	9	 | 	8,25
  8	 | 	13	 | 	2,24
  9	 | 	11	 | 	5,39
  9	 | 	23	 | 	29,61
  10	 | 	11	 | 	5,10
  10	 | 	12	 | 	3,16
  12	 | 	16	 | 	16,12
  12	 | 	18	 | 	16,03
  13	 | 	29	 | 	31,06
  14	 | 	16	 | 	4,00
  14	 | 	17	 | 	10,20
  14	 | 	22	 | 	15,52
  15	 | 	17	 | 	2,24
  15	 | 	35	 | 	29,07
  18	 | 	20	 | 	7,62
  19	 | 	21	 | 	2,00
  19	 | 	31	 | 	13,15
  22	 | 	31	 | 	15,81
  23	 | 	24	 | 	5,10
  24	 | 	36	 | 	19,24
  24	 | 	39	 | 	13,04
  25	 | 	28	 | 	5,83
  26	 | 	27	 | 	4,12
  27	 | 	36	 | 	20,62
  29	 | 	32	 | 	8,94
  29	 | 	33	 | 	11,18
  30	 | 	31	 | 	5,00
  30	 | 	32	 | 	2,24
  35	 | 	36	 | 	4,47
  36	 | 	38	 | 	3,16
  8	 | 	10	 | 	2,24
  3	 | 	17	 | 	33,54
  7	 | 	39	 | 	49,01
  16	 | 	31	 | 	26,02
  22	 | 	34	 | 	14,14
  19	 | 	33	 | 	17,89
  15	 | 	30	 | 	25,71
  2	 | 	23	 | 	47,17
___________________________
Simulation Topology [2:9]
___________________________
From 	  To 		Length
___________________________
  37	 | 	38	 | 	7,62
  35	 | 	37	 | 	6,32
  32	 | 	33	 | 	2,24
  28	 | 	37	 | 	17,89
  28	 | 	30	 | 	11,66
  25	 | 	39	 | 	15,30
  24	 | 	27	 | 	2,24
  24	 | 	25	 | 	2,83
  23	 | 	39	 | 	15,23
  23	 | 	27	 | 	7,00
  22	 | 	23	 | 	7,81
  21	 | 	39	 | 	18,97
  21	 | 	36	 | 	24,08
  20	 | 	34	 | 	18,00
  20	 | 	31	 | 	20,25
  20	 | 	21	 | 	9,22
  19	 | 	35	 | 	20,10
  19	 | 	20	 | 	10,82
  18	 | 	26	 | 	21,10
  17	 | 	35	 | 	27,02
  17	 | 	33	 | 	24,04
  17	 | 	22	 | 	7,81
  16	 | 	32	 | 	27,29
  16	 | 	17	 | 	6,32
  14	 | 	29	 | 	23,00
  14	 | 	26	 | 	25,50
  13	 | 	30	 | 	41,30
  12	 | 	19	 | 	29,43
  12	 | 	13	 | 	5,66
  11	 | 	14	 | 	6,00
  0	 | 	1	 | 	3,61
  0	 | 	20	 | 	47,38
  0	 | 	21	 | 	53,01
  1	 | 	5	 | 	5,10
  1	 | 	10	 | 	23,35
  1	 | 	14	 | 	34,13
  2	 | 	3	 | 	3,16
  2	 | 	5	 | 	3,16
  2	 | 	16	 | 	30,15
  3	 | 	12	 | 	11,18
  3	 | 	27	 | 	44,05
  4	 | 	5	 | 	8,60
  4	 | 	29	 | 	47,10
  5	 | 	17	 | 	39,46
  7	 | 	25	 | 	34,23
  8	 | 	9	 | 	8,25
  8	 | 	13	 | 	2,24
  9	 | 	11	 | 	5,39
  9	 | 	23	 | 	29,61
  10	 | 	11	 | 	5,10
  10	 | 	12	 | 	3,16
  12	 | 	16	 | 	16,12
  12	 | 	18	 | 	16,03
  13	 | 	29	 | 	31,06
  14	 | 	16	 | 	4,00
  14	 | 	17	 | 	10,20
  14	 | 	22	 | 	15,52
  15	 | 	17	 | 	2,24
  15	 | 	35	 | 	29,07
  18	 | 	20	 | 	7,62
  19	 | 	21	 | 	2,00
  19	 | 	31	 | 	13,15
  22	 | 	31	 | 	15,81
  23	 | 	24	 | 	5,10
  24	 | 	36	 | 	19,24
  24	 | 	39	 | 	13,04
  25	 | 	28	 | 	5,83
  26	 | 	27	 | 	4,12
  27	 | 	36	 | 	20,62
  29	 | 	32	 | 	8,94
  29	 | 	33	 | 	11,18
  30	 | 	31	 | 	5,00
  30	 | 	32	 | 	2,24
  35	 | 	36	 | 	4,47
  36	 | 	38	 | 	3,16
  8	 | 	10	 | 	2,24
  3	 | 	17	 | 	33,54
  7	 | 	39	 | 	49,01
  16	 | 	31	 | 	26,02
  22	 | 	34	 | 	14,14
  19	 | 	33	 | 	17,89
  15	 | 	30	 | 	25,71
  2	 | 	23	 | 	47,17
  11	 | 	37	 | 	45,28
___________________________
Simulation Topology [2:10]
___________________________
From 	  To 		Length
___________________________
  37	 | 	38	 | 	7,62
  35	 | 	37	 | 	6,32
  32	 | 	33	 | 	2,24
  28	 | 	37	 | 	17,89
  28	 | 	30	 | 	11,66
  25	 | 	39	 | 	15,30
  24	 | 	27	 | 	2,24
  24	 | 	25	 | 	2,83
  23	 | 	39	 | 	15,23
  23	 | 	27	 | 	7,00
  22	 | 	23	 | 	7,81
  21	 | 	39	 | 	18,97
  21	 | 	36	 | 	24,08
  20	 | 	34	 | 	18,00
  20	 | 	31	 | 	20,25
  20	 | 	21	 | 	9,22
  19	 | 	35	 | 	20,10
  19	 | 	20	 | 	10,82
  18	 | 	26	 | 	21,10
  17	 | 	35	 | 	27,02
  17	 | 	33	 | 	24,04
  17	 | 	22	 | 	7,81
  16	 | 	32	 | 	27,29
  16	 | 	17	 | 	6,32
  14	 | 	29	 | 	23,00
  14	 | 	26	 | 	25,50
  13	 | 	30	 | 	41,30
  12	 | 	19	 | 	29,43
  12	 | 	13	 | 	5,66
  11	 | 	14	 | 	6,00
  0	 | 	1	 | 	3,61
  0	 | 	20	 | 	47,38
  0	 | 	21	 | 	53,01
  1	 | 	5	 | 	5,10
  1	 | 	10	 | 	23,35
  1	 | 	14	 | 	34,13
  2	 | 	3	 | 	3,16
  2	 | 	5	 | 	3,16
  2	 | 	16	 | 	30,15
  3	 | 	12	 | 	11,18
  3	 | 	27	 | 	44,05
  4	 | 	5	 | 	8,60
  4	 | 	29	 | 	47,10
  5	 | 	17	 | 	39,46
  7	 | 	25	 | 	34,23
  8	 | 	9	 | 	8,25
  8	 | 	13	 | 	2,24
  9	 | 	11	 | 	5,39
  9	 | 	23	 | 	29,61
  10	 | 	11	 | 	5,10
  10	 | 	12	 | 	3,16
  12	 | 	16	 | 	16,12
  12	 | 	18	 | 	16,03
  13	 | 	29	 | 	31,06
  14	 | 	16	 | 	4,00
  14	 | 	17	 | 	10,20
  14	 | 	22	 | 	15,52
  15	 | 	17	 | 	2,24
  15	 | 	35	 | 	29,07
  18	 | 	20	 | 	7,62
  19	 | 	21	 | 	2,00
  19	 | 	31	 | 	13,15
  22	 | 	31	 | 	15,81
  23	 | 	24	 | 	5,10
  24	 | 	36	 | 	19,24
  24	 | 	39	 | 	13,04
  25	 | 	28	 | 	5,83
  26	 | 	27	 | 	4,12
  27	 | 	36	 | 	20,62
  29	 | 	32	 | 	8,94
  29	 | 	33	 | 	11,18
  30	 | 	31	 | 	5,00
  30	 | 	32	 | 	2,24
  35	 | 	36	 | 	4,47
  36	 | 	38	 | 	3,16
  8	 | 	10	 | 	2,24
  3	 | 	17	 | 	33,54
  7	 | 	39	 | 	49,01
  16	 | 	31	 | 	26,02
  22	 | 	34	 | 	14,14
  19	 | 	33	 | 	17,89
  15	 | 	30	 | 	25,71
  2	 | 	23	 | 	47,17
  11	 | 	37	 | 	45,28
  21	 | 	22	 | 	5,39
___________________________
Simulation Topology [2:11]
___________________________
From 	  To 		Length
___________________________
  37	 | 	38	 | 	7,62
  35	 | 	37	 | 	6,32
  32	 | 	33	 | 	2,24
  28	 | 	37	 | 	17,89
  28	 | 	30	 | 	11,66
  25	 | 	39	 | 	15,30
  24	 | 	27	 | 	2,24
  24	 | 	25	 | 	2,83
  23	 | 	39	 | 	15,23
  23	 | 	27	 | 	7,00
  22	 | 	23	 | 	7,81
  21	 | 	39	 | 	18,97
  21	 | 	36	 | 	24,08
  20	 | 	34	 | 	18,00
  20	 | 	31	 | 	20,25
  20	 | 	21	 | 	9,22
  19	 | 	35	 | 	20,10
  19	 | 	20	 | 	10,82
  18	 | 	26	 | 	21,10
  17	 | 	35	 | 	27,02
  17	 | 	33	 | 	24,04
  17	 | 	22	 | 	7,81
  16	 | 	32	 | 	27,29
  16	 | 	17	 | 	6,32
  14	 | 	29	 | 	23,00
  14	 | 	26	 | 	25,50
  13	 | 	30	 | 	41,30
  12	 | 	19	 | 	29,43
  12	 | 	13	 | 	5,66
  11	 | 	14	 | 	6,00
  0	 | 	1	 | 	3,61
  0	 | 	20	 | 	47,38
  0	 | 	21	 | 	53,01
  1	 | 	5	 | 	5,10
  1	 | 	10	 | 	23,35
  1	 | 	14	 | 	34,13
  2	 | 	3	 | 	3,16
  2	 | 	5	 | 	3,16
  2	 | 	16	 | 	30,15
  3	 | 	12	 | 	11,18
  3	 | 	27	 | 	44,05
  4	 | 	5	 | 	8,60
  4	 | 	29	 | 	47,10
  5	 | 	17	 | 	39,46
  7	 | 	25	 | 	34,23
  8	 | 	9	 | 	8,25
  8	 | 	13	 | 	2,24
  9	 | 	11	 | 	5,39
  9	 | 	23	 | 	29,61
  10	 | 	11	 | 	5,10
  10	 | 	12	 | 	3,16
  12	 | 	16	 | 	16,12
  12	 | 	18	 | 	16,03
  13	 | 	29	 | 	31,06
  14	 | 	16	 | 	4,00
  14	 | 	17	 | 	10,20
  14	 | 	22	 | 	15,52
  15	 | 	17	 | 	2,24
  15	 | 	35	 | 	29,07
  18	 | 	20	 | 	7,62
  19	 | 	21	 | 	2,00
  19	 | 	31	 | 	13,15
  22	 | 	31	 | 	15,81
  23	 | 	24	 | 	5,10
  24	 | 	36	 | 	19,24
  24	 | 	39	 | 	13,04
  25	 | 	28	 | 	5,83
  26	 | 	27	 | 	4,12
  27	 | 	36	 | 	20,62
  29	 | 	32	 | 	8,94
  29	 | 	33	 | 	11,18
  30	 | 	31	 | 	5,00
  30	 | 	32	 | 	2,24
  35	 | 	36	 | 	4,47
  36	 | 	38	 | 	3,16
  8	 | 	10	 | 	2,24
  3	 | 	17	 | 	33,54
  7	 | 	39	 | 	49,01
  16	 | 	31	 | 	26,02
  22	 | 	34	 | 	14,14
  19	 | 	33	 | 	17,89
  15	 | 	30	 | 	25,71
  2	 | 	23	 | 	47,17
  11	 | 	37	 | 	45,28
  21	 | 	22	 | 	5,39
  6	 | 	34	 | 	50,09
___________________________
Simulation Topology [2:12]
___________________________
From 	  To 		Length
___________________________
  37	 | 	38	 | 	7,62
  35	 | 	37	 | 	6,32
  32	 | 	33	 | 	2,24
  28	 | 	37	 | 	17,89
  28	 | 	30	 | 	11,66
  25	 | 	39	 | 	15,30
  24	 | 	27	 | 	2,24
  24	 | 	25	 | 	2,83
  23	 | 	39	 | 	15,23
  23	 | 	27	 | 	7,00
  22	 | 	23	 | 	7,81
  21	 | 	39	 | 	18,97
  21	 | 	36	 | 	24,08
  20	 | 	34	 | 	18,00
  20	 | 	31	 | 	20,25
  20	 | 	21	 | 	9,22
  19	 | 	35	 | 	20,10
  19	 | 	20	 | 	10,82
  18	 | 	26	 | 	21,10
  17	 | 	35	 | 	27,02
  17	 | 	33	 | 	24,04
  17	 | 	22	 | 	7,81
  16	 | 	32	 | 	27,29
  16	 | 	17	 | 	6,32
  14	 | 	29	 | 	23,00
  14	 | 	26	 | 	25,50
  13	 | 	30	 | 	41,30
  12	 | 	19	 | 	29,43
  12	 | 	13	 | 	5,66
  11	 | 	14	 | 	6,00
  0	 | 	1	 | 	3,61
  0	 | 	20	 | 	47,38
  0	 | 	21	 | 	53,01
  1	 | 	5	 | 	5,10
  1	 | 	10	 | 	23,35
  1	 | 	14	 | 	34,13
  2	 | 	3	 | 	3,16
  2	 | 	5	 | 	3,16
  2	 | 	16	 | 	30,15
  3	 | 	12	 | 	11,18
  3	 | 	27	 | 	44,05
  4	 | 	5	 | 	8,60
  4	 | 	29	 | 	47,10
  5	 | 	17	 | 	39,46
  7	 | 	25	 | 	34,23
  8	 | 	9	 | 	8,25
  8	 | 	13	 | 	2,24
  9	 | 	11	 | 	5,39
  9	 | 	23	 | 	29,61
  10	 | 	11	 | 	5,10
  10	 | 	12	 | 	3,16
  12	 | 	16	 | 	16,12
  12	 | 	18	 | 	16,03
  13	 | 	29	 | 	31,06
  14	 | 	16	 | 	4,00
  14	 | 	17	 | 	10,20
  14	 | 	22	 | 	15,52
  15	 | 	17	 | 	2,24
  15	 | 	35	 | 	29,07
  18	 | 	20	 | 	7,62
  19	 | 	21	 | 	2,00
  19	 | 	31	 | 	13,15
  22	 | 	31	 | 	15,81
  23	 | 	24	 | 	5,10
  24	 | 	36	 | 	19,24
  24	 | 	39	 | 	13,04
  25	 | 	28	 | 	5,83
  26	 | 	27	 | 	4,12
  27	 | 	36	 | 	20,62
  29	 | 	32	 | 	8,94
  29	 | 	33	 | 	11,18
  30	 | 	31	 | 	5,00
  30	 | 	32	 | 	2,24
  35	 | 	36	 | 	4,47
  36	 | 	38	 | 	3,16
  8	 | 	10	 | 	2,24
  3	 | 	17	 | 	33,54
  7	 | 	39	 | 	49,01
  16	 | 	31	 | 	26,02
  22	 | 	34	 | 	14,14
  19	 | 	33	 | 	17,89
  15	 | 	30	 | 	25,71
  2	 | 	23	 | 	47,17
  11	 | 	37	 | 	45,28
  21	 | 	22	 | 	5,39
  6	 | 	34	 | 	50,09
  21	 | 	32	 | 	14,87
___________________________
Simulation Topology [2:13]
___________________________
From 	  To 		Length
___________________________
  37	 | 	38	 | 	7,62
  35	 | 	37	 | 	6,32
  32	 | 	33	 | 	2,24
  28	 | 	37	 | 	17,89
  28	 | 	30	 | 	11,66
  25	 | 	39	 | 	15,30
  24	 | 	27	 | 	2,24
  24	 | 	25	 | 	2,83
  23	 | 	39	 | 	15,23
  23	 | 	27	 | 	7,00
  22	 | 	23	 | 	7,81
  21	 | 	39	 | 	18,97
  21	 | 	36	 | 	24,08
  20	 | 	34	 | 	18,00
  20	 | 	31	 | 	20,25
  20	 | 	21	 | 	9,22
  19	 | 	35	 | 	20,10
  19	 | 	20	 | 	10,82
  18	 | 	26	 | 	21,10
  17	 | 	35	 | 	27,02
  17	 | 	33	 | 	24,04
  17	 | 	22	 | 	7,81
  16	 | 	32	 | 	27,29
  16	 | 	17	 | 	6,32
  14	 | 	29	 | 	23,00
  14	 | 	26	 | 	25,50
  13	 | 	30	 | 	41,30
  12	 | 	19	 | 	29,43
  12	 | 	13	 | 	5,66
  11	 | 	14	 | 	6,00
  0	 | 	1	 | 	3,61
  0	 | 	20	 | 	47,38
  0	 | 	21	 | 	53,01
  1	 | 	5	 | 	5,10
  1	 | 	10	 | 	23,35
  1	 | 	14	 | 	34,13
  2	 | 	3	 | 	3,16
  2	 | 	5	 | 	3,16
  2	 | 	16	 | 	30,15
  3	 | 	12	 | 	11,18
  3	 | 	27	 | 	44,05
  4	 | 	5	 | 	8,60
  4	 | 	29	 | 	47,10
  5	 | 	17	 | 	39,46
  7	 | 	25	 | 	34,23
  8	 | 	9	 | 	8,25
  8	 | 	13	 | 	2,24
  9	 | 	11	 | 	5,39
  9	 | 	23	 | 	29,61
  10	 | 	11	 | 	5,10
  10	 | 	12	 | 	3,16
  12	 | 	16	 | 	16,12
  12	 | 	18	 | 	16,03
  13	 | 	29	 | 	31,06
  14	 | 	16	 | 	4,00
  14	 | 	17	 | 	10,20
  14	 | 	22	 | 	15,52
  15	 | 	17	 | 	2,24
  15	 | 	35	 | 	29,07
  18	 | 	20	 | 	7,62
  19	 | 	21	 | 	2,00
  19	 | 	31	 | 	13,15
  22	 | 	31	 | 	15,81
  23	 | 	24	 | 	5,10
  24	 | 	36	 | 	19,24
  24	 | 	39	 | 	13,04
  25	 | 	28	 | 	5,83
  26	 | 	27	 | 	4,12
  27	 | 	36	 | 	20,62
  29	 | 	32	 | 	8,94
  29	 | 	33	 | 	11,18
  30	 | 	31	 | 	5,00
  30	 | 	32	 | 	2,24
  35	 | 	36	 | 	4,47
  36	 | 	38	 | 	3,16
  8	 | 	10	 | 	2,24
  3	 | 	17	 | 	33,54
  7	 | 	39	 | 	49,01
  16	 | 	31	 | 	26,02
  22	 | 	34	 | 	14,14
  19	 | 	33	 | 	17,89
  15	 | 	30	 | 	25,71
  2	 | 	23	 | 	47,17
  11	 | 	37	 | 	45,28
  21	 | 	22	 | 	5,39
  6	 | 	34	 | 	50,09
  21	 | 	32	 | 	14,87
  8	 | 	15	 | 	18,00
___________________________
Simulation Topology [2:14]
___________________________
From 	  To 		Length
___________________________
  37	 | 	38	 | 	7,62
  35	 | 	37	 | 	6,32
  32	 | 	33	 | 	2,24
  28	 | 	37	 | 	17,89
  28	 | 	30	 | 	11,66
  25	 | 	39	 | 	15,30
  24	 | 	27	 | 	2,24
  24	 | 	25	 | 	2,83
  23	 | 	39	 | 	15,23
  23	 | 	27	 | 	7,00
  22	 | 	23	 | 	7,81
  21	 | 	39	 | 	18,97
  21	 | 	36	 | 	24,08
  20	 | 	34	 | 	18,00
  20	 | 	31	 | 	20,25
  20	 | 	21	 | 	9,22
  19	 | 	35	 | 	20,10
  19	 | 	20	 | 	10,82
  18	 | 	26	 | 	21,10
  17	 | 	35	 | 	27,02
  17	 | 	33	 | 	24,04
  17	 | 	22	 | 	7,81
  16	 | 	32	 | 	27,29
  16	 | 	17	 | 	6,32
  14	 | 	29	 | 	23,00
  14	 | 	26	 | 	25,50
  13	 | 	30	 | 	41,30
  12	 | 	19	 | 	29,43
  12	 | 	13	 | 	5,66
  11	 | 	14	 | 	6,00
  0	 | 	1	 | 	3,61
  0	 | 	20	 | 	47,38
  0	 | 	21	 | 	53,01
  1	 | 	5	 | 	5,10
  1	 | 	10	 | 	23,35
  1	 | 	14	 | 	34,13
  2	 | 	3	 | 	3,16
  2	 | 	5	 | 	3,16
  2	 | 	16	 | 	30,15
  3	 | 	12	 | 	11,18
  3	 | 	27	 | 	44,05
  4	 | 	5	 | 	8,60
  4	 | 	29	 | 	47,10
  5	 | 	17	 | 	39,46
  7	 | 	25	 | 	34,23
  8	 | 	9	 | 	8,25
  8	 | 	13	 | 	2,24
  9	 | 	11	 | 	5,39
  9	 | 	23	 | 	29,61
  10	 | 	11	 | 	5,10
  10	 | 	12	 | 	3,16
  12	 | 	16	 | 	16,12
  12	 | 	18	 | 	16,03
  13	 | 	29	 | 	31,06
  14	 | 	16	 | 	4,00
  14	 | 	17	 | 	10,20
  14	 | 	22	 | 	15,52
  15	 | 	17	 | 	2,24
  15	 | 	35	 | 	29,07
  18	 | 	20	 | 	7,62
  19	 | 	21	 | 	2,00
  19	 | 	31	 | 	13,15
  22	 | 	31	 | 	15,81
  23	 | 	24	 | 	5,10
  24	 | 	36	 | 	19,24
  24	 | 	39	 | 	13,04
  25	 | 	28	 | 	5,83
  26	 | 	27	 | 	4,12
  27	 | 	36	 | 	20,62
  29	 | 	32	 | 	8,94
  29	 | 	33	 | 	11,18
  30	 | 	31	 | 	5,00
  30	 | 	32	 | 	2,24
  35	 | 	36	 | 	4,47
  36	 | 	38	 | 	3,16
  8	 | 	10	 | 	2,24
  3	 | 	17	 | 	33,54
  7	 | 	39	 | 	49,01
  16	 | 	31	 | 	26,02
  22	 | 	34	 | 	14,14
  19	 | 	33	 | 	17,89
  15	 | 	30	 | 	25,71
  2	 | 	23	 | 	47,17
  11	 | 	37	 | 	45,28
  21	 | 	22	 | 	5,39
  6	 | 	34	 | 	50,09
  21	 | 	32	 | 	14,87
  8	 | 	15	 | 	18,00
  30	 | 	33	 | 	2,00
___________________________
Simulation Topology [2:15]
___________________________
From 	  To 		Length
___________________________
  37	 | 	38	 | 	7,62
  35	 | 	37	 | 	6,32
  32	 | 	33	 | 	2,24
  28	 | 	37	 | 	17,89
  28	 | 	30	 | 	11,66
  25	 | 	39	 | 	15,30
  24	 | 	27	 | 	2,24
  24	 | 	25	 | 	2,83
  23	 | 	39	 | 	15,23
  23	 | 	27	 | 	7,00
  22	 | 	23	 | 	7,81
  21	 | 	39	 | 	18,97
  21	 | 	36	 | 	24,08
  20	 | 	34	 | 	18,00
  20	 | 	31	 | 	20,25
  20	 | 	21	 | 	9,22
  19	 | 	35	 | 	20,10
  19	 | 	20	 | 	10,82
  18	 | 	26	 | 	21,10
  17	 | 	35	 | 	27,02
  17	 | 	33	 | 	24,04
  17	 | 	22	 | 	7,81
  16	 | 	32	 | 	27,29
  16	 | 	17	 | 	6,32
  14	 | 	29	 | 	23,00
  14	 | 	26	 | 	25,50
  13	 | 	30	 | 	41,30
  12	 | 	19	 | 	29,43
  12	 | 	13	 | 	5,66
  11	 | 	14	 | 	6,00
  0	 | 	1	 | 	3,61
  0	 | 	20	 | 	47,38
  0	 | 	21	 | 	53,01
  1	 | 	5	 | 	5,10
  1	 | 	10	 | 	23,35
  1	 | 	14	 | 	34,13
  2	 | 	3	 | 	3,16
  2	 | 	5	 | 	3,16
  2	 | 	16	 | 	30,15
  3	 | 	12	 | 	11,18
  3	 | 	27	 | 	44,05
  4	 | 	5	 | 	8,60
  4	 | 	29	 | 	47,10
  5	 | 	17	 | 	39,46
  7	 | 	25	 | 	34,23
  8	 | 	9	 | 	8,25
  8	 | 	13	 | 	2,24
  9	 | 	11	 | 	5,39
  9	 | 	23	 | 	29,61
  10	 | 	11	 | 	5,10
  10	 | 	12	 | 	3,16
  12	 | 	16	 | 	16,12
  12	 | 	18	 | 	16,03
  13	 | 	29	 | 	31,06
  14	 | 	16	 | 	4,00
  14	 | 	17	 | 	10,20
  14	 | 	22	 | 	15,52
  15	 | 	17	 | 	2,24
  15	 | 	35	 | 	29,07
  18	 | 	20	 | 	7,62
  19	 | 	21	 | 	2,00
  19	 | 	31	 | 	13,15
  22	 | 	31	 | 	15,81
  23	 | 	24	 | 	5,10
  24	 | 	36	 | 	19,24
  24	 | 	39	 | 	13,04
  25	 | 	28	 | 	5,83
  26	 | 	27	 | 	4,12
  27	 | 	36	 | 	20,62
  29	 | 	32	 | 	8,94
  29	 | 	33	 | 	11,18
  30	 | 	31	 | 	5,00
  30	 | 	32	 | 	2,24
  35	 | 	36	 | 	4,47
  36	 | 	38	 | 	3,16
  8	 | 	10	 | 	2,24
  3	 | 	17	 | 	33,54
  7	 | 	39	 | 	49,01
  16	 | 	31	 | 	26,02
  22	 | 	34	 | 	14,14
  19	 | 	33	 | 	17,89
  15	 | 	30	 | 	25,71
  2	 | 	23	 | 	47,17
  11	 | 	37	 | 	45,28
  21	 | 	22	 | 	5,39
  6	 | 	34	 | 	50,09
  21	 | 	32	 | 	14,87
  8	 | 	15	 | 	18,00
  30	 | 	33	 | 	2,00
  4	 | 	28	 | 	47,00
___________________________
Simulation Topology [2:16]
___________________________
From 	  To 		Length
___________________________
  37	 | 	38	 | 	7,62
  35	 | 	37	 | 	6,32
  32	 | 	33	 | 	2,24
  28	 | 	37	 | 	17,89
  28	 | 	30	 | 	11,66
  25	 | 	39	 | 	15,30
  24	 | 	27	 | 	2,24
  24	 | 	25	 | 	2,83
  23	 | 	39	 | 	15,23
  23	 | 	27	 | 	7,00
  22	 | 	23	 | 	7,81
  21	 | 	39	 | 	18,97
  21	 | 	36	 | 	24,08
  20	 | 	34	 | 	18,00
  20	 | 	31	 | 	20,25
  20	 | 	21	 | 	9,22
  19	 | 	35	 | 	20,10
  19	 | 	20	 | 	10,82
  18	 | 	26	 | 	21,10
  17	 | 	35	 | 	27,02
  17	 | 	33	 | 	24,04
  17	 | 	22	 | 	7,81
  16	 | 	32	 | 	27,29
  16	 | 	17	 | 	6,32
  14	 | 	29	 | 	23,00
  14	 | 	26	 | 	25,50
  13	 | 	30	 | 	41,30
  12	 | 	19	 | 	29,43
  12	 | 	13	 | 	5,66
  11	 | 	14	 | 	6,00
  0	 | 	1	 | 	3,61
  0	 | 	20	 | 	47,38
  0	 | 	21	 | 	53,01
  1	 | 	5	 | 	5,10
  1	 | 	10	 | 	23,35
  1	 | 	14	 | 	34,13
  2	 | 	3	 | 	3,16
  2	 | 	5	 | 	3,16
  2	 | 	16	 | 	30,15
  3	 | 	12	 | 	11,18
  3	 | 	27	 | 	44,05
  4	 | 	5	 | 	8,60
  4	 | 	29	 | 	47,10
  5	 | 	17	 | 	39,46
  7	 | 	25	 | 	34,23
  8	 | 	9	 | 	8,25
  8	 | 	13	 | 	2,24
  9	 | 	11	 | 	5,39
  9	 | 	23	 | 	29,61
  10	 | 	11	 | 	5,10
  10	 | 	12	 | 	3,16
  12	 | 	16	 | 	16,12
  12	 | 	18	 | 	16,03
  13	 | 	29	 | 	31,06
  14	 | 	16	 | 	4,00
  14	 | 	17	 | 	10,20
  14	 | 	22	 | 	15,52
  15	 | 	17	 | 	2,24
  15	 | 	35	 | 	29,07
  18	 | 	20	 | 	7,62
  19	 | 	21	 | 	2,00
  19	 | 	31	 | 	13,15
  22	 | 	31	 | 	15,81
  23	 | 	24	 | 	5,10
  24	 | 	36	 | 	19,24
  24	 | 	39	 | 	13,04
  25	 | 	28	 | 	5,83
  26	 | 	27	 | 	4,12
  27	 | 	36	 | 	20,62
  29	 | 	32	 | 	8,94
  29	 | 	33	 | 	11,18
  30	 | 	31	 | 	5,00
  30	 | 	32	 | 	2,24
  35	 | 	36	 | 	4,47
  36	 | 	38	 | 	3,16
  8	 | 	10	 | 	2,24
  3	 | 	17	 | 	33,54
  7	 | 	39	 | 	49,01
  16	 | 	31	 | 	26,02
  22	 | 	34	 | 	14,14
  19	 | 	33	 | 	17,89
  15	 | 	30	 | 	25,71
  2	 | 	23	 | 	47,17
  11	 | 	37	 | 	45,28
  21	 | 	22	 | 	5,39
  6	 | 	34	 | 	50,09
  21	 | 	32	 | 	14,87
  8	 | 	15	 | 	18,00
  30	 | 	33	 | 	2,00
  4	 | 	28	 | 	47,00
  0	 | 	18	 | 	40,11
___________________________
Simulation Topology [2:17]
___________________________
From 	  To 		Length
___________________________
  37	 | 	38	 | 	7,62
  35	 | 	37	 | 	6,32
  32	 | 	33	 | 	2,24
  28	 | 	37	 | 	17,89
  28	 | 	30	 | 	11,66
  25	 | 	39	 | 	15,30
  24	 | 	27	 | 	2,24
  24	 | 	25	 | 	2,83
  23	 | 	39	 | 	15,23
  23	 | 	27	 | 	7,00
  22	 | 	23	 | 	7,81
  21	 | 	39	 | 	18,97
  21	 | 	36	 | 	24,08
  20	 | 	34	 | 	18,00
  20	 | 	31	 | 	20,25
  20	 | 	21	 | 	9,22
  19	 | 	35	 | 	20,10
  19	 | 	20	 | 	10,82
  18	 | 	26	 | 	21,10
  17	 | 	35	 | 	27,02
  17	 | 	33	 | 	24,04
  17	 | 	22	 | 	7,81
  16	 | 	32	 | 	27,29
  16	 | 	17	 | 	6,32
  14	 | 	29	 | 	23,00
  14	 | 	26	 | 	25,50
  13	 | 	30	 | 	41,30
  12	 | 	19	 | 	29,43
  12	 | 	13	 | 	5,66
  11	 | 	14	 | 	6,00
  0	 | 	1	 | 	3,61
  0	 | 	20	 | 	47,38
  0	 | 	21	 | 	53,01
  1	 | 	5	 | 	5,10
  1	 | 	10	 | 	23,35
  1	 | 	14	 | 	34,13
  2	 | 	3	 | 	3,16
  2	 | 	5	 | 	3,16
  2	 | 	16	 | 	30,15
  3	 | 	12	 | 	11,18
  3	 | 	27	 | 	44,05
  4	 | 	5	 | 	8,60
  4	 | 	29	 | 	47,10
  5	 | 	17	 | 	39,46
  7	 | 	25	 | 	34,23
  8	 | 	9	 | 	8,25
  8	 | 	13	 | 	2,24
  9	 | 	11	 | 	5,39
  9	 | 	23	 | 	29,61
  10	 | 	11	 | 	5,10
  10	 | 	12	 | 	3,16
  12	 | 	16	 | 	16,12
  12	 | 	18	 | 	16,03
  13	 | 	29	 | 	31,06
  14	 | 	16	 | 	4,00
  14	 | 	17	 | 	10,20
  14	 | 	22	 | 	15,52
  15	 | 	17	 | 	2,24
  15	 | 	35	 | 	29,07
  18	 | 	20	 | 	7,62
  19	 | 	21	 | 	2,00
  19	 | 	31	 | 	13,15
  22	 | 	31	 | 	15,81
  23	 | 	24	 | 	5,10
  24	 | 	36	 | 	19,24
  24	 | 	39	 | 	13,04
  25	 | 	28	 | 	5,83
  26	 | 	27	 | 	4,12
  27	 | 	36	 | 	20,62
  29	 | 	32	 | 	8,94
  29	 | 	33	 | 	11,18
  30	 | 	31	 | 	5,00
  30	 | 	32	 | 	2,24
  35	 | 	36	 | 	4,47
  36	 | 	38	 | 	3,16
  8	 | 	10	 | 	2,24
  3	 | 	17	 | 	33,54
  7	 | 	39	 | 	49,01
  16	 | 	31	 | 	26,02
  22	 | 	34	 | 	14,14
  19	 | 	33	 | 	17,89
  15	 | 	30	 | 	25,71
  2	 | 	23	 | 	47,17
  11	 | 	37	 | 	45,28
  21	 | 	22	 | 	5,39
  6	 | 	34	 | 	50,09
  21	 | 	32	 | 	14,87
  8	 | 	15	 | 	18,00
  30	 | 	33	 | 	2,00
  4	 | 	28	 | 	47,00
  0	 | 	18	 | 	40,11
  9	 | 	33	 | 	41,00
___________________________
Simulation Topology [2:18]
___________________________
From 	  To 		Length
___________________________
  37	 | 	38	 | 	7,62
  35	 | 	37	 | 	6,32
  32	 | 	33	 | 	2,24
  28	 | 	37	 | 	17,89
  28	 | 	30	 | 	11,66
  25	 | 	39	 | 	15,30
  24	 | 	27	 | 	2,24
  24	 | 	25	 | 	2,83
  23	 | 	39	 | 	15,23
  23	 | 	27	 | 	7,00
  22	 | 	23	 | 	7,81
  21	 | 	39	 | 	18,97
  21	 | 	36	 | 	24,08
  20	 | 	34	 | 	18,00
  20	 | 	31	 | 	20,25
  20	 | 	21	 | 	9,22
  19	 | 	35	 | 	20,10
  19	 | 	20	 | 	10,82
  18	 | 	26	 | 	21,10
  17	 | 	35	 | 	27,02
  17	 | 	33	 | 	24,04
  17	 | 	22	 | 	7,81
  16	 | 	32	 | 	27,29
  16	 | 	17	 | 	6,32
  14	 | 	29	 | 	23,00
  14	 | 	26	 | 	25,50
  13	 | 	30	 | 	41,30
  12	 | 	19	 | 	29,43
  12	 | 	13	 | 	5,66
  11	 | 	14	 | 	6,00
  0	 | 	1	 | 	3,61
  0	 | 	20	 | 	47,38
  0	 | 	21	 | 	53,01
  1	 | 	5	 | 	5,10
  1	 | 	10	 | 	23,35
  1	 | 	14	 | 	34,13
  2	 | 	3	 | 	3,16
  2	 | 	5	 | 	3,16
  2	 | 	16	 | 	30,15
  3	 | 	12	 | 	11,18
  3	 | 	27	 | 	44,05
  4	 | 	5	 | 	8,60
  4	 | 	29	 | 	47,10
  5	 | 	17	 | 	39,46
  7	 | 	25	 | 	34,23
  8	 | 	9	 | 	8,25
  8	 | 	13	 | 	2,24
  9	 | 	11	 | 	5,39
  9	 | 	23	 | 	29,61
  10	 | 	11	 | 	5,10
  10	 | 	12	 | 	3,16
  12	 | 	16	 | 	16,12
  12	 | 	18	 | 	16,03
  13	 | 	29	 | 	31,06
  14	 | 	16	 | 	4,00
  14	 | 	17	 | 	10,20
  14	 | 	22	 | 	15,52
  15	 | 	17	 | 	2,24
  15	 | 	35	 | 	29,07
  18	 | 	20	 | 	7,62
  19	 | 	21	 | 	2,00
  19	 | 	31	 | 	13,15
  22	 | 	31	 | 	15,81
  23	 | 	24	 | 	5,10
  24	 | 	36	 | 	19,24
  24	 | 	39	 | 	13,04
  25	 | 	28	 | 	5,83
  26	 | 	27	 | 	4,12
  27	 | 	36	 | 	20,62
  29	 | 	32	 | 	8,94
  29	 | 	33	 | 	11,18
  30	 | 	31	 | 	5,00
  30	 | 	32	 | 	2,24
  35	 | 	36	 | 	4,47
  36	 | 	38	 | 	3,16
  8	 | 	10	 | 	2,24
  3	 | 	17	 | 	33,54
  7	 | 	39	 | 	49,01
  16	 | 	31	 | 	26,02
  22	 | 	34	 | 	14,14
  19	 | 	33	 | 	17,89
  15	 | 	30	 | 	25,71
  2	 | 	23	 | 	47,17
  11	 | 	37	 | 	45,28
  21	 | 	22	 | 	5,39
  6	 | 	34	 | 	50,09
  21	 | 	32	 | 	14,87
  8	 | 	15	 | 	18,00
  30	 | 	33	 | 	2,00
  4	 | 	28	 | 	47,00
  0	 | 	18	 | 	40,11
  9	 | 	33	 | 	41,00
  25	 | 	32	 | 	11,18
___________________________
Simulation Topology [2:19]
___________________________
From 	  To 		Length
___________________________
  37	 | 	38	 | 	7,62
  35	 | 	37	 | 	6,32
  32	 | 	33	 | 	2,24
  28	 | 	37	 | 	17,89
  28	 | 	30	 | 	11,66
  25	 | 	39	 | 	15,30
  24	 | 	27	 | 	2,24
  24	 | 	25	 | 	2,83
  23	 | 	39	 | 	15,23
  23	 | 	27	 | 	7,00
  22	 | 	23	 | 	7,81
  21	 | 	39	 | 	18,97
  21	 | 	36	 | 	24,08
  20	 | 	34	 | 	18,00
  20	 | 	31	 | 	20,25
  20	 | 	21	 | 	9,22
  19	 | 	35	 | 	20,10
  19	 | 	20	 | 	10,82
  18	 | 	26	 | 	21,10
  17	 | 	35	 | 	27,02
  17	 | 	33	 | 	24,04
  17	 | 	22	 | 	7,81
  16	 | 	32	 | 	27,29
  16	 | 	17	 | 	6,32
  14	 | 	29	 | 	23,00
  14	 | 	26	 | 	25,50
  13	 | 	30	 | 	41,30
  12	 | 	19	 | 	29,43
  12	 | 	13	 | 	5,66
  11	 | 	14	 | 	6,00
  0	 | 	1	 | 	3,61
  0	 | 	20	 | 	47,38
  0	 | 	21	 | 	53,01
  1	 | 	5	 | 	5,10
  1	 | 	10	 | 	23,35
  1	 | 	14	 | 	34,13
  2	 | 	3	 | 	3,16
  2	 | 	5	 | 	3,16
  2	 | 	16	 | 	30,15
  3	 | 	12	 | 	11,18
  3	 | 	27	 | 	44,05
  4	 | 	5	 | 	8,60
  4	 | 	29	 | 	47,10
  5	 | 	17	 | 	39,46
  7	 | 	25	 | 	34,23
  8	 | 	9	 | 	8,25
  8	 | 	13	 | 	2,24
  9	 | 	11	 | 	5,39
  9	 | 	23	 | 	29,61
  10	 | 	11	 | 	5,10
  10	 | 	12	 | 	3,16
  12	 | 	16	 | 	16,12
  12	 | 	18	 | 	16,03
  13	 | 	29	 | 	31,06
  14	 | 	16	 | 	4,00
  14	 | 	17	 | 	10,20
  14	 | 	22	 | 	15,52
  15	 | 	17	 | 	2,24
  15	 | 	35	 | 	29,07
  18	 | 	20	 | 	7,62
  19	 | 	21	 | 	2,00
  19	 | 	31	 | 	13,15
  22	 | 	31	 | 	15,81
  23	 | 	24	 | 	5,10
  24	 | 	36	 | 	19,24
  24	 | 	39	 | 	13,04
  25	 | 	28	 | 	5,83
  26	 | 	27	 | 	4,12
  27	 | 	36	 | 	20,62
  29	 | 	32	 | 	8,94
  29	 | 	33	 | 	11,18
  30	 | 	31	 | 	5,00
  30	 | 	32	 | 	2,24
  35	 | 	36	 | 	4,47
  36	 | 	38	 | 	3,16
  8	 | 	10	 | 	2,24
  3	 | 	17	 | 	33,54
  7	 | 	39	 | 	49,01
  16	 | 	31	 | 	26,02
  22	 | 	34	 | 	14,14
  19	 | 	33	 | 	17,89
  15	 | 	30	 | 	25,71
  2	 | 	23	 | 	47,17
  11	 | 	37	 | 	45,28
  21	 | 	22	 | 	5,39
  6	 | 	34	 | 	50,09
  21	 | 	32	 | 	14,87
  8	 | 	15	 | 	18,00
  30	 | 	33	 | 	2,00
  4	 | 	28	 | 	47,00
  0	 | 	18	 | 	40,11
  9	 | 	33	 | 	41,00
  25	 | 	32	 | 	11,18
___________________________
