Simulation Topology 1
___________________________
[5]				[2]		
[4]				[0]		
[0]				[1]		
[1]				[6]		
[4]				[8]		
[7]				[8]		
[4]				[19]		
[9]				[18]		
[0]				[18]		
[2]				[18]		
___________________________
Simulation Topology [1:4]
___________________________
From 	  To 		Length
___________________________
  0	 | 	1	 | 	2,24
  0	 | 	2	 | 	5,10
  0	 | 	4	 | 	6,08
  1	 | 	2	 | 	4,12
  1	 | 	3	 | 	6,71
  1	 | 	6	 | 	19,00
  2	 | 	5	 | 	9,90
  2	 | 	6	 | 	18,44
  3	 | 	4	 | 	3,61
  3	 | 	5	 | 	6,32
  3	 | 	8	 | 	12,04
  4	 | 	7	 | 	11,18
  4	 | 	9	 | 	10,20
  5	 | 	8	 | 	12,21
  5	 | 	9	 | 	11,18
  6	 | 	7	 | 	5,10
  6	 | 	8	 | 	4,12
  7	 | 	8	 | 	9,00
___________________________
Simulation Topology 2
___________________________
[5]				[1]		
[3]				[1]		
[7]				[2]		
[1]				[2]		
[3]				[6]		
[5]				[7]		
[5]				[5]		
[2]				[9]		
[1]				[11]		
[7]				[10]		
___________________________
Simulation Topology [2:0]
___________________________
From 	  To 		Length
___________________________
  7	 | 	8	 | 	2,24
  6	 | 	8	 | 	7,21
  6	 | 	7	 | 	5,00
  5	 | 	9	 | 	3,61
  5	 | 	8	 | 	5,66
  4	 | 	9	 | 	5,66
  4	 | 	7	 | 	3,16
  3	 | 	8	 | 	9,00
  3	 | 	5	 | 	6,40
  0	 | 	2	 | 	2,24
  0	 | 	3	 | 	4,12
  0	 | 	5	 | 	6,00
  0	 | 	7	 | 	8,54
  1	 | 	2	 | 	4,12
  1	 | 	3	 | 	2,24
  2	 | 	4	 | 	5,66
  2	 | 	7	 | 	8,60
  3	 | 	6	 | 	5,00
  4	 | 	5	 | 	2,24
  4	 | 	6	 | 	2,24
  5	 | 	6	 | 	2,00
  7	 | 	9	 | 	5,10
___________________________
Simulation Topology [2:1]
___________________________
From 	  To 		Length
___________________________
  7	 | 	8	 | 	2,24
  6	 | 	8	 | 	7,21
  6	 | 	7	 | 	5,00
  5	 | 	9	 | 	3,61
  5	 | 	8	 | 	5,66
  4	 | 	9	 | 	5,66
  4	 | 	7	 | 	3,16
  3	 | 	8	 | 	9,00
  3	 | 	5	 | 	6,40
  0	 | 	2	 | 	2,24
  0	 | 	3	 | 	4,12
  0	 | 	5	 | 	6,00
  0	 | 	7	 | 	8,54
  1	 | 	2	 | 	4,12
  1	 | 	3	 | 	2,24
  2	 | 	4	 | 	5,66
  2	 | 	7	 | 	8,60
  3	 | 	6	 | 	5,00
  4	 | 	5	 | 	2,24
  4	 | 	6	 | 	2,24
  5	 | 	6	 | 	2,00
  7	 | 	9	 | 	5,10
  1	 | 	9	 | 	9,85
___________________________
Simulation Topology [2:2]
___________________________
From 	  To 		Length
___________________________
  7	 | 	8	 | 	2,24
  6	 | 	8	 | 	7,21
  6	 | 	7	 | 	5,00
  5	 | 	9	 | 	3,61
  5	 | 	8	 | 	5,66
  4	 | 	9	 | 	5,66
  4	 | 	7	 | 	3,16
  3	 | 	8	 | 	9,00
  3	 | 	5	 | 	6,40
  0	 | 	2	 | 	2,24
  0	 | 	3	 | 	4,12
  0	 | 	5	 | 	6,00
  0	 | 	7	 | 	8,54
  1	 | 	2	 | 	4,12
  1	 | 	3	 | 	2,24
  2	 | 	4	 | 	5,66
  2	 | 	7	 | 	8,60
  3	 | 	6	 | 	5,00
  4	 | 	5	 | 	2,24
  4	 | 	6	 | 	2,24
  5	 | 	6	 | 	2,00
  7	 | 	9	 | 	5,10
  1	 | 	9	 | 	9,85
___________________________
Simulation Topology [2:3]
___________________________
From 	  To 		Length
___________________________
  7	 | 	8	 | 	2,24
  6	 | 	8	 | 	7,21
  6	 | 	7	 | 	5,00
  5	 | 	9	 | 	3,61
  5	 | 	8	 | 	5,66
  4	 | 	9	 | 	5,66
  4	 | 	7	 | 	3,16
  3	 | 	8	 | 	9,00
  3	 | 	5	 | 	6,40
  0	 | 	2	 | 	2,24
  0	 | 	3	 | 	4,12
  0	 | 	5	 | 	6,00
  0	 | 	7	 | 	8,54
  1	 | 	2	 | 	4,12
  1	 | 	3	 | 	2,24
  2	 | 	4	 | 	5,66
  2	 | 	7	 | 	8,60
  3	 | 	6	 | 	5,00
  4	 | 	5	 | 	2,24
  4	 | 	6	 | 	2,24
  5	 | 	6	 | 	2,00
  7	 | 	9	 | 	5,10
  1	 | 	9	 | 	9,85
  1	 | 	8	 | 	10,20
___________________________
