Simulation Topology 1
___________________________
[5]				[2]		
[2]				[3]		
[1]				[6]		
[6]				[5]		
[7]				[7]		
[3]				[9]		
[0]				[8]		
[8]				[16]		
[4]				[19]		
[3]				[17]		
___________________________
Simulation Topology [1:0]
___________________________
From 	  To 		Length
___________________________
  0	 | 	1	 | 	3,16
  0	 | 	2	 | 	5,66
  0	 | 	8	 | 	17,03
  1	 | 	5	 | 	6,08
  2	 | 	6	 | 	2,24
  3	 | 	4	 | 	2,24
  3	 | 	5	 | 	5,00
  4	 | 	7	 | 	9,06
  4	 | 	8	 | 	12,37
  5	 | 	6	 | 	3,16
  7	 | 	9	 | 	5,10
  8	 | 	9	 | 	2,24
___________________________
Simulation Topology [1:1]
___________________________
From 	  To 		Length
___________________________
  0	 | 	1	 | 	3,16
  0	 | 	2	 | 	5,66
  0	 | 	8	 | 	17,03
  1	 | 	5	 | 	6,08
  2	 | 	6	 | 	2,24
  3	 | 	4	 | 	2,24
  3	 | 	5	 | 	5,00
  4	 | 	7	 | 	9,06
  4	 | 	8	 | 	12,37
  5	 | 	6	 | 	3,16
  7	 | 	9	 | 	5,10
  8	 | 	9	 | 	2,24
  0	 | 	6	 | 	7,81
___________________________
Simulation Topology [1:2]
___________________________
From 	  To 		Length
___________________________
  0	 | 	1	 | 	3,16
  0	 | 	2	 | 	5,66
  0	 | 	8	 | 	17,03
  1	 | 	5	 | 	6,08
  2	 | 	6	 | 	2,24
  3	 | 	4	 | 	2,24
  3	 | 	5	 | 	5,00
  4	 | 	7	 | 	9,06
  4	 | 	8	 | 	12,37
  5	 | 	6	 | 	3,16
  7	 | 	9	 | 	5,10
  8	 | 	9	 | 	2,24
  0	 | 	6	 | 	7,81
  6	 | 	8	 | 	11,70
___________________________
Simulation Topology [1:3]
___________________________
From 	  To 		Length
___________________________
  0	 | 	1	 | 	3,16
  0	 | 	2	 | 	5,66
  0	 | 	8	 | 	17,03
  1	 | 	5	 | 	6,08
  2	 | 	6	 | 	2,24
  3	 | 	4	 | 	2,24
  3	 | 	5	 | 	5,00
  4	 | 	7	 | 	9,06
  4	 | 	8	 | 	12,37
  5	 | 	6	 | 	3,16
  7	 | 	9	 | 	5,10
  8	 | 	9	 | 	2,24
  0	 | 	6	 | 	7,81
  6	 | 	8	 | 	11,70
  5	 | 	7	 | 	8,60
___________________________
Simulation Topology [1:4]
___________________________
From 	  To 		Length
___________________________
  0	 | 	1	 | 	3,16
  0	 | 	2	 | 	5,66
  0	 | 	8	 | 	17,03
  1	 | 	5	 | 	6,08
  2	 | 	6	 | 	2,24
  3	 | 	4	 | 	2,24
  3	 | 	5	 | 	5,00
  4	 | 	7	 | 	9,06
  4	 | 	8	 | 	12,37
  5	 | 	6	 | 	3,16
  7	 | 	9	 | 	5,10
  8	 | 	9	 | 	2,24
  0	 | 	6	 | 	7,81
  6	 | 	8	 | 	11,70
  5	 | 	7	 | 	8,60
  1	 | 	7	 | 	14,32
___________________________
Simulation Topology 2
___________________________
[1]				[6]		
[1]				[8]		
[0]				[10]		
[2]				[10]		
[4]				[9]		
[9]				[15]		
[4]				[14]		
[1]				[17]		
[7]				[19]		
[5]				[17]		
___________________________
Simulation Topology [2:0]
___________________________
From 	  To 		Length
___________________________
  1	 | 	7	 | 	9,00
  5	 | 	7	 | 	8,25
  6	 | 	8	 | 	5,83
  0	 | 	6	 | 	8,54
  8	 | 	9	 | 	2,83
  7	 | 	9	 | 	4,00
  5	 | 	6	 | 	5,10
  4	 | 	8	 | 	10,44
  0	 | 	1	 | 	2,00
  0	 | 	2	 | 	4,12
  0	 | 	7	 | 	11,00
  0	 | 	8	 | 	14,32
  1	 | 	2	 | 	2,24
  1	 | 	3	 | 	2,24
  1	 | 	8	 | 	12,53
  2	 | 	3	 | 	2,00
  3	 | 	6	 | 	4,47
  3	 | 	7	 | 	7,07
  6	 | 	7	 | 	4,24
  6	 | 	9	 | 	3,16
  7	 | 	8	 | 	6,32
___________________________
Simulation Topology [2:1]
___________________________
From 	  To 		Length
___________________________
  1	 | 	7	 | 	9,00
  5	 | 	7	 | 	8,25
  6	 | 	8	 | 	5,83
  0	 | 	6	 | 	8,54
  8	 | 	9	 | 	2,83
  7	 | 	9	 | 	4,00
  5	 | 	6	 | 	5,10
  4	 | 	8	 | 	10,44
  0	 | 	1	 | 	2,00
  0	 | 	2	 | 	4,12
  0	 | 	7	 | 	11,00
  0	 | 	8	 | 	14,32
  1	 | 	2	 | 	2,24
  1	 | 	3	 | 	2,24
  1	 | 	8	 | 	12,53
  2	 | 	3	 | 	2,00
  3	 | 	6	 | 	4,47
  3	 | 	7	 | 	7,07
  6	 | 	7	 | 	4,24
  6	 | 	9	 | 	3,16
  7	 | 	8	 | 	6,32
  2	 | 	5	 | 	10,30
___________________________
Simulation Topology [2:2]
___________________________
From 	  To 		Length
___________________________
  1	 | 	7	 | 	9,00
  5	 | 	7	 | 	8,25
  6	 | 	8	 | 	5,83
  0	 | 	6	 | 	8,54
  8	 | 	9	 | 	2,83
  7	 | 	9	 | 	4,00
  5	 | 	6	 | 	5,10
  4	 | 	8	 | 	10,44
  0	 | 	1	 | 	2,00
  0	 | 	2	 | 	4,12
  0	 | 	7	 | 	11,00
  0	 | 	8	 | 	14,32
  1	 | 	2	 | 	2,24
  1	 | 	3	 | 	2,24
  1	 | 	8	 | 	12,53
  2	 | 	3	 | 	2,00
  3	 | 	6	 | 	4,47
  3	 | 	7	 | 	7,07
  6	 | 	7	 | 	4,24
  6	 | 	9	 | 	3,16
  7	 | 	8	 | 	6,32
  2	 | 	5	 | 	10,30
  5	 | 	9	 | 	4,47
___________________________
Simulation Topology [2:3]
___________________________
From 	  To 		Length
___________________________
  1	 | 	7	 | 	9,00
  5	 | 	7	 | 	8,25
  6	 | 	8	 | 	5,83
  0	 | 	6	 | 	8,54
  8	 | 	9	 | 	2,83
  7	 | 	9	 | 	4,00
  5	 | 	6	 | 	5,10
  4	 | 	8	 | 	10,44
  0	 | 	1	 | 	2,00
  0	 | 	2	 | 	4,12
  0	 | 	7	 | 	11,00
  0	 | 	8	 | 	14,32
  1	 | 	2	 | 	2,24
  1	 | 	3	 | 	2,24
  1	 | 	8	 | 	12,53
  2	 | 	3	 | 	2,00
  3	 | 	6	 | 	4,47
  3	 | 	7	 | 	7,07
  6	 | 	7	 | 	4,24
  6	 | 	9	 | 	3,16
  7	 | 	8	 | 	6,32
  2	 | 	5	 | 	10,30
  5	 | 	9	 | 	4,47
  4	 | 	5	 | 	7,81
___________________________
Simulation Topology [2:4]
___________________________
From 	  To 		Length
___________________________
  1	 | 	7	 | 	9,00
  5	 | 	7	 | 	8,25
  6	 | 	8	 | 	5,83
  0	 | 	6	 | 	8,54
  8	 | 	9	 | 	2,83
  7	 | 	9	 | 	4,00
  5	 | 	6	 | 	5,10
  4	 | 	8	 | 	10,44
  0	 | 	1	 | 	2,00
  0	 | 	2	 | 	4,12
  0	 | 	7	 | 	11,00
  0	 | 	8	 | 	14,32
  1	 | 	2	 | 	2,24
  1	 | 	3	 | 	2,24
  1	 | 	8	 | 	12,53
  2	 | 	3	 | 	2,00
  3	 | 	6	 | 	4,47
  3	 | 	7	 | 	7,07
  6	 | 	7	 | 	4,24
  6	 | 	9	 | 	3,16
  7	 | 	8	 | 	6,32
  2	 | 	5	 | 	10,30
  5	 | 	9	 | 	4,47
  4	 | 	5	 | 	7,81
  4	 | 	9	 | 	8,06
___________________________
