Simulation Topology 1
___________________________
Simulation Topology 2
___________________________
[7]				[2]		
[3]				[0]		
[2]				[7]		
[9]				[11]		
[3]				[11]		
[5]				[11]		
[6]				[14]		
[1]				[14]		
[4]				[15]		
[8]				[12]		
___________________________
Simulation Topology [2:0]
___________________________
From 	  To 		Length
___________________________
  0	 | 	1	 | 	4,47
  0	 | 	5	 | 	9,22
  0	 | 	7	 | 	13,42
  1	 | 	3	 | 	12,53
  2	 | 	4	 | 	4,12
  2	 | 	5	 | 	5,00
  2	 | 	6	 | 	8,06
  2	 | 	8	 | 	8,25
  3	 | 	8	 | 	6,40
  3	 | 	9	 | 	1,41
  4	 | 	6	 | 	4,24
  4	 | 	7	 | 	3,61
  5	 | 	6	 | 	3,16
  5	 | 	9	 | 	3,16
  6	 | 	8	 | 	2,24
  7	 | 	8	 | 	3,16
___________________________
Simulation Topology [2:1]
___________________________
From 	  To 		Length
___________________________
  0	 | 	1	 | 	4,47
  0	 | 	5	 | 	9,22
  0	 | 	7	 | 	13,42
  1	 | 	3	 | 	12,53
  2	 | 	4	 | 	4,12
  2	 | 	5	 | 	5,00
  2	 | 	6	 | 	8,06
  2	 | 	8	 | 	8,25
  3	 | 	8	 | 	6,40
  3	 | 	9	 | 	1,41
  4	 | 	6	 | 	4,24
  4	 | 	7	 | 	3,61
  5	 | 	6	 | 	3,16
  5	 | 	9	 | 	3,16
  6	 | 	8	 | 	2,24
  7	 | 	8	 | 	3,16
  3	 | 	4	 | 	6,00
___________________________
Simulation Topology [2:2]
___________________________
From 	  To 		Length
___________________________
  0	 | 	1	 | 	4,47
  0	 | 	5	 | 	9,22
  0	 | 	7	 | 	13,42
  1	 | 	3	 | 	12,53
  2	 | 	4	 | 	4,12
  2	 | 	5	 | 	5,00
  2	 | 	6	 | 	8,06
  2	 | 	8	 | 	8,25
  3	 | 	8	 | 	6,40
  3	 | 	9	 | 	1,41
  4	 | 	6	 | 	4,24
  4	 | 	7	 | 	3,61
  5	 | 	6	 | 	3,16
  5	 | 	9	 | 	3,16
  6	 | 	8	 | 	2,24
  7	 | 	8	 | 	3,16
  3	 | 	4	 | 	6,00
  7	 | 	9	 | 	7,28
___________________________
Simulation Topology [2:3]
___________________________
From 	  To 		Length
___________________________
  0	 | 	1	 | 	4,47
  0	 | 	5	 | 	9,22
  0	 | 	7	 | 	13,42
  1	 | 	3	 | 	12,53
  2	 | 	4	 | 	4,12
  2	 | 	5	 | 	5,00
  2	 | 	6	 | 	8,06
  2	 | 	8	 | 	8,25
  3	 | 	8	 | 	6,40
  3	 | 	9	 | 	1,41
  4	 | 	6	 | 	4,24
  4	 | 	7	 | 	3,61
  5	 | 	6	 | 	3,16
  5	 | 	9	 | 	3,16
  6	 | 	8	 | 	2,24
  7	 | 	8	 | 	3,16
  3	 | 	4	 | 	6,00
  7	 | 	9	 | 	7,28
  1	 | 	9	 | 	13,00
___________________________
