Simulation Topology 1
___________________________
[6]				[0]		
[5]				[4]		
[2]				[5]		
[4]				[8]		
[5]				[15]		
[4]				[12]		
[8]				[13]		
[8]				[16]		
[4]				[22]		
[1]				[20]		
___________________________
Simulation Topology [1:2]
___________________________
From 	  To 		Length
___________________________
  0	 | 	2	 | 	6,40
  0	 | 	3	 | 	8,25
  0	 | 	7	 | 	16,12
  0	 | 	8	 | 	22,09
  1	 | 	6	 | 	9,49
  1	 | 	9	 | 	16,49
  2	 | 	4	 | 	10,44
  2	 | 	5	 | 	7,28
  2	 | 	8	 | 	17,12
  3	 | 	7	 | 	8,94
  3	 | 	9	 | 	12,37
  4	 | 	5	 | 	3,16
  6	 | 	9	 | 	9,90
  7	 | 	9	 | 	8,06
___________________________
Simulation Topology [1:3]
___________________________
From 	  To 		Length
___________________________
  0	 | 	2	 | 	6,40
  0	 | 	3	 | 	8,25
  0	 | 	7	 | 	16,12
  0	 | 	8	 | 	22,09
  1	 | 	6	 | 	9,49
  1	 | 	9	 | 	16,49
  2	 | 	4	 | 	10,44
  2	 | 	5	 | 	7,28
  2	 | 	8	 | 	17,12
  3	 | 	7	 | 	8,94
  3	 | 	9	 | 	12,37
  4	 | 	5	 | 	3,16
  6	 | 	9	 | 	9,90
  7	 | 	9	 | 	8,06
  1	 | 	8	 | 	18,03
___________________________
Simulation Topology [1:4]
___________________________
From 	  To 		Length
___________________________
  0	 | 	2	 | 	6,40
  0	 | 	3	 | 	8,25
  0	 | 	7	 | 	16,12
  0	 | 	8	 | 	22,09
  1	 | 	6	 | 	9,49
  1	 | 	9	 | 	16,49
  2	 | 	4	 | 	10,44
  2	 | 	5	 | 	7,28
  2	 | 	8	 | 	17,12
  3	 | 	7	 | 	8,94
  3	 | 	9	 | 	12,37
  4	 | 	5	 | 	3,16
  6	 | 	9	 | 	9,90
  7	 | 	9	 | 	8,06
  1	 | 	8	 | 	18,03
  4	 | 	6	 | 	3,61
___________________________
Simulation Topology 2
___________________________
[4]				[2]		
[7]				[1]		
[9]				[2]		
[0]				[1]		
[7]				[15]		
[9]				[14]		
[3]				[15]		
[2]				[18]		
[7]				[21]		
[5]				[25]		
___________________________
Simulation Topology [2:1]
___________________________
From 	  To 		Length
___________________________
  4	 | 	6	 | 	4,00
  1	 | 	8	 | 	20,00
  7	 | 	9	 | 	7,62
  6	 | 	9	 | 	10,20
  4	 | 	5	 | 	2,24
  3	 | 	9	 | 	24,52
  3	 | 	7	 | 	17,12
  2	 | 	8	 | 	19,10
  0	 | 	1	 | 	3,16
  0	 | 	3	 | 	4,12
  0	 | 	4	 | 	13,34
  0	 | 	7	 | 	16,12
  1	 | 	2	 | 	2,24
  1	 | 	3	 | 	7,00
  2	 | 	4	 | 	13,15
  2	 | 	7	 | 	17,46
  3	 | 	6	 | 	14,32
  4	 | 	9	 | 	10,20
  5	 | 	6	 | 	6,08
___________________________
Simulation Topology [2:2]
___________________________
From 	  To 		Length
___________________________
  4	 | 	6	 | 	4,00
  1	 | 	8	 | 	20,00
  7	 | 	9	 | 	7,62
  6	 | 	9	 | 	10,20
  4	 | 	5	 | 	2,24
  3	 | 	9	 | 	24,52
  3	 | 	7	 | 	17,12
  2	 | 	8	 | 	19,10
  0	 | 	1	 | 	3,16
  0	 | 	3	 | 	4,12
  0	 | 	4	 | 	13,34
  0	 | 	7	 | 	16,12
  1	 | 	2	 | 	2,24
  1	 | 	3	 | 	7,00
  2	 | 	4	 | 	13,15
  2	 | 	7	 | 	17,46
  3	 | 	6	 | 	14,32
  4	 | 	9	 | 	10,20
  5	 | 	6	 | 	6,08
  6	 | 	8	 | 	7,21
___________________________
Simulation Topology [2:3]
___________________________
From 	  To 		Length
___________________________
  4	 | 	6	 | 	4,00
  1	 | 	8	 | 	20,00
  7	 | 	9	 | 	7,62
  6	 | 	9	 | 	10,20
  4	 | 	5	 | 	2,24
  3	 | 	9	 | 	24,52
  3	 | 	7	 | 	17,12
  2	 | 	8	 | 	19,10
  0	 | 	1	 | 	3,16
  0	 | 	3	 | 	4,12
  0	 | 	4	 | 	13,34
  0	 | 	7	 | 	16,12
  1	 | 	2	 | 	2,24
  1	 | 	3	 | 	7,00
  2	 | 	4	 | 	13,15
  2	 | 	7	 | 	17,46
  3	 | 	6	 | 	14,32
  4	 | 	9	 | 	10,20
  5	 | 	6	 | 	6,08
  6	 | 	8	 | 	7,21
  5	 | 	7	 | 	8,06
___________________________
Simulation Topology [2:4]
___________________________
From 	  To 		Length
___________________________
  4	 | 	6	 | 	4,00
  1	 | 	8	 | 	20,00
  7	 | 	9	 | 	7,62
  6	 | 	9	 | 	10,20
  4	 | 	5	 | 	2,24
  3	 | 	9	 | 	24,52
  3	 | 	7	 | 	17,12
  2	 | 	8	 | 	19,10
  0	 | 	1	 | 	3,16
  0	 | 	3	 | 	4,12
  0	 | 	4	 | 	13,34
  0	 | 	7	 | 	16,12
  1	 | 	2	 | 	2,24
  1	 | 	3	 | 	7,00
  2	 | 	4	 | 	13,15
  2	 | 	7	 | 	17,46
  3	 | 	6	 | 	14,32
  4	 | 	9	 | 	10,20
  5	 | 	6	 | 	6,08
  6	 | 	8	 | 	7,21
  5	 | 	7	 | 	8,06
  5	 | 	9	 | 	11,70
___________________________
