Simulation Topology 1
___________________________
[9]				[3]		
[3]				[3]		
[8]				[11]		
[1]				[7]		
[1]				[11]		
[5]				[15]		
[3]				[16]		
[8]				[14]		
[5]				[21]		
[5]				[18]		
[1]				[27]		
[4]				[28]		
[8]				[29]		
[9]				[27]		
[9]				[32]		
[2]				[35]		
[5]				[33]		
[9]				[35]		
[5]				[36]		
[9]				[41]		
[1]				[39]		
[0]				[41]		
[3]				[38]		
[7]				[41]		
[0]				[43]		
[5]				[42]		
[7]				[47]		
[1]				[47]		
[1]				[45]		
[3]				[48]		
___________________________
Simulation Topology [1:13]
___________________________
From 	  To 		Length
___________________________
  0	 | 	1	 | 	6,00
  0	 | 	5	 | 	12,65
  0	 | 	14	 | 	29,00
  0	 | 	19	 | 	38,00
  1	 | 	5	 | 	12,17
  1	 | 	18	 | 	33,06
  2	 | 	4	 | 	7,00
  2	 | 	11	 | 	17,46
  2	 | 	23	 | 	30,02
  3	 | 	4	 | 	4,00
  3	 | 	13	 | 	21,54
  3	 | 	20	 | 	32,00
  4	 | 	8	 | 	10,77
  5	 | 	6	 | 	2,24
  6	 | 	10	 | 	11,18
  6	 | 	28	 | 	29,07
  7	 | 	9	 | 	5,00
  7	 | 	14	 | 	18,03
  7	 | 	21	 | 	28,16
  8	 | 	25	 | 	21,00
  8	 | 	29	 | 	27,07
  9	 | 	15	 | 	17,26
  9	 | 	18	 | 	18,00
  10	 | 	11	 | 	3,16
  10	 | 	29	 | 	21,10
  11	 | 	12	 | 	4,12
  12	 | 	13	 | 	2,24
  12	 | 	15	 | 	8,49
  13	 | 	23	 | 	14,14
  14	 | 	16	 | 	4,12
  15	 | 	17	 | 	7,00
  16	 | 	17	 | 	4,47
  16	 | 	24	 | 	11,18
  17	 | 	27	 | 	14,42
  18	 | 	21	 | 	7,07
  19	 | 	22	 | 	6,71
  20	 | 	22	 | 	2,24
  20	 | 	23	 | 	6,32
  21	 | 	22	 | 	4,24
  24	 | 	26	 | 	8,06
  24	 | 	27	 | 	4,12
  25	 | 	26	 | 	5,39
  25	 | 	28	 | 	5,00
  26	 | 	29	 | 	4,12
  27	 | 	28	 | 	2,00
___________________________
Simulation Topology [1:14]
___________________________
From 	  To 		Length
___________________________
  0	 | 	1	 | 	6,00
  0	 | 	5	 | 	12,65
  0	 | 	14	 | 	29,00
  0	 | 	19	 | 	38,00
  1	 | 	5	 | 	12,17
  1	 | 	18	 | 	33,06
  2	 | 	4	 | 	7,00
  2	 | 	11	 | 	17,46
  2	 | 	23	 | 	30,02
  3	 | 	4	 | 	4,00
  3	 | 	13	 | 	21,54
  3	 | 	20	 | 	32,00
  4	 | 	8	 | 	10,77
  5	 | 	6	 | 	2,24
  6	 | 	10	 | 	11,18
  6	 | 	28	 | 	29,07
  7	 | 	9	 | 	5,00
  7	 | 	14	 | 	18,03
  7	 | 	21	 | 	28,16
  8	 | 	25	 | 	21,00
  8	 | 	29	 | 	27,07
  9	 | 	15	 | 	17,26
  9	 | 	18	 | 	18,00
  10	 | 	11	 | 	3,16
  10	 | 	29	 | 	21,10
  11	 | 	12	 | 	4,12
  12	 | 	13	 | 	2,24
  12	 | 	15	 | 	8,49
  13	 | 	23	 | 	14,14
  14	 | 	16	 | 	4,12
  15	 | 	17	 | 	7,00
  16	 | 	17	 | 	4,47
  16	 | 	24	 | 	11,18
  17	 | 	27	 | 	14,42
  18	 | 	21	 | 	7,07
  19	 | 	22	 | 	6,71
  20	 | 	22	 | 	2,24
  20	 | 	23	 | 	6,32
  21	 | 	22	 | 	4,24
  24	 | 	26	 | 	8,06
  24	 | 	27	 | 	4,12
  25	 | 	26	 | 	5,39
  25	 | 	28	 | 	5,00
  26	 | 	29	 | 	4,12
  27	 | 	28	 | 	2,00
___________________________
Simulation Topology 2
___________________________
[6]				[5]		
[4]				[0]		
[9]				[1]		
[8]				[7]		
[8]				[9]		
[4]				[8]		
[9]				[20]		
[0]				[23]		
[5]				[20]		
[2]				[23]		
[9]				[28]		
[0]				[29]		
[7]				[24]		
[7]				[28]		
[4]				[31]		
[4]				[35]		
[2]				[32]		
[6]				[30]		
[0]				[35]		
[8]				[32]		
[7]				[36]		
[4]				[41]		
[5]				[39]		
[0]				[38]		
[1]				[42]		
[7]				[46]		
[0]				[45]		
[3]				[53]		
[7]				[49]		
[1]				[53]		
___________________________
Simulation Topology [2:0]
___________________________
From 	  To 		Length
___________________________
  27	 | 	28	 | 	5,66
  26	 | 	29	 | 	8,06
  25	 | 	28	 | 	3,00
  25	 | 	26	 | 	7,07
  24	 | 	27	 | 	11,18
  24	 | 	26	 | 	3,16
  21	 | 	22	 | 	2,24
  20	 | 	23	 | 	7,28
  20	 | 	22	 | 	3,61
  19	 | 	22	 | 	7,62
  18	 | 	21	 | 	7,21
  17	 | 	27	 | 	23,19
  16	 | 	24	 | 	10,05
  16	 | 	17	 | 	4,47
  15	 | 	17	 | 	5,39
  14	 | 	16	 | 	2,24
  13	 | 	23	 | 	12,21
  12	 | 	15	 | 	11,40
  12	 | 	13	 | 	4,00
  11	 | 	12	 | 	8,60
  10	 | 	29	 | 	26,25
  10	 | 	11	 | 	9,06
  0	 | 	1	 | 	5,39
  0	 | 	2	 | 	5,00
  0	 | 	24	 | 	37,34
  1	 | 	2	 | 	5,10
  1	 | 	13	 | 	28,16
  3	 | 	4	 | 	2,00
  3	 | 	5	 | 	4,12
  3	 | 	12	 | 	17,03
  4	 | 	5	 | 	4,12
  4	 | 	6	 | 	11,05
  5	 | 	16	 | 	24,08
  7	 | 	8	 | 	5,83
  8	 | 	26	 | 	25,50
  8	 | 	29	 | 	33,24
  10	 | 	12	 | 	4,47
  10	 | 	13	 | 	2,00
  12	 | 	17	 | 	6,08
  14	 | 	17	 | 	2,24
  14	 | 	22	 | 	8,06
  15	 | 	16	 | 	3,61
  15	 | 	18	 | 	4,00
  17	 | 	19	 | 	2,83
  20	 | 	21	 | 	5,83
  21	 | 	23	 | 	5,00
  21	 | 	26	 | 	5,66
  22	 | 	23	 | 	5,10
  24	 | 	25	 | 	7,21
  27	 | 	29	 | 	2,00
  28	 | 	29	 | 	7,21
___________________________
Simulation Topology [2:1]
___________________________
From 	  To 		Length
___________________________
  27	 | 	28	 | 	5,66
  26	 | 	29	 | 	8,06
  25	 | 	28	 | 	3,00
  25	 | 	26	 | 	7,07
  24	 | 	27	 | 	11,18
  24	 | 	26	 | 	3,16
  21	 | 	22	 | 	2,24
  20	 | 	23	 | 	7,28
  20	 | 	22	 | 	3,61
  19	 | 	22	 | 	7,62
  18	 | 	21	 | 	7,21
  17	 | 	27	 | 	23,19
  16	 | 	24	 | 	10,05
  16	 | 	17	 | 	4,47
  15	 | 	17	 | 	5,39
  14	 | 	16	 | 	2,24
  13	 | 	23	 | 	12,21
  12	 | 	15	 | 	11,40
  12	 | 	13	 | 	4,00
  11	 | 	12	 | 	8,60
  10	 | 	29	 | 	26,25
  10	 | 	11	 | 	9,06
  0	 | 	1	 | 	5,39
  0	 | 	2	 | 	5,00
  0	 | 	24	 | 	37,34
  1	 | 	2	 | 	5,10
  1	 | 	13	 | 	28,16
  3	 | 	4	 | 	2,00
  3	 | 	5	 | 	4,12
  3	 | 	12	 | 	17,03
  4	 | 	5	 | 	4,12
  4	 | 	6	 | 	11,05
  5	 | 	16	 | 	24,08
  7	 | 	8	 | 	5,83
  8	 | 	26	 | 	25,50
  8	 | 	29	 | 	33,24
  10	 | 	12	 | 	4,47
  10	 | 	13	 | 	2,00
  12	 | 	17	 | 	6,08
  14	 | 	17	 | 	2,24
  14	 | 	22	 | 	8,06
  15	 | 	16	 | 	3,61
  15	 | 	18	 | 	4,00
  17	 | 	19	 | 	2,83
  20	 | 	21	 | 	5,83
  21	 | 	23	 | 	5,00
  21	 | 	26	 | 	5,66
  22	 | 	23	 | 	5,10
  24	 | 	25	 | 	7,21
  27	 | 	29	 | 	2,00
  28	 | 	29	 | 	7,21
  2	 | 	18	 | 	35,17
___________________________
Simulation Topology [2:2]
___________________________
From 	  To 		Length
___________________________
  27	 | 	28	 | 	5,66
  26	 | 	29	 | 	8,06
  25	 | 	28	 | 	3,00
  25	 | 	26	 | 	7,07
  24	 | 	27	 | 	11,18
  24	 | 	26	 | 	3,16
  21	 | 	22	 | 	2,24
  20	 | 	23	 | 	7,28
  20	 | 	22	 | 	3,61
  19	 | 	22	 | 	7,62
  18	 | 	21	 | 	7,21
  17	 | 	27	 | 	23,19
  16	 | 	24	 | 	10,05
  16	 | 	17	 | 	4,47
  15	 | 	17	 | 	5,39
  14	 | 	16	 | 	2,24
  13	 | 	23	 | 	12,21
  12	 | 	15	 | 	11,40
  12	 | 	13	 | 	4,00
  11	 | 	12	 | 	8,60
  10	 | 	29	 | 	26,25
  10	 | 	11	 | 	9,06
  0	 | 	1	 | 	5,39
  0	 | 	2	 | 	5,00
  0	 | 	24	 | 	37,34
  1	 | 	2	 | 	5,10
  1	 | 	13	 | 	28,16
  3	 | 	4	 | 	2,00
  3	 | 	5	 | 	4,12
  3	 | 	12	 | 	17,03
  4	 | 	5	 | 	4,12
  4	 | 	6	 | 	11,05
  5	 | 	16	 | 	24,08
  7	 | 	8	 | 	5,83
  8	 | 	26	 | 	25,50
  8	 | 	29	 | 	33,24
  10	 | 	12	 | 	4,47
  10	 | 	13	 | 	2,00
  12	 | 	17	 | 	6,08
  14	 | 	17	 | 	2,24
  14	 | 	22	 | 	8,06
  15	 | 	16	 | 	3,61
  15	 | 	18	 | 	4,00
  17	 | 	19	 | 	2,83
  20	 | 	21	 | 	5,83
  21	 | 	23	 | 	5,00
  21	 | 	26	 | 	5,66
  22	 | 	23	 | 	5,10
  24	 | 	25	 | 	7,21
  27	 | 	29	 | 	2,00
  28	 | 	29	 | 	7,21
  2	 | 	18	 | 	35,17
  6	 | 	10	 | 	8,00
___________________________
Simulation Topology [2:3]
___________________________
From 	  To 		Length
___________________________
  27	 | 	28	 | 	5,66
  26	 | 	29	 | 	8,06
  25	 | 	28	 | 	3,00
  25	 | 	26	 | 	7,07
  24	 | 	27	 | 	11,18
  24	 | 	26	 | 	3,16
  21	 | 	22	 | 	2,24
  20	 | 	23	 | 	7,28
  20	 | 	22	 | 	3,61
  19	 | 	22	 | 	7,62
  18	 | 	21	 | 	7,21
  17	 | 	27	 | 	23,19
  16	 | 	24	 | 	10,05
  16	 | 	17	 | 	4,47
  15	 | 	17	 | 	5,39
  14	 | 	16	 | 	2,24
  13	 | 	23	 | 	12,21
  12	 | 	15	 | 	11,40
  12	 | 	13	 | 	4,00
  11	 | 	12	 | 	8,60
  10	 | 	29	 | 	26,25
  10	 | 	11	 | 	9,06
  0	 | 	1	 | 	5,39
  0	 | 	2	 | 	5,00
  0	 | 	24	 | 	37,34
  1	 | 	2	 | 	5,10
  1	 | 	13	 | 	28,16
  3	 | 	4	 | 	2,00
  3	 | 	5	 | 	4,12
  3	 | 	12	 | 	17,03
  4	 | 	5	 | 	4,12
  4	 | 	6	 | 	11,05
  5	 | 	16	 | 	24,08
  7	 | 	8	 | 	5,83
  8	 | 	26	 | 	25,50
  8	 | 	29	 | 	33,24
  10	 | 	12	 | 	4,47
  10	 | 	13	 | 	2,00
  12	 | 	17	 | 	6,08
  14	 | 	17	 | 	2,24
  14	 | 	22	 | 	8,06
  15	 | 	16	 | 	3,61
  15	 | 	18	 | 	4,00
  17	 | 	19	 | 	2,83
  20	 | 	21	 | 	5,83
  21	 | 	23	 | 	5,00
  21	 | 	26	 | 	5,66
  22	 | 	23	 | 	5,10
  24	 | 	25	 | 	7,21
  27	 | 	29	 | 	2,00
  28	 | 	29	 | 	7,21
  2	 | 	18	 | 	35,17
  6	 | 	10	 | 	8,00
  11	 | 	27	 | 	24,19
___________________________
Simulation Topology [2:4]
___________________________
From 	  To 		Length
___________________________
  27	 | 	28	 | 	5,66
  26	 | 	29	 | 	8,06
  25	 | 	28	 | 	3,00
  25	 | 	26	 | 	7,07
  24	 | 	27	 | 	11,18
  24	 | 	26	 | 	3,16
  21	 | 	22	 | 	2,24
  20	 | 	23	 | 	7,28
  20	 | 	22	 | 	3,61
  19	 | 	22	 | 	7,62
  18	 | 	21	 | 	7,21
  17	 | 	27	 | 	23,19
  16	 | 	24	 | 	10,05
  16	 | 	17	 | 	4,47
  15	 | 	17	 | 	5,39
  14	 | 	16	 | 	2,24
  13	 | 	23	 | 	12,21
  12	 | 	15	 | 	11,40
  12	 | 	13	 | 	4,00
  11	 | 	12	 | 	8,60
  10	 | 	29	 | 	26,25
  10	 | 	11	 | 	9,06
  0	 | 	1	 | 	5,39
  0	 | 	2	 | 	5,00
  0	 | 	24	 | 	37,34
  1	 | 	2	 | 	5,10
  1	 | 	13	 | 	28,16
  3	 | 	4	 | 	2,00
  3	 | 	5	 | 	4,12
  3	 | 	12	 | 	17,03
  4	 | 	5	 | 	4,12
  4	 | 	6	 | 	11,05
  5	 | 	16	 | 	24,08
  7	 | 	8	 | 	5,83
  8	 | 	26	 | 	25,50
  8	 | 	29	 | 	33,24
  10	 | 	12	 | 	4,47
  10	 | 	13	 | 	2,00
  12	 | 	17	 | 	6,08
  14	 | 	17	 | 	2,24
  14	 | 	22	 | 	8,06
  15	 | 	16	 | 	3,61
  15	 | 	18	 | 	4,00
  17	 | 	19	 | 	2,83
  20	 | 	21	 | 	5,83
  21	 | 	23	 | 	5,00
  21	 | 	26	 | 	5,66
  22	 | 	23	 | 	5,10
  24	 | 	25	 | 	7,21
  27	 | 	29	 | 	2,00
  28	 | 	29	 | 	7,21
  2	 | 	18	 | 	35,17
  6	 | 	10	 | 	8,00
  11	 | 	27	 | 	24,19
___________________________
Simulation Topology [2:5]
___________________________
From 	  To 		Length
___________________________
  27	 | 	28	 | 	5,66
  26	 | 	29	 | 	8,06
  25	 | 	28	 | 	3,00
  25	 | 	26	 | 	7,07
  24	 | 	27	 | 	11,18
  24	 | 	26	 | 	3,16
  21	 | 	22	 | 	2,24
  20	 | 	23	 | 	7,28
  20	 | 	22	 | 	3,61
  19	 | 	22	 | 	7,62
  18	 | 	21	 | 	7,21
  17	 | 	27	 | 	23,19
  16	 | 	24	 | 	10,05
  16	 | 	17	 | 	4,47
  15	 | 	17	 | 	5,39
  14	 | 	16	 | 	2,24
  13	 | 	23	 | 	12,21
  12	 | 	15	 | 	11,40
  12	 | 	13	 | 	4,00
  11	 | 	12	 | 	8,60
  10	 | 	29	 | 	26,25
  10	 | 	11	 | 	9,06
  0	 | 	1	 | 	5,39
  0	 | 	2	 | 	5,00
  0	 | 	24	 | 	37,34
  1	 | 	2	 | 	5,10
  1	 | 	13	 | 	28,16
  3	 | 	4	 | 	2,00
  3	 | 	5	 | 	4,12
  3	 | 	12	 | 	17,03
  4	 | 	5	 | 	4,12
  4	 | 	6	 | 	11,05
  5	 | 	16	 | 	24,08
  7	 | 	8	 | 	5,83
  8	 | 	26	 | 	25,50
  8	 | 	29	 | 	33,24
  10	 | 	12	 | 	4,47
  10	 | 	13	 | 	2,00
  12	 | 	17	 | 	6,08
  14	 | 	17	 | 	2,24
  14	 | 	22	 | 	8,06
  15	 | 	16	 | 	3,61
  15	 | 	18	 | 	4,00
  17	 | 	19	 | 	2,83
  20	 | 	21	 | 	5,83
  21	 | 	23	 | 	5,00
  21	 | 	26	 | 	5,66
  22	 | 	23	 | 	5,10
  24	 | 	25	 | 	7,21
  27	 | 	29	 | 	2,00
  28	 | 	29	 | 	7,21
  2	 | 	18	 | 	35,17
  6	 | 	10	 | 	8,00
  11	 | 	27	 | 	24,19
  11	 | 	15	 | 	7,21
___________________________
Simulation Topology [2:6]
___________________________
From 	  To 		Length
___________________________
  27	 | 	28	 | 	5,66
  26	 | 	29	 | 	8,06
  25	 | 	28	 | 	3,00
  25	 | 	26	 | 	7,07
  24	 | 	27	 | 	11,18
  24	 | 	26	 | 	3,16
  21	 | 	22	 | 	2,24
  20	 | 	23	 | 	7,28
  20	 | 	22	 | 	3,61
  19	 | 	22	 | 	7,62
  18	 | 	21	 | 	7,21
  17	 | 	27	 | 	23,19
  16	 | 	24	 | 	10,05
  16	 | 	17	 | 	4,47
  15	 | 	17	 | 	5,39
  14	 | 	16	 | 	2,24
  13	 | 	23	 | 	12,21
  12	 | 	15	 | 	11,40
  12	 | 	13	 | 	4,00
  11	 | 	12	 | 	8,60
  10	 | 	29	 | 	26,25
  10	 | 	11	 | 	9,06
  0	 | 	1	 | 	5,39
  0	 | 	2	 | 	5,00
  0	 | 	24	 | 	37,34
  1	 | 	2	 | 	5,10
  1	 | 	13	 | 	28,16
  3	 | 	4	 | 	2,00
  3	 | 	5	 | 	4,12
  3	 | 	12	 | 	17,03
  4	 | 	5	 | 	4,12
  4	 | 	6	 | 	11,05
  5	 | 	16	 | 	24,08
  7	 | 	8	 | 	5,83
  8	 | 	26	 | 	25,50
  8	 | 	29	 | 	33,24
  10	 | 	12	 | 	4,47
  10	 | 	13	 | 	2,00
  12	 | 	17	 | 	6,08
  14	 | 	17	 | 	2,24
  14	 | 	22	 | 	8,06
  15	 | 	16	 | 	3,61
  15	 | 	18	 | 	4,00
  17	 | 	19	 | 	2,83
  20	 | 	21	 | 	5,83
  21	 | 	23	 | 	5,00
  21	 | 	26	 | 	5,66
  22	 | 	23	 | 	5,10
  24	 | 	25	 | 	7,21
  27	 | 	29	 | 	2,00
  28	 | 	29	 | 	7,21
  2	 | 	18	 | 	35,17
  6	 | 	10	 | 	8,00
  11	 | 	27	 | 	24,19
  11	 | 	15	 | 	7,21
  9	 | 	25	 | 	23,54
___________________________
Simulation Topology [2:7]
___________________________
From 	  To 		Length
___________________________
  27	 | 	28	 | 	5,66
  26	 | 	29	 | 	8,06
  25	 | 	28	 | 	3,00
  25	 | 	26	 | 	7,07
  24	 | 	27	 | 	11,18
  24	 | 	26	 | 	3,16
  21	 | 	22	 | 	2,24
  20	 | 	23	 | 	7,28
  20	 | 	22	 | 	3,61
  19	 | 	22	 | 	7,62
  18	 | 	21	 | 	7,21
  17	 | 	27	 | 	23,19
  16	 | 	24	 | 	10,05
  16	 | 	17	 | 	4,47
  15	 | 	17	 | 	5,39
  14	 | 	16	 | 	2,24
  13	 | 	23	 | 	12,21
  12	 | 	15	 | 	11,40
  12	 | 	13	 | 	4,00
  11	 | 	12	 | 	8,60
  10	 | 	29	 | 	26,25
  10	 | 	11	 | 	9,06
  0	 | 	1	 | 	5,39
  0	 | 	2	 | 	5,00
  0	 | 	24	 | 	37,34
  1	 | 	2	 | 	5,10
  1	 | 	13	 | 	28,16
  3	 | 	4	 | 	2,00
  3	 | 	5	 | 	4,12
  3	 | 	12	 | 	17,03
  4	 | 	5	 | 	4,12
  4	 | 	6	 | 	11,05
  5	 | 	16	 | 	24,08
  7	 | 	8	 | 	5,83
  8	 | 	26	 | 	25,50
  8	 | 	29	 | 	33,24
  10	 | 	12	 | 	4,47
  10	 | 	13	 | 	2,00
  12	 | 	17	 | 	6,08
  14	 | 	17	 | 	2,24
  14	 | 	22	 | 	8,06
  15	 | 	16	 | 	3,61
  15	 | 	18	 | 	4,00
  17	 | 	19	 | 	2,83
  20	 | 	21	 | 	5,83
  21	 | 	23	 | 	5,00
  21	 | 	26	 | 	5,66
  22	 | 	23	 | 	5,10
  24	 | 	25	 | 	7,21
  27	 | 	29	 | 	2,00
  28	 | 	29	 | 	7,21
  2	 | 	18	 | 	35,17
  6	 | 	10	 | 	8,00
  11	 | 	27	 | 	24,19
  11	 | 	15	 | 	7,21
  9	 | 	25	 | 	23,54
  7	 | 	9	 | 	2,00
___________________________
Simulation Topology [2:8]
___________________________
From 	  To 		Length
___________________________
  27	 | 	28	 | 	5,66
  26	 | 	29	 | 	8,06
  25	 | 	28	 | 	3,00
  25	 | 	26	 | 	7,07
  24	 | 	27	 | 	11,18
  24	 | 	26	 | 	3,16
  21	 | 	22	 | 	2,24
  20	 | 	23	 | 	7,28
  20	 | 	22	 | 	3,61
  19	 | 	22	 | 	7,62
  18	 | 	21	 | 	7,21
  17	 | 	27	 | 	23,19
  16	 | 	24	 | 	10,05
  16	 | 	17	 | 	4,47
  15	 | 	17	 | 	5,39
  14	 | 	16	 | 	2,24
  13	 | 	23	 | 	12,21
  12	 | 	15	 | 	11,40
  12	 | 	13	 | 	4,00
  11	 | 	12	 | 	8,60
  10	 | 	29	 | 	26,25
  10	 | 	11	 | 	9,06
  0	 | 	1	 | 	5,39
  0	 | 	2	 | 	5,00
  0	 | 	24	 | 	37,34
  1	 | 	2	 | 	5,10
  1	 | 	13	 | 	28,16
  3	 | 	4	 | 	2,00
  3	 | 	5	 | 	4,12
  3	 | 	12	 | 	17,03
  4	 | 	5	 | 	4,12
  4	 | 	6	 | 	11,05
  5	 | 	16	 | 	24,08
  7	 | 	8	 | 	5,83
  8	 | 	26	 | 	25,50
  8	 | 	29	 | 	33,24
  10	 | 	12	 | 	4,47
  10	 | 	13	 | 	2,00
  12	 | 	17	 | 	6,08
  14	 | 	17	 | 	2,24
  14	 | 	22	 | 	8,06
  15	 | 	16	 | 	3,61
  15	 | 	18	 | 	4,00
  17	 | 	19	 | 	2,83
  20	 | 	21	 | 	5,83
  21	 | 	23	 | 	5,00
  21	 | 	26	 | 	5,66
  22	 | 	23	 | 	5,10
  24	 | 	25	 | 	7,21
  27	 | 	29	 | 	2,00
  28	 | 	29	 | 	7,21
  2	 | 	18	 | 	35,17
  6	 | 	10	 | 	8,00
  11	 | 	27	 | 	24,19
  11	 | 	15	 | 	7,21
  9	 | 	25	 | 	23,54
  7	 | 	9	 | 	2,00
  7	 | 	19	 | 	12,04
___________________________
Simulation Topology [2:9]
___________________________
From 	  To 		Length
___________________________
  27	 | 	28	 | 	5,66
  26	 | 	29	 | 	8,06
  25	 | 	28	 | 	3,00
  25	 | 	26	 | 	7,07
  24	 | 	27	 | 	11,18
  24	 | 	26	 | 	3,16
  21	 | 	22	 | 	2,24
  20	 | 	23	 | 	7,28
  20	 | 	22	 | 	3,61
  19	 | 	22	 | 	7,62
  18	 | 	21	 | 	7,21
  17	 | 	27	 | 	23,19
  16	 | 	24	 | 	10,05
  16	 | 	17	 | 	4,47
  15	 | 	17	 | 	5,39
  14	 | 	16	 | 	2,24
  13	 | 	23	 | 	12,21
  12	 | 	15	 | 	11,40
  12	 | 	13	 | 	4,00
  11	 | 	12	 | 	8,60
  10	 | 	29	 | 	26,25
  10	 | 	11	 | 	9,06
  0	 | 	1	 | 	5,39
  0	 | 	2	 | 	5,00
  0	 | 	24	 | 	37,34
  1	 | 	2	 | 	5,10
  1	 | 	13	 | 	28,16
  3	 | 	4	 | 	2,00
  3	 | 	5	 | 	4,12
  3	 | 	12	 | 	17,03
  4	 | 	5	 | 	4,12
  4	 | 	6	 | 	11,05
  5	 | 	16	 | 	24,08
  7	 | 	8	 | 	5,83
  8	 | 	26	 | 	25,50
  8	 | 	29	 | 	33,24
  10	 | 	12	 | 	4,47
  10	 | 	13	 | 	2,00
  12	 | 	17	 | 	6,08
  14	 | 	17	 | 	2,24
  14	 | 	22	 | 	8,06
  15	 | 	16	 | 	3,61
  15	 | 	18	 | 	4,00
  17	 | 	19	 | 	2,83
  20	 | 	21	 | 	5,83
  21	 | 	23	 | 	5,00
  21	 | 	26	 | 	5,66
  22	 | 	23	 | 	5,10
  24	 | 	25	 | 	7,21
  27	 | 	29	 | 	2,00
  28	 | 	29	 | 	7,21
  2	 | 	18	 | 	35,17
  6	 | 	10	 | 	8,00
  11	 | 	27	 | 	24,19
  11	 | 	15	 | 	7,21
  9	 | 	25	 | 	23,54
  7	 | 	9	 | 	2,00
  7	 | 	19	 | 	12,04
  11	 | 	18	 | 	6,00
___________________________
Simulation Topology [2:10]
___________________________
From 	  To 		Length
___________________________
  27	 | 	28	 | 	5,66
  26	 | 	29	 | 	8,06
  25	 | 	28	 | 	3,00
  25	 | 	26	 | 	7,07
  24	 | 	27	 | 	11,18
  24	 | 	26	 | 	3,16
  21	 | 	22	 | 	2,24
  20	 | 	23	 | 	7,28
  20	 | 	22	 | 	3,61
  19	 | 	22	 | 	7,62
  18	 | 	21	 | 	7,21
  17	 | 	27	 | 	23,19
  16	 | 	24	 | 	10,05
  16	 | 	17	 | 	4,47
  15	 | 	17	 | 	5,39
  14	 | 	16	 | 	2,24
  13	 | 	23	 | 	12,21
  12	 | 	15	 | 	11,40
  12	 | 	13	 | 	4,00
  11	 | 	12	 | 	8,60
  10	 | 	29	 | 	26,25
  10	 | 	11	 | 	9,06
  0	 | 	1	 | 	5,39
  0	 | 	2	 | 	5,00
  0	 | 	24	 | 	37,34
  1	 | 	2	 | 	5,10
  1	 | 	13	 | 	28,16
  3	 | 	4	 | 	2,00
  3	 | 	5	 | 	4,12
  3	 | 	12	 | 	17,03
  4	 | 	5	 | 	4,12
  4	 | 	6	 | 	11,05
  5	 | 	16	 | 	24,08
  7	 | 	8	 | 	5,83
  8	 | 	26	 | 	25,50
  8	 | 	29	 | 	33,24
  10	 | 	12	 | 	4,47
  10	 | 	13	 | 	2,00
  12	 | 	17	 | 	6,08
  14	 | 	17	 | 	2,24
  14	 | 	22	 | 	8,06
  15	 | 	16	 | 	3,61
  15	 | 	18	 | 	4,00
  17	 | 	19	 | 	2,83
  20	 | 	21	 | 	5,83
  21	 | 	23	 | 	5,00
  21	 | 	26	 | 	5,66
  22	 | 	23	 | 	5,10
  24	 | 	25	 | 	7,21
  27	 | 	29	 | 	2,00
  28	 | 	29	 | 	7,21
  2	 | 	18	 | 	35,17
  6	 | 	10	 | 	8,00
  11	 | 	27	 | 	24,19
  11	 | 	15	 | 	7,21
  9	 | 	25	 | 	23,54
  7	 | 	9	 | 	2,00
  7	 | 	19	 | 	12,04
  11	 | 	18	 | 	6,00
  6	 | 	9	 | 	7,62
___________________________
Simulation Topology [2:11]
___________________________
From 	  To 		Length
___________________________
  27	 | 	28	 | 	5,66
  26	 | 	29	 | 	8,06
  25	 | 	28	 | 	3,00
  25	 | 	26	 | 	7,07
  24	 | 	27	 | 	11,18
  24	 | 	26	 | 	3,16
  21	 | 	22	 | 	2,24
  20	 | 	23	 | 	7,28
  20	 | 	22	 | 	3,61
  19	 | 	22	 | 	7,62
  18	 | 	21	 | 	7,21
  17	 | 	27	 | 	23,19
  16	 | 	24	 | 	10,05
  16	 | 	17	 | 	4,47
  15	 | 	17	 | 	5,39
  14	 | 	16	 | 	2,24
  13	 | 	23	 | 	12,21
  12	 | 	15	 | 	11,40
  12	 | 	13	 | 	4,00
  11	 | 	12	 | 	8,60
  10	 | 	29	 | 	26,25
  10	 | 	11	 | 	9,06
  0	 | 	1	 | 	5,39
  0	 | 	2	 | 	5,00
  0	 | 	24	 | 	37,34
  1	 | 	2	 | 	5,10
  1	 | 	13	 | 	28,16
  3	 | 	4	 | 	2,00
  3	 | 	5	 | 	4,12
  3	 | 	12	 | 	17,03
  4	 | 	5	 | 	4,12
  4	 | 	6	 | 	11,05
  5	 | 	16	 | 	24,08
  7	 | 	8	 | 	5,83
  8	 | 	26	 | 	25,50
  8	 | 	29	 | 	33,24
  10	 | 	12	 | 	4,47
  10	 | 	13	 | 	2,00
  12	 | 	17	 | 	6,08
  14	 | 	17	 | 	2,24
  14	 | 	22	 | 	8,06
  15	 | 	16	 | 	3,61
  15	 | 	18	 | 	4,00
  17	 | 	19	 | 	2,83
  20	 | 	21	 | 	5,83
  21	 | 	23	 | 	5,00
  21	 | 	26	 | 	5,66
  22	 | 	23	 | 	5,10
  24	 | 	25	 | 	7,21
  27	 | 	29	 | 	2,00
  28	 | 	29	 | 	7,21
  2	 | 	18	 | 	35,17
  6	 | 	10	 | 	8,00
  11	 | 	27	 | 	24,19
  11	 | 	15	 | 	7,21
  9	 | 	25	 | 	23,54
  7	 | 	9	 | 	2,00
  7	 | 	19	 | 	12,04
  11	 | 	18	 | 	6,00
  6	 | 	9	 | 	7,62
  19	 | 	20	 | 	4,12
___________________________
Simulation Topology [2:12]
___________________________
From 	  To 		Length
___________________________
  27	 | 	28	 | 	5,66
  26	 | 	29	 | 	8,06
  25	 | 	28	 | 	3,00
  25	 | 	26	 | 	7,07
  24	 | 	27	 | 	11,18
  24	 | 	26	 | 	3,16
  21	 | 	22	 | 	2,24
  20	 | 	23	 | 	7,28
  20	 | 	22	 | 	3,61
  19	 | 	22	 | 	7,62
  18	 | 	21	 | 	7,21
  17	 | 	27	 | 	23,19
  16	 | 	24	 | 	10,05
  16	 | 	17	 | 	4,47
  15	 | 	17	 | 	5,39
  14	 | 	16	 | 	2,24
  13	 | 	23	 | 	12,21
  12	 | 	15	 | 	11,40
  12	 | 	13	 | 	4,00
  11	 | 	12	 | 	8,60
  10	 | 	29	 | 	26,25
  10	 | 	11	 | 	9,06
  0	 | 	1	 | 	5,39
  0	 | 	2	 | 	5,00
  0	 | 	24	 | 	37,34
  1	 | 	2	 | 	5,10
  1	 | 	13	 | 	28,16
  3	 | 	4	 | 	2,00
  3	 | 	5	 | 	4,12
  3	 | 	12	 | 	17,03
  4	 | 	5	 | 	4,12
  4	 | 	6	 | 	11,05
  5	 | 	16	 | 	24,08
  7	 | 	8	 | 	5,83
  8	 | 	26	 | 	25,50
  8	 | 	29	 | 	33,24
  10	 | 	12	 | 	4,47
  10	 | 	13	 | 	2,00
  12	 | 	17	 | 	6,08
  14	 | 	17	 | 	2,24
  14	 | 	22	 | 	8,06
  15	 | 	16	 | 	3,61
  15	 | 	18	 | 	4,00
  17	 | 	19	 | 	2,83
  20	 | 	21	 | 	5,83
  21	 | 	23	 | 	5,00
  21	 | 	26	 | 	5,66
  22	 | 	23	 | 	5,10
  24	 | 	25	 | 	7,21
  27	 | 	29	 | 	2,00
  28	 | 	29	 | 	7,21
  2	 | 	18	 | 	35,17
  6	 | 	10	 | 	8,00
  11	 | 	27	 | 	24,19
  11	 | 	15	 | 	7,21
  9	 | 	25	 | 	23,54
  7	 | 	9	 | 	2,00
  7	 | 	19	 | 	12,04
  11	 | 	18	 | 	6,00
  6	 | 	9	 | 	7,62
  19	 | 	20	 | 	4,12
___________________________
