Simulation Topology 1
___________________________
[5]				[2]		
[9]				[1]		
[0]				[14]		
[4]				[13]		
[3]				[16]		
[2]				[18]		
[6]				[16]		
[0]				[17]		
[3]				[23]		
[7]				[21]		
[3]				[26]		
[1]				[27]		
[5]				[24]		
[8]				[26]		
[7]				[38]		
___________________________
Simulation Topology [1:1]
___________________________
From 	  To 		Length
___________________________
  0	 | 	1	 | 	4,12
  0	 | 	4	 | 	14,14
  0	 | 	6	 | 	14,04
  0	 | 	14	 | 	36,06
  1	 | 	2	 | 	15,81
  1	 | 	8	 | 	22,80
  1	 | 	13	 | 	25,02
  2	 | 	3	 | 	4,12
  3	 | 	13	 | 	13,60
  4	 | 	5	 | 	2,24
  4	 | 	7	 | 	3,16
  5	 | 	10	 | 	8,06
  5	 | 	14	 | 	20,62
  6	 | 	12	 | 	8,06
  9	 | 	12	 | 	3,61
  10	 | 	11	 | 	2,24
  10	 | 	13	 | 	5,00
  11	 | 	12	 | 	5,00
  12	 | 	13	 | 	3,61
___________________________
Simulation Topology [1:2]
___________________________
From 	  To 		Length
___________________________
  0	 | 	1	 | 	4,12
  0	 | 	4	 | 	14,14
  0	 | 	6	 | 	14,04
  0	 | 	14	 | 	36,06
  1	 | 	2	 | 	15,81
  1	 | 	8	 | 	22,80
  1	 | 	13	 | 	25,02
  2	 | 	3	 | 	4,12
  3	 | 	13	 | 	13,60
  4	 | 	5	 | 	2,24
  4	 | 	7	 | 	3,16
  5	 | 	10	 | 	8,06
  5	 | 	14	 | 	20,62
  6	 | 	12	 | 	8,06
  9	 | 	12	 | 	3,61
  10	 | 	11	 | 	2,24
  10	 | 	13	 | 	5,00
  11	 | 	12	 | 	5,00
  12	 | 	13	 | 	3,61
  7	 | 	11	 | 	10,05
___________________________
Simulation Topology [1:3]
___________________________
From 	  To 		Length
___________________________
  0	 | 	1	 | 	4,12
  0	 | 	4	 | 	14,14
  0	 | 	6	 | 	14,04
  0	 | 	14	 | 	36,06
  1	 | 	2	 | 	15,81
  1	 | 	8	 | 	22,80
  1	 | 	13	 | 	25,02
  2	 | 	3	 | 	4,12
  3	 | 	13	 | 	13,60
  4	 | 	5	 | 	2,24
  4	 | 	7	 | 	3,16
  5	 | 	10	 | 	8,06
  5	 | 	14	 | 	20,62
  6	 | 	12	 | 	8,06
  9	 | 	12	 | 	3,61
  10	 | 	11	 | 	2,24
  10	 | 	13	 | 	5,00
  11	 | 	12	 | 	5,00
  12	 | 	13	 | 	3,61
  7	 | 	11	 | 	10,05
  9	 | 	14	 | 	17,00
___________________________
Simulation Topology [1:4]
___________________________
From 	  To 		Length
___________________________
  0	 | 	1	 | 	4,12
  0	 | 	4	 | 	14,14
  0	 | 	6	 | 	14,04
  0	 | 	14	 | 	36,06
  1	 | 	2	 | 	15,81
  1	 | 	8	 | 	22,80
  1	 | 	13	 | 	25,02
  2	 | 	3	 | 	4,12
  3	 | 	13	 | 	13,60
  4	 | 	5	 | 	2,24
  4	 | 	7	 | 	3,16
  5	 | 	10	 | 	8,06
  5	 | 	14	 | 	20,62
  6	 | 	12	 | 	8,06
  9	 | 	12	 | 	3,61
  10	 | 	11	 | 	2,24
  10	 | 	13	 | 	5,00
  11	 | 	12	 | 	5,00
  12	 | 	13	 | 	3,61
  7	 | 	11	 | 	10,05
  9	 | 	14	 | 	17,00
  5	 | 	9	 | 	5,83
___________________________
Simulation Topology [1:5]
___________________________
From 	  To 		Length
___________________________
  0	 | 	1	 | 	4,12
  0	 | 	4	 | 	14,14
  0	 | 	6	 | 	14,04
  0	 | 	14	 | 	36,06
  1	 | 	2	 | 	15,81
  1	 | 	8	 | 	22,80
  1	 | 	13	 | 	25,02
  2	 | 	3	 | 	4,12
  3	 | 	13	 | 	13,60
  4	 | 	5	 | 	2,24
  4	 | 	7	 | 	3,16
  5	 | 	10	 | 	8,06
  5	 | 	14	 | 	20,62
  6	 | 	12	 | 	8,06
  9	 | 	12	 | 	3,61
  10	 | 	11	 | 	2,24
  10	 | 	13	 | 	5,00
  11	 | 	12	 | 	5,00
  12	 | 	13	 | 	3,61
  7	 | 	11	 | 	10,05
  9	 | 	14	 | 	17,00
  5	 | 	9	 | 	5,83
  4	 | 	11	 | 	11,18
___________________________
Simulation Topology [1:6]
___________________________
From 	  To 		Length
___________________________
  0	 | 	1	 | 	4,12
  0	 | 	4	 | 	14,14
  0	 | 	6	 | 	14,04
  0	 | 	14	 | 	36,06
  1	 | 	2	 | 	15,81
  1	 | 	8	 | 	22,80
  1	 | 	13	 | 	25,02
  2	 | 	3	 | 	4,12
  3	 | 	13	 | 	13,60
  4	 | 	5	 | 	2,24
  4	 | 	7	 | 	3,16
  5	 | 	10	 | 	8,06
  5	 | 	14	 | 	20,62
  6	 | 	12	 | 	8,06
  9	 | 	12	 | 	3,61
  10	 | 	11	 | 	2,24
  10	 | 	13	 | 	5,00
  11	 | 	12	 | 	5,00
  12	 | 	13	 | 	3,61
  7	 | 	11	 | 	10,05
  9	 | 	14	 | 	17,00
  5	 | 	9	 | 	5,83
  4	 | 	11	 | 	11,18
  3	 | 	10	 | 	13,04
___________________________
Simulation Topology 2
___________________________
[5]				[2]		
[8]				[4]		
[3]				[7]		
[3]				[5]		
[5]				[5]		
[4]				[11]		
[0]				[8]		
[8]				[11]		
[5]				[15]		
[4]				[19]		
[9]				[20]		
[0]				[26]		
[9]				[24]		
[4]				[25]		
[2]				[24]		
___________________________
Simulation Topology [2:0]
___________________________
From 	  To 		Length
___________________________
  3	 | 	10	 | 	16,16
  4	 | 	11	 | 	21,59
  5	 | 	9	 | 	8,00
  9	 | 	14	 | 	5,39
  7	 | 	11	 | 	17,00
  12	 | 	13	 | 	5,10
  11	 | 	12	 | 	9,22
  10	 | 	13	 | 	7,07
  10	 | 	11	 | 	10,82
  9	 | 	12	 | 	7,07
  6	 | 	12	 | 	18,36
  5	 | 	14	 | 	13,15
  0	 | 	1	 | 	3,61
  0	 | 	2	 | 	5,39
  0	 | 	7	 | 	9,49
  1	 | 	6	 | 	8,94
  1	 | 	7	 | 	7,00
  1	 | 	9	 | 	15,52
  2	 | 	3	 | 	2,00
  2	 | 	10	 | 	14,32
  2	 | 	14	 | 	17,03
  3	 | 	13	 | 	20,02
  4	 | 	5	 | 	6,08
  4	 | 	6	 | 	5,83
  4	 | 	12	 | 	19,42
  5	 | 	6	 | 	5,00
  6	 | 	10	 | 	15,00
  7	 | 	8	 | 	5,00
  8	 | 	10	 | 	6,40
  9	 | 	10	 | 	5,10
  9	 | 	13	 | 	6,00
___________________________
Simulation Topology [2:1]
___________________________
From 	  To 		Length
___________________________
  3	 | 	10	 | 	16,16
  4	 | 	11	 | 	21,59
  5	 | 	9	 | 	8,00
  9	 | 	14	 | 	5,39
  7	 | 	11	 | 	17,00
  12	 | 	13	 | 	5,10
  11	 | 	12	 | 	9,22
  10	 | 	13	 | 	7,07
  10	 | 	11	 | 	10,82
  9	 | 	12	 | 	7,07
  6	 | 	12	 | 	18,36
  5	 | 	14	 | 	13,15
  0	 | 	1	 | 	3,61
  0	 | 	2	 | 	5,39
  0	 | 	7	 | 	9,49
  1	 | 	6	 | 	8,94
  1	 | 	7	 | 	7,00
  1	 | 	9	 | 	15,52
  2	 | 	3	 | 	2,00
  2	 | 	10	 | 	14,32
  2	 | 	14	 | 	17,03
  3	 | 	13	 | 	20,02
  4	 | 	5	 | 	6,08
  4	 | 	6	 | 	5,83
  4	 | 	12	 | 	19,42
  5	 | 	6	 | 	5,00
  6	 | 	10	 | 	15,00
  7	 | 	8	 | 	5,00
  8	 | 	10	 | 	6,40
  9	 | 	10	 | 	5,10
  9	 | 	13	 | 	6,00
  8	 | 	11	 | 	12,08
___________________________
Simulation Topology [2:2]
___________________________
From 	  To 		Length
___________________________
  3	 | 	10	 | 	16,16
  4	 | 	11	 | 	21,59
  5	 | 	9	 | 	8,00
  9	 | 	14	 | 	5,39
  7	 | 	11	 | 	17,00
  12	 | 	13	 | 	5,10
  11	 | 	12	 | 	9,22
  10	 | 	13	 | 	7,07
  10	 | 	11	 | 	10,82
  9	 | 	12	 | 	7,07
  6	 | 	12	 | 	18,36
  5	 | 	14	 | 	13,15
  0	 | 	1	 | 	3,61
  0	 | 	2	 | 	5,39
  0	 | 	7	 | 	9,49
  1	 | 	6	 | 	8,94
  1	 | 	7	 | 	7,00
  1	 | 	9	 | 	15,52
  2	 | 	3	 | 	2,00
  2	 | 	10	 | 	14,32
  2	 | 	14	 | 	17,03
  3	 | 	13	 | 	20,02
  4	 | 	5	 | 	6,08
  4	 | 	6	 | 	5,83
  4	 | 	12	 | 	19,42
  5	 | 	6	 | 	5,00
  6	 | 	10	 | 	15,00
  7	 | 	8	 | 	5,00
  8	 | 	10	 | 	6,40
  9	 | 	10	 | 	5,10
  9	 | 	13	 | 	6,00
  8	 | 	11	 | 	12,08
  5	 | 	13	 | 	14,00
___________________________
Simulation Topology [2:3]
___________________________
From 	  To 		Length
___________________________
  3	 | 	10	 | 	16,16
  4	 | 	11	 | 	21,59
  5	 | 	9	 | 	8,00
  9	 | 	14	 | 	5,39
  7	 | 	11	 | 	17,00
  12	 | 	13	 | 	5,10
  11	 | 	12	 | 	9,22
  10	 | 	13	 | 	7,07
  10	 | 	11	 | 	10,82
  9	 | 	12	 | 	7,07
  6	 | 	12	 | 	18,36
  5	 | 	14	 | 	13,15
  0	 | 	1	 | 	3,61
  0	 | 	2	 | 	5,39
  0	 | 	7	 | 	9,49
  1	 | 	6	 | 	8,94
  1	 | 	7	 | 	7,00
  1	 | 	9	 | 	15,52
  2	 | 	3	 | 	2,00
  2	 | 	10	 | 	14,32
  2	 | 	14	 | 	17,03
  3	 | 	13	 | 	20,02
  4	 | 	5	 | 	6,08
  4	 | 	6	 | 	5,83
  4	 | 	12	 | 	19,42
  5	 | 	6	 | 	5,00
  6	 | 	10	 | 	15,00
  7	 | 	8	 | 	5,00
  8	 | 	10	 | 	6,40
  9	 | 	10	 | 	5,10
  9	 | 	13	 | 	6,00
  8	 | 	11	 | 	12,08
  5	 | 	13	 | 	14,00
  3	 | 	12	 | 	19,92
___________________________
Simulation Topology [2:4]
___________________________
From 	  To 		Length
___________________________
  3	 | 	10	 | 	16,16
  4	 | 	11	 | 	21,59
  5	 | 	9	 | 	8,00
  9	 | 	14	 | 	5,39
  7	 | 	11	 | 	17,00
  12	 | 	13	 | 	5,10
  11	 | 	12	 | 	9,22
  10	 | 	13	 | 	7,07
  10	 | 	11	 | 	10,82
  9	 | 	12	 | 	7,07
  6	 | 	12	 | 	18,36
  5	 | 	14	 | 	13,15
  0	 | 	1	 | 	3,61
  0	 | 	2	 | 	5,39
  0	 | 	7	 | 	9,49
  1	 | 	6	 | 	8,94
  1	 | 	7	 | 	7,00
  1	 | 	9	 | 	15,52
  2	 | 	3	 | 	2,00
  2	 | 	10	 | 	14,32
  2	 | 	14	 | 	17,03
  3	 | 	13	 | 	20,02
  4	 | 	5	 | 	6,08
  4	 | 	6	 | 	5,83
  4	 | 	12	 | 	19,42
  5	 | 	6	 | 	5,00
  6	 | 	10	 | 	15,00
  7	 | 	8	 | 	5,00
  8	 | 	10	 | 	6,40
  9	 | 	10	 | 	5,10
  9	 | 	13	 | 	6,00
  8	 | 	11	 | 	12,08
  5	 | 	13	 | 	14,00
  3	 | 	12	 | 	19,92
  11	 | 	14	 | 	2,83
___________________________
Simulation Topology [2:5]
___________________________
From 	  To 		Length
___________________________
  3	 | 	10	 | 	16,16
  4	 | 	11	 | 	21,59
  5	 | 	9	 | 	8,00
  9	 | 	14	 | 	5,39
  7	 | 	11	 | 	17,00
  12	 | 	13	 | 	5,10
  11	 | 	12	 | 	9,22
  10	 | 	13	 | 	7,07
  10	 | 	11	 | 	10,82
  9	 | 	12	 | 	7,07
  6	 | 	12	 | 	18,36
  5	 | 	14	 | 	13,15
  0	 | 	1	 | 	3,61
  0	 | 	2	 | 	5,39
  0	 | 	7	 | 	9,49
  1	 | 	6	 | 	8,94
  1	 | 	7	 | 	7,00
  1	 | 	9	 | 	15,52
  2	 | 	3	 | 	2,00
  2	 | 	10	 | 	14,32
  2	 | 	14	 | 	17,03
  3	 | 	13	 | 	20,02
  4	 | 	5	 | 	6,08
  4	 | 	6	 | 	5,83
  4	 | 	12	 | 	19,42
  5	 | 	6	 | 	5,00
  6	 | 	10	 | 	15,00
  7	 | 	8	 | 	5,00
  8	 | 	10	 | 	6,40
  9	 | 	10	 | 	5,10
  9	 | 	13	 | 	6,00
  8	 | 	11	 | 	12,08
  5	 | 	13	 | 	14,00
  3	 | 	12	 | 	19,92
  11	 | 	14	 | 	2,83
___________________________
Simulation Topology [2:6]
___________________________
From 	  To 		Length
___________________________
  3	 | 	10	 | 	16,16
  4	 | 	11	 | 	21,59
  5	 | 	9	 | 	8,00
  9	 | 	14	 | 	5,39
  7	 | 	11	 | 	17,00
  12	 | 	13	 | 	5,10
  11	 | 	12	 | 	9,22
  10	 | 	13	 | 	7,07
  10	 | 	11	 | 	10,82
  9	 | 	12	 | 	7,07
  6	 | 	12	 | 	18,36
  5	 | 	14	 | 	13,15
  0	 | 	1	 | 	3,61
  0	 | 	2	 | 	5,39
  0	 | 	7	 | 	9,49
  1	 | 	6	 | 	8,94
  1	 | 	7	 | 	7,00
  1	 | 	9	 | 	15,52
  2	 | 	3	 | 	2,00
  2	 | 	10	 | 	14,32
  2	 | 	14	 | 	17,03
  3	 | 	13	 | 	20,02
  4	 | 	5	 | 	6,08
  4	 | 	6	 | 	5,83
  4	 | 	12	 | 	19,42
  5	 | 	6	 | 	5,00
  6	 | 	10	 | 	15,00
  7	 | 	8	 | 	5,00
  8	 | 	10	 | 	6,40
  9	 | 	10	 | 	5,10
  9	 | 	13	 | 	6,00
  8	 | 	11	 | 	12,08
  5	 | 	13	 | 	14,00
  3	 | 	12	 | 	19,92
  11	 | 	14	 | 	2,83
___________________________
