Simulation Topology 1
___________________________
[2]				[3]		
[4]				[15]		
[0]				[14]		
[8]				[15]		
[4]				[19]		
[0]				[19]		
[8]				[18]		
[4]				[23]		
[9]				[22]		
[7]				[22]		
[7]				[25]		
[0]				[27]		
[2]				[24]		
[9]				[28]		
[7]				[31]		
___________________________
Simulation Topology [1:3]
___________________________
From 	  To 		Length
___________________________
  0	 | 	2	 | 	11,18
  0	 | 	9	 | 	19,65
  0	 | 	12	 | 	21,00
  0	 | 	13	 | 	25,96
  1	 | 	2	 | 	4,12
  1	 | 	7	 | 	8,00
  1	 | 	8	 | 	8,60
  1	 | 	9	 | 	7,62
  1	 | 	14	 | 	16,28
  2	 | 	6	 | 	8,94
  2	 | 	11	 | 	13,00
  2	 | 	12	 | 	10,20
  3	 | 	4	 | 	5,66
  3	 | 	5	 | 	8,94
  4	 | 	5	 | 	4,00
  5	 | 	8	 | 	9,49
  5	 | 	10	 | 	9,22
  6	 | 	7	 | 	6,40
  6	 | 	14	 | 	13,04
  7	 | 	8	 | 	5,10
  7	 | 	12	 | 	2,24
  8	 | 	11	 | 	10,30
  8	 | 	14	 | 	9,22
  9	 | 	10	 | 	3,00
  10	 | 	13	 | 	3,61
  11	 | 	14	 | 	8,06
  12	 | 	13	 | 	8,06
___________________________
Simulation Topology [1:4]
___________________________
From 	  To 		Length
___________________________
  0	 | 	2	 | 	11,18
  0	 | 	9	 | 	19,65
  0	 | 	12	 | 	21,00
  0	 | 	13	 | 	25,96
  1	 | 	2	 | 	4,12
  1	 | 	7	 | 	8,00
  1	 | 	8	 | 	8,60
  1	 | 	9	 | 	7,62
  1	 | 	14	 | 	16,28
  2	 | 	6	 | 	8,94
  2	 | 	11	 | 	13,00
  2	 | 	12	 | 	10,20
  3	 | 	4	 | 	5,66
  3	 | 	5	 | 	8,94
  4	 | 	5	 | 	4,00
  5	 | 	8	 | 	9,49
  5	 | 	10	 | 	9,22
  6	 | 	7	 | 	6,40
  6	 | 	14	 | 	13,04
  7	 | 	8	 | 	5,10
  7	 | 	12	 | 	2,24
  8	 | 	11	 | 	10,30
  8	 | 	14	 | 	9,22
  9	 | 	10	 | 	3,00
  10	 | 	13	 | 	3,61
  11	 | 	14	 | 	8,06
  12	 | 	13	 | 	8,06
  3	 | 	11	 | 	14,42
___________________________
Simulation Topology [1:5]
___________________________
From 	  To 		Length
___________________________
  0	 | 	2	 | 	11,18
  0	 | 	9	 | 	19,65
  0	 | 	12	 | 	21,00
  0	 | 	13	 | 	25,96
  1	 | 	2	 | 	4,12
  1	 | 	7	 | 	8,00
  1	 | 	8	 | 	8,60
  1	 | 	9	 | 	7,62
  1	 | 	14	 | 	16,28
  2	 | 	6	 | 	8,94
  2	 | 	11	 | 	13,00
  2	 | 	12	 | 	10,20
  3	 | 	4	 | 	5,66
  3	 | 	5	 | 	8,94
  4	 | 	5	 | 	4,00
  5	 | 	8	 | 	9,49
  5	 | 	10	 | 	9,22
  6	 | 	7	 | 	6,40
  6	 | 	14	 | 	13,04
  7	 | 	8	 | 	5,10
  7	 | 	12	 | 	2,24
  8	 | 	11	 | 	10,30
  8	 | 	14	 | 	9,22
  9	 | 	10	 | 	3,00
  10	 | 	13	 | 	3,61
  11	 | 	14	 | 	8,06
  12	 | 	13	 | 	8,06
  3	 | 	11	 | 	14,42
  4	 | 	6	 | 	4,12
___________________________
Simulation Topology [1:6]
___________________________
From 	  To 		Length
___________________________
  0	 | 	2	 | 	11,18
  0	 | 	9	 | 	19,65
  0	 | 	12	 | 	21,00
  0	 | 	13	 | 	25,96
  1	 | 	2	 | 	4,12
  1	 | 	7	 | 	8,00
  1	 | 	8	 | 	8,60
  1	 | 	9	 | 	7,62
  1	 | 	14	 | 	16,28
  2	 | 	6	 | 	8,94
  2	 | 	11	 | 	13,00
  2	 | 	12	 | 	10,20
  3	 | 	4	 | 	5,66
  3	 | 	5	 | 	8,94
  4	 | 	5	 | 	4,00
  5	 | 	8	 | 	9,49
  5	 | 	10	 | 	9,22
  6	 | 	7	 | 	6,40
  6	 | 	14	 | 	13,04
  7	 | 	8	 | 	5,10
  7	 | 	12	 | 	2,24
  8	 | 	11	 | 	10,30
  8	 | 	14	 | 	9,22
  9	 | 	10	 | 	3,00
  10	 | 	13	 | 	3,61
  11	 | 	14	 | 	8,06
  12	 | 	13	 | 	8,06
  3	 | 	11	 | 	14,42
  4	 | 	6	 | 	4,12
  3	 | 	14	 | 	16,03
___________________________
Simulation Topology 2
___________________________
[6]				[3]		
[3]				[1]		
[8]				[2]		
[1]				[9]		
[4]				[10]		
[9]				[9]		
[3]				[8]		
[2]				[15]		
[2]				[17]		
[7]				[19]		
[5]				[19]		
[1]				[19]		
[7]				[21]		
[0]				[27]		
[8]				[24]		
___________________________
Simulation Topology [2:6]
___________________________
From 	  To 		Length
___________________________
  3	 | 	14	 | 	16,55
  4	 | 	6	 | 	2,24
  3	 | 	11	 | 	10,00
  12	 | 	13	 | 	9,22
  11	 | 	14	 | 	8,60
  10	 | 	13	 | 	9,43
  9	 | 	10	 | 	2,00
  8	 | 	14	 | 	9,22
  8	 | 	11	 | 	2,24
  7	 | 	12	 | 	7,81
  7	 | 	8	 | 	2,00
  6	 | 	14	 | 	16,76
  6	 | 	7	 | 	7,07
  5	 | 	10	 | 	10,77
  5	 | 	8	 | 	10,63
  0	 | 	2	 | 	2,24
  0	 | 	4	 | 	7,28
  0	 | 	9	 | 	16,03
  0	 | 	11	 | 	16,76
  0	 | 	14	 | 	21,10
  1	 | 	2	 | 	5,10
  1	 | 	4	 | 	9,06
  1	 | 	6	 | 	7,00
  1	 | 	12	 | 	20,40
  1	 | 	14	 | 	23,54
  2	 | 	9	 | 	17,03
  2	 | 	11	 | 	18,38
  2	 | 	14	 | 	22,00
  3	 | 	4	 | 	3,16
  3	 | 	8	 | 	8,06
  3	 | 	10	 | 	10,77
  3	 | 	12	 | 	13,42
  3	 | 	13	 | 	18,03
  6	 | 	8	 | 	9,06
  8	 | 	13	 | 	10,20
  9	 | 	14	 | 	5,10
  10	 | 	14	 | 	5,83
___________________________
