Simulation Topology 1
___________________________
[2]				[0]		
[7]				[3]		
[7]				[1]		
[8]				[5]		
[5]				[10]		
[2]				[11]		
[7]				[15]		
[0]				[17]		
[2]				[17]		
[4]				[17]		
[9]				[18]		
[0]				[23]		
[4]				[23]		
[6]				[21]		
[0]				[21]		
___________________________
Simulation Topology [1:3]
___________________________
From 	  To 		Length
___________________________
  0	 | 	1	 | 	5,83
  0	 | 	2	 | 	5,10
  0	 | 	6	 | 	15,81
  0	 | 	8	 | 	17,00
  0	 | 	14	 | 	21,10
  1	 | 	2	 | 	2,00
  1	 | 	5	 | 	9,43
  1	 | 	9	 | 	14,32
  2	 | 	7	 | 	17,46
  2	 | 	10	 | 	17,12
  2	 | 	14	 | 	21,19
  3	 | 	4	 | 	5,83
  3	 | 	9	 | 	12,65
  3	 | 	11	 | 	19,70
  3	 | 	13	 | 	16,12
  4	 | 	6	 | 	5,39
  5	 | 	6	 | 	6,40
  5	 | 	8	 | 	6,00
  5	 | 	13	 | 	10,77
  6	 | 	8	 | 	5,39
  6	 | 	9	 | 	3,61
  7	 | 	8	 | 	2,00
  7	 | 	12	 | 	7,21
  8	 | 	14	 | 	4,47
  9	 | 	11	 | 	7,21
  9	 | 	12	 | 	6,00
  10	 | 	12	 | 	7,07
___________________________
Simulation Topology [1:4]
___________________________
From 	  To 		Length
___________________________
  0	 | 	1	 | 	5,83
  0	 | 	2	 | 	5,10
  0	 | 	6	 | 	15,81
  0	 | 	8	 | 	17,00
  0	 | 	14	 | 	21,10
  1	 | 	2	 | 	2,00
  1	 | 	5	 | 	9,43
  1	 | 	9	 | 	14,32
  2	 | 	7	 | 	17,46
  2	 | 	10	 | 	17,12
  2	 | 	14	 | 	21,19
  3	 | 	4	 | 	5,83
  3	 | 	9	 | 	12,65
  3	 | 	11	 | 	19,70
  3	 | 	13	 | 	16,12
  4	 | 	6	 | 	5,39
  5	 | 	6	 | 	6,40
  5	 | 	8	 | 	6,00
  5	 | 	13	 | 	10,77
  6	 | 	8	 | 	5,39
  6	 | 	9	 | 	3,61
  7	 | 	8	 | 	2,00
  7	 | 	12	 | 	7,21
  8	 | 	14	 | 	4,47
  9	 | 	11	 | 	7,21
  9	 | 	12	 | 	6,00
  10	 | 	12	 | 	7,07
  10	 | 	11	 | 	10,30
___________________________
Simulation Topology [1:5]
___________________________
From 	  To 		Length
___________________________
  0	 | 	1	 | 	5,83
  0	 | 	2	 | 	5,10
  0	 | 	6	 | 	15,81
  0	 | 	8	 | 	17,00
  0	 | 	14	 | 	21,10
  1	 | 	2	 | 	2,00
  1	 | 	5	 | 	9,43
  1	 | 	9	 | 	14,32
  2	 | 	7	 | 	17,46
  2	 | 	10	 | 	17,12
  2	 | 	14	 | 	21,19
  3	 | 	4	 | 	5,83
  3	 | 	9	 | 	12,65
  3	 | 	11	 | 	19,70
  3	 | 	13	 | 	16,12
  4	 | 	6	 | 	5,39
  5	 | 	6	 | 	6,40
  5	 | 	8	 | 	6,00
  5	 | 	13	 | 	10,77
  6	 | 	8	 | 	5,39
  6	 | 	9	 | 	3,61
  7	 | 	8	 | 	2,00
  7	 | 	12	 | 	7,21
  8	 | 	14	 | 	4,47
  9	 | 	11	 | 	7,21
  9	 | 	12	 | 	6,00
  10	 | 	12	 | 	7,07
  10	 | 	11	 | 	10,30
  10	 | 	14	 | 	9,49
___________________________
Simulation Topology [1:6]
___________________________
From 	  To 		Length
___________________________
  0	 | 	1	 | 	5,83
  0	 | 	2	 | 	5,10
  0	 | 	6	 | 	15,81
  0	 | 	8	 | 	17,00
  0	 | 	14	 | 	21,10
  1	 | 	2	 | 	2,00
  1	 | 	5	 | 	9,43
  1	 | 	9	 | 	14,32
  2	 | 	7	 | 	17,46
  2	 | 	10	 | 	17,12
  2	 | 	14	 | 	21,19
  3	 | 	4	 | 	5,83
  3	 | 	9	 | 	12,65
  3	 | 	11	 | 	19,70
  3	 | 	13	 | 	16,12
  4	 | 	6	 | 	5,39
  5	 | 	6	 | 	6,40
  5	 | 	8	 | 	6,00
  5	 | 	13	 | 	10,77
  6	 | 	8	 | 	5,39
  6	 | 	9	 | 	3,61
  7	 | 	8	 | 	2,00
  7	 | 	12	 | 	7,21
  8	 | 	14	 | 	4,47
  9	 | 	11	 | 	7,21
  9	 | 	12	 | 	6,00
  10	 | 	12	 | 	7,07
  10	 | 	11	 | 	10,30
  10	 | 	14	 | 	9,49
  3	 | 	10	 | 	13,04
___________________________
Simulation Topology 2
___________________________
[3]				[0]		
[4]				[6]		
[2]				[6]		
[0]				[6]		
[4]				[9]		
[3]				[12]		
[8]				[14]		
[5]				[20]		
[3]				[23]		
[7]				[25]		
[4]				[25]		
[2]				[26]		
[9]				[24]		
[0]				[38]		
[15]				[3]		
___________________________
Simulation Topology [2:0]
___________________________
From 	  To 		Length
___________________________
  3	 | 	10	 | 	19,42
  10	 | 	14	 | 	24,60
  10	 | 	11	 | 	2,24
  10	 | 	12	 | 	5,10
  9	 | 	12	 | 	2,24
  9	 | 	11	 | 	5,10
  8	 | 	14	 | 	23,32
  7	 | 	12	 | 	5,66
  7	 | 	8	 | 	3,61
  6	 | 	9	 | 	11,05
  6	 | 	8	 | 	10,30
  5	 | 	13	 | 	26,17
  5	 | 	8	 | 	11,00
  5	 | 	6	 | 	5,39
  4	 | 	6	 | 	6,40
  0	 | 	1	 | 	6,08
  0	 | 	2	 | 	6,08
  0	 | 	5	 | 	12,00
  0	 | 	6	 | 	14,87
  1	 | 	2	 | 	2,00
  1	 | 	4	 | 	3,00
  2	 | 	9	 | 	19,65
  3	 | 	4	 | 	5,00
  3	 | 	9	 | 	20,25
  3	 | 	13	 | 	32,00
  4	 | 	8	 | 	14,04
  5	 | 	7	 | 	8,25
  9	 | 	10	 | 	3,00
  11	 | 	13	 | 	12,17
  11	 | 	14	 | 	26,42
___________________________
Simulation Topology [2:1]
___________________________
From 	  To 		Length
___________________________
  3	 | 	10	 | 	19,42
  10	 | 	14	 | 	24,60
  10	 | 	11	 | 	2,24
  10	 | 	12	 | 	5,10
  9	 | 	12	 | 	2,24
  9	 | 	11	 | 	5,10
  8	 | 	14	 | 	23,32
  7	 | 	12	 | 	5,66
  7	 | 	8	 | 	3,61
  6	 | 	9	 | 	11,05
  6	 | 	8	 | 	10,30
  5	 | 	13	 | 	26,17
  5	 | 	8	 | 	11,00
  5	 | 	6	 | 	5,39
  4	 | 	6	 | 	6,40
  0	 | 	1	 | 	6,08
  0	 | 	2	 | 	6,08
  0	 | 	5	 | 	12,00
  0	 | 	6	 | 	14,87
  1	 | 	2	 | 	2,00
  1	 | 	4	 | 	3,00
  2	 | 	9	 | 	19,65
  3	 | 	4	 | 	5,00
  3	 | 	9	 | 	20,25
  3	 | 	13	 | 	32,00
  4	 | 	8	 | 	14,04
  5	 | 	7	 | 	8,25
  9	 | 	10	 | 	3,00
  11	 | 	13	 | 	12,17
  11	 | 	14	 | 	26,42
___________________________
Simulation Topology [2:2]
___________________________
From 	  To 		Length
___________________________
  3	 | 	10	 | 	19,42
  10	 | 	14	 | 	24,60
  10	 | 	11	 | 	2,24
  10	 | 	12	 | 	5,10
  9	 | 	12	 | 	2,24
  9	 | 	11	 | 	5,10
  8	 | 	14	 | 	23,32
  7	 | 	12	 | 	5,66
  7	 | 	8	 | 	3,61
  6	 | 	9	 | 	11,05
  6	 | 	8	 | 	10,30
  5	 | 	13	 | 	26,17
  5	 | 	8	 | 	11,00
  5	 | 	6	 | 	5,39
  4	 | 	6	 | 	6,40
  0	 | 	1	 | 	6,08
  0	 | 	2	 | 	6,08
  0	 | 	5	 | 	12,00
  0	 | 	6	 | 	14,87
  1	 | 	2	 | 	2,00
  1	 | 	4	 | 	3,00
  2	 | 	9	 | 	19,65
  3	 | 	4	 | 	5,00
  3	 | 	9	 | 	20,25
  3	 | 	13	 | 	32,00
  4	 | 	8	 | 	14,04
  5	 | 	7	 | 	8,25
  9	 | 	10	 | 	3,00
  11	 | 	13	 | 	12,17
  11	 | 	14	 | 	26,42
  8	 | 	12	 | 	6,08
___________________________
Simulation Topology [2:3]
___________________________
From 	  To 		Length
___________________________
  3	 | 	10	 | 	19,42
  10	 | 	14	 | 	24,60
  10	 | 	11	 | 	2,24
  10	 | 	12	 | 	5,10
  9	 | 	12	 | 	2,24
  9	 | 	11	 | 	5,10
  8	 | 	14	 | 	23,32
  7	 | 	12	 | 	5,66
  7	 | 	8	 | 	3,61
  6	 | 	9	 | 	11,05
  6	 | 	8	 | 	10,30
  5	 | 	13	 | 	26,17
  5	 | 	8	 | 	11,00
  5	 | 	6	 | 	5,39
  4	 | 	6	 | 	6,40
  0	 | 	1	 | 	6,08
  0	 | 	2	 | 	6,08
  0	 | 	5	 | 	12,00
  0	 | 	6	 | 	14,87
  1	 | 	2	 | 	2,00
  1	 | 	4	 | 	3,00
  2	 | 	9	 | 	19,65
  3	 | 	4	 | 	5,00
  3	 | 	9	 | 	20,25
  3	 | 	13	 | 	32,00
  4	 | 	8	 | 	14,04
  5	 | 	7	 | 	8,25
  9	 | 	10	 | 	3,00
  11	 | 	13	 | 	12,17
  11	 | 	14	 | 	26,42
  8	 | 	12	 | 	6,08
___________________________
Simulation Topology [2:4]
___________________________
From 	  To 		Length
___________________________
  3	 | 	10	 | 	19,42
  10	 | 	14	 | 	24,60
  10	 | 	11	 | 	2,24
  10	 | 	12	 | 	5,10
  9	 | 	12	 | 	2,24
  9	 | 	11	 | 	5,10
  8	 | 	14	 | 	23,32
  7	 | 	12	 | 	5,66
  7	 | 	8	 | 	3,61
  6	 | 	9	 | 	11,05
  6	 | 	8	 | 	10,30
  5	 | 	13	 | 	26,17
  5	 | 	8	 | 	11,00
  5	 | 	6	 | 	5,39
  4	 | 	6	 | 	6,40
  0	 | 	1	 | 	6,08
  0	 | 	2	 | 	6,08
  0	 | 	5	 | 	12,00
  0	 | 	6	 | 	14,87
  1	 | 	2	 | 	2,00
  1	 | 	4	 | 	3,00
  2	 | 	9	 | 	19,65
  3	 | 	4	 | 	5,00
  3	 | 	9	 | 	20,25
  3	 | 	13	 | 	32,00
  4	 | 	8	 | 	14,04
  5	 | 	7	 | 	8,25
  9	 | 	10	 | 	3,00
  11	 | 	13	 | 	12,17
  11	 | 	14	 | 	26,42
  8	 | 	12	 | 	6,08
  1	 | 	6	 | 	8,94
___________________________
Simulation Topology [2:5]
___________________________
From 	  To 		Length
___________________________
  3	 | 	10	 | 	19,42
  10	 | 	14	 | 	24,60
  10	 | 	11	 | 	2,24
  10	 | 	12	 | 	5,10
  9	 | 	12	 | 	2,24
  9	 | 	11	 | 	5,10
  8	 | 	14	 | 	23,32
  7	 | 	12	 | 	5,66
  7	 | 	8	 | 	3,61
  6	 | 	9	 | 	11,05
  6	 | 	8	 | 	10,30
  5	 | 	13	 | 	26,17
  5	 | 	8	 | 	11,00
  5	 | 	6	 | 	5,39
  4	 | 	6	 | 	6,40
  0	 | 	1	 | 	6,08
  0	 | 	2	 | 	6,08
  0	 | 	5	 | 	12,00
  0	 | 	6	 | 	14,87
  1	 | 	2	 | 	2,00
  1	 | 	4	 | 	3,00
  2	 | 	9	 | 	19,65
  3	 | 	4	 | 	5,00
  3	 | 	9	 | 	20,25
  3	 | 	13	 | 	32,00
  4	 | 	8	 | 	14,04
  5	 | 	7	 | 	8,25
  9	 | 	10	 | 	3,00
  11	 | 	13	 | 	12,17
  11	 | 	14	 | 	26,42
  8	 | 	12	 | 	6,08
  1	 | 	6	 | 	8,94
  2	 | 	8	 | 	17,03
___________________________
Simulation Topology [2:6]
___________________________
From 	  To 		Length
___________________________
  3	 | 	10	 | 	19,42
  10	 | 	14	 | 	24,60
  10	 | 	11	 | 	2,24
  10	 | 	12	 | 	5,10
  9	 | 	12	 | 	2,24
  9	 | 	11	 | 	5,10
  8	 | 	14	 | 	23,32
  7	 | 	12	 | 	5,66
  7	 | 	8	 | 	3,61
  6	 | 	9	 | 	11,05
  6	 | 	8	 | 	10,30
  5	 | 	13	 | 	26,17
  5	 | 	8	 | 	11,00
  5	 | 	6	 | 	5,39
  4	 | 	6	 | 	6,40
  0	 | 	1	 | 	6,08
  0	 | 	2	 | 	6,08
  0	 | 	5	 | 	12,00
  0	 | 	6	 | 	14,87
  1	 | 	2	 | 	2,00
  1	 | 	4	 | 	3,00
  2	 | 	9	 | 	19,65
  3	 | 	4	 | 	5,00
  3	 | 	9	 | 	20,25
  3	 | 	13	 | 	32,00
  4	 | 	8	 | 	14,04
  5	 | 	7	 | 	8,25
  9	 | 	10	 | 	3,00
  11	 | 	13	 | 	12,17
  11	 | 	14	 | 	26,42
  8	 | 	12	 | 	6,08
  1	 | 	6	 | 	8,94
  2	 | 	8	 | 	17,03
  3	 | 	7	 | 	14,87
___________________________
