Simulation Topology 1
___________________________
[8]				[2]		
[6]				[4]		
[5]				[12]		
[2]				[13]		
[1]				[15]		
[7]				[13]		
[9]				[17]		
[4]				[17]		
[0]				[17]		
[6]				[22]		
[1]				[24]		
[0]				[29]		
[4]				[35]		
[7]				[36]		
[18]				[0]		
___________________________
Simulation Topology [1:5]
___________________________
From 	  To 		Length
___________________________
  0	 | 	2	 | 	10,44
  0	 | 	8	 | 	17,00
  0	 | 	9	 | 	20,10
  0	 | 	12	 | 	33,24
  1	 | 	6	 | 	13,34
  1	 | 	8	 | 	14,32
  2	 | 	4	 | 	5,00
  2	 | 	6	 | 	6,40
  2	 | 	8	 | 	7,07
  3	 | 	4	 | 	2,24
  3	 | 	9	 | 	9,85
  5	 | 	7	 | 	5,00
  5	 | 	10	 | 	12,53
  6	 | 	9	 | 	5,83
  7	 | 	12	 | 	18,00
  8	 | 	11	 | 	12,00
  9	 | 	11	 | 	9,22
  10	 | 	14	 | 	29,41
  11	 | 	13	 | 	9,90
  11	 | 	14	 | 	34,13
  12	 | 	14	 | 	37,70
___________________________
Simulation Topology [1:6]
___________________________
From 	  To 		Length
___________________________
  0	 | 	2	 | 	10,44
  0	 | 	8	 | 	17,00
  0	 | 	9	 | 	20,10
  0	 | 	12	 | 	33,24
  1	 | 	6	 | 	13,34
  1	 | 	8	 | 	14,32
  2	 | 	4	 | 	5,00
  2	 | 	6	 | 	6,40
  2	 | 	8	 | 	7,07
  3	 | 	4	 | 	2,24
  3	 | 	9	 | 	9,85
  5	 | 	7	 | 	5,00
  5	 | 	10	 | 	12,53
  6	 | 	9	 | 	5,83
  7	 | 	12	 | 	18,00
  8	 | 	11	 | 	12,00
  9	 | 	11	 | 	9,22
  10	 | 	14	 | 	29,41
  11	 | 	13	 | 	9,90
  11	 | 	14	 | 	34,13
  12	 | 	14	 | 	37,70
  1	 | 	10	 | 	20,62
___________________________
Simulation Topology 2
___________________________
[2]				[6]		
[5]				[4]		
[5]				[6]		
[9]				[6]		
[0]				[9]		
[4]				[14]		
[7]				[12]		
[9]				[15]		
[2]				[15]		
[3]				[19]		
[9]				[17]		
[5]				[17]		
[1]				[17]		
[7]				[22]		
[8]				[30]		
___________________________
Simulation Topology [2:0]
___________________________
From 	  To 		Length
___________________________
  1	 | 	10	 | 	13,60
  12	 | 	14	 | 	14,76
  11	 | 	14	 | 	13,34
  11	 | 	13	 | 	5,39
  10	 | 	14	 | 	13,04
  9	 | 	11	 | 	2,83
  8	 | 	11	 | 	3,61
  7	 | 	12	 | 	8,25
  6	 | 	9	 | 	8,06
  5	 | 	10	 | 	5,83
  5	 | 	7	 | 	5,10
  0	 | 	1	 | 	3,61
  0	 | 	2	 | 	3,00
  0	 | 	6	 | 	7,81
  0	 | 	8	 | 	9,00
  0	 | 	11	 | 	11,40
  1	 | 	3	 | 	4,47
  1	 | 	11	 | 	13,00
  1	 | 	12	 | 	13,60
  2	 | 	3	 | 	4,00
  3	 | 	5	 | 	9,43
  3	 | 	7	 | 	9,00
  4	 | 	5	 | 	6,40
  4	 | 	7	 | 	10,82
  4	 | 	10	 | 	12,04
  4	 | 	12	 | 	8,06
  6	 | 	7	 | 	3,61
  8	 | 	9	 | 	4,12
  8	 | 	10	 | 	7,28
___________________________
Simulation Topology [2:1]
___________________________
From 	  To 		Length
___________________________
  1	 | 	10	 | 	13,60
  12	 | 	14	 | 	14,76
  11	 | 	14	 | 	13,34
  11	 | 	13	 | 	5,39
  10	 | 	14	 | 	13,04
  9	 | 	11	 | 	2,83
  8	 | 	11	 | 	3,61
  7	 | 	12	 | 	8,25
  6	 | 	9	 | 	8,06
  5	 | 	10	 | 	5,83
  5	 | 	7	 | 	5,10
  0	 | 	1	 | 	3,61
  0	 | 	2	 | 	3,00
  0	 | 	6	 | 	7,81
  0	 | 	8	 | 	9,00
  0	 | 	11	 | 	11,40
  1	 | 	3	 | 	4,47
  1	 | 	11	 | 	13,00
  1	 | 	12	 | 	13,60
  2	 | 	3	 | 	4,00
  3	 | 	5	 | 	9,43
  3	 | 	7	 | 	9,00
  4	 | 	5	 | 	6,40
  4	 | 	7	 | 	10,82
  4	 | 	10	 | 	12,04
  4	 | 	12	 | 	8,06
  6	 | 	7	 | 	3,61
  8	 | 	9	 | 	4,12
  8	 | 	10	 | 	7,28
___________________________
Simulation Topology [2:2]
___________________________
From 	  To 		Length
___________________________
  1	 | 	10	 | 	13,60
  12	 | 	14	 | 	14,76
  11	 | 	14	 | 	13,34
  11	 | 	13	 | 	5,39
  10	 | 	14	 | 	13,04
  9	 | 	11	 | 	2,83
  8	 | 	11	 | 	3,61
  7	 | 	12	 | 	8,25
  6	 | 	9	 | 	8,06
  5	 | 	10	 | 	5,83
  5	 | 	7	 | 	5,10
  0	 | 	1	 | 	3,61
  0	 | 	2	 | 	3,00
  0	 | 	6	 | 	7,81
  0	 | 	8	 | 	9,00
  0	 | 	11	 | 	11,40
  1	 | 	3	 | 	4,47
  1	 | 	11	 | 	13,00
  1	 | 	12	 | 	13,60
  2	 | 	3	 | 	4,00
  3	 | 	5	 | 	9,43
  3	 | 	7	 | 	9,00
  4	 | 	5	 | 	6,40
  4	 | 	7	 | 	10,82
  4	 | 	10	 | 	12,04
  4	 | 	12	 | 	8,06
  6	 | 	7	 | 	3,61
  8	 | 	9	 | 	4,12
  8	 | 	10	 | 	7,28
  9	 | 	13	 | 	5,00
___________________________
Simulation Topology [2:3]
___________________________
From 	  To 		Length
___________________________
  1	 | 	10	 | 	13,60
  12	 | 	14	 | 	14,76
  11	 | 	14	 | 	13,34
  11	 | 	13	 | 	5,39
  10	 | 	14	 | 	13,04
  9	 | 	11	 | 	2,83
  8	 | 	11	 | 	3,61
  7	 | 	12	 | 	8,25
  6	 | 	9	 | 	8,06
  5	 | 	10	 | 	5,83
  5	 | 	7	 | 	5,10
  0	 | 	1	 | 	3,61
  0	 | 	2	 | 	3,00
  0	 | 	6	 | 	7,81
  0	 | 	8	 | 	9,00
  0	 | 	11	 | 	11,40
  1	 | 	3	 | 	4,47
  1	 | 	11	 | 	13,00
  1	 | 	12	 | 	13,60
  2	 | 	3	 | 	4,00
  3	 | 	5	 | 	9,43
  3	 | 	7	 | 	9,00
  4	 | 	5	 | 	6,40
  4	 | 	7	 | 	10,82
  4	 | 	10	 | 	12,04
  4	 | 	12	 | 	8,06
  6	 | 	7	 | 	3,61
  8	 | 	9	 | 	4,12
  8	 | 	10	 | 	7,28
  9	 | 	13	 | 	5,00
___________________________
Simulation Topology [2:4]
___________________________
From 	  To 		Length
___________________________
  1	 | 	10	 | 	13,60
  12	 | 	14	 | 	14,76
  11	 | 	14	 | 	13,34
  11	 | 	13	 | 	5,39
  10	 | 	14	 | 	13,04
  9	 | 	11	 | 	2,83
  8	 | 	11	 | 	3,61
  7	 | 	12	 | 	8,25
  6	 | 	9	 | 	8,06
  5	 | 	10	 | 	5,83
  5	 | 	7	 | 	5,10
  0	 | 	1	 | 	3,61
  0	 | 	2	 | 	3,00
  0	 | 	6	 | 	7,81
  0	 | 	8	 | 	9,00
  0	 | 	11	 | 	11,40
  1	 | 	3	 | 	4,47
  1	 | 	11	 | 	13,00
  1	 | 	12	 | 	13,60
  2	 | 	3	 | 	4,00
  3	 | 	5	 | 	9,43
  3	 | 	7	 | 	9,00
  4	 | 	5	 | 	6,40
  4	 | 	7	 | 	10,82
  4	 | 	10	 | 	12,04
  4	 | 	12	 | 	8,06
  6	 | 	7	 | 	3,61
  8	 | 	9	 | 	4,12
  8	 | 	10	 | 	7,28
  9	 | 	13	 | 	5,00
  7	 | 	14	 | 	15,03
___________________________
Simulation Topology [2:5]
___________________________
From 	  To 		Length
___________________________
  1	 | 	10	 | 	13,60
  12	 | 	14	 | 	14,76
  11	 | 	14	 | 	13,34
  11	 | 	13	 | 	5,39
  10	 | 	14	 | 	13,04
  9	 | 	11	 | 	2,83
  8	 | 	11	 | 	3,61
  7	 | 	12	 | 	8,25
  6	 | 	9	 | 	8,06
  5	 | 	10	 | 	5,83
  5	 | 	7	 | 	5,10
  0	 | 	1	 | 	3,61
  0	 | 	2	 | 	3,00
  0	 | 	6	 | 	7,81
  0	 | 	8	 | 	9,00
  0	 | 	11	 | 	11,40
  1	 | 	3	 | 	4,47
  1	 | 	11	 | 	13,00
  1	 | 	12	 | 	13,60
  2	 | 	3	 | 	4,00
  3	 | 	5	 | 	9,43
  3	 | 	7	 | 	9,00
  4	 | 	5	 | 	6,40
  4	 | 	7	 | 	10,82
  4	 | 	10	 | 	12,04
  4	 | 	12	 | 	8,06
  6	 | 	7	 | 	3,61
  8	 | 	9	 | 	4,12
  8	 | 	10	 | 	7,28
  9	 | 	13	 | 	5,00
  7	 | 	14	 | 	15,03
  11	 | 	12	 | 	4,00
___________________________
Simulation Topology [2:6]
___________________________
From 	  To 		Length
___________________________
  1	 | 	10	 | 	13,60
  12	 | 	14	 | 	14,76
  11	 | 	14	 | 	13,34
  11	 | 	13	 | 	5,39
  10	 | 	14	 | 	13,04
  9	 | 	11	 | 	2,83
  8	 | 	11	 | 	3,61
  7	 | 	12	 | 	8,25
  6	 | 	9	 | 	8,06
  5	 | 	10	 | 	5,83
  5	 | 	7	 | 	5,10
  0	 | 	1	 | 	3,61
  0	 | 	2	 | 	3,00
  0	 | 	6	 | 	7,81
  0	 | 	8	 | 	9,00
  0	 | 	11	 | 	11,40
  1	 | 	3	 | 	4,47
  1	 | 	11	 | 	13,00
  1	 | 	12	 | 	13,60
  2	 | 	3	 | 	4,00
  3	 | 	5	 | 	9,43
  3	 | 	7	 | 	9,00
  4	 | 	5	 | 	6,40
  4	 | 	7	 | 	10,82
  4	 | 	10	 | 	12,04
  4	 | 	12	 | 	8,06
  6	 | 	7	 | 	3,61
  8	 | 	9	 | 	4,12
  8	 | 	10	 | 	7,28
  9	 | 	13	 | 	5,00
  7	 | 	14	 | 	15,03
  11	 | 	12	 | 	4,00
  3	 | 	13	 | 	16,12
___________________________
