Simulation Topology 1
___________________________
[9]				[3]		
[7]				[1]		
[2]				[3]		
[9]				[6]		
[2]				[5]		
[6]				[4]		
[8]				[9]		
[8]				[13]		
[3]				[13]		
[9]				[24]		
___________________________
Simulation Topology [1:3]
___________________________
From 	  To 		Length
___________________________
  0	 | 	1	 | 	2,83
  0	 | 	4	 | 	7,28
  0	 | 	5	 | 	3,16
  0	 | 	6	 | 	6,08
  1	 | 	3	 | 	5,39
  1	 | 	8	 | 	12,65
  2	 | 	3	 | 	7,62
  2	 | 	4	 | 	2,00
  3	 | 	5	 | 	3,61
  3	 | 	8	 | 	9,22
  5	 | 	7	 | 	9,22
  5	 | 	9	 | 	20,22
  6	 | 	7	 | 	4,00
  6	 | 	9	 | 	15,03
___________________________
Simulation Topology [1:4]
___________________________
From 	  To 		Length
___________________________
  0	 | 	1	 | 	2,83
  0	 | 	4	 | 	7,28
  0	 | 	5	 | 	3,16
  0	 | 	6	 | 	6,08
  1	 | 	3	 | 	5,39
  1	 | 	8	 | 	12,65
  2	 | 	3	 | 	7,62
  2	 | 	4	 | 	2,00
  3	 | 	5	 | 	3,61
  3	 | 	8	 | 	9,22
  5	 | 	7	 | 	9,22
  5	 | 	9	 | 	20,22
  6	 | 	7	 | 	4,00
  6	 | 	9	 | 	15,03
  2	 | 	9	 | 	22,14
___________________________
Simulation Topology 2
___________________________
[1]				[2]		
[4]				[9]		
[2]				[8]		
[2]				[10]		
[4]				[11]		
[6]				[17]		
[1]				[19]		
[3]				[19]		
[9]				[18]		
[2]				[22]		
___________________________
Simulation Topology [2:2]
___________________________
From 	  To 		Length
___________________________
  2	 | 	9	 | 	14,00
  6	 | 	9	 | 	3,16
  6	 | 	7	 | 	2,00
  5	 | 	9	 | 	6,40
  5	 | 	7	 | 	3,61
  3	 | 	8	 | 	10,63
  3	 | 	5	 | 	8,06
  0	 | 	3	 | 	8,06
  0	 | 	5	 | 	15,81
  0	 | 	8	 | 	17,89
  1	 | 	2	 | 	2,24
  1	 | 	6	 | 	10,44
  2	 | 	3	 | 	2,00
  3	 | 	7	 | 	9,06
  4	 | 	5	 | 	6,32
  4	 | 	7	 | 	8,06
  4	 | 	9	 | 	11,18
  5	 | 	6	 | 	5,39
  8	 | 	9	 | 	8,06
___________________________
Simulation Topology [2:3]
___________________________
From 	  To 		Length
___________________________
  2	 | 	9	 | 	14,00
  6	 | 	9	 | 	3,16
  6	 | 	7	 | 	2,00
  5	 | 	9	 | 	6,40
  5	 | 	7	 | 	3,61
  3	 | 	8	 | 	10,63
  3	 | 	5	 | 	8,06
  0	 | 	3	 | 	8,06
  0	 | 	5	 | 	15,81
  0	 | 	8	 | 	17,89
  1	 | 	2	 | 	2,24
  1	 | 	6	 | 	10,44
  2	 | 	3	 | 	2,00
  3	 | 	7	 | 	9,06
  4	 | 	5	 | 	6,32
  4	 | 	7	 | 	8,06
  4	 | 	9	 | 	11,18
  5	 | 	6	 | 	5,39
  8	 | 	9	 | 	8,06
  6	 | 	8	 | 	8,06
___________________________
Simulation Topology [2:4]
___________________________
From 	  To 		Length
___________________________
  2	 | 	9	 | 	14,00
  6	 | 	9	 | 	3,16
  6	 | 	7	 | 	2,00
  5	 | 	9	 | 	6,40
  5	 | 	7	 | 	3,61
  3	 | 	8	 | 	10,63
  3	 | 	5	 | 	8,06
  0	 | 	3	 | 	8,06
  0	 | 	5	 | 	15,81
  0	 | 	8	 | 	17,89
  1	 | 	2	 | 	2,24
  1	 | 	6	 | 	10,44
  2	 | 	3	 | 	2,00
  3	 | 	7	 | 	9,06
  4	 | 	5	 | 	6,32
  4	 | 	7	 | 	8,06
  4	 | 	9	 | 	11,18
  5	 | 	6	 | 	5,39
  8	 | 	9	 | 	8,06
  6	 | 	8	 | 	8,06
  4	 | 	8	 | 	8,60
___________________________
