Simulation Topology 1
___________________________
Simulation Topology 2
___________________________
[6]				[3]		
[9]				[2]		
[6]				[0]		
[4]				[3]		
[8]				[4]		
[6]				[7]		
[6]				[5]		
[9]				[15]		
[2]				[12]		
[6]				[15]		
___________________________
Simulation Topology [2:0]
___________________________
From 	  To 		Length
___________________________
  0	 | 	1	 | 	3,16
  0	 | 	3	 | 	2,00
  0	 | 	5	 | 	4,00
  0	 | 	7	 | 	12,37
  1	 | 	2	 | 	3,61
  1	 | 	4	 | 	2,24
  1	 | 	9	 | 	13,34
  2	 | 	3	 | 	3,61
  2	 | 	5	 | 	7,00
  2	 | 	8	 | 	12,65
  4	 | 	5	 | 	3,61
  4	 | 	6	 | 	2,24
  4	 | 	8	 | 	10,00
  5	 | 	6	 | 	2,00
  6	 | 	7	 | 	10,44
  6	 | 	9	 | 	10,00
  7	 | 	8	 | 	7,62
___________________________
Simulation Topology [2:1]
___________________________
From 	  To 		Length
___________________________
  0	 | 	1	 | 	3,16
  0	 | 	3	 | 	2,00
  0	 | 	5	 | 	4,00
  0	 | 	7	 | 	12,37
  1	 | 	2	 | 	3,61
  1	 | 	4	 | 	2,24
  1	 | 	9	 | 	13,34
  2	 | 	3	 | 	3,61
  2	 | 	5	 | 	7,00
  2	 | 	8	 | 	12,65
  4	 | 	5	 | 	3,61
  4	 | 	6	 | 	2,24
  4	 | 	8	 | 	10,00
  5	 | 	6	 | 	2,00
  6	 | 	7	 | 	10,44
  6	 | 	9	 | 	10,00
  7	 | 	8	 | 	7,62
  3	 | 	8	 | 	9,22
___________________________
Simulation Topology [2:2]
___________________________
From 	  To 		Length
___________________________
  0	 | 	1	 | 	3,16
  0	 | 	3	 | 	2,00
  0	 | 	5	 | 	4,00
  0	 | 	7	 | 	12,37
  1	 | 	2	 | 	3,61
  1	 | 	4	 | 	2,24
  1	 | 	9	 | 	13,34
  2	 | 	3	 | 	3,61
  2	 | 	5	 | 	7,00
  2	 | 	8	 | 	12,65
  4	 | 	5	 | 	3,61
  4	 | 	6	 | 	2,24
  4	 | 	8	 | 	10,00
  5	 | 	6	 | 	2,00
  6	 | 	7	 | 	10,44
  6	 | 	9	 | 	10,00
  7	 | 	8	 | 	7,62
  3	 | 	8	 | 	9,22
  3	 | 	7	 | 	13,00
___________________________
