Simulation Topology 1
___________________________
[2]				[3]		
[1]				[8]		
[5]				[8]		
[7]				[5]		
[1]				[5]		
[5]				[3]		
[4]				[11]		
[4]				[13]		
[7]				[15]		
[0]				[11]		
[2]				[15]		
[6]				[17]		
[0]				[24]		
[6]				[24]		
[3]				[18]		
[4]				[20]		
[4]				[34]		
[7]				[31]		
[0]				[35]		
[7]				[37]		
[1]				[36]		
[9]				[41]		
[4]				[37]		
[7]				[41]		
[8]				[39]		
[4]				[43]		
[1]				[43]		
[1]				[41]		
[6]				[39]		
[6]				[47]		
[3]				[45]		
[0]				[45]		
[3]				[52]		
[7]				[50]		
[2]				[49]		
[8]				[48]		
[3]				[47]		
[8]				[61]		
[7]				[59]		
[2]				[61]		
[4]				[60]		
[3]				[56]		
[0]				[61]		
[6]				[57]		
[1]				[57]		
___________________________
Simulation Topology [1:11]
___________________________
From 	  To 		Length
___________________________
  0	 | 	4	 | 	2,24
  0	 | 	11	 | 	14,56
  0	 | 	14	 | 	15,03
  0	 | 	20	 | 	33,02
  1	 | 	4	 | 	3,00
  1	 | 	8	 | 	9,22
  1	 | 	26	 | 	35,00
  2	 | 	3	 | 	3,61
  2	 | 	5	 | 	5,00
  2	 | 	16	 | 	26,02
  3	 | 	14	 | 	13,60
  3	 | 	21	 | 	36,06
  3	 | 	26	 | 	38,47
  3	 | 	29	 | 	42,01
  4	 | 	17	 | 	26,68
  6	 | 	8	 | 	5,00
  6	 | 	39	 | 	50,04
  7	 | 	9	 | 	4,47
  7	 | 	11	 | 	4,47
  8	 | 	10	 | 	5,00
  8	 | 	27	 | 	26,68
  9	 | 	10	 | 	4,47
  9	 | 	22	 | 	26,31
  11	 | 	14	 | 	3,16
  11	 | 	35	 | 	31,06
  12	 | 	15	 | 	5,66
  12	 | 	17	 | 	9,90
  12	 | 	20	 | 	12,04
  12	 | 	39	 | 	37,05
  13	 | 	14	 | 	6,71
  14	 | 	15	 | 	2,24
  14	 | 	34	 | 	31,02
  15	 | 	16	 | 	14,00
  15	 | 	25	 | 	23,00
  15	 | 	26	 | 	23,19
  16	 | 	17	 | 	4,24
  16	 | 	18	 | 	4,12
  16	 | 	37	 | 	27,29
  17	 | 	40	 | 	29,15
  18	 | 	38	 | 	25,00
  19	 | 	24	 | 	2,24
  19	 | 	32	 | 	15,52
  20	 | 	24	 | 	7,62
  20	 | 	27	 | 	5,00
  22	 | 	28	 | 	2,83
  23	 | 	25	 | 	3,61
  23	 | 	28	 | 	2,24
  23	 | 	38	 | 	18,00
  25	 | 	27	 | 	3,61
  25	 | 	39	 | 	18,11
  27	 | 	29	 | 	7,81
  29	 | 	33	 | 	3,16
  29	 | 	35	 | 	2,24
  30	 | 	33	 | 	6,40
  31	 | 	32	 | 	7,62
  31	 | 	36	 | 	3,61
  32	 | 	34	 | 	3,16
  35	 | 	36	 | 	5,10
  37	 | 	43	 | 	4,47
  38	 | 	39	 | 	5,39
  38	 | 	40	 | 	3,16
  40	 | 	44	 | 	4,24
  41	 | 	44	 | 	2,24
  42	 | 	43	 | 	7,21
  42	 | 	44	 | 	4,12
___________________________
Simulation Topology [1:12]
___________________________
From 	  To 		Length
___________________________
  0	 | 	4	 | 	2,24
  0	 | 	11	 | 	14,56
  0	 | 	14	 | 	15,03
  0	 | 	20	 | 	33,02
  1	 | 	4	 | 	3,00
  1	 | 	8	 | 	9,22
  1	 | 	26	 | 	35,00
  2	 | 	3	 | 	3,61
  2	 | 	5	 | 	5,00
  2	 | 	16	 | 	26,02
  3	 | 	14	 | 	13,60
  3	 | 	21	 | 	36,06
  3	 | 	26	 | 	38,47
  3	 | 	29	 | 	42,01
  4	 | 	17	 | 	26,68
  6	 | 	8	 | 	5,00
  6	 | 	39	 | 	50,04
  7	 | 	9	 | 	4,47
  7	 | 	11	 | 	4,47
  8	 | 	10	 | 	5,00
  8	 | 	27	 | 	26,68
  9	 | 	10	 | 	4,47
  9	 | 	22	 | 	26,31
  11	 | 	14	 | 	3,16
  11	 | 	35	 | 	31,06
  12	 | 	15	 | 	5,66
  12	 | 	17	 | 	9,90
  12	 | 	20	 | 	12,04
  12	 | 	39	 | 	37,05
  13	 | 	14	 | 	6,71
  14	 | 	15	 | 	2,24
  14	 | 	34	 | 	31,02
  15	 | 	16	 | 	14,00
  15	 | 	25	 | 	23,00
  15	 | 	26	 | 	23,19
  16	 | 	17	 | 	4,24
  16	 | 	18	 | 	4,12
  16	 | 	37	 | 	27,29
  17	 | 	40	 | 	29,15
  18	 | 	38	 | 	25,00
  19	 | 	24	 | 	2,24
  19	 | 	32	 | 	15,52
  20	 | 	24	 | 	7,62
  20	 | 	27	 | 	5,00
  22	 | 	28	 | 	2,83
  23	 | 	25	 | 	3,61
  23	 | 	28	 | 	2,24
  23	 | 	38	 | 	18,00
  25	 | 	27	 | 	3,61
  25	 | 	39	 | 	18,11
  27	 | 	29	 | 	7,81
  29	 | 	33	 | 	3,16
  29	 | 	35	 | 	2,24
  30	 | 	33	 | 	6,40
  31	 | 	32	 | 	7,62
  31	 | 	36	 | 	3,61
  32	 | 	34	 | 	3,16
  35	 | 	36	 | 	5,10
  37	 | 	43	 | 	4,47
  38	 | 	39	 | 	5,39
  38	 | 	40	 | 	3,16
  40	 | 	44	 | 	4,24
  41	 | 	44	 | 	2,24
  42	 | 	43	 | 	7,21
  42	 | 	44	 | 	4,12
  32	 | 	35	 | 	6,40
___________________________
Simulation Topology [1:13]
___________________________
From 	  To 		Length
___________________________
  0	 | 	4	 | 	2,24
  0	 | 	11	 | 	14,56
  0	 | 	14	 | 	15,03
  0	 | 	20	 | 	33,02
  1	 | 	4	 | 	3,00
  1	 | 	8	 | 	9,22
  1	 | 	26	 | 	35,00
  2	 | 	3	 | 	3,61
  2	 | 	5	 | 	5,00
  2	 | 	16	 | 	26,02
  3	 | 	14	 | 	13,60
  3	 | 	21	 | 	36,06
  3	 | 	26	 | 	38,47
  3	 | 	29	 | 	42,01
  4	 | 	17	 | 	26,68
  6	 | 	8	 | 	5,00
  6	 | 	39	 | 	50,04
  7	 | 	9	 | 	4,47
  7	 | 	11	 | 	4,47
  8	 | 	10	 | 	5,00
  8	 | 	27	 | 	26,68
  9	 | 	10	 | 	4,47
  9	 | 	22	 | 	26,31
  11	 | 	14	 | 	3,16
  11	 | 	35	 | 	31,06
  12	 | 	15	 | 	5,66
  12	 | 	17	 | 	9,90
  12	 | 	20	 | 	12,04
  12	 | 	39	 | 	37,05
  13	 | 	14	 | 	6,71
  14	 | 	15	 | 	2,24
  14	 | 	34	 | 	31,02
  15	 | 	16	 | 	14,00
  15	 | 	25	 | 	23,00
  15	 | 	26	 | 	23,19
  16	 | 	17	 | 	4,24
  16	 | 	18	 | 	4,12
  16	 | 	37	 | 	27,29
  17	 | 	40	 | 	29,15
  18	 | 	38	 | 	25,00
  19	 | 	24	 | 	2,24
  19	 | 	32	 | 	15,52
  20	 | 	24	 | 	7,62
  20	 | 	27	 | 	5,00
  22	 | 	28	 | 	2,83
  23	 | 	25	 | 	3,61
  23	 | 	28	 | 	2,24
  23	 | 	38	 | 	18,00
  25	 | 	27	 | 	3,61
  25	 | 	39	 | 	18,11
  27	 | 	29	 | 	7,81
  29	 | 	33	 | 	3,16
  29	 | 	35	 | 	2,24
  30	 | 	33	 | 	6,40
  31	 | 	32	 | 	7,62
  31	 | 	36	 | 	3,61
  32	 | 	34	 | 	3,16
  35	 | 	36	 | 	5,10
  37	 | 	43	 | 	4,47
  38	 | 	39	 | 	5,39
  38	 | 	40	 | 	3,16
  40	 | 	44	 | 	4,24
  41	 | 	44	 | 	2,24
  42	 | 	43	 | 	7,21
  42	 | 	44	 | 	4,12
  32	 | 	35	 | 	6,40
  11	 | 	20	 | 	19,65
___________________________
Simulation Topology [1:14]
___________________________
From 	  To 		Length
___________________________
  0	 | 	4	 | 	2,24
  0	 | 	11	 | 	14,56
  0	 | 	14	 | 	15,03
  0	 | 	20	 | 	33,02
  1	 | 	4	 | 	3,00
  1	 | 	8	 | 	9,22
  1	 | 	26	 | 	35,00
  2	 | 	3	 | 	3,61
  2	 | 	5	 | 	5,00
  2	 | 	16	 | 	26,02
  3	 | 	14	 | 	13,60
  3	 | 	21	 | 	36,06
  3	 | 	26	 | 	38,47
  3	 | 	29	 | 	42,01
  4	 | 	17	 | 	26,68
  6	 | 	8	 | 	5,00
  6	 | 	39	 | 	50,04
  7	 | 	9	 | 	4,47
  7	 | 	11	 | 	4,47
  8	 | 	10	 | 	5,00
  8	 | 	27	 | 	26,68
  9	 | 	10	 | 	4,47
  9	 | 	22	 | 	26,31
  11	 | 	14	 | 	3,16
  11	 | 	35	 | 	31,06
  12	 | 	15	 | 	5,66
  12	 | 	17	 | 	9,90
  12	 | 	20	 | 	12,04
  12	 | 	39	 | 	37,05
  13	 | 	14	 | 	6,71
  14	 | 	15	 | 	2,24
  14	 | 	34	 | 	31,02
  15	 | 	16	 | 	14,00
  15	 | 	25	 | 	23,00
  15	 | 	26	 | 	23,19
  16	 | 	17	 | 	4,24
  16	 | 	18	 | 	4,12
  16	 | 	37	 | 	27,29
  17	 | 	40	 | 	29,15
  18	 | 	38	 | 	25,00
  19	 | 	24	 | 	2,24
  19	 | 	32	 | 	15,52
  20	 | 	24	 | 	7,62
  20	 | 	27	 | 	5,00
  22	 | 	28	 | 	2,83
  23	 | 	25	 | 	3,61
  23	 | 	28	 | 	2,24
  23	 | 	38	 | 	18,00
  25	 | 	27	 | 	3,61
  25	 | 	39	 | 	18,11
  27	 | 	29	 | 	7,81
  29	 | 	33	 | 	3,16
  29	 | 	35	 | 	2,24
  30	 | 	33	 | 	6,40
  31	 | 	32	 | 	7,62
  31	 | 	36	 | 	3,61
  32	 | 	34	 | 	3,16
  35	 | 	36	 | 	5,10
  37	 | 	43	 | 	4,47
  38	 | 	39	 | 	5,39
  38	 | 	40	 | 	3,16
  40	 | 	44	 | 	4,24
  41	 | 	44	 | 	2,24
  42	 | 	43	 | 	7,21
  42	 | 	44	 | 	4,12
  32	 | 	35	 | 	6,40
  11	 | 	20	 | 	19,65
  17	 | 	20	 | 	7,81
___________________________
Simulation Topology [1:15]
___________________________
From 	  To 		Length
___________________________
  0	 | 	4	 | 	2,24
  0	 | 	11	 | 	14,56
  0	 | 	14	 | 	15,03
  0	 | 	20	 | 	33,02
  1	 | 	4	 | 	3,00
  1	 | 	8	 | 	9,22
  1	 | 	26	 | 	35,00
  2	 | 	3	 | 	3,61
  2	 | 	5	 | 	5,00
  2	 | 	16	 | 	26,02
  3	 | 	14	 | 	13,60
  3	 | 	21	 | 	36,06
  3	 | 	26	 | 	38,47
  3	 | 	29	 | 	42,01
  4	 | 	17	 | 	26,68
  6	 | 	8	 | 	5,00
  6	 | 	39	 | 	50,04
  7	 | 	9	 | 	4,47
  7	 | 	11	 | 	4,47
  8	 | 	10	 | 	5,00
  8	 | 	27	 | 	26,68
  9	 | 	10	 | 	4,47
  9	 | 	22	 | 	26,31
  11	 | 	14	 | 	3,16
  11	 | 	35	 | 	31,06
  12	 | 	15	 | 	5,66
  12	 | 	17	 | 	9,90
  12	 | 	20	 | 	12,04
  12	 | 	39	 | 	37,05
  13	 | 	14	 | 	6,71
  14	 | 	15	 | 	2,24
  14	 | 	34	 | 	31,02
  15	 | 	16	 | 	14,00
  15	 | 	25	 | 	23,00
  15	 | 	26	 | 	23,19
  16	 | 	17	 | 	4,24
  16	 | 	18	 | 	4,12
  16	 | 	37	 | 	27,29
  17	 | 	40	 | 	29,15
  18	 | 	38	 | 	25,00
  19	 | 	24	 | 	2,24
  19	 | 	32	 | 	15,52
  20	 | 	24	 | 	7,62
  20	 | 	27	 | 	5,00
  22	 | 	28	 | 	2,83
  23	 | 	25	 | 	3,61
  23	 | 	28	 | 	2,24
  23	 | 	38	 | 	18,00
  25	 | 	27	 | 	3,61
  25	 | 	39	 | 	18,11
  27	 | 	29	 | 	7,81
  29	 | 	33	 | 	3,16
  29	 | 	35	 | 	2,24
  30	 | 	33	 | 	6,40
  31	 | 	32	 | 	7,62
  31	 | 	36	 | 	3,61
  32	 | 	34	 | 	3,16
  35	 | 	36	 | 	5,10
  37	 | 	43	 | 	4,47
  38	 | 	39	 | 	5,39
  38	 | 	40	 | 	3,16
  40	 | 	44	 | 	4,24
  41	 | 	44	 | 	2,24
  42	 | 	43	 | 	7,21
  42	 | 	44	 | 	4,12
  32	 | 	35	 | 	6,40
  11	 | 	20	 | 	19,65
  17	 | 	20	 | 	7,81
  16	 | 	26	 | 	9,49
___________________________
Simulation Topology [1:16]
___________________________
From 	  To 		Length
___________________________
  0	 | 	4	 | 	2,24
  0	 | 	11	 | 	14,56
  0	 | 	14	 | 	15,03
  0	 | 	20	 | 	33,02
  1	 | 	4	 | 	3,00
  1	 | 	8	 | 	9,22
  1	 | 	26	 | 	35,00
  2	 | 	3	 | 	3,61
  2	 | 	5	 | 	5,00
  2	 | 	16	 | 	26,02
  3	 | 	14	 | 	13,60
  3	 | 	21	 | 	36,06
  3	 | 	26	 | 	38,47
  3	 | 	29	 | 	42,01
  4	 | 	17	 | 	26,68
  6	 | 	8	 | 	5,00
  6	 | 	39	 | 	50,04
  7	 | 	9	 | 	4,47
  7	 | 	11	 | 	4,47
  8	 | 	10	 | 	5,00
  8	 | 	27	 | 	26,68
  9	 | 	10	 | 	4,47
  9	 | 	22	 | 	26,31
  11	 | 	14	 | 	3,16
  11	 | 	35	 | 	31,06
  12	 | 	15	 | 	5,66
  12	 | 	17	 | 	9,90
  12	 | 	20	 | 	12,04
  12	 | 	39	 | 	37,05
  13	 | 	14	 | 	6,71
  14	 | 	15	 | 	2,24
  14	 | 	34	 | 	31,02
  15	 | 	16	 | 	14,00
  15	 | 	25	 | 	23,00
  15	 | 	26	 | 	23,19
  16	 | 	17	 | 	4,24
  16	 | 	18	 | 	4,12
  16	 | 	37	 | 	27,29
  17	 | 	40	 | 	29,15
  18	 | 	38	 | 	25,00
  19	 | 	24	 | 	2,24
  19	 | 	32	 | 	15,52
  20	 | 	24	 | 	7,62
  20	 | 	27	 | 	5,00
  22	 | 	28	 | 	2,83
  23	 | 	25	 | 	3,61
  23	 | 	28	 | 	2,24
  23	 | 	38	 | 	18,00
  25	 | 	27	 | 	3,61
  25	 | 	39	 | 	18,11
  27	 | 	29	 | 	7,81
  29	 | 	33	 | 	3,16
  29	 | 	35	 | 	2,24
  30	 | 	33	 | 	6,40
  31	 | 	32	 | 	7,62
  31	 | 	36	 | 	3,61
  32	 | 	34	 | 	3,16
  35	 | 	36	 | 	5,10
  37	 | 	43	 | 	4,47
  38	 | 	39	 | 	5,39
  38	 | 	40	 | 	3,16
  40	 | 	44	 | 	4,24
  41	 | 	44	 | 	2,24
  42	 | 	43	 | 	7,21
  42	 | 	44	 | 	4,12
  32	 | 	35	 | 	6,40
  11	 | 	20	 | 	19,65
  17	 | 	20	 | 	7,81
  16	 | 	26	 | 	9,49
  18	 | 	30	 | 	10,44
___________________________
Simulation Topology [1:17]
___________________________
From 	  To 		Length
___________________________
  0	 | 	4	 | 	2,24
  0	 | 	11	 | 	14,56
  0	 | 	14	 | 	15,03
  0	 | 	20	 | 	33,02
  1	 | 	4	 | 	3,00
  1	 | 	8	 | 	9,22
  1	 | 	26	 | 	35,00
  2	 | 	3	 | 	3,61
  2	 | 	5	 | 	5,00
  2	 | 	16	 | 	26,02
  3	 | 	14	 | 	13,60
  3	 | 	21	 | 	36,06
  3	 | 	26	 | 	38,47
  3	 | 	29	 | 	42,01
  4	 | 	17	 | 	26,68
  6	 | 	8	 | 	5,00
  6	 | 	39	 | 	50,04
  7	 | 	9	 | 	4,47
  7	 | 	11	 | 	4,47
  8	 | 	10	 | 	5,00
  8	 | 	27	 | 	26,68
  9	 | 	10	 | 	4,47
  9	 | 	22	 | 	26,31
  11	 | 	14	 | 	3,16
  11	 | 	35	 | 	31,06
  12	 | 	15	 | 	5,66
  12	 | 	17	 | 	9,90
  12	 | 	20	 | 	12,04
  12	 | 	39	 | 	37,05
  13	 | 	14	 | 	6,71
  14	 | 	15	 | 	2,24
  14	 | 	34	 | 	31,02
  15	 | 	16	 | 	14,00
  15	 | 	25	 | 	23,00
  15	 | 	26	 | 	23,19
  16	 | 	17	 | 	4,24
  16	 | 	18	 | 	4,12
  16	 | 	37	 | 	27,29
  17	 | 	40	 | 	29,15
  18	 | 	38	 | 	25,00
  19	 | 	24	 | 	2,24
  19	 | 	32	 | 	15,52
  20	 | 	24	 | 	7,62
  20	 | 	27	 | 	5,00
  22	 | 	28	 | 	2,83
  23	 | 	25	 | 	3,61
  23	 | 	28	 | 	2,24
  23	 | 	38	 | 	18,00
  25	 | 	27	 | 	3,61
  25	 | 	39	 | 	18,11
  27	 | 	29	 | 	7,81
  29	 | 	33	 | 	3,16
  29	 | 	35	 | 	2,24
  30	 | 	33	 | 	6,40
  31	 | 	32	 | 	7,62
  31	 | 	36	 | 	3,61
  32	 | 	34	 | 	3,16
  35	 | 	36	 | 	5,10
  37	 | 	43	 | 	4,47
  38	 | 	39	 | 	5,39
  38	 | 	40	 | 	3,16
  40	 | 	44	 | 	4,24
  41	 | 	44	 | 	2,24
  42	 | 	43	 | 	7,21
  42	 | 	44	 | 	4,12
  32	 | 	35	 | 	6,40
  11	 | 	20	 | 	19,65
  17	 | 	20	 | 	7,81
  16	 | 	26	 | 	9,49
  18	 | 	30	 | 	10,44
  0	 | 	40	 | 	57,04
___________________________
Simulation Topology [1:18]
___________________________
From 	  To 		Length
___________________________
  0	 | 	4	 | 	2,24
  0	 | 	11	 | 	14,56
  0	 | 	14	 | 	15,03
  0	 | 	20	 | 	33,02
  1	 | 	4	 | 	3,00
  1	 | 	8	 | 	9,22
  1	 | 	26	 | 	35,00
  2	 | 	3	 | 	3,61
  2	 | 	5	 | 	5,00
  2	 | 	16	 | 	26,02
  3	 | 	14	 | 	13,60
  3	 | 	21	 | 	36,06
  3	 | 	26	 | 	38,47
  3	 | 	29	 | 	42,01
  4	 | 	17	 | 	26,68
  6	 | 	8	 | 	5,00
  6	 | 	39	 | 	50,04
  7	 | 	9	 | 	4,47
  7	 | 	11	 | 	4,47
  8	 | 	10	 | 	5,00
  8	 | 	27	 | 	26,68
  9	 | 	10	 | 	4,47
  9	 | 	22	 | 	26,31
  11	 | 	14	 | 	3,16
  11	 | 	35	 | 	31,06
  12	 | 	15	 | 	5,66
  12	 | 	17	 | 	9,90
  12	 | 	20	 | 	12,04
  12	 | 	39	 | 	37,05
  13	 | 	14	 | 	6,71
  14	 | 	15	 | 	2,24
  14	 | 	34	 | 	31,02
  15	 | 	16	 | 	14,00
  15	 | 	25	 | 	23,00
  15	 | 	26	 | 	23,19
  16	 | 	17	 | 	4,24
  16	 | 	18	 | 	4,12
  16	 | 	37	 | 	27,29
  17	 | 	40	 | 	29,15
  18	 | 	38	 | 	25,00
  19	 | 	24	 | 	2,24
  19	 | 	32	 | 	15,52
  20	 | 	24	 | 	7,62
  20	 | 	27	 | 	5,00
  22	 | 	28	 | 	2,83
  23	 | 	25	 | 	3,61
  23	 | 	28	 | 	2,24
  23	 | 	38	 | 	18,00
  25	 | 	27	 | 	3,61
  25	 | 	39	 | 	18,11
  27	 | 	29	 | 	7,81
  29	 | 	33	 | 	3,16
  29	 | 	35	 | 	2,24
  30	 | 	33	 | 	6,40
  31	 | 	32	 | 	7,62
  31	 | 	36	 | 	3,61
  32	 | 	34	 | 	3,16
  35	 | 	36	 | 	5,10
  37	 | 	43	 | 	4,47
  38	 | 	39	 | 	5,39
  38	 | 	40	 | 	3,16
  40	 | 	44	 | 	4,24
  41	 | 	44	 | 	2,24
  42	 | 	43	 | 	7,21
  42	 | 	44	 | 	4,12
  32	 | 	35	 | 	6,40
  11	 | 	20	 | 	19,65
  17	 | 	20	 | 	7,81
  16	 | 	26	 | 	9,49
  18	 | 	30	 | 	10,44
  0	 | 	40	 | 	57,04
  26	 | 	27	 | 	2,00
___________________________
Simulation Topology [1:19]
___________________________
From 	  To 		Length
___________________________
  0	 | 	4	 | 	2,24
  0	 | 	11	 | 	14,56
  0	 | 	14	 | 	15,03
  0	 | 	20	 | 	33,02
  1	 | 	4	 | 	3,00
  1	 | 	8	 | 	9,22
  1	 | 	26	 | 	35,00
  2	 | 	3	 | 	3,61
  2	 | 	5	 | 	5,00
  2	 | 	16	 | 	26,02
  3	 | 	14	 | 	13,60
  3	 | 	21	 | 	36,06
  3	 | 	26	 | 	38,47
  3	 | 	29	 | 	42,01
  4	 | 	17	 | 	26,68
  6	 | 	8	 | 	5,00
  6	 | 	39	 | 	50,04
  7	 | 	9	 | 	4,47
  7	 | 	11	 | 	4,47
  8	 | 	10	 | 	5,00
  8	 | 	27	 | 	26,68
  9	 | 	10	 | 	4,47
  9	 | 	22	 | 	26,31
  11	 | 	14	 | 	3,16
  11	 | 	35	 | 	31,06
  12	 | 	15	 | 	5,66
  12	 | 	17	 | 	9,90
  12	 | 	20	 | 	12,04
  12	 | 	39	 | 	37,05
  13	 | 	14	 | 	6,71
  14	 | 	15	 | 	2,24
  14	 | 	34	 | 	31,02
  15	 | 	16	 | 	14,00
  15	 | 	25	 | 	23,00
  15	 | 	26	 | 	23,19
  16	 | 	17	 | 	4,24
  16	 | 	18	 | 	4,12
  16	 | 	37	 | 	27,29
  17	 | 	40	 | 	29,15
  18	 | 	38	 | 	25,00
  19	 | 	24	 | 	2,24
  19	 | 	32	 | 	15,52
  20	 | 	24	 | 	7,62
  20	 | 	27	 | 	5,00
  22	 | 	28	 | 	2,83
  23	 | 	25	 | 	3,61
  23	 | 	28	 | 	2,24
  23	 | 	38	 | 	18,00
  25	 | 	27	 | 	3,61
  25	 | 	39	 | 	18,11
  27	 | 	29	 | 	7,81
  29	 | 	33	 | 	3,16
  29	 | 	35	 | 	2,24
  30	 | 	33	 | 	6,40
  31	 | 	32	 | 	7,62
  31	 | 	36	 | 	3,61
  32	 | 	34	 | 	3,16
  35	 | 	36	 | 	5,10
  37	 | 	43	 | 	4,47
  38	 | 	39	 | 	5,39
  38	 | 	40	 | 	3,16
  40	 | 	44	 | 	4,24
  41	 | 	44	 | 	2,24
  42	 | 	43	 | 	7,21
  42	 | 	44	 | 	4,12
  32	 | 	35	 | 	6,40
  11	 | 	20	 | 	19,65
  17	 | 	20	 | 	7,81
  16	 | 	26	 | 	9,49
  18	 | 	30	 | 	10,44
  0	 | 	40	 | 	57,04
  26	 | 	27	 | 	2,00
  4	 | 	36	 | 	42,05
___________________________
Simulation Topology [1:20]
___________________________
From 	  To 		Length
___________________________
  0	 | 	4	 | 	2,24
  0	 | 	11	 | 	14,56
  0	 | 	14	 | 	15,03
  0	 | 	20	 | 	33,02
  1	 | 	4	 | 	3,00
  1	 | 	8	 | 	9,22
  1	 | 	26	 | 	35,00
  2	 | 	3	 | 	3,61
  2	 | 	5	 | 	5,00
  2	 | 	16	 | 	26,02
  3	 | 	14	 | 	13,60
  3	 | 	21	 | 	36,06
  3	 | 	26	 | 	38,47
  3	 | 	29	 | 	42,01
  4	 | 	17	 | 	26,68
  6	 | 	8	 | 	5,00
  6	 | 	39	 | 	50,04
  7	 | 	9	 | 	4,47
  7	 | 	11	 | 	4,47
  8	 | 	10	 | 	5,00
  8	 | 	27	 | 	26,68
  9	 | 	10	 | 	4,47
  9	 | 	22	 | 	26,31
  11	 | 	14	 | 	3,16
  11	 | 	35	 | 	31,06
  12	 | 	15	 | 	5,66
  12	 | 	17	 | 	9,90
  12	 | 	20	 | 	12,04
  12	 | 	39	 | 	37,05
  13	 | 	14	 | 	6,71
  14	 | 	15	 | 	2,24
  14	 | 	34	 | 	31,02
  15	 | 	16	 | 	14,00
  15	 | 	25	 | 	23,00
  15	 | 	26	 | 	23,19
  16	 | 	17	 | 	4,24
  16	 | 	18	 | 	4,12
  16	 | 	37	 | 	27,29
  17	 | 	40	 | 	29,15
  18	 | 	38	 | 	25,00
  19	 | 	24	 | 	2,24
  19	 | 	32	 | 	15,52
  20	 | 	24	 | 	7,62
  20	 | 	27	 | 	5,00
  22	 | 	28	 | 	2,83
  23	 | 	25	 | 	3,61
  23	 | 	28	 | 	2,24
  23	 | 	38	 | 	18,00
  25	 | 	27	 | 	3,61
  25	 | 	39	 | 	18,11
  27	 | 	29	 | 	7,81
  29	 | 	33	 | 	3,16
  29	 | 	35	 | 	2,24
  30	 | 	33	 | 	6,40
  31	 | 	32	 | 	7,62
  31	 | 	36	 | 	3,61
  32	 | 	34	 | 	3,16
  35	 | 	36	 | 	5,10
  37	 | 	43	 | 	4,47
  38	 | 	39	 | 	5,39
  38	 | 	40	 | 	3,16
  40	 | 	44	 | 	4,24
  41	 | 	44	 | 	2,24
  42	 | 	43	 | 	7,21
  42	 | 	44	 | 	4,12
  32	 | 	35	 | 	6,40
  11	 | 	20	 | 	19,65
  17	 | 	20	 | 	7,81
  16	 | 	26	 | 	9,49
  18	 | 	30	 | 	10,44
  0	 | 	40	 | 	57,04
  26	 | 	27	 | 	2,00
  4	 | 	36	 | 	42,05
  9	 | 	13	 | 	14,32
___________________________
Simulation Topology [1:21]
___________________________
From 	  To 		Length
___________________________
  0	 | 	4	 | 	2,24
  0	 | 	11	 | 	14,56
  0	 | 	14	 | 	15,03
  0	 | 	20	 | 	33,02
  1	 | 	4	 | 	3,00
  1	 | 	8	 | 	9,22
  1	 | 	26	 | 	35,00
  2	 | 	3	 | 	3,61
  2	 | 	5	 | 	5,00
  2	 | 	16	 | 	26,02
  3	 | 	14	 | 	13,60
  3	 | 	21	 | 	36,06
  3	 | 	26	 | 	38,47
  3	 | 	29	 | 	42,01
  4	 | 	17	 | 	26,68
  6	 | 	8	 | 	5,00
  6	 | 	39	 | 	50,04
  7	 | 	9	 | 	4,47
  7	 | 	11	 | 	4,47
  8	 | 	10	 | 	5,00
  8	 | 	27	 | 	26,68
  9	 | 	10	 | 	4,47
  9	 | 	22	 | 	26,31
  11	 | 	14	 | 	3,16
  11	 | 	35	 | 	31,06
  12	 | 	15	 | 	5,66
  12	 | 	17	 | 	9,90
  12	 | 	20	 | 	12,04
  12	 | 	39	 | 	37,05
  13	 | 	14	 | 	6,71
  14	 | 	15	 | 	2,24
  14	 | 	34	 | 	31,02
  15	 | 	16	 | 	14,00
  15	 | 	25	 | 	23,00
  15	 | 	26	 | 	23,19
  16	 | 	17	 | 	4,24
  16	 | 	18	 | 	4,12
  16	 | 	37	 | 	27,29
  17	 | 	40	 | 	29,15
  18	 | 	38	 | 	25,00
  19	 | 	24	 | 	2,24
  19	 | 	32	 | 	15,52
  20	 | 	24	 | 	7,62
  20	 | 	27	 | 	5,00
  22	 | 	28	 | 	2,83
  23	 | 	25	 | 	3,61
  23	 | 	28	 | 	2,24
  23	 | 	38	 | 	18,00
  25	 | 	27	 | 	3,61
  25	 | 	39	 | 	18,11
  27	 | 	29	 | 	7,81
  29	 | 	33	 | 	3,16
  29	 | 	35	 | 	2,24
  30	 | 	33	 | 	6,40
  31	 | 	32	 | 	7,62
  31	 | 	36	 | 	3,61
  32	 | 	34	 | 	3,16
  35	 | 	36	 | 	5,10
  37	 | 	43	 | 	4,47
  38	 | 	39	 | 	5,39
  38	 | 	40	 | 	3,16
  40	 | 	44	 | 	4,24
  41	 | 	44	 | 	2,24
  42	 | 	43	 | 	7,21
  42	 | 	44	 | 	4,12
  32	 | 	35	 | 	6,40
  11	 | 	20	 | 	19,65
  17	 | 	20	 | 	7,81
  16	 | 	26	 | 	9,49
  18	 | 	30	 | 	10,44
  0	 | 	40	 | 	57,04
  26	 | 	27	 | 	2,00
  4	 | 	36	 | 	42,05
  9	 | 	13	 | 	14,32
  27	 | 	33	 | 	10,82
___________________________
Simulation Topology 2
___________________________
[0]				[5]		
[6]				[5]		
[0]				[0]		
[3]				[0]		
[8]				[4]		
[5]				[15]		
[1]				[15]		
[8]				[9]		
[5]				[10]		
[2]				[12]		
[0]				[17]		
[8]				[12]		
[0]				[9]		
[7]				[16]		
[6]				[12]		
[0]				[20]		
[3]				[24]		
[8]				[25]		
[0]				[22]		
[9]				[18]		
[1]				[25]		
[6]				[20]		
[7]				[18]		
[3]				[26]		
[6]				[35]		
[8]				[43]		
[4]				[44]		
[7]				[37]		
[9]				[53]		
[1]				[45]		
[4]				[51]		
[8]				[46]		
[6]				[45]		
[7]				[48]		
[2]				[47]		
[5]				[48]		
[7]				[55]		
[4]				[59]		
[2]				[62]		
[8]				[70]		
[5]				[70]		
[0]				[64]		
[6]				[67]		
[7]				[72]		
[18]				[5]		
___________________________
Simulation Topology [2:0]
___________________________
From 	  To 		Length
___________________________
  27	 | 	33	 | 	11,00
  9	 | 	13	 | 	6,40
  4	 | 	36	 | 	51,01
  26	 | 	27	 | 	7,62
  0	 | 	40	 | 	65,19
  18	 | 	30	 | 	29,27
  16	 | 	26	 | 	20,02
  17	 | 	20	 | 	7,00
  11	 | 	20	 | 	14,76
  32	 | 	35	 | 	3,16
  42	 | 	44	 | 	63,15
  42	 | 	43	 | 	5,10
  41	 | 	44	 | 	61,68
  40	 | 	44	 | 	66,29
  38	 | 	40	 | 	8,54
  38	 | 	39	 | 	10,00
  37	 | 	43	 | 	13,34
  35	 | 	36	 | 	7,28
  32	 | 	34	 | 	4,47
  31	 | 	36	 | 	9,06
  31	 | 	32	 | 	2,24
  30	 | 	33	 | 	4,24
  29	 | 	35	 | 	5,00
  29	 | 	33	 | 	6,71
  27	 | 	29	 | 	10,00
  25	 | 	39	 | 	27,00
  25	 | 	27	 | 	6,08
  23	 | 	38	 | 	36,01
  23	 | 	28	 | 	27,66
  23	 | 	25	 | 	17,72
  22	 | 	28	 | 	35,06
  20	 | 	27	 | 	13,42
  20	 | 	24	 | 	11,18
  19	 | 	32	 | 	27,17
  19	 | 	24	 | 	17,26
  18	 | 	38	 | 	40,05
  17	 | 	40	 | 	45,10
  0	 | 	5	 | 	11,18
  0	 | 	17	 | 	21,54
  0	 | 	23	 | 	21,21
  0	 | 	24	 | 	30,59
  0	 | 	32	 | 	40,45
  0	 | 	38	 | 	57,04
  1	 | 	3	 | 	5,83
  1	 | 	4	 | 	2,24
  1	 | 	8	 | 	5,10
  1	 | 	17	 | 	20,10
  1	 | 	24	 | 	30,00
  1	 | 	29	 | 	40,31
  2	 | 	3	 | 	3,00
  2	 | 	30	 | 	51,16
  3	 | 	15	 | 	20,22
  5	 | 	12	 | 	7,81
  5	 | 	13	 | 	2,24
  6	 | 	9	 | 	3,16
  6	 | 	22	 | 	6,71
  7	 | 	8	 | 	3,16
  7	 | 	21	 | 	11,18
  8	 | 	11	 | 	3,61
  10	 | 	13	 | 	7,07
  12	 | 	27	 | 	28,86
  12	 | 	33	 | 	39,62
  14	 | 	18	 | 	11,66
  15	 | 	17	 | 	9,43
  15	 | 	23	 | 	6,71
  15	 | 	33	 | 	28,86
  15	 | 	39	 | 	50,64
  16	 | 	21	 | 	5,00
  17	 | 	26	 | 	19,42
  18	 | 	19	 | 	9,85
  18	 | 	22	 | 	8,06
  20	 | 	21	 | 	7,07
  22	 | 	24	 | 	17,03
  22	 | 	30	 | 	33,14
  25	 | 	43	 | 	29,02
  27	 | 	42	 | 	30,02
  28	 | 	31	 | 	7,07
  28	 | 	34	 | 	9,22
  29	 | 	30	 | 	6,71
  29	 | 	32	 | 	5,00
  30	 | 	36	 | 	5,00
  32	 | 	33	 | 	3,16
  33	 | 	34	 | 	5,10
  35	 | 	37	 | 	11,05
  36	 | 	37	 | 	5,00
  39	 | 	41	 | 	10,00
  43	 | 	44	 | 	67,90
___________________________
Simulation Topology [2:1]
___________________________
From 	  To 		Length
___________________________
  27	 | 	33	 | 	11,00
  9	 | 	13	 | 	6,40
  4	 | 	36	 | 	51,01
  26	 | 	27	 | 	7,62
  0	 | 	40	 | 	65,19
  18	 | 	30	 | 	29,27
  16	 | 	26	 | 	20,02
  17	 | 	20	 | 	7,00
  11	 | 	20	 | 	14,76
  32	 | 	35	 | 	3,16
  42	 | 	44	 | 	63,15
  42	 | 	43	 | 	5,10
  41	 | 	44	 | 	61,68
  40	 | 	44	 | 	66,29
  38	 | 	40	 | 	8,54
  38	 | 	39	 | 	10,00
  37	 | 	43	 | 	13,34
  35	 | 	36	 | 	7,28
  32	 | 	34	 | 	4,47
  31	 | 	36	 | 	9,06
  31	 | 	32	 | 	2,24
  30	 | 	33	 | 	4,24
  29	 | 	35	 | 	5,00
  29	 | 	33	 | 	6,71
  27	 | 	29	 | 	10,00
  25	 | 	39	 | 	27,00
  25	 | 	27	 | 	6,08
  23	 | 	38	 | 	36,01
  23	 | 	28	 | 	27,66
  23	 | 	25	 | 	17,72
  22	 | 	28	 | 	35,06
  20	 | 	27	 | 	13,42
  20	 | 	24	 | 	11,18
  19	 | 	32	 | 	27,17
  19	 | 	24	 | 	17,26
  18	 | 	38	 | 	40,05
  17	 | 	40	 | 	45,10
  0	 | 	5	 | 	11,18
  0	 | 	17	 | 	21,54
  0	 | 	23	 | 	21,21
  0	 | 	24	 | 	30,59
  0	 | 	32	 | 	40,45
  0	 | 	38	 | 	57,04
  1	 | 	3	 | 	5,83
  1	 | 	4	 | 	2,24
  1	 | 	8	 | 	5,10
  1	 | 	17	 | 	20,10
  1	 | 	24	 | 	30,00
  1	 | 	29	 | 	40,31
  2	 | 	3	 | 	3,00
  2	 | 	30	 | 	51,16
  3	 | 	15	 | 	20,22
  5	 | 	12	 | 	7,81
  5	 | 	13	 | 	2,24
  6	 | 	9	 | 	3,16
  6	 | 	22	 | 	6,71
  7	 | 	8	 | 	3,16
  7	 | 	21	 | 	11,18
  8	 | 	11	 | 	3,61
  10	 | 	13	 | 	7,07
  12	 | 	27	 | 	28,86
  12	 | 	33	 | 	39,62
  14	 | 	18	 | 	11,66
  15	 | 	17	 | 	9,43
  15	 | 	23	 | 	6,71
  15	 | 	33	 | 	28,86
  15	 | 	39	 | 	50,64
  16	 | 	21	 | 	5,00
  17	 | 	26	 | 	19,42
  18	 | 	19	 | 	9,85
  18	 | 	22	 | 	8,06
  20	 | 	21	 | 	7,07
  22	 | 	24	 | 	17,03
  22	 | 	30	 | 	33,14
  25	 | 	43	 | 	29,02
  27	 | 	42	 | 	30,02
  28	 | 	31	 | 	7,07
  28	 | 	34	 | 	9,22
  29	 | 	30	 | 	6,71
  29	 | 	32	 | 	5,00
  30	 | 	36	 | 	5,00
  32	 | 	33	 | 	3,16
  33	 | 	34	 | 	5,10
  35	 | 	37	 | 	11,05
  36	 | 	37	 | 	5,00
  39	 | 	41	 | 	10,00
  43	 | 	44	 | 	67,90
  19	 | 	22	 | 	2,00
___________________________
Simulation Topology [2:2]
___________________________
From 	  To 		Length
___________________________
  27	 | 	33	 | 	11,00
  9	 | 	13	 | 	6,40
  4	 | 	36	 | 	51,01
  26	 | 	27	 | 	7,62
  0	 | 	40	 | 	65,19
  18	 | 	30	 | 	29,27
  16	 | 	26	 | 	20,02
  17	 | 	20	 | 	7,00
  11	 | 	20	 | 	14,76
  32	 | 	35	 | 	3,16
  42	 | 	44	 | 	63,15
  42	 | 	43	 | 	5,10
  41	 | 	44	 | 	61,68
  40	 | 	44	 | 	66,29
  38	 | 	40	 | 	8,54
  38	 | 	39	 | 	10,00
  37	 | 	43	 | 	13,34
  35	 | 	36	 | 	7,28
  32	 | 	34	 | 	4,47
  31	 | 	36	 | 	9,06
  31	 | 	32	 | 	2,24
  30	 | 	33	 | 	4,24
  29	 | 	35	 | 	5,00
  29	 | 	33	 | 	6,71
  27	 | 	29	 | 	10,00
  25	 | 	39	 | 	27,00
  25	 | 	27	 | 	6,08
  23	 | 	38	 | 	36,01
  23	 | 	28	 | 	27,66
  23	 | 	25	 | 	17,72
  22	 | 	28	 | 	35,06
  20	 | 	27	 | 	13,42
  20	 | 	24	 | 	11,18
  19	 | 	32	 | 	27,17
  19	 | 	24	 | 	17,26
  18	 | 	38	 | 	40,05
  17	 | 	40	 | 	45,10
  0	 | 	5	 | 	11,18
  0	 | 	17	 | 	21,54
  0	 | 	23	 | 	21,21
  0	 | 	24	 | 	30,59
  0	 | 	32	 | 	40,45
  0	 | 	38	 | 	57,04
  1	 | 	3	 | 	5,83
  1	 | 	4	 | 	2,24
  1	 | 	8	 | 	5,10
  1	 | 	17	 | 	20,10
  1	 | 	24	 | 	30,00
  1	 | 	29	 | 	40,31
  2	 | 	3	 | 	3,00
  2	 | 	30	 | 	51,16
  3	 | 	15	 | 	20,22
  5	 | 	12	 | 	7,81
  5	 | 	13	 | 	2,24
  6	 | 	9	 | 	3,16
  6	 | 	22	 | 	6,71
  7	 | 	8	 | 	3,16
  7	 | 	21	 | 	11,18
  8	 | 	11	 | 	3,61
  10	 | 	13	 | 	7,07
  12	 | 	27	 | 	28,86
  12	 | 	33	 | 	39,62
  14	 | 	18	 | 	11,66
  15	 | 	17	 | 	9,43
  15	 | 	23	 | 	6,71
  15	 | 	33	 | 	28,86
  15	 | 	39	 | 	50,64
  16	 | 	21	 | 	5,00
  17	 | 	26	 | 	19,42
  18	 | 	19	 | 	9,85
  18	 | 	22	 | 	8,06
  20	 | 	21	 | 	7,07
  22	 | 	24	 | 	17,03
  22	 | 	30	 | 	33,14
  25	 | 	43	 | 	29,02
  27	 | 	42	 | 	30,02
  28	 | 	31	 | 	7,07
  28	 | 	34	 | 	9,22
  29	 | 	30	 | 	6,71
  29	 | 	32	 | 	5,00
  30	 | 	36	 | 	5,00
  32	 | 	33	 | 	3,16
  33	 | 	34	 | 	5,10
  35	 | 	37	 | 	11,05
  36	 | 	37	 | 	5,00
  39	 | 	41	 | 	10,00
  43	 | 	44	 | 	67,90
  19	 | 	22	 | 	2,00
  2	 | 	8	 | 	11,18
___________________________
Simulation Topology [2:3]
___________________________
From 	  To 		Length
___________________________
  27	 | 	33	 | 	11,00
  9	 | 	13	 | 	6,40
  4	 | 	36	 | 	51,01
  26	 | 	27	 | 	7,62
  0	 | 	40	 | 	65,19
  18	 | 	30	 | 	29,27
  16	 | 	26	 | 	20,02
  17	 | 	20	 | 	7,00
  11	 | 	20	 | 	14,76
  32	 | 	35	 | 	3,16
  42	 | 	44	 | 	63,15
  42	 | 	43	 | 	5,10
  41	 | 	44	 | 	61,68
  40	 | 	44	 | 	66,29
  38	 | 	40	 | 	8,54
  38	 | 	39	 | 	10,00
  37	 | 	43	 | 	13,34
  35	 | 	36	 | 	7,28
  32	 | 	34	 | 	4,47
  31	 | 	36	 | 	9,06
  31	 | 	32	 | 	2,24
  30	 | 	33	 | 	4,24
  29	 | 	35	 | 	5,00
  29	 | 	33	 | 	6,71
  27	 | 	29	 | 	10,00
  25	 | 	39	 | 	27,00
  25	 | 	27	 | 	6,08
  23	 | 	38	 | 	36,01
  23	 | 	28	 | 	27,66
  23	 | 	25	 | 	17,72
  22	 | 	28	 | 	35,06
  20	 | 	27	 | 	13,42
  20	 | 	24	 | 	11,18
  19	 | 	32	 | 	27,17
  19	 | 	24	 | 	17,26
  18	 | 	38	 | 	40,05
  17	 | 	40	 | 	45,10
  0	 | 	5	 | 	11,18
  0	 | 	17	 | 	21,54
  0	 | 	23	 | 	21,21
  0	 | 	24	 | 	30,59
  0	 | 	32	 | 	40,45
  0	 | 	38	 | 	57,04
  1	 | 	3	 | 	5,83
  1	 | 	4	 | 	2,24
  1	 | 	8	 | 	5,10
  1	 | 	17	 | 	20,10
  1	 | 	24	 | 	30,00
  1	 | 	29	 | 	40,31
  2	 | 	3	 | 	3,00
  2	 | 	30	 | 	51,16
  3	 | 	15	 | 	20,22
  5	 | 	12	 | 	7,81
  5	 | 	13	 | 	2,24
  6	 | 	9	 | 	3,16
  6	 | 	22	 | 	6,71
  7	 | 	8	 | 	3,16
  7	 | 	21	 | 	11,18
  8	 | 	11	 | 	3,61
  10	 | 	13	 | 	7,07
  12	 | 	27	 | 	28,86
  12	 | 	33	 | 	39,62
  14	 | 	18	 | 	11,66
  15	 | 	17	 | 	9,43
  15	 | 	23	 | 	6,71
  15	 | 	33	 | 	28,86
  15	 | 	39	 | 	50,64
  16	 | 	21	 | 	5,00
  17	 | 	26	 | 	19,42
  18	 | 	19	 | 	9,85
  18	 | 	22	 | 	8,06
  20	 | 	21	 | 	7,07
  22	 | 	24	 | 	17,03
  22	 | 	30	 | 	33,14
  25	 | 	43	 | 	29,02
  27	 | 	42	 | 	30,02
  28	 | 	31	 | 	7,07
  28	 | 	34	 | 	9,22
  29	 | 	30	 | 	6,71
  29	 | 	32	 | 	5,00
  30	 | 	36	 | 	5,00
  32	 | 	33	 | 	3,16
  33	 | 	34	 | 	5,10
  35	 | 	37	 | 	11,05
  36	 | 	37	 | 	5,00
  39	 | 	41	 | 	10,00
  43	 | 	44	 | 	67,90
  19	 | 	22	 | 	2,00
  2	 | 	8	 | 	11,18
  13	 | 	32	 | 	29,02
___________________________
Simulation Topology [2:4]
___________________________
From 	  To 		Length
___________________________
  27	 | 	33	 | 	11,00
  9	 | 	13	 | 	6,40
  4	 | 	36	 | 	51,01
  26	 | 	27	 | 	7,62
  0	 | 	40	 | 	65,19
  18	 | 	30	 | 	29,27
  16	 | 	26	 | 	20,02
  17	 | 	20	 | 	7,00
  11	 | 	20	 | 	14,76
  32	 | 	35	 | 	3,16
  42	 | 	44	 | 	63,15
  42	 | 	43	 | 	5,10
  41	 | 	44	 | 	61,68
  40	 | 	44	 | 	66,29
  38	 | 	40	 | 	8,54
  38	 | 	39	 | 	10,00
  37	 | 	43	 | 	13,34
  35	 | 	36	 | 	7,28
  32	 | 	34	 | 	4,47
  31	 | 	36	 | 	9,06
  31	 | 	32	 | 	2,24
  30	 | 	33	 | 	4,24
  29	 | 	35	 | 	5,00
  29	 | 	33	 | 	6,71
  27	 | 	29	 | 	10,00
  25	 | 	39	 | 	27,00
  25	 | 	27	 | 	6,08
  23	 | 	38	 | 	36,01
  23	 | 	28	 | 	27,66
  23	 | 	25	 | 	17,72
  22	 | 	28	 | 	35,06
  20	 | 	27	 | 	13,42
  20	 | 	24	 | 	11,18
  19	 | 	32	 | 	27,17
  19	 | 	24	 | 	17,26
  18	 | 	38	 | 	40,05
  17	 | 	40	 | 	45,10
  0	 | 	5	 | 	11,18
  0	 | 	17	 | 	21,54
  0	 | 	23	 | 	21,21
  0	 | 	24	 | 	30,59
  0	 | 	32	 | 	40,45
  0	 | 	38	 | 	57,04
  1	 | 	3	 | 	5,83
  1	 | 	4	 | 	2,24
  1	 | 	8	 | 	5,10
  1	 | 	17	 | 	20,10
  1	 | 	24	 | 	30,00
  1	 | 	29	 | 	40,31
  2	 | 	3	 | 	3,00
  2	 | 	30	 | 	51,16
  3	 | 	15	 | 	20,22
  5	 | 	12	 | 	7,81
  5	 | 	13	 | 	2,24
  6	 | 	9	 | 	3,16
  6	 | 	22	 | 	6,71
  7	 | 	8	 | 	3,16
  7	 | 	21	 | 	11,18
  8	 | 	11	 | 	3,61
  10	 | 	13	 | 	7,07
  12	 | 	27	 | 	28,86
  12	 | 	33	 | 	39,62
  14	 | 	18	 | 	11,66
  15	 | 	17	 | 	9,43
  15	 | 	23	 | 	6,71
  15	 | 	33	 | 	28,86
  15	 | 	39	 | 	50,64
  16	 | 	21	 | 	5,00
  17	 | 	26	 | 	19,42
  18	 | 	19	 | 	9,85
  18	 | 	22	 | 	8,06
  20	 | 	21	 | 	7,07
  22	 | 	24	 | 	17,03
  22	 | 	30	 | 	33,14
  25	 | 	43	 | 	29,02
  27	 | 	42	 | 	30,02
  28	 | 	31	 | 	7,07
  28	 | 	34	 | 	9,22
  29	 | 	30	 | 	6,71
  29	 | 	32	 | 	5,00
  30	 | 	36	 | 	5,00
  32	 | 	33	 | 	3,16
  33	 | 	34	 | 	5,10
  35	 | 	37	 | 	11,05
  36	 | 	37	 | 	5,00
  39	 | 	41	 | 	10,00
  43	 | 	44	 | 	67,90
  19	 | 	22	 | 	2,00
  2	 | 	8	 | 	11,18
  13	 | 	32	 | 	29,02
  23	 | 	39	 | 	44,28
___________________________
Simulation Topology [2:5]
___________________________
From 	  To 		Length
___________________________
  27	 | 	33	 | 	11,00
  9	 | 	13	 | 	6,40
  4	 | 	36	 | 	51,01
  26	 | 	27	 | 	7,62
  0	 | 	40	 | 	65,19
  18	 | 	30	 | 	29,27
  16	 | 	26	 | 	20,02
  17	 | 	20	 | 	7,00
  11	 | 	20	 | 	14,76
  32	 | 	35	 | 	3,16
  42	 | 	44	 | 	63,15
  42	 | 	43	 | 	5,10
  41	 | 	44	 | 	61,68
  40	 | 	44	 | 	66,29
  38	 | 	40	 | 	8,54
  38	 | 	39	 | 	10,00
  37	 | 	43	 | 	13,34
  35	 | 	36	 | 	7,28
  32	 | 	34	 | 	4,47
  31	 | 	36	 | 	9,06
  31	 | 	32	 | 	2,24
  30	 | 	33	 | 	4,24
  29	 | 	35	 | 	5,00
  29	 | 	33	 | 	6,71
  27	 | 	29	 | 	10,00
  25	 | 	39	 | 	27,00
  25	 | 	27	 | 	6,08
  23	 | 	38	 | 	36,01
  23	 | 	28	 | 	27,66
  23	 | 	25	 | 	17,72
  22	 | 	28	 | 	35,06
  20	 | 	27	 | 	13,42
  20	 | 	24	 | 	11,18
  19	 | 	32	 | 	27,17
  19	 | 	24	 | 	17,26
  18	 | 	38	 | 	40,05
  17	 | 	40	 | 	45,10
  0	 | 	5	 | 	11,18
  0	 | 	17	 | 	21,54
  0	 | 	23	 | 	21,21
  0	 | 	24	 | 	30,59
  0	 | 	32	 | 	40,45
  0	 | 	38	 | 	57,04
  1	 | 	3	 | 	5,83
  1	 | 	4	 | 	2,24
  1	 | 	8	 | 	5,10
  1	 | 	17	 | 	20,10
  1	 | 	24	 | 	30,00
  1	 | 	29	 | 	40,31
  2	 | 	3	 | 	3,00
  2	 | 	30	 | 	51,16
  3	 | 	15	 | 	20,22
  5	 | 	12	 | 	7,81
  5	 | 	13	 | 	2,24
  6	 | 	9	 | 	3,16
  6	 | 	22	 | 	6,71
  7	 | 	8	 | 	3,16
  7	 | 	21	 | 	11,18
  8	 | 	11	 | 	3,61
  10	 | 	13	 | 	7,07
  12	 | 	27	 | 	28,86
  12	 | 	33	 | 	39,62
  14	 | 	18	 | 	11,66
  15	 | 	17	 | 	9,43
  15	 | 	23	 | 	6,71
  15	 | 	33	 | 	28,86
  15	 | 	39	 | 	50,64
  16	 | 	21	 | 	5,00
  17	 | 	26	 | 	19,42
  18	 | 	19	 | 	9,85
  18	 | 	22	 | 	8,06
  20	 | 	21	 | 	7,07
  22	 | 	24	 | 	17,03
  22	 | 	30	 | 	33,14
  25	 | 	43	 | 	29,02
  27	 | 	42	 | 	30,02
  28	 | 	31	 | 	7,07
  28	 | 	34	 | 	9,22
  29	 | 	30	 | 	6,71
  29	 | 	32	 | 	5,00
  30	 | 	36	 | 	5,00
  32	 | 	33	 | 	3,16
  33	 | 	34	 | 	5,10
  35	 | 	37	 | 	11,05
  36	 | 	37	 | 	5,00
  39	 | 	41	 | 	10,00
  43	 | 	44	 | 	67,90
  19	 | 	22	 | 	2,00
  2	 | 	8	 | 	11,18
  13	 | 	32	 | 	29,02
  23	 | 	39	 | 	44,28
  34	 | 	37	 | 	12,17
___________________________
Simulation Topology [2:6]
___________________________
From 	  To 		Length
___________________________
  27	 | 	33	 | 	11,00
  9	 | 	13	 | 	6,40
  4	 | 	36	 | 	51,01
  26	 | 	27	 | 	7,62
  0	 | 	40	 | 	65,19
  18	 | 	30	 | 	29,27
  16	 | 	26	 | 	20,02
  17	 | 	20	 | 	7,00
  11	 | 	20	 | 	14,76
  32	 | 	35	 | 	3,16
  42	 | 	44	 | 	63,15
  42	 | 	43	 | 	5,10
  41	 | 	44	 | 	61,68
  40	 | 	44	 | 	66,29
  38	 | 	40	 | 	8,54
  38	 | 	39	 | 	10,00
  37	 | 	43	 | 	13,34
  35	 | 	36	 | 	7,28
  32	 | 	34	 | 	4,47
  31	 | 	36	 | 	9,06
  31	 | 	32	 | 	2,24
  30	 | 	33	 | 	4,24
  29	 | 	35	 | 	5,00
  29	 | 	33	 | 	6,71
  27	 | 	29	 | 	10,00
  25	 | 	39	 | 	27,00
  25	 | 	27	 | 	6,08
  23	 | 	38	 | 	36,01
  23	 | 	28	 | 	27,66
  23	 | 	25	 | 	17,72
  22	 | 	28	 | 	35,06
  20	 | 	27	 | 	13,42
  20	 | 	24	 | 	11,18
  19	 | 	32	 | 	27,17
  19	 | 	24	 | 	17,26
  18	 | 	38	 | 	40,05
  17	 | 	40	 | 	45,10
  0	 | 	5	 | 	11,18
  0	 | 	17	 | 	21,54
  0	 | 	23	 | 	21,21
  0	 | 	24	 | 	30,59
  0	 | 	32	 | 	40,45
  0	 | 	38	 | 	57,04
  1	 | 	3	 | 	5,83
  1	 | 	4	 | 	2,24
  1	 | 	8	 | 	5,10
  1	 | 	17	 | 	20,10
  1	 | 	24	 | 	30,00
  1	 | 	29	 | 	40,31
  2	 | 	3	 | 	3,00
  2	 | 	30	 | 	51,16
  3	 | 	15	 | 	20,22
  5	 | 	12	 | 	7,81
  5	 | 	13	 | 	2,24
  6	 | 	9	 | 	3,16
  6	 | 	22	 | 	6,71
  7	 | 	8	 | 	3,16
  7	 | 	21	 | 	11,18
  8	 | 	11	 | 	3,61
  10	 | 	13	 | 	7,07
  12	 | 	27	 | 	28,86
  12	 | 	33	 | 	39,62
  14	 | 	18	 | 	11,66
  15	 | 	17	 | 	9,43
  15	 | 	23	 | 	6,71
  15	 | 	33	 | 	28,86
  15	 | 	39	 | 	50,64
  16	 | 	21	 | 	5,00
  17	 | 	26	 | 	19,42
  18	 | 	19	 | 	9,85
  18	 | 	22	 | 	8,06
  20	 | 	21	 | 	7,07
  22	 | 	24	 | 	17,03
  22	 | 	30	 | 	33,14
  25	 | 	43	 | 	29,02
  27	 | 	42	 | 	30,02
  28	 | 	31	 | 	7,07
  28	 | 	34	 | 	9,22
  29	 | 	30	 | 	6,71
  29	 | 	32	 | 	5,00
  30	 | 	36	 | 	5,00
  32	 | 	33	 | 	3,16
  33	 | 	34	 | 	5,10
  35	 | 	37	 | 	11,05
  36	 | 	37	 | 	5,00
  39	 | 	41	 | 	10,00
  43	 | 	44	 | 	67,90
  19	 | 	22	 | 	2,00
  2	 | 	8	 | 	11,18
  13	 | 	32	 | 	29,02
  23	 | 	39	 | 	44,28
  34	 | 	37	 | 	12,17
  26	 | 	38	 | 	18,11
___________________________
Simulation Topology [2:7]
___________________________
From 	  To 		Length
___________________________
  27	 | 	33	 | 	11,00
  9	 | 	13	 | 	6,40
  4	 | 	36	 | 	51,01
  26	 | 	27	 | 	7,62
  0	 | 	40	 | 	65,19
  18	 | 	30	 | 	29,27
  16	 | 	26	 | 	20,02
  17	 | 	20	 | 	7,00
  11	 | 	20	 | 	14,76
  32	 | 	35	 | 	3,16
  42	 | 	44	 | 	63,15
  42	 | 	43	 | 	5,10
  41	 | 	44	 | 	61,68
  40	 | 	44	 | 	66,29
  38	 | 	40	 | 	8,54
  38	 | 	39	 | 	10,00
  37	 | 	43	 | 	13,34
  35	 | 	36	 | 	7,28
  32	 | 	34	 | 	4,47
  31	 | 	36	 | 	9,06
  31	 | 	32	 | 	2,24
  30	 | 	33	 | 	4,24
  29	 | 	35	 | 	5,00
  29	 | 	33	 | 	6,71
  27	 | 	29	 | 	10,00
  25	 | 	39	 | 	27,00
  25	 | 	27	 | 	6,08
  23	 | 	38	 | 	36,01
  23	 | 	28	 | 	27,66
  23	 | 	25	 | 	17,72
  22	 | 	28	 | 	35,06
  20	 | 	27	 | 	13,42
  20	 | 	24	 | 	11,18
  19	 | 	32	 | 	27,17
  19	 | 	24	 | 	17,26
  18	 | 	38	 | 	40,05
  17	 | 	40	 | 	45,10
  0	 | 	5	 | 	11,18
  0	 | 	17	 | 	21,54
  0	 | 	23	 | 	21,21
  0	 | 	24	 | 	30,59
  0	 | 	32	 | 	40,45
  0	 | 	38	 | 	57,04
  1	 | 	3	 | 	5,83
  1	 | 	4	 | 	2,24
  1	 | 	8	 | 	5,10
  1	 | 	17	 | 	20,10
  1	 | 	24	 | 	30,00
  1	 | 	29	 | 	40,31
  2	 | 	3	 | 	3,00
  2	 | 	30	 | 	51,16
  3	 | 	15	 | 	20,22
  5	 | 	12	 | 	7,81
  5	 | 	13	 | 	2,24
  6	 | 	9	 | 	3,16
  6	 | 	22	 | 	6,71
  7	 | 	8	 | 	3,16
  7	 | 	21	 | 	11,18
  8	 | 	11	 | 	3,61
  10	 | 	13	 | 	7,07
  12	 | 	27	 | 	28,86
  12	 | 	33	 | 	39,62
  14	 | 	18	 | 	11,66
  15	 | 	17	 | 	9,43
  15	 | 	23	 | 	6,71
  15	 | 	33	 | 	28,86
  15	 | 	39	 | 	50,64
  16	 | 	21	 | 	5,00
  17	 | 	26	 | 	19,42
  18	 | 	19	 | 	9,85
  18	 | 	22	 | 	8,06
  20	 | 	21	 | 	7,07
  22	 | 	24	 | 	17,03
  22	 | 	30	 | 	33,14
  25	 | 	43	 | 	29,02
  27	 | 	42	 | 	30,02
  28	 | 	31	 | 	7,07
  28	 | 	34	 | 	9,22
  29	 | 	30	 | 	6,71
  29	 | 	32	 | 	5,00
  30	 | 	36	 | 	5,00
  32	 | 	33	 | 	3,16
  33	 | 	34	 | 	5,10
  35	 | 	37	 | 	11,05
  36	 | 	37	 | 	5,00
  39	 | 	41	 | 	10,00
  43	 | 	44	 | 	67,90
  19	 | 	22	 | 	2,00
  2	 | 	8	 | 	11,18
  13	 | 	32	 | 	29,02
  23	 | 	39	 | 	44,28
  34	 | 	37	 | 	12,17
  26	 | 	38	 | 	18,11
  5	 | 	17	 | 	10,44
___________________________
Simulation Topology [2:8]
___________________________
From 	  To 		Length
___________________________
  27	 | 	33	 | 	11,00
  9	 | 	13	 | 	6,40
  4	 | 	36	 | 	51,01
  26	 | 	27	 | 	7,62
  0	 | 	40	 | 	65,19
  18	 | 	30	 | 	29,27
  16	 | 	26	 | 	20,02
  17	 | 	20	 | 	7,00
  11	 | 	20	 | 	14,76
  32	 | 	35	 | 	3,16
  42	 | 	44	 | 	63,15
  42	 | 	43	 | 	5,10
  41	 | 	44	 | 	61,68
  40	 | 	44	 | 	66,29
  38	 | 	40	 | 	8,54
  38	 | 	39	 | 	10,00
  37	 | 	43	 | 	13,34
  35	 | 	36	 | 	7,28
  32	 | 	34	 | 	4,47
  31	 | 	36	 | 	9,06
  31	 | 	32	 | 	2,24
  30	 | 	33	 | 	4,24
  29	 | 	35	 | 	5,00
  29	 | 	33	 | 	6,71
  27	 | 	29	 | 	10,00
  25	 | 	39	 | 	27,00
  25	 | 	27	 | 	6,08
  23	 | 	38	 | 	36,01
  23	 | 	28	 | 	27,66
  23	 | 	25	 | 	17,72
  22	 | 	28	 | 	35,06
  20	 | 	27	 | 	13,42
  20	 | 	24	 | 	11,18
  19	 | 	32	 | 	27,17
  19	 | 	24	 | 	17,26
  18	 | 	38	 | 	40,05
  17	 | 	40	 | 	45,10
  0	 | 	5	 | 	11,18
  0	 | 	17	 | 	21,54
  0	 | 	23	 | 	21,21
  0	 | 	24	 | 	30,59
  0	 | 	32	 | 	40,45
  0	 | 	38	 | 	57,04
  1	 | 	3	 | 	5,83
  1	 | 	4	 | 	2,24
  1	 | 	8	 | 	5,10
  1	 | 	17	 | 	20,10
  1	 | 	24	 | 	30,00
  1	 | 	29	 | 	40,31
  2	 | 	3	 | 	3,00
  2	 | 	30	 | 	51,16
  3	 | 	15	 | 	20,22
  5	 | 	12	 | 	7,81
  5	 | 	13	 | 	2,24
  6	 | 	9	 | 	3,16
  6	 | 	22	 | 	6,71
  7	 | 	8	 | 	3,16
  7	 | 	21	 | 	11,18
  8	 | 	11	 | 	3,61
  10	 | 	13	 | 	7,07
  12	 | 	27	 | 	28,86
  12	 | 	33	 | 	39,62
  14	 | 	18	 | 	11,66
  15	 | 	17	 | 	9,43
  15	 | 	23	 | 	6,71
  15	 | 	33	 | 	28,86
  15	 | 	39	 | 	50,64
  16	 | 	21	 | 	5,00
  17	 | 	26	 | 	19,42
  18	 | 	19	 | 	9,85
  18	 | 	22	 | 	8,06
  20	 | 	21	 | 	7,07
  22	 | 	24	 | 	17,03
  22	 | 	30	 | 	33,14
  25	 | 	43	 | 	29,02
  27	 | 	42	 | 	30,02
  28	 | 	31	 | 	7,07
  28	 | 	34	 | 	9,22
  29	 | 	30	 | 	6,71
  29	 | 	32	 | 	5,00
  30	 | 	36	 | 	5,00
  32	 | 	33	 | 	3,16
  33	 | 	34	 | 	5,10
  35	 | 	37	 | 	11,05
  36	 | 	37	 | 	5,00
  39	 | 	41	 | 	10,00
  43	 | 	44	 | 	67,90
  19	 | 	22	 | 	2,00
  2	 | 	8	 | 	11,18
  13	 | 	32	 | 	29,02
  23	 | 	39	 | 	44,28
  34	 | 	37	 | 	12,17
  26	 | 	38	 | 	18,11
  5	 | 	17	 | 	10,44
  5	 | 	7	 | 	6,71
___________________________
Simulation Topology [2:9]
___________________________
From 	  To 		Length
___________________________
  27	 | 	33	 | 	11,00
  9	 | 	13	 | 	6,40
  4	 | 	36	 | 	51,01
  26	 | 	27	 | 	7,62
  0	 | 	40	 | 	65,19
  18	 | 	30	 | 	29,27
  16	 | 	26	 | 	20,02
  17	 | 	20	 | 	7,00
  11	 | 	20	 | 	14,76
  32	 | 	35	 | 	3,16
  42	 | 	44	 | 	63,15
  42	 | 	43	 | 	5,10
  41	 | 	44	 | 	61,68
  40	 | 	44	 | 	66,29
  38	 | 	40	 | 	8,54
  38	 | 	39	 | 	10,00
  37	 | 	43	 | 	13,34
  35	 | 	36	 | 	7,28
  32	 | 	34	 | 	4,47
  31	 | 	36	 | 	9,06
  31	 | 	32	 | 	2,24
  30	 | 	33	 | 	4,24
  29	 | 	35	 | 	5,00
  29	 | 	33	 | 	6,71
  27	 | 	29	 | 	10,00
  25	 | 	39	 | 	27,00
  25	 | 	27	 | 	6,08
  23	 | 	38	 | 	36,01
  23	 | 	28	 | 	27,66
  23	 | 	25	 | 	17,72
  22	 | 	28	 | 	35,06
  20	 | 	27	 | 	13,42
  20	 | 	24	 | 	11,18
  19	 | 	32	 | 	27,17
  19	 | 	24	 | 	17,26
  18	 | 	38	 | 	40,05
  17	 | 	40	 | 	45,10
  0	 | 	5	 | 	11,18
  0	 | 	17	 | 	21,54
  0	 | 	23	 | 	21,21
  0	 | 	24	 | 	30,59
  0	 | 	32	 | 	40,45
  0	 | 	38	 | 	57,04
  1	 | 	3	 | 	5,83
  1	 | 	4	 | 	2,24
  1	 | 	8	 | 	5,10
  1	 | 	17	 | 	20,10
  1	 | 	24	 | 	30,00
  1	 | 	29	 | 	40,31
  2	 | 	3	 | 	3,00
  2	 | 	30	 | 	51,16
  3	 | 	15	 | 	20,22
  5	 | 	12	 | 	7,81
  5	 | 	13	 | 	2,24
  6	 | 	9	 | 	3,16
  6	 | 	22	 | 	6,71
  7	 | 	8	 | 	3,16
  7	 | 	21	 | 	11,18
  8	 | 	11	 | 	3,61
  10	 | 	13	 | 	7,07
  12	 | 	27	 | 	28,86
  12	 | 	33	 | 	39,62
  14	 | 	18	 | 	11,66
  15	 | 	17	 | 	9,43
  15	 | 	23	 | 	6,71
  15	 | 	33	 | 	28,86
  15	 | 	39	 | 	50,64
  16	 | 	21	 | 	5,00
  17	 | 	26	 | 	19,42
  18	 | 	19	 | 	9,85
  18	 | 	22	 | 	8,06
  20	 | 	21	 | 	7,07
  22	 | 	24	 | 	17,03
  22	 | 	30	 | 	33,14
  25	 | 	43	 | 	29,02
  27	 | 	42	 | 	30,02
  28	 | 	31	 | 	7,07
  28	 | 	34	 | 	9,22
  29	 | 	30	 | 	6,71
  29	 | 	32	 | 	5,00
  30	 | 	36	 | 	5,00
  32	 | 	33	 | 	3,16
  33	 | 	34	 | 	5,10
  35	 | 	37	 | 	11,05
  36	 | 	37	 | 	5,00
  39	 | 	41	 | 	10,00
  43	 | 	44	 | 	67,90
  19	 | 	22	 | 	2,00
  2	 | 	8	 | 	11,18
  13	 | 	32	 | 	29,02
  23	 | 	39	 | 	44,28
  34	 | 	37	 | 	12,17
  26	 | 	38	 | 	18,11
  5	 | 	17	 | 	10,44
  5	 | 	7	 | 	6,71
  9	 | 	12	 | 	3,61
___________________________
Simulation Topology [2:10]
___________________________
From 	  To 		Length
___________________________
  27	 | 	33	 | 	11,00
  9	 | 	13	 | 	6,40
  4	 | 	36	 | 	51,01
  26	 | 	27	 | 	7,62
  0	 | 	40	 | 	65,19
  18	 | 	30	 | 	29,27
  16	 | 	26	 | 	20,02
  17	 | 	20	 | 	7,00
  11	 | 	20	 | 	14,76
  32	 | 	35	 | 	3,16
  42	 | 	44	 | 	63,15
  42	 | 	43	 | 	5,10
  41	 | 	44	 | 	61,68
  40	 | 	44	 | 	66,29
  38	 | 	40	 | 	8,54
  38	 | 	39	 | 	10,00
  37	 | 	43	 | 	13,34
  35	 | 	36	 | 	7,28
  32	 | 	34	 | 	4,47
  31	 | 	36	 | 	9,06
  31	 | 	32	 | 	2,24
  30	 | 	33	 | 	4,24
  29	 | 	35	 | 	5,00
  29	 | 	33	 | 	6,71
  27	 | 	29	 | 	10,00
  25	 | 	39	 | 	27,00
  25	 | 	27	 | 	6,08
  23	 | 	38	 | 	36,01
  23	 | 	28	 | 	27,66
  23	 | 	25	 | 	17,72
  22	 | 	28	 | 	35,06
  20	 | 	27	 | 	13,42
  20	 | 	24	 | 	11,18
  19	 | 	32	 | 	27,17
  19	 | 	24	 | 	17,26
  18	 | 	38	 | 	40,05
  17	 | 	40	 | 	45,10
  0	 | 	5	 | 	11,18
  0	 | 	17	 | 	21,54
  0	 | 	23	 | 	21,21
  0	 | 	24	 | 	30,59
  0	 | 	32	 | 	40,45
  0	 | 	38	 | 	57,04
  1	 | 	3	 | 	5,83
  1	 | 	4	 | 	2,24
  1	 | 	8	 | 	5,10
  1	 | 	17	 | 	20,10
  1	 | 	24	 | 	30,00
  1	 | 	29	 | 	40,31
  2	 | 	3	 | 	3,00
  2	 | 	30	 | 	51,16
  3	 | 	15	 | 	20,22
  5	 | 	12	 | 	7,81
  5	 | 	13	 | 	2,24
  6	 | 	9	 | 	3,16
  6	 | 	22	 | 	6,71
  7	 | 	8	 | 	3,16
  7	 | 	21	 | 	11,18
  8	 | 	11	 | 	3,61
  10	 | 	13	 | 	7,07
  12	 | 	27	 | 	28,86
  12	 | 	33	 | 	39,62
  14	 | 	18	 | 	11,66
  15	 | 	17	 | 	9,43
  15	 | 	23	 | 	6,71
  15	 | 	33	 | 	28,86
  15	 | 	39	 | 	50,64
  16	 | 	21	 | 	5,00
  17	 | 	26	 | 	19,42
  18	 | 	19	 | 	9,85
  18	 | 	22	 | 	8,06
  20	 | 	21	 | 	7,07
  22	 | 	24	 | 	17,03
  22	 | 	30	 | 	33,14
  25	 | 	43	 | 	29,02
  27	 | 	42	 | 	30,02
  28	 | 	31	 | 	7,07
  28	 | 	34	 | 	9,22
  29	 | 	30	 | 	6,71
  29	 | 	32	 | 	5,00
  30	 | 	36	 | 	5,00
  32	 | 	33	 | 	3,16
  33	 | 	34	 | 	5,10
  35	 | 	37	 | 	11,05
  36	 | 	37	 | 	5,00
  39	 | 	41	 | 	10,00
  43	 | 	44	 | 	67,90
  19	 | 	22	 | 	2,00
  2	 | 	8	 | 	11,18
  13	 | 	32	 | 	29,02
  23	 | 	39	 | 	44,28
  34	 | 	37	 | 	12,17
  26	 | 	38	 | 	18,11
  5	 | 	17	 | 	10,44
  5	 | 	7	 | 	6,71
  9	 | 	12	 | 	3,61
  9	 | 	42	 | 	55,15
___________________________
Simulation Topology [2:11]
___________________________
From 	  To 		Length
___________________________
  27	 | 	33	 | 	11,00
  9	 | 	13	 | 	6,40
  4	 | 	36	 | 	51,01
  26	 | 	27	 | 	7,62
  0	 | 	40	 | 	65,19
  18	 | 	30	 | 	29,27
  16	 | 	26	 | 	20,02
  17	 | 	20	 | 	7,00
  11	 | 	20	 | 	14,76
  32	 | 	35	 | 	3,16
  42	 | 	44	 | 	63,15
  42	 | 	43	 | 	5,10
  41	 | 	44	 | 	61,68
  40	 | 	44	 | 	66,29
  38	 | 	40	 | 	8,54
  38	 | 	39	 | 	10,00
  37	 | 	43	 | 	13,34
  35	 | 	36	 | 	7,28
  32	 | 	34	 | 	4,47
  31	 | 	36	 | 	9,06
  31	 | 	32	 | 	2,24
  30	 | 	33	 | 	4,24
  29	 | 	35	 | 	5,00
  29	 | 	33	 | 	6,71
  27	 | 	29	 | 	10,00
  25	 | 	39	 | 	27,00
  25	 | 	27	 | 	6,08
  23	 | 	38	 | 	36,01
  23	 | 	28	 | 	27,66
  23	 | 	25	 | 	17,72
  22	 | 	28	 | 	35,06
  20	 | 	27	 | 	13,42
  20	 | 	24	 | 	11,18
  19	 | 	32	 | 	27,17
  19	 | 	24	 | 	17,26
  18	 | 	38	 | 	40,05
  17	 | 	40	 | 	45,10
  0	 | 	5	 | 	11,18
  0	 | 	17	 | 	21,54
  0	 | 	23	 | 	21,21
  0	 | 	24	 | 	30,59
  0	 | 	32	 | 	40,45
  0	 | 	38	 | 	57,04
  1	 | 	3	 | 	5,83
  1	 | 	4	 | 	2,24
  1	 | 	8	 | 	5,10
  1	 | 	17	 | 	20,10
  1	 | 	24	 | 	30,00
  1	 | 	29	 | 	40,31
  2	 | 	3	 | 	3,00
  2	 | 	30	 | 	51,16
  3	 | 	15	 | 	20,22
  5	 | 	12	 | 	7,81
  5	 | 	13	 | 	2,24
  6	 | 	9	 | 	3,16
  6	 | 	22	 | 	6,71
  7	 | 	8	 | 	3,16
  7	 | 	21	 | 	11,18
  8	 | 	11	 | 	3,61
  10	 | 	13	 | 	7,07
  12	 | 	27	 | 	28,86
  12	 | 	33	 | 	39,62
  14	 | 	18	 | 	11,66
  15	 | 	17	 | 	9,43
  15	 | 	23	 | 	6,71
  15	 | 	33	 | 	28,86
  15	 | 	39	 | 	50,64
  16	 | 	21	 | 	5,00
  17	 | 	26	 | 	19,42
  18	 | 	19	 | 	9,85
  18	 | 	22	 | 	8,06
  20	 | 	21	 | 	7,07
  22	 | 	24	 | 	17,03
  22	 | 	30	 | 	33,14
  25	 | 	43	 | 	29,02
  27	 | 	42	 | 	30,02
  28	 | 	31	 | 	7,07
  28	 | 	34	 | 	9,22
  29	 | 	30	 | 	6,71
  29	 | 	32	 | 	5,00
  30	 | 	36	 | 	5,00
  32	 | 	33	 | 	3,16
  33	 | 	34	 | 	5,10
  35	 | 	37	 | 	11,05
  36	 | 	37	 | 	5,00
  39	 | 	41	 | 	10,00
  43	 | 	44	 | 	67,90
  19	 | 	22	 | 	2,00
  2	 | 	8	 | 	11,18
  13	 | 	32	 | 	29,02
  23	 | 	39	 | 	44,28
  34	 | 	37	 | 	12,17
  26	 | 	38	 | 	18,11
  5	 | 	17	 | 	10,44
  5	 | 	7	 | 	6,71
  9	 | 	12	 | 	3,61
  9	 | 	42	 | 	55,15
  4	 | 	28	 | 	49,01
___________________________
Simulation Topology [2:12]
___________________________
From 	  To 		Length
___________________________
  27	 | 	33	 | 	11,00
  9	 | 	13	 | 	6,40
  4	 | 	36	 | 	51,01
  26	 | 	27	 | 	7,62
  0	 | 	40	 | 	65,19
  18	 | 	30	 | 	29,27
  16	 | 	26	 | 	20,02
  17	 | 	20	 | 	7,00
  11	 | 	20	 | 	14,76
  32	 | 	35	 | 	3,16
  42	 | 	44	 | 	63,15
  42	 | 	43	 | 	5,10
  41	 | 	44	 | 	61,68
  40	 | 	44	 | 	66,29
  38	 | 	40	 | 	8,54
  38	 | 	39	 | 	10,00
  37	 | 	43	 | 	13,34
  35	 | 	36	 | 	7,28
  32	 | 	34	 | 	4,47
  31	 | 	36	 | 	9,06
  31	 | 	32	 | 	2,24
  30	 | 	33	 | 	4,24
  29	 | 	35	 | 	5,00
  29	 | 	33	 | 	6,71
  27	 | 	29	 | 	10,00
  25	 | 	39	 | 	27,00
  25	 | 	27	 | 	6,08
  23	 | 	38	 | 	36,01
  23	 | 	28	 | 	27,66
  23	 | 	25	 | 	17,72
  22	 | 	28	 | 	35,06
  20	 | 	27	 | 	13,42
  20	 | 	24	 | 	11,18
  19	 | 	32	 | 	27,17
  19	 | 	24	 | 	17,26
  18	 | 	38	 | 	40,05
  17	 | 	40	 | 	45,10
  0	 | 	5	 | 	11,18
  0	 | 	17	 | 	21,54
  0	 | 	23	 | 	21,21
  0	 | 	24	 | 	30,59
  0	 | 	32	 | 	40,45
  0	 | 	38	 | 	57,04
  1	 | 	3	 | 	5,83
  1	 | 	4	 | 	2,24
  1	 | 	8	 | 	5,10
  1	 | 	17	 | 	20,10
  1	 | 	24	 | 	30,00
  1	 | 	29	 | 	40,31
  2	 | 	3	 | 	3,00
  2	 | 	30	 | 	51,16
  3	 | 	15	 | 	20,22
  5	 | 	12	 | 	7,81
  5	 | 	13	 | 	2,24
  6	 | 	9	 | 	3,16
  6	 | 	22	 | 	6,71
  7	 | 	8	 | 	3,16
  7	 | 	21	 | 	11,18
  8	 | 	11	 | 	3,61
  10	 | 	13	 | 	7,07
  12	 | 	27	 | 	28,86
  12	 | 	33	 | 	39,62
  14	 | 	18	 | 	11,66
  15	 | 	17	 | 	9,43
  15	 | 	23	 | 	6,71
  15	 | 	33	 | 	28,86
  15	 | 	39	 | 	50,64
  16	 | 	21	 | 	5,00
  17	 | 	26	 | 	19,42
  18	 | 	19	 | 	9,85
  18	 | 	22	 | 	8,06
  20	 | 	21	 | 	7,07
  22	 | 	24	 | 	17,03
  22	 | 	30	 | 	33,14
  25	 | 	43	 | 	29,02
  27	 | 	42	 | 	30,02
  28	 | 	31	 | 	7,07
  28	 | 	34	 | 	9,22
  29	 | 	30	 | 	6,71
  29	 | 	32	 | 	5,00
  30	 | 	36	 | 	5,00
  32	 | 	33	 | 	3,16
  33	 | 	34	 | 	5,10
  35	 | 	37	 | 	11,05
  36	 | 	37	 | 	5,00
  39	 | 	41	 | 	10,00
  43	 | 	44	 | 	67,90
  19	 | 	22	 | 	2,00
  2	 | 	8	 | 	11,18
  13	 | 	32	 | 	29,02
  23	 | 	39	 | 	44,28
  34	 | 	37	 | 	12,17
  26	 | 	38	 | 	18,11
  5	 | 	17	 | 	10,44
  5	 | 	7	 | 	6,71
  9	 | 	12	 | 	3,61
  9	 | 	42	 | 	55,15
  4	 | 	28	 | 	49,01
  16	 | 	20	 | 	2,24
___________________________
Simulation Topology [2:13]
___________________________
From 	  To 		Length
___________________________
  27	 | 	33	 | 	11,00
  9	 | 	13	 | 	6,40
  4	 | 	36	 | 	51,01
  26	 | 	27	 | 	7,62
  0	 | 	40	 | 	65,19
  18	 | 	30	 | 	29,27
  16	 | 	26	 | 	20,02
  17	 | 	20	 | 	7,00
  11	 | 	20	 | 	14,76
  32	 | 	35	 | 	3,16
  42	 | 	44	 | 	63,15
  42	 | 	43	 | 	5,10
  41	 | 	44	 | 	61,68
  40	 | 	44	 | 	66,29
  38	 | 	40	 | 	8,54
  38	 | 	39	 | 	10,00
  37	 | 	43	 | 	13,34
  35	 | 	36	 | 	7,28
  32	 | 	34	 | 	4,47
  31	 | 	36	 | 	9,06
  31	 | 	32	 | 	2,24
  30	 | 	33	 | 	4,24
  29	 | 	35	 | 	5,00
  29	 | 	33	 | 	6,71
  27	 | 	29	 | 	10,00
  25	 | 	39	 | 	27,00
  25	 | 	27	 | 	6,08
  23	 | 	38	 | 	36,01
  23	 | 	28	 | 	27,66
  23	 | 	25	 | 	17,72
  22	 | 	28	 | 	35,06
  20	 | 	27	 | 	13,42
  20	 | 	24	 | 	11,18
  19	 | 	32	 | 	27,17
  19	 | 	24	 | 	17,26
  18	 | 	38	 | 	40,05
  17	 | 	40	 | 	45,10
  0	 | 	5	 | 	11,18
  0	 | 	17	 | 	21,54
  0	 | 	23	 | 	21,21
  0	 | 	24	 | 	30,59
  0	 | 	32	 | 	40,45
  0	 | 	38	 | 	57,04
  1	 | 	3	 | 	5,83
  1	 | 	4	 | 	2,24
  1	 | 	8	 | 	5,10
  1	 | 	17	 | 	20,10
  1	 | 	24	 | 	30,00
  1	 | 	29	 | 	40,31
  2	 | 	3	 | 	3,00
  2	 | 	30	 | 	51,16
  3	 | 	15	 | 	20,22
  5	 | 	12	 | 	7,81
  5	 | 	13	 | 	2,24
  6	 | 	9	 | 	3,16
  6	 | 	22	 | 	6,71
  7	 | 	8	 | 	3,16
  7	 | 	21	 | 	11,18
  8	 | 	11	 | 	3,61
  10	 | 	13	 | 	7,07
  12	 | 	27	 | 	28,86
  12	 | 	33	 | 	39,62
  14	 | 	18	 | 	11,66
  15	 | 	17	 | 	9,43
  15	 | 	23	 | 	6,71
  15	 | 	33	 | 	28,86
  15	 | 	39	 | 	50,64
  16	 | 	21	 | 	5,00
  17	 | 	26	 | 	19,42
  18	 | 	19	 | 	9,85
  18	 | 	22	 | 	8,06
  20	 | 	21	 | 	7,07
  22	 | 	24	 | 	17,03
  22	 | 	30	 | 	33,14
  25	 | 	43	 | 	29,02
  27	 | 	42	 | 	30,02
  28	 | 	31	 | 	7,07
  28	 | 	34	 | 	9,22
  29	 | 	30	 | 	6,71
  29	 | 	32	 | 	5,00
  30	 | 	36	 | 	5,00
  32	 | 	33	 | 	3,16
  33	 | 	34	 | 	5,10
  35	 | 	37	 | 	11,05
  36	 | 	37	 | 	5,00
  39	 | 	41	 | 	10,00
  43	 | 	44	 | 	67,90
  19	 | 	22	 | 	2,00
  2	 | 	8	 | 	11,18
  13	 | 	32	 | 	29,02
  23	 | 	39	 | 	44,28
  34	 | 	37	 | 	12,17
  26	 | 	38	 | 	18,11
  5	 | 	17	 | 	10,44
  5	 | 	7	 | 	6,71
  9	 | 	12	 | 	3,61
  9	 | 	42	 | 	55,15
  4	 | 	28	 | 	49,01
  16	 | 	20	 | 	2,24
  11	 | 	38	 | 	50,36
___________________________
Simulation Topology [2:14]
___________________________
From 	  To 		Length
___________________________
  27	 | 	33	 | 	11,00
  9	 | 	13	 | 	6,40
  4	 | 	36	 | 	51,01
  26	 | 	27	 | 	7,62
  0	 | 	40	 | 	65,19
  18	 | 	30	 | 	29,27
  16	 | 	26	 | 	20,02
  17	 | 	20	 | 	7,00
  11	 | 	20	 | 	14,76
  32	 | 	35	 | 	3,16
  42	 | 	44	 | 	63,15
  42	 | 	43	 | 	5,10
  41	 | 	44	 | 	61,68
  40	 | 	44	 | 	66,29
  38	 | 	40	 | 	8,54
  38	 | 	39	 | 	10,00
  37	 | 	43	 | 	13,34
  35	 | 	36	 | 	7,28
  32	 | 	34	 | 	4,47
  31	 | 	36	 | 	9,06
  31	 | 	32	 | 	2,24
  30	 | 	33	 | 	4,24
  29	 | 	35	 | 	5,00
  29	 | 	33	 | 	6,71
  27	 | 	29	 | 	10,00
  25	 | 	39	 | 	27,00
  25	 | 	27	 | 	6,08
  23	 | 	38	 | 	36,01
  23	 | 	28	 | 	27,66
  23	 | 	25	 | 	17,72
  22	 | 	28	 | 	35,06
  20	 | 	27	 | 	13,42
  20	 | 	24	 | 	11,18
  19	 | 	32	 | 	27,17
  19	 | 	24	 | 	17,26
  18	 | 	38	 | 	40,05
  17	 | 	40	 | 	45,10
  0	 | 	5	 | 	11,18
  0	 | 	17	 | 	21,54
  0	 | 	23	 | 	21,21
  0	 | 	24	 | 	30,59
  0	 | 	32	 | 	40,45
  0	 | 	38	 | 	57,04
  1	 | 	3	 | 	5,83
  1	 | 	4	 | 	2,24
  1	 | 	8	 | 	5,10
  1	 | 	17	 | 	20,10
  1	 | 	24	 | 	30,00
  1	 | 	29	 | 	40,31
  2	 | 	3	 | 	3,00
  2	 | 	30	 | 	51,16
  3	 | 	15	 | 	20,22
  5	 | 	12	 | 	7,81
  5	 | 	13	 | 	2,24
  6	 | 	9	 | 	3,16
  6	 | 	22	 | 	6,71
  7	 | 	8	 | 	3,16
  7	 | 	21	 | 	11,18
  8	 | 	11	 | 	3,61
  10	 | 	13	 | 	7,07
  12	 | 	27	 | 	28,86
  12	 | 	33	 | 	39,62
  14	 | 	18	 | 	11,66
  15	 | 	17	 | 	9,43
  15	 | 	23	 | 	6,71
  15	 | 	33	 | 	28,86
  15	 | 	39	 | 	50,64
  16	 | 	21	 | 	5,00
  17	 | 	26	 | 	19,42
  18	 | 	19	 | 	9,85
  18	 | 	22	 | 	8,06
  20	 | 	21	 | 	7,07
  22	 | 	24	 | 	17,03
  22	 | 	30	 | 	33,14
  25	 | 	43	 | 	29,02
  27	 | 	42	 | 	30,02
  28	 | 	31	 | 	7,07
  28	 | 	34	 | 	9,22
  29	 | 	30	 | 	6,71
  29	 | 	32	 | 	5,00
  30	 | 	36	 | 	5,00
  32	 | 	33	 | 	3,16
  33	 | 	34	 | 	5,10
  35	 | 	37	 | 	11,05
  36	 | 	37	 | 	5,00
  39	 | 	41	 | 	10,00
  43	 | 	44	 | 	67,90
  19	 | 	22	 | 	2,00
  2	 | 	8	 | 	11,18
  13	 | 	32	 | 	29,02
  23	 | 	39	 | 	44,28
  34	 | 	37	 | 	12,17
  26	 | 	38	 | 	18,11
  5	 | 	17	 | 	10,44
  5	 | 	7	 | 	6,71
  9	 | 	12	 | 	3,61
  9	 | 	42	 | 	55,15
  4	 | 	28	 | 	49,01
  16	 | 	20	 | 	2,24
  11	 | 	38	 | 	50,36
  16	 | 	42	 | 	43,10
___________________________
Simulation Topology [2:15]
___________________________
From 	  To 		Length
___________________________
  27	 | 	33	 | 	11,00
  9	 | 	13	 | 	6,40
  4	 | 	36	 | 	51,01
  26	 | 	27	 | 	7,62
  0	 | 	40	 | 	65,19
  18	 | 	30	 | 	29,27
  16	 | 	26	 | 	20,02
  17	 | 	20	 | 	7,00
  11	 | 	20	 | 	14,76
  32	 | 	35	 | 	3,16
  42	 | 	44	 | 	63,15
  42	 | 	43	 | 	5,10
  41	 | 	44	 | 	61,68
  40	 | 	44	 | 	66,29
  38	 | 	40	 | 	8,54
  38	 | 	39	 | 	10,00
  37	 | 	43	 | 	13,34
  35	 | 	36	 | 	7,28
  32	 | 	34	 | 	4,47
  31	 | 	36	 | 	9,06
  31	 | 	32	 | 	2,24
  30	 | 	33	 | 	4,24
  29	 | 	35	 | 	5,00
  29	 | 	33	 | 	6,71
  27	 | 	29	 | 	10,00
  25	 | 	39	 | 	27,00
  25	 | 	27	 | 	6,08
  23	 | 	38	 | 	36,01
  23	 | 	28	 | 	27,66
  23	 | 	25	 | 	17,72
  22	 | 	28	 | 	35,06
  20	 | 	27	 | 	13,42
  20	 | 	24	 | 	11,18
  19	 | 	32	 | 	27,17
  19	 | 	24	 | 	17,26
  18	 | 	38	 | 	40,05
  17	 | 	40	 | 	45,10
  0	 | 	5	 | 	11,18
  0	 | 	17	 | 	21,54
  0	 | 	23	 | 	21,21
  0	 | 	24	 | 	30,59
  0	 | 	32	 | 	40,45
  0	 | 	38	 | 	57,04
  1	 | 	3	 | 	5,83
  1	 | 	4	 | 	2,24
  1	 | 	8	 | 	5,10
  1	 | 	17	 | 	20,10
  1	 | 	24	 | 	30,00
  1	 | 	29	 | 	40,31
  2	 | 	3	 | 	3,00
  2	 | 	30	 | 	51,16
  3	 | 	15	 | 	20,22
  5	 | 	12	 | 	7,81
  5	 | 	13	 | 	2,24
  6	 | 	9	 | 	3,16
  6	 | 	22	 | 	6,71
  7	 | 	8	 | 	3,16
  7	 | 	21	 | 	11,18
  8	 | 	11	 | 	3,61
  10	 | 	13	 | 	7,07
  12	 | 	27	 | 	28,86
  12	 | 	33	 | 	39,62
  14	 | 	18	 | 	11,66
  15	 | 	17	 | 	9,43
  15	 | 	23	 | 	6,71
  15	 | 	33	 | 	28,86
  15	 | 	39	 | 	50,64
  16	 | 	21	 | 	5,00
  17	 | 	26	 | 	19,42
  18	 | 	19	 | 	9,85
  18	 | 	22	 | 	8,06
  20	 | 	21	 | 	7,07
  22	 | 	24	 | 	17,03
  22	 | 	30	 | 	33,14
  25	 | 	43	 | 	29,02
  27	 | 	42	 | 	30,02
  28	 | 	31	 | 	7,07
  28	 | 	34	 | 	9,22
  29	 | 	30	 | 	6,71
  29	 | 	32	 | 	5,00
  30	 | 	36	 | 	5,00
  32	 | 	33	 | 	3,16
  33	 | 	34	 | 	5,10
  35	 | 	37	 | 	11,05
  36	 | 	37	 | 	5,00
  39	 | 	41	 | 	10,00
  43	 | 	44	 | 	67,90
  19	 | 	22	 | 	2,00
  2	 | 	8	 | 	11,18
  13	 | 	32	 | 	29,02
  23	 | 	39	 | 	44,28
  34	 | 	37	 | 	12,17
  26	 | 	38	 | 	18,11
  5	 | 	17	 | 	10,44
  5	 | 	7	 | 	6,71
  9	 | 	12	 | 	3,61
  9	 | 	42	 | 	55,15
  4	 | 	28	 | 	49,01
  16	 | 	20	 | 	2,24
  11	 | 	38	 | 	50,36
  16	 | 	42	 | 	43,10
  34	 | 	43	 | 	25,50
___________________________
Simulation Topology [2:16]
___________________________
From 	  To 		Length
___________________________
  27	 | 	33	 | 	11,00
  9	 | 	13	 | 	6,40
  4	 | 	36	 | 	51,01
  26	 | 	27	 | 	7,62
  0	 | 	40	 | 	65,19
  18	 | 	30	 | 	29,27
  16	 | 	26	 | 	20,02
  17	 | 	20	 | 	7,00
  11	 | 	20	 | 	14,76
  32	 | 	35	 | 	3,16
  42	 | 	44	 | 	63,15
  42	 | 	43	 | 	5,10
  41	 | 	44	 | 	61,68
  40	 | 	44	 | 	66,29
  38	 | 	40	 | 	8,54
  38	 | 	39	 | 	10,00
  37	 | 	43	 | 	13,34
  35	 | 	36	 | 	7,28
  32	 | 	34	 | 	4,47
  31	 | 	36	 | 	9,06
  31	 | 	32	 | 	2,24
  30	 | 	33	 | 	4,24
  29	 | 	35	 | 	5,00
  29	 | 	33	 | 	6,71
  27	 | 	29	 | 	10,00
  25	 | 	39	 | 	27,00
  25	 | 	27	 | 	6,08
  23	 | 	38	 | 	36,01
  23	 | 	28	 | 	27,66
  23	 | 	25	 | 	17,72
  22	 | 	28	 | 	35,06
  20	 | 	27	 | 	13,42
  20	 | 	24	 | 	11,18
  19	 | 	32	 | 	27,17
  19	 | 	24	 | 	17,26
  18	 | 	38	 | 	40,05
  17	 | 	40	 | 	45,10
  0	 | 	5	 | 	11,18
  0	 | 	17	 | 	21,54
  0	 | 	23	 | 	21,21
  0	 | 	24	 | 	30,59
  0	 | 	32	 | 	40,45
  0	 | 	38	 | 	57,04
  1	 | 	3	 | 	5,83
  1	 | 	4	 | 	2,24
  1	 | 	8	 | 	5,10
  1	 | 	17	 | 	20,10
  1	 | 	24	 | 	30,00
  1	 | 	29	 | 	40,31
  2	 | 	3	 | 	3,00
  2	 | 	30	 | 	51,16
  3	 | 	15	 | 	20,22
  5	 | 	12	 | 	7,81
  5	 | 	13	 | 	2,24
  6	 | 	9	 | 	3,16
  6	 | 	22	 | 	6,71
  7	 | 	8	 | 	3,16
  7	 | 	21	 | 	11,18
  8	 | 	11	 | 	3,61
  10	 | 	13	 | 	7,07
  12	 | 	27	 | 	28,86
  12	 | 	33	 | 	39,62
  14	 | 	18	 | 	11,66
  15	 | 	17	 | 	9,43
  15	 | 	23	 | 	6,71
  15	 | 	33	 | 	28,86
  15	 | 	39	 | 	50,64
  16	 | 	21	 | 	5,00
  17	 | 	26	 | 	19,42
  18	 | 	19	 | 	9,85
  18	 | 	22	 | 	8,06
  20	 | 	21	 | 	7,07
  22	 | 	24	 | 	17,03
  22	 | 	30	 | 	33,14
  25	 | 	43	 | 	29,02
  27	 | 	42	 | 	30,02
  28	 | 	31	 | 	7,07
  28	 | 	34	 | 	9,22
  29	 | 	30	 | 	6,71
  29	 | 	32	 | 	5,00
  30	 | 	36	 | 	5,00
  32	 | 	33	 | 	3,16
  33	 | 	34	 | 	5,10
  35	 | 	37	 | 	11,05
  36	 | 	37	 | 	5,00
  39	 | 	41	 | 	10,00
  43	 | 	44	 | 	67,90
  19	 | 	22	 | 	2,00
  2	 | 	8	 | 	11,18
  13	 | 	32	 | 	29,02
  23	 | 	39	 | 	44,28
  34	 | 	37	 | 	12,17
  26	 | 	38	 | 	18,11
  5	 | 	17	 | 	10,44
  5	 | 	7	 | 	6,71
  9	 | 	12	 | 	3,61
  9	 | 	42	 | 	55,15
  4	 | 	28	 | 	49,01
  16	 | 	20	 | 	2,24
  11	 | 	38	 | 	50,36
  16	 | 	42	 | 	43,10
  34	 | 	43	 | 	25,50
  23	 | 	27	 | 	11,70
___________________________
Simulation Topology [2:17]
___________________________
From 	  To 		Length
___________________________
  27	 | 	33	 | 	11,00
  9	 | 	13	 | 	6,40
  4	 | 	36	 | 	51,01
  26	 | 	27	 | 	7,62
  0	 | 	40	 | 	65,19
  18	 | 	30	 | 	29,27
  16	 | 	26	 | 	20,02
  17	 | 	20	 | 	7,00
  11	 | 	20	 | 	14,76
  32	 | 	35	 | 	3,16
  42	 | 	44	 | 	63,15
  42	 | 	43	 | 	5,10
  41	 | 	44	 | 	61,68
  40	 | 	44	 | 	66,29
  38	 | 	40	 | 	8,54
  38	 | 	39	 | 	10,00
  37	 | 	43	 | 	13,34
  35	 | 	36	 | 	7,28
  32	 | 	34	 | 	4,47
  31	 | 	36	 | 	9,06
  31	 | 	32	 | 	2,24
  30	 | 	33	 | 	4,24
  29	 | 	35	 | 	5,00
  29	 | 	33	 | 	6,71
  27	 | 	29	 | 	10,00
  25	 | 	39	 | 	27,00
  25	 | 	27	 | 	6,08
  23	 | 	38	 | 	36,01
  23	 | 	28	 | 	27,66
  23	 | 	25	 | 	17,72
  22	 | 	28	 | 	35,06
  20	 | 	27	 | 	13,42
  20	 | 	24	 | 	11,18
  19	 | 	32	 | 	27,17
  19	 | 	24	 | 	17,26
  18	 | 	38	 | 	40,05
  17	 | 	40	 | 	45,10
  0	 | 	5	 | 	11,18
  0	 | 	17	 | 	21,54
  0	 | 	23	 | 	21,21
  0	 | 	24	 | 	30,59
  0	 | 	32	 | 	40,45
  0	 | 	38	 | 	57,04
  1	 | 	3	 | 	5,83
  1	 | 	4	 | 	2,24
  1	 | 	8	 | 	5,10
  1	 | 	17	 | 	20,10
  1	 | 	24	 | 	30,00
  1	 | 	29	 | 	40,31
  2	 | 	3	 | 	3,00
  2	 | 	30	 | 	51,16
  3	 | 	15	 | 	20,22
  5	 | 	12	 | 	7,81
  5	 | 	13	 | 	2,24
  6	 | 	9	 | 	3,16
  6	 | 	22	 | 	6,71
  7	 | 	8	 | 	3,16
  7	 | 	21	 | 	11,18
  8	 | 	11	 | 	3,61
  10	 | 	13	 | 	7,07
  12	 | 	27	 | 	28,86
  12	 | 	33	 | 	39,62
  14	 | 	18	 | 	11,66
  15	 | 	17	 | 	9,43
  15	 | 	23	 | 	6,71
  15	 | 	33	 | 	28,86
  15	 | 	39	 | 	50,64
  16	 | 	21	 | 	5,00
  17	 | 	26	 | 	19,42
  18	 | 	19	 | 	9,85
  18	 | 	22	 | 	8,06
  20	 | 	21	 | 	7,07
  22	 | 	24	 | 	17,03
  22	 | 	30	 | 	33,14
  25	 | 	43	 | 	29,02
  27	 | 	42	 | 	30,02
  28	 | 	31	 | 	7,07
  28	 | 	34	 | 	9,22
  29	 | 	30	 | 	6,71
  29	 | 	32	 | 	5,00
  30	 | 	36	 | 	5,00
  32	 | 	33	 | 	3,16
  33	 | 	34	 | 	5,10
  35	 | 	37	 | 	11,05
  36	 | 	37	 | 	5,00
  39	 | 	41	 | 	10,00
  43	 | 	44	 | 	67,90
  19	 | 	22	 | 	2,00
  2	 | 	8	 | 	11,18
  13	 | 	32	 | 	29,02
  23	 | 	39	 | 	44,28
  34	 | 	37	 | 	12,17
  26	 | 	38	 | 	18,11
  5	 | 	17	 | 	10,44
  5	 | 	7	 | 	6,71
  9	 | 	12	 | 	3,61
  9	 | 	42	 | 	55,15
  4	 | 	28	 | 	49,01
  16	 | 	20	 | 	2,24
  11	 | 	38	 | 	50,36
  16	 | 	42	 | 	43,10
  34	 | 	43	 | 	25,50
  23	 | 	27	 | 	11,70
  22	 | 	35	 | 	30,07
___________________________
Simulation Topology [2:18]
___________________________
From 	  To 		Length
___________________________
  27	 | 	33	 | 	11,00
  9	 | 	13	 | 	6,40
  4	 | 	36	 | 	51,01
  26	 | 	27	 | 	7,62
  0	 | 	40	 | 	65,19
  18	 | 	30	 | 	29,27
  16	 | 	26	 | 	20,02
  17	 | 	20	 | 	7,00
  11	 | 	20	 | 	14,76
  32	 | 	35	 | 	3,16
  42	 | 	44	 | 	63,15
  42	 | 	43	 | 	5,10
  41	 | 	44	 | 	61,68
  40	 | 	44	 | 	66,29
  38	 | 	40	 | 	8,54
  38	 | 	39	 | 	10,00
  37	 | 	43	 | 	13,34
  35	 | 	36	 | 	7,28
  32	 | 	34	 | 	4,47
  31	 | 	36	 | 	9,06
  31	 | 	32	 | 	2,24
  30	 | 	33	 | 	4,24
  29	 | 	35	 | 	5,00
  29	 | 	33	 | 	6,71
  27	 | 	29	 | 	10,00
  25	 | 	39	 | 	27,00
  25	 | 	27	 | 	6,08
  23	 | 	38	 | 	36,01
  23	 | 	28	 | 	27,66
  23	 | 	25	 | 	17,72
  22	 | 	28	 | 	35,06
  20	 | 	27	 | 	13,42
  20	 | 	24	 | 	11,18
  19	 | 	32	 | 	27,17
  19	 | 	24	 | 	17,26
  18	 | 	38	 | 	40,05
  17	 | 	40	 | 	45,10
  0	 | 	5	 | 	11,18
  0	 | 	17	 | 	21,54
  0	 | 	23	 | 	21,21
  0	 | 	24	 | 	30,59
  0	 | 	32	 | 	40,45
  0	 | 	38	 | 	57,04
  1	 | 	3	 | 	5,83
  1	 | 	4	 | 	2,24
  1	 | 	8	 | 	5,10
  1	 | 	17	 | 	20,10
  1	 | 	24	 | 	30,00
  1	 | 	29	 | 	40,31
  2	 | 	3	 | 	3,00
  2	 | 	30	 | 	51,16
  3	 | 	15	 | 	20,22
  5	 | 	12	 | 	7,81
  5	 | 	13	 | 	2,24
  6	 | 	9	 | 	3,16
  6	 | 	22	 | 	6,71
  7	 | 	8	 | 	3,16
  7	 | 	21	 | 	11,18
  8	 | 	11	 | 	3,61
  10	 | 	13	 | 	7,07
  12	 | 	27	 | 	28,86
  12	 | 	33	 | 	39,62
  14	 | 	18	 | 	11,66
  15	 | 	17	 | 	9,43
  15	 | 	23	 | 	6,71
  15	 | 	33	 | 	28,86
  15	 | 	39	 | 	50,64
  16	 | 	21	 | 	5,00
  17	 | 	26	 | 	19,42
  18	 | 	19	 | 	9,85
  18	 | 	22	 | 	8,06
  20	 | 	21	 | 	7,07
  22	 | 	24	 | 	17,03
  22	 | 	30	 | 	33,14
  25	 | 	43	 | 	29,02
  27	 | 	42	 | 	30,02
  28	 | 	31	 | 	7,07
  28	 | 	34	 | 	9,22
  29	 | 	30	 | 	6,71
  29	 | 	32	 | 	5,00
  30	 | 	36	 | 	5,00
  32	 | 	33	 | 	3,16
  33	 | 	34	 | 	5,10
  35	 | 	37	 | 	11,05
  36	 | 	37	 | 	5,00
  39	 | 	41	 | 	10,00
  43	 | 	44	 | 	67,90
  19	 | 	22	 | 	2,00
  2	 | 	8	 | 	11,18
  13	 | 	32	 | 	29,02
  23	 | 	39	 | 	44,28
  34	 | 	37	 | 	12,17
  26	 | 	38	 | 	18,11
  5	 | 	17	 | 	10,44
  5	 | 	7	 | 	6,71
  9	 | 	12	 | 	3,61
  9	 | 	42	 | 	55,15
  4	 | 	28	 | 	49,01
  16	 | 	20	 | 	2,24
  11	 | 	38	 | 	50,36
  16	 | 	42	 | 	43,10
  34	 | 	43	 | 	25,50
  23	 | 	27	 | 	11,70
  22	 | 	35	 | 	30,07
  15	 | 	31	 | 	27,20
___________________________
Simulation Topology [2:19]
___________________________
From 	  To 		Length
___________________________
  27	 | 	33	 | 	11,00
  9	 | 	13	 | 	6,40
  4	 | 	36	 | 	51,01
  26	 | 	27	 | 	7,62
  0	 | 	40	 | 	65,19
  18	 | 	30	 | 	29,27
  16	 | 	26	 | 	20,02
  17	 | 	20	 | 	7,00
  11	 | 	20	 | 	14,76
  32	 | 	35	 | 	3,16
  42	 | 	44	 | 	63,15
  42	 | 	43	 | 	5,10
  41	 | 	44	 | 	61,68
  40	 | 	44	 | 	66,29
  38	 | 	40	 | 	8,54
  38	 | 	39	 | 	10,00
  37	 | 	43	 | 	13,34
  35	 | 	36	 | 	7,28
  32	 | 	34	 | 	4,47
  31	 | 	36	 | 	9,06
  31	 | 	32	 | 	2,24
  30	 | 	33	 | 	4,24
  29	 | 	35	 | 	5,00
  29	 | 	33	 | 	6,71
  27	 | 	29	 | 	10,00
  25	 | 	39	 | 	27,00
  25	 | 	27	 | 	6,08
  23	 | 	38	 | 	36,01
  23	 | 	28	 | 	27,66
  23	 | 	25	 | 	17,72
  22	 | 	28	 | 	35,06
  20	 | 	27	 | 	13,42
  20	 | 	24	 | 	11,18
  19	 | 	32	 | 	27,17
  19	 | 	24	 | 	17,26
  18	 | 	38	 | 	40,05
  17	 | 	40	 | 	45,10
  0	 | 	5	 | 	11,18
  0	 | 	17	 | 	21,54
  0	 | 	23	 | 	21,21
  0	 | 	24	 | 	30,59
  0	 | 	32	 | 	40,45
  0	 | 	38	 | 	57,04
  1	 | 	3	 | 	5,83
  1	 | 	4	 | 	2,24
  1	 | 	8	 | 	5,10
  1	 | 	17	 | 	20,10
  1	 | 	24	 | 	30,00
  1	 | 	29	 | 	40,31
  2	 | 	3	 | 	3,00
  2	 | 	30	 | 	51,16
  3	 | 	15	 | 	20,22
  5	 | 	12	 | 	7,81
  5	 | 	13	 | 	2,24
  6	 | 	9	 | 	3,16
  6	 | 	22	 | 	6,71
  7	 | 	8	 | 	3,16
  7	 | 	21	 | 	11,18
  8	 | 	11	 | 	3,61
  10	 | 	13	 | 	7,07
  12	 | 	27	 | 	28,86
  12	 | 	33	 | 	39,62
  14	 | 	18	 | 	11,66
  15	 | 	17	 | 	9,43
  15	 | 	23	 | 	6,71
  15	 | 	33	 | 	28,86
  15	 | 	39	 | 	50,64
  16	 | 	21	 | 	5,00
  17	 | 	26	 | 	19,42
  18	 | 	19	 | 	9,85
  18	 | 	22	 | 	8,06
  20	 | 	21	 | 	7,07
  22	 | 	24	 | 	17,03
  22	 | 	30	 | 	33,14
  25	 | 	43	 | 	29,02
  27	 | 	42	 | 	30,02
  28	 | 	31	 | 	7,07
  28	 | 	34	 | 	9,22
  29	 | 	30	 | 	6,71
  29	 | 	32	 | 	5,00
  30	 | 	36	 | 	5,00
  32	 | 	33	 | 	3,16
  33	 | 	34	 | 	5,10
  35	 | 	37	 | 	11,05
  36	 | 	37	 | 	5,00
  39	 | 	41	 | 	10,00
  43	 | 	44	 | 	67,90
  19	 | 	22	 | 	2,00
  2	 | 	8	 | 	11,18
  13	 | 	32	 | 	29,02
  23	 | 	39	 | 	44,28
  34	 | 	37	 | 	12,17
  26	 | 	38	 | 	18,11
  5	 | 	17	 | 	10,44
  5	 | 	7	 | 	6,71
  9	 | 	12	 | 	3,61
  9	 | 	42	 | 	55,15
  4	 | 	28	 | 	49,01
  16	 | 	20	 | 	2,24
  11	 | 	38	 | 	50,36
  16	 | 	42	 | 	43,10
  34	 | 	43	 | 	25,50
  23	 | 	27	 | 	11,70
  22	 | 	35	 | 	30,07
  15	 | 	31	 | 	27,20
  29	 | 	31	 | 	7,07
___________________________
Simulation Topology [2:20]
___________________________
From 	  To 		Length
___________________________
  27	 | 	33	 | 	11,00
  9	 | 	13	 | 	6,40
  4	 | 	36	 | 	51,01
  26	 | 	27	 | 	7,62
  0	 | 	40	 | 	65,19
  18	 | 	30	 | 	29,27
  16	 | 	26	 | 	20,02
  17	 | 	20	 | 	7,00
  11	 | 	20	 | 	14,76
  32	 | 	35	 | 	3,16
  42	 | 	44	 | 	63,15
  42	 | 	43	 | 	5,10
  41	 | 	44	 | 	61,68
  40	 | 	44	 | 	66,29
  38	 | 	40	 | 	8,54
  38	 | 	39	 | 	10,00
  37	 | 	43	 | 	13,34
  35	 | 	36	 | 	7,28
  32	 | 	34	 | 	4,47
  31	 | 	36	 | 	9,06
  31	 | 	32	 | 	2,24
  30	 | 	33	 | 	4,24
  29	 | 	35	 | 	5,00
  29	 | 	33	 | 	6,71
  27	 | 	29	 | 	10,00
  25	 | 	39	 | 	27,00
  25	 | 	27	 | 	6,08
  23	 | 	38	 | 	36,01
  23	 | 	28	 | 	27,66
  23	 | 	25	 | 	17,72
  22	 | 	28	 | 	35,06
  20	 | 	27	 | 	13,42
  20	 | 	24	 | 	11,18
  19	 | 	32	 | 	27,17
  19	 | 	24	 | 	17,26
  18	 | 	38	 | 	40,05
  17	 | 	40	 | 	45,10
  0	 | 	5	 | 	11,18
  0	 | 	17	 | 	21,54
  0	 | 	23	 | 	21,21
  0	 | 	24	 | 	30,59
  0	 | 	32	 | 	40,45
  0	 | 	38	 | 	57,04
  1	 | 	3	 | 	5,83
  1	 | 	4	 | 	2,24
  1	 | 	8	 | 	5,10
  1	 | 	17	 | 	20,10
  1	 | 	24	 | 	30,00
  1	 | 	29	 | 	40,31
  2	 | 	3	 | 	3,00
  2	 | 	30	 | 	51,16
  3	 | 	15	 | 	20,22
  5	 | 	12	 | 	7,81
  5	 | 	13	 | 	2,24
  6	 | 	9	 | 	3,16
  6	 | 	22	 | 	6,71
  7	 | 	8	 | 	3,16
  7	 | 	21	 | 	11,18
  8	 | 	11	 | 	3,61
  10	 | 	13	 | 	7,07
  12	 | 	27	 | 	28,86
  12	 | 	33	 | 	39,62
  14	 | 	18	 | 	11,66
  15	 | 	17	 | 	9,43
  15	 | 	23	 | 	6,71
  15	 | 	33	 | 	28,86
  15	 | 	39	 | 	50,64
  16	 | 	21	 | 	5,00
  17	 | 	26	 | 	19,42
  18	 | 	19	 | 	9,85
  18	 | 	22	 | 	8,06
  20	 | 	21	 | 	7,07
  22	 | 	24	 | 	17,03
  22	 | 	30	 | 	33,14
  25	 | 	43	 | 	29,02
  27	 | 	42	 | 	30,02
  28	 | 	31	 | 	7,07
  28	 | 	34	 | 	9,22
  29	 | 	30	 | 	6,71
  29	 | 	32	 | 	5,00
  30	 | 	36	 | 	5,00
  32	 | 	33	 | 	3,16
  33	 | 	34	 | 	5,10
  35	 | 	37	 | 	11,05
  36	 | 	37	 | 	5,00
  39	 | 	41	 | 	10,00
  43	 | 	44	 | 	67,90
  19	 | 	22	 | 	2,00
  2	 | 	8	 | 	11,18
  13	 | 	32	 | 	29,02
  23	 | 	39	 | 	44,28
  34	 | 	37	 | 	12,17
  26	 | 	38	 | 	18,11
  5	 | 	17	 | 	10,44
  5	 | 	7	 | 	6,71
  9	 | 	12	 | 	3,61
  9	 | 	42	 | 	55,15
  4	 | 	28	 | 	49,01
  16	 | 	20	 | 	2,24
  11	 | 	38	 | 	50,36
  16	 | 	42	 | 	43,10
  34	 | 	43	 | 	25,50
  23	 | 	27	 | 	11,70
  22	 | 	35	 | 	30,07
  15	 | 	31	 | 	27,20
  29	 | 	31	 | 	7,07
  11	 | 	23	 | 	14,87
___________________________
Simulation Topology [2:21]
___________________________
From 	  To 		Length
___________________________
  27	 | 	33	 | 	11,00
  9	 | 	13	 | 	6,40
  4	 | 	36	 | 	51,01
  26	 | 	27	 | 	7,62
  0	 | 	40	 | 	65,19
  18	 | 	30	 | 	29,27
  16	 | 	26	 | 	20,02
  17	 | 	20	 | 	7,00
  11	 | 	20	 | 	14,76
  32	 | 	35	 | 	3,16
  42	 | 	44	 | 	63,15
  42	 | 	43	 | 	5,10
  41	 | 	44	 | 	61,68
  40	 | 	44	 | 	66,29
  38	 | 	40	 | 	8,54
  38	 | 	39	 | 	10,00
  37	 | 	43	 | 	13,34
  35	 | 	36	 | 	7,28
  32	 | 	34	 | 	4,47
  31	 | 	36	 | 	9,06
  31	 | 	32	 | 	2,24
  30	 | 	33	 | 	4,24
  29	 | 	35	 | 	5,00
  29	 | 	33	 | 	6,71
  27	 | 	29	 | 	10,00
  25	 | 	39	 | 	27,00
  25	 | 	27	 | 	6,08
  23	 | 	38	 | 	36,01
  23	 | 	28	 | 	27,66
  23	 | 	25	 | 	17,72
  22	 | 	28	 | 	35,06
  20	 | 	27	 | 	13,42
  20	 | 	24	 | 	11,18
  19	 | 	32	 | 	27,17
  19	 | 	24	 | 	17,26
  18	 | 	38	 | 	40,05
  17	 | 	40	 | 	45,10
  0	 | 	5	 | 	11,18
  0	 | 	17	 | 	21,54
  0	 | 	23	 | 	21,21
  0	 | 	24	 | 	30,59
  0	 | 	32	 | 	40,45
  0	 | 	38	 | 	57,04
  1	 | 	3	 | 	5,83
  1	 | 	4	 | 	2,24
  1	 | 	8	 | 	5,10
  1	 | 	17	 | 	20,10
  1	 | 	24	 | 	30,00
  1	 | 	29	 | 	40,31
  2	 | 	3	 | 	3,00
  2	 | 	30	 | 	51,16
  3	 | 	15	 | 	20,22
  5	 | 	12	 | 	7,81
  5	 | 	13	 | 	2,24
  6	 | 	9	 | 	3,16
  6	 | 	22	 | 	6,71
  7	 | 	8	 | 	3,16
  7	 | 	21	 | 	11,18
  8	 | 	11	 | 	3,61
  10	 | 	13	 | 	7,07
  12	 | 	27	 | 	28,86
  12	 | 	33	 | 	39,62
  14	 | 	18	 | 	11,66
  15	 | 	17	 | 	9,43
  15	 | 	23	 | 	6,71
  15	 | 	33	 | 	28,86
  15	 | 	39	 | 	50,64
  16	 | 	21	 | 	5,00
  17	 | 	26	 | 	19,42
  18	 | 	19	 | 	9,85
  18	 | 	22	 | 	8,06
  20	 | 	21	 | 	7,07
  22	 | 	24	 | 	17,03
  22	 | 	30	 | 	33,14
  25	 | 	43	 | 	29,02
  27	 | 	42	 | 	30,02
  28	 | 	31	 | 	7,07
  28	 | 	34	 | 	9,22
  29	 | 	30	 | 	6,71
  29	 | 	32	 | 	5,00
  30	 | 	36	 | 	5,00
  32	 | 	33	 | 	3,16
  33	 | 	34	 | 	5,10
  35	 | 	37	 | 	11,05
  36	 | 	37	 | 	5,00
  39	 | 	41	 | 	10,00
  43	 | 	44	 | 	67,90
  19	 | 	22	 | 	2,00
  2	 | 	8	 | 	11,18
  13	 | 	32	 | 	29,02
  23	 | 	39	 | 	44,28
  34	 | 	37	 | 	12,17
  26	 | 	38	 | 	18,11
  5	 | 	17	 | 	10,44
  5	 | 	7	 | 	6,71
  9	 | 	12	 | 	3,61
  9	 | 	42	 | 	55,15
  4	 | 	28	 | 	49,01
  16	 | 	20	 | 	2,24
  11	 | 	38	 | 	50,36
  16	 | 	42	 | 	43,10
  34	 | 	43	 | 	25,50
  23	 | 	27	 | 	11,70
  22	 | 	35	 | 	30,07
  15	 | 	31	 | 	27,20
  29	 | 	31	 | 	7,07
  11	 | 	23	 | 	14,87
  26	 | 	31	 | 	4,47
___________________________
