Simulation Topology 1
___________________________
[2]				[4]		
[2]				[19]		
[9]				[26]		
[7]				[34]		
[8]				[21]		
[0]				[20]		
[9]				[30]		
[0]				[32]		
[5]				[36]		
[3]				[31]		
[1]				[23]		
[2]				[27]		
[6]				[32]		
[0]				[36]		
[7]				[28]		
[4]				[38]		
[5]				[30]		
[6]				[24]		
[5]				[20]		
[4]				[33]		
[8]				[56]		
[2]				[51]		
[1]				[43]		
[3]				[76]		
[4]				[65]		
[0]				[80]		
[8]				[88]		
[5]				[82]		
[7]				[92]		
[0]				[90]		
[1]				[94]		
[2]				[82]		
[5]				[88]		
[3]				[85]		
[4]				[97]		
[7]				[96]		
[0]				[96]		
[5]				[94]		
[8]				[99]		
[1]				[84]		
[3]				[99]		
[6]				[115]		
[4]				[101]		
[4]				[106]		
[1]				[106]		
[5]				[109]		
[6]				[117]		
[7]				[103]		
[0]				[117]		
[0]				[115]		
[5]				[119]		
[8]				[112]		
[9]				[108]		
[2]				[109]		
[5]				[133]		
[1]				[133]		
[9]				[133]		
[2]				[131]		
[8]				[127]		
[2]				[138]		
[8]				[135]		
[6]				[138]		
[4]				[120]		
[2]				[129]		
[9]				[123]		
[8]				[129]		
[3]				[125]		
[0]				[137]		
[3]				[127]		
[3]				[135]		
[3]				[150]		
[8]				[142]		
[6]				[159]		
[3]				[152]		
[6]				[148]		
[8]				[146]		
[3]				[145]		
[5]				[150]		
[9]				[154]		
[1]				[144]		
[0]				[151]		
[8]				[152]		
[6]				[155]		
[2]				[157]		
[3]				[173]		
[8]				[178]		
[9]				[175]		
[5]				[167]		
[6]				[174]		
[0]				[175]		
[0]				[163]		
[9]				[162]		
[0]				[177]		
[0]				[165]		
[14]				[18]		
[10]				[10]		
[18]				[12]		
[12]				[9]		
[10]				[17]		
[17]				[18]		
___________________________
Simulation Topology [1:44]
___________________________
From 	  To 		Length
___________________________
  0	 | 	27	 | 	78,06
  0	 | 	58	 | 	123,15
  0	 | 	95	 | 	10,00
  1	 | 	11	 | 	8,00
  1	 | 	31	 | 	63,00
  1	 | 	79	 | 	125,00
  1	 | 	82	 | 	136,06
  2	 | 	17	 | 	3,61
  2	 | 	65	 | 	103,00
  2	 | 	75	 | 	120,00
  2	 | 	96	 | 	16,64
  3	 | 	5	 | 	15,65
  3	 | 	50	 | 	85,02
  3	 | 	55	 | 	99,18
  3	 | 	73	 | 	118,07
  4	 | 	16	 | 	9,49
  4	 | 	72	 | 	138,01
  4	 | 	89	 | 	154,21
  5	 | 	68	 | 	107,04
  5	 | 	98	 | 	10,44
  6	 | 	53	 | 	79,31
  6	 | 	62	 | 	90,14
  7	 | 	8	 | 	6,40
  7	 | 	11	 | 	5,39
  7	 | 	14	 | 	8,06
  7	 | 	47	 | 	71,34
  8	 | 	19	 | 	3,16
  8	 | 	58	 | 	91,05
  8	 | 	97	 | 	27,89
  9	 | 	19	 | 	2,24
  9	 | 	31	 | 	51,01
  10	 | 	12	 | 	10,30
  10	 | 	41	 | 	92,14
  12	 | 	15	 | 	6,32
  12	 | 	57	 | 	99,08
  12	 | 	84	 | 	141,03
  13	 | 	71	 | 	106,30
  14	 | 	39	 | 	56,32
  14	 | 	94	 | 	12,21
  15	 | 	83	 | 	119,02
  16	 | 	72	 | 	129,00
  16	 | 	81	 | 	122,04
  17	 | 	48	 | 	93,19
  17	 | 	98	 | 	8,06
  18	 | 	44	 | 	86,09
  19	 | 	26	 | 	55,15
  20	 | 	21	 | 	7,81
  20	 | 	36	 | 	40,79
  20	 | 	77	 | 	94,05
  20	 | 	82	 | 	99,02
  21	 | 	22	 | 	8,06
  22	 | 	30	 | 	51,00
  22	 | 	76	 | 	102,02
  22	 | 	88	 | 	131,10
  23	 | 	24	 | 	11,05
  23	 | 	40	 | 	23,00
  23	 | 	52	 | 	32,56
  23	 | 	85	 | 	102,12
  24	 | 	54	 | 	68,01
  24	 | 	66	 | 	60,01
  25	 | 	31	 | 	2,83
  25	 | 	32	 | 	9,43
  26	 | 	27	 | 	6,71
  26	 | 	36	 | 	11,31
  26	 | 	90	 | 	75,43
  27	 | 	39	 | 	4,47
  27	 | 	42	 | 	19,03
  28	 | 	37	 | 	2,83
  29	 | 	30	 | 	4,12
  29	 | 	44	 | 	16,03
  29	 | 	47	 | 	14,76
  29	 | 	52	 | 	20,12
  30	 | 	35	 | 	6,32
  30	 | 	54	 | 	39,20
  31	 | 	47	 | 	21,59
  32	 | 	33	 | 	3,61
  33	 | 	62	 | 	35,01
  33	 | 	70	 | 	65,00
  33	 | 	83	 | 	72,01
  34	 | 	37	 | 	3,16
  34	 | 	38	 | 	4,47
  34	 | 	60	 | 	38,21
  35	 | 	95	 | 	86,05
  35	 | 	96	 | 	84,72
  37	 | 	51	 | 	18,25
  37	 | 	82	 | 	61,01
  38	 | 	40	 | 	5,00
  38	 | 	41	 | 	16,12
  38	 | 	94	 | 	81,22
  39	 | 	50	 | 	35,23
  40	 | 	46	 | 	18,25
  42	 | 	43	 | 	5,00
  43	 | 	96	 | 	95,04
  44	 | 	76	 | 	39,05
  45	 | 	52	 | 	4,12
  45	 | 	59	 | 	29,15
  45	 | 	85	 | 	69,07
  45	 | 	88	 | 	65,01
  46	 | 	81	 | 	35,06
  47	 | 	99	 | 	85,59
  48	 | 	91	 | 	45,89
  49	 | 	51	 | 	8,54
  49	 | 	90	 | 	48,00
  51	 | 	53	 | 	6,71
  51	 | 	64	 | 	11,05
  52	 | 	63	 | 	22,14
  54	 | 	86	 | 	42,19
  55	 | 	56	 | 	8,00
  56	 | 	67	 | 	9,85
  57	 | 	99	 | 	113,99
  58	 | 	61	 | 	11,18
  58	 | 	72	 | 	32,06
  59	 | 	60	 | 	6,71
  59	 | 	77	 | 	12,37
  59	 | 	99	 | 	120,93
  60	 | 	66	 | 	11,18
  60	 | 	76	 | 	11,18
  61	 | 	87	 | 	29,02
  62	 | 	68	 | 	7,07
  65	 | 	69	 | 	7,81
  65	 | 	84	 | 	44,28
  66	 | 	73	 | 	27,00
  66	 | 	86	 | 	50,36
  67	 | 	69	 | 	3,61
  68	 | 	74	 | 	21,21
  68	 | 	94	 | 	109,55
  69	 | 	92	 | 	42,11
  70	 | 	85	 | 	28,44
  70	 | 	91	 | 	13,42
  71	 | 	76	 | 	5,83
  72	 | 	86	 | 	16,28
  73	 | 	79	 | 	8,25
  74	 | 	77	 | 	2,24
  75	 | 	80	 | 	9,43
  77	 | 	96	 | 	138,61
  78	 | 	81	 | 	2,24
  81	 | 	82	 | 	3,61
  83	 | 	90	 | 	6,32
  85	 | 	98	 | 	161,01
  87	 | 	99	 | 	149,48
  88	 | 	92	 | 	6,71
  88	 | 	93	 | 	10,82
  89	 | 	90	 | 	12,00
  95	 | 	97	 | 	2,24
  95	 | 	98	 | 	7,00
___________________________
Simulation Topology [1:45]
___________________________
From 	  To 		Length
___________________________
  0	 | 	27	 | 	78,06
  0	 | 	58	 | 	123,15
  0	 | 	95	 | 	10,00
  1	 | 	11	 | 	8,00
  1	 | 	31	 | 	63,00
  1	 | 	79	 | 	125,00
  1	 | 	82	 | 	136,06
  2	 | 	17	 | 	3,61
  2	 | 	65	 | 	103,00
  2	 | 	75	 | 	120,00
  2	 | 	96	 | 	16,64
  3	 | 	5	 | 	15,65
  3	 | 	50	 | 	85,02
  3	 | 	55	 | 	99,18
  3	 | 	73	 | 	118,07
  4	 | 	16	 | 	9,49
  4	 | 	72	 | 	138,01
  4	 | 	89	 | 	154,21
  5	 | 	68	 | 	107,04
  5	 | 	98	 | 	10,44
  6	 | 	53	 | 	79,31
  6	 | 	62	 | 	90,14
  7	 | 	8	 | 	6,40
  7	 | 	11	 | 	5,39
  7	 | 	14	 | 	8,06
  7	 | 	47	 | 	71,34
  8	 | 	19	 | 	3,16
  8	 | 	58	 | 	91,05
  8	 | 	97	 | 	27,89
  9	 | 	19	 | 	2,24
  9	 | 	31	 | 	51,01
  10	 | 	12	 | 	10,30
  10	 | 	41	 | 	92,14
  12	 | 	15	 | 	6,32
  12	 | 	57	 | 	99,08
  12	 | 	84	 | 	141,03
  13	 | 	71	 | 	106,30
  14	 | 	39	 | 	56,32
  14	 | 	94	 | 	12,21
  15	 | 	83	 | 	119,02
  16	 | 	72	 | 	129,00
  16	 | 	81	 | 	122,04
  17	 | 	48	 | 	93,19
  17	 | 	98	 | 	8,06
  18	 | 	44	 | 	86,09
  19	 | 	26	 | 	55,15
  20	 | 	21	 | 	7,81
  20	 | 	36	 | 	40,79
  20	 | 	77	 | 	94,05
  20	 | 	82	 | 	99,02
  21	 | 	22	 | 	8,06
  22	 | 	30	 | 	51,00
  22	 | 	76	 | 	102,02
  22	 | 	88	 | 	131,10
  23	 | 	24	 | 	11,05
  23	 | 	40	 | 	23,00
  23	 | 	52	 | 	32,56
  23	 | 	85	 | 	102,12
  24	 | 	54	 | 	68,01
  24	 | 	66	 | 	60,01
  25	 | 	31	 | 	2,83
  25	 | 	32	 | 	9,43
  26	 | 	27	 | 	6,71
  26	 | 	36	 | 	11,31
  26	 | 	90	 | 	75,43
  27	 | 	39	 | 	4,47
  27	 | 	42	 | 	19,03
  28	 | 	37	 | 	2,83
  29	 | 	30	 | 	4,12
  29	 | 	44	 | 	16,03
  29	 | 	47	 | 	14,76
  29	 | 	52	 | 	20,12
  30	 | 	35	 | 	6,32
  30	 | 	54	 | 	39,20
  31	 | 	47	 | 	21,59
  32	 | 	33	 | 	3,61
  33	 | 	62	 | 	35,01
  33	 | 	70	 | 	65,00
  33	 | 	83	 | 	72,01
  34	 | 	37	 | 	3,16
  34	 | 	38	 | 	4,47
  34	 | 	60	 | 	38,21
  35	 | 	95	 | 	86,05
  35	 | 	96	 | 	84,72
  37	 | 	51	 | 	18,25
  37	 | 	82	 | 	61,01
  38	 | 	40	 | 	5,00
  38	 | 	41	 | 	16,12
  38	 | 	94	 | 	81,22
  39	 | 	50	 | 	35,23
  40	 | 	46	 | 	18,25
  42	 | 	43	 | 	5,00
  43	 | 	96	 | 	95,04
  44	 | 	76	 | 	39,05
  45	 | 	52	 | 	4,12
  45	 | 	59	 | 	29,15
  45	 | 	85	 | 	69,07
  45	 | 	88	 | 	65,01
  46	 | 	81	 | 	35,06
  47	 | 	99	 | 	85,59
  48	 | 	91	 | 	45,89
  49	 | 	51	 | 	8,54
  49	 | 	90	 | 	48,00
  51	 | 	53	 | 	6,71
  51	 | 	64	 | 	11,05
  52	 | 	63	 | 	22,14
  54	 | 	86	 | 	42,19
  55	 | 	56	 | 	8,00
  56	 | 	67	 | 	9,85
  57	 | 	99	 | 	113,99
  58	 | 	61	 | 	11,18
  58	 | 	72	 | 	32,06
  59	 | 	60	 | 	6,71
  59	 | 	77	 | 	12,37
  59	 | 	99	 | 	120,93
  60	 | 	66	 | 	11,18
  60	 | 	76	 | 	11,18
  61	 | 	87	 | 	29,02
  62	 | 	68	 | 	7,07
  65	 | 	69	 | 	7,81
  65	 | 	84	 | 	44,28
  66	 | 	73	 | 	27,00
  66	 | 	86	 | 	50,36
  67	 | 	69	 | 	3,61
  68	 | 	74	 | 	21,21
  68	 | 	94	 | 	109,55
  69	 | 	92	 | 	42,11
  70	 | 	85	 | 	28,44
  70	 | 	91	 | 	13,42
  71	 | 	76	 | 	5,83
  72	 | 	86	 | 	16,28
  73	 | 	79	 | 	8,25
  74	 | 	77	 | 	2,24
  75	 | 	80	 | 	9,43
  77	 | 	96	 | 	138,61
  78	 | 	81	 | 	2,24
  81	 | 	82	 | 	3,61
  83	 | 	90	 | 	6,32
  85	 | 	98	 | 	161,01
  87	 | 	99	 | 	149,48
  88	 | 	92	 | 	6,71
  88	 | 	93	 | 	10,82
  89	 | 	90	 | 	12,00
  95	 | 	97	 | 	2,24
  95	 | 	98	 | 	7,00
  42	 | 	44	 | 	5,83
___________________________
Simulation Topology [1:46]
___________________________
From 	  To 		Length
___________________________
  0	 | 	27	 | 	78,06
  0	 | 	58	 | 	123,15
  0	 | 	95	 | 	10,00
  1	 | 	11	 | 	8,00
  1	 | 	31	 | 	63,00
  1	 | 	79	 | 	125,00
  1	 | 	82	 | 	136,06
  2	 | 	17	 | 	3,61
  2	 | 	65	 | 	103,00
  2	 | 	75	 | 	120,00
  2	 | 	96	 | 	16,64
  3	 | 	5	 | 	15,65
  3	 | 	50	 | 	85,02
  3	 | 	55	 | 	99,18
  3	 | 	73	 | 	118,07
  4	 | 	16	 | 	9,49
  4	 | 	72	 | 	138,01
  4	 | 	89	 | 	154,21
  5	 | 	68	 | 	107,04
  5	 | 	98	 | 	10,44
  6	 | 	53	 | 	79,31
  6	 | 	62	 | 	90,14
  7	 | 	8	 | 	6,40
  7	 | 	11	 | 	5,39
  7	 | 	14	 | 	8,06
  7	 | 	47	 | 	71,34
  8	 | 	19	 | 	3,16
  8	 | 	58	 | 	91,05
  8	 | 	97	 | 	27,89
  9	 | 	19	 | 	2,24
  9	 | 	31	 | 	51,01
  10	 | 	12	 | 	10,30
  10	 | 	41	 | 	92,14
  12	 | 	15	 | 	6,32
  12	 | 	57	 | 	99,08
  12	 | 	84	 | 	141,03
  13	 | 	71	 | 	106,30
  14	 | 	39	 | 	56,32
  14	 | 	94	 | 	12,21
  15	 | 	83	 | 	119,02
  16	 | 	72	 | 	129,00
  16	 | 	81	 | 	122,04
  17	 | 	48	 | 	93,19
  17	 | 	98	 | 	8,06
  18	 | 	44	 | 	86,09
  19	 | 	26	 | 	55,15
  20	 | 	21	 | 	7,81
  20	 | 	36	 | 	40,79
  20	 | 	77	 | 	94,05
  20	 | 	82	 | 	99,02
  21	 | 	22	 | 	8,06
  22	 | 	30	 | 	51,00
  22	 | 	76	 | 	102,02
  22	 | 	88	 | 	131,10
  23	 | 	24	 | 	11,05
  23	 | 	40	 | 	23,00
  23	 | 	52	 | 	32,56
  23	 | 	85	 | 	102,12
  24	 | 	54	 | 	68,01
  24	 | 	66	 | 	60,01
  25	 | 	31	 | 	2,83
  25	 | 	32	 | 	9,43
  26	 | 	27	 | 	6,71
  26	 | 	36	 | 	11,31
  26	 | 	90	 | 	75,43
  27	 | 	39	 | 	4,47
  27	 | 	42	 | 	19,03
  28	 | 	37	 | 	2,83
  29	 | 	30	 | 	4,12
  29	 | 	44	 | 	16,03
  29	 | 	47	 | 	14,76
  29	 | 	52	 | 	20,12
  30	 | 	35	 | 	6,32
  30	 | 	54	 | 	39,20
  31	 | 	47	 | 	21,59
  32	 | 	33	 | 	3,61
  33	 | 	62	 | 	35,01
  33	 | 	70	 | 	65,00
  33	 | 	83	 | 	72,01
  34	 | 	37	 | 	3,16
  34	 | 	38	 | 	4,47
  34	 | 	60	 | 	38,21
  35	 | 	95	 | 	86,05
  35	 | 	96	 | 	84,72
  37	 | 	51	 | 	18,25
  37	 | 	82	 | 	61,01
  38	 | 	40	 | 	5,00
  38	 | 	41	 | 	16,12
  38	 | 	94	 | 	81,22
  39	 | 	50	 | 	35,23
  40	 | 	46	 | 	18,25
  42	 | 	43	 | 	5,00
  43	 | 	96	 | 	95,04
  44	 | 	76	 | 	39,05
  45	 | 	52	 | 	4,12
  45	 | 	59	 | 	29,15
  45	 | 	85	 | 	69,07
  45	 | 	88	 | 	65,01
  46	 | 	81	 | 	35,06
  47	 | 	99	 | 	85,59
  48	 | 	91	 | 	45,89
  49	 | 	51	 | 	8,54
  49	 | 	90	 | 	48,00
  51	 | 	53	 | 	6,71
  51	 | 	64	 | 	11,05
  52	 | 	63	 | 	22,14
  54	 | 	86	 | 	42,19
  55	 | 	56	 | 	8,00
  56	 | 	67	 | 	9,85
  57	 | 	99	 | 	113,99
  58	 | 	61	 | 	11,18
  58	 | 	72	 | 	32,06
  59	 | 	60	 | 	6,71
  59	 | 	77	 | 	12,37
  59	 | 	99	 | 	120,93
  60	 | 	66	 | 	11,18
  60	 | 	76	 | 	11,18
  61	 | 	87	 | 	29,02
  62	 | 	68	 | 	7,07
  65	 | 	69	 | 	7,81
  65	 | 	84	 | 	44,28
  66	 | 	73	 | 	27,00
  66	 | 	86	 | 	50,36
  67	 | 	69	 | 	3,61
  68	 | 	74	 | 	21,21
  68	 | 	94	 | 	109,55
  69	 | 	92	 | 	42,11
  70	 | 	85	 | 	28,44
  70	 | 	91	 | 	13,42
  71	 | 	76	 | 	5,83
  72	 | 	86	 | 	16,28
  73	 | 	79	 | 	8,25
  74	 | 	77	 | 	2,24
  75	 | 	80	 | 	9,43
  77	 | 	96	 | 	138,61
  78	 | 	81	 | 	2,24
  81	 | 	82	 | 	3,61
  83	 | 	90	 | 	6,32
  85	 | 	98	 | 	161,01
  87	 | 	99	 | 	149,48
  88	 | 	92	 | 	6,71
  88	 | 	93	 | 	10,82
  89	 | 	90	 | 	12,00
  95	 | 	97	 | 	2,24
  95	 | 	98	 | 	7,00
  42	 | 	44	 | 	5,83
  25	 | 	62	 | 	40,20
___________________________
Simulation Topology [1:47]
___________________________
From 	  To 		Length
___________________________
  0	 | 	27	 | 	78,06
  0	 | 	58	 | 	123,15
  0	 | 	95	 | 	10,00
  1	 | 	11	 | 	8,00
  1	 | 	31	 | 	63,00
  1	 | 	79	 | 	125,00
  1	 | 	82	 | 	136,06
  2	 | 	17	 | 	3,61
  2	 | 	65	 | 	103,00
  2	 | 	75	 | 	120,00
  2	 | 	96	 | 	16,64
  3	 | 	5	 | 	15,65
  3	 | 	50	 | 	85,02
  3	 | 	55	 | 	99,18
  3	 | 	73	 | 	118,07
  4	 | 	16	 | 	9,49
  4	 | 	72	 | 	138,01
  4	 | 	89	 | 	154,21
  5	 | 	68	 | 	107,04
  5	 | 	98	 | 	10,44
  6	 | 	53	 | 	79,31
  6	 | 	62	 | 	90,14
  7	 | 	8	 | 	6,40
  7	 | 	11	 | 	5,39
  7	 | 	14	 | 	8,06
  7	 | 	47	 | 	71,34
  8	 | 	19	 | 	3,16
  8	 | 	58	 | 	91,05
  8	 | 	97	 | 	27,89
  9	 | 	19	 | 	2,24
  9	 | 	31	 | 	51,01
  10	 | 	12	 | 	10,30
  10	 | 	41	 | 	92,14
  12	 | 	15	 | 	6,32
  12	 | 	57	 | 	99,08
  12	 | 	84	 | 	141,03
  13	 | 	71	 | 	106,30
  14	 | 	39	 | 	56,32
  14	 | 	94	 | 	12,21
  15	 | 	83	 | 	119,02
  16	 | 	72	 | 	129,00
  16	 | 	81	 | 	122,04
  17	 | 	48	 | 	93,19
  17	 | 	98	 | 	8,06
  18	 | 	44	 | 	86,09
  19	 | 	26	 | 	55,15
  20	 | 	21	 | 	7,81
  20	 | 	36	 | 	40,79
  20	 | 	77	 | 	94,05
  20	 | 	82	 | 	99,02
  21	 | 	22	 | 	8,06
  22	 | 	30	 | 	51,00
  22	 | 	76	 | 	102,02
  22	 | 	88	 | 	131,10
  23	 | 	24	 | 	11,05
  23	 | 	40	 | 	23,00
  23	 | 	52	 | 	32,56
  23	 | 	85	 | 	102,12
  24	 | 	54	 | 	68,01
  24	 | 	66	 | 	60,01
  25	 | 	31	 | 	2,83
  25	 | 	32	 | 	9,43
  26	 | 	27	 | 	6,71
  26	 | 	36	 | 	11,31
  26	 | 	90	 | 	75,43
  27	 | 	39	 | 	4,47
  27	 | 	42	 | 	19,03
  28	 | 	37	 | 	2,83
  29	 | 	30	 | 	4,12
  29	 | 	44	 | 	16,03
  29	 | 	47	 | 	14,76
  29	 | 	52	 | 	20,12
  30	 | 	35	 | 	6,32
  30	 | 	54	 | 	39,20
  31	 | 	47	 | 	21,59
  32	 | 	33	 | 	3,61
  33	 | 	62	 | 	35,01
  33	 | 	70	 | 	65,00
  33	 | 	83	 | 	72,01
  34	 | 	37	 | 	3,16
  34	 | 	38	 | 	4,47
  34	 | 	60	 | 	38,21
  35	 | 	95	 | 	86,05
  35	 | 	96	 | 	84,72
  37	 | 	51	 | 	18,25
  37	 | 	82	 | 	61,01
  38	 | 	40	 | 	5,00
  38	 | 	41	 | 	16,12
  38	 | 	94	 | 	81,22
  39	 | 	50	 | 	35,23
  40	 | 	46	 | 	18,25
  42	 | 	43	 | 	5,00
  43	 | 	96	 | 	95,04
  44	 | 	76	 | 	39,05
  45	 | 	52	 | 	4,12
  45	 | 	59	 | 	29,15
  45	 | 	85	 | 	69,07
  45	 | 	88	 | 	65,01
  46	 | 	81	 | 	35,06
  47	 | 	99	 | 	85,59
  48	 | 	91	 | 	45,89
  49	 | 	51	 | 	8,54
  49	 | 	90	 | 	48,00
  51	 | 	53	 | 	6,71
  51	 | 	64	 | 	11,05
  52	 | 	63	 | 	22,14
  54	 | 	86	 | 	42,19
  55	 | 	56	 | 	8,00
  56	 | 	67	 | 	9,85
  57	 | 	99	 | 	113,99
  58	 | 	61	 | 	11,18
  58	 | 	72	 | 	32,06
  59	 | 	60	 | 	6,71
  59	 | 	77	 | 	12,37
  59	 | 	99	 | 	120,93
  60	 | 	66	 | 	11,18
  60	 | 	76	 | 	11,18
  61	 | 	87	 | 	29,02
  62	 | 	68	 | 	7,07
  65	 | 	69	 | 	7,81
  65	 | 	84	 | 	44,28
  66	 | 	73	 | 	27,00
  66	 | 	86	 | 	50,36
  67	 | 	69	 | 	3,61
  68	 | 	74	 | 	21,21
  68	 | 	94	 | 	109,55
  69	 | 	92	 | 	42,11
  70	 | 	85	 | 	28,44
  70	 | 	91	 | 	13,42
  71	 | 	76	 | 	5,83
  72	 | 	86	 | 	16,28
  73	 | 	79	 | 	8,25
  74	 | 	77	 | 	2,24
  75	 | 	80	 | 	9,43
  77	 | 	96	 | 	138,61
  78	 | 	81	 | 	2,24
  81	 | 	82	 | 	3,61
  83	 | 	90	 | 	6,32
  85	 | 	98	 | 	161,01
  87	 | 	99	 | 	149,48
  88	 | 	92	 | 	6,71
  88	 | 	93	 | 	10,82
  89	 | 	90	 | 	12,00
  95	 | 	97	 | 	2,24
  95	 | 	98	 | 	7,00
  42	 | 	44	 | 	5,83
  25	 | 	62	 | 	40,20
  17	 | 	36	 | 	72,25
___________________________
Simulation Topology [1:48]
___________________________
From 	  To 		Length
___________________________
  0	 | 	27	 | 	78,06
  0	 | 	58	 | 	123,15
  0	 | 	95	 | 	10,00
  1	 | 	11	 | 	8,00
  1	 | 	31	 | 	63,00
  1	 | 	79	 | 	125,00
  1	 | 	82	 | 	136,06
  2	 | 	17	 | 	3,61
  2	 | 	65	 | 	103,00
  2	 | 	75	 | 	120,00
  2	 | 	96	 | 	16,64
  3	 | 	5	 | 	15,65
  3	 | 	50	 | 	85,02
  3	 | 	55	 | 	99,18
  3	 | 	73	 | 	118,07
  4	 | 	16	 | 	9,49
  4	 | 	72	 | 	138,01
  4	 | 	89	 | 	154,21
  5	 | 	68	 | 	107,04
  5	 | 	98	 | 	10,44
  6	 | 	53	 | 	79,31
  6	 | 	62	 | 	90,14
  7	 | 	8	 | 	6,40
  7	 | 	11	 | 	5,39
  7	 | 	14	 | 	8,06
  7	 | 	47	 | 	71,34
  8	 | 	19	 | 	3,16
  8	 | 	58	 | 	91,05
  8	 | 	97	 | 	27,89
  9	 | 	19	 | 	2,24
  9	 | 	31	 | 	51,01
  10	 | 	12	 | 	10,30
  10	 | 	41	 | 	92,14
  12	 | 	15	 | 	6,32
  12	 | 	57	 | 	99,08
  12	 | 	84	 | 	141,03
  13	 | 	71	 | 	106,30
  14	 | 	39	 | 	56,32
  14	 | 	94	 | 	12,21
  15	 | 	83	 | 	119,02
  16	 | 	72	 | 	129,00
  16	 | 	81	 | 	122,04
  17	 | 	48	 | 	93,19
  17	 | 	98	 | 	8,06
  18	 | 	44	 | 	86,09
  19	 | 	26	 | 	55,15
  20	 | 	21	 | 	7,81
  20	 | 	36	 | 	40,79
  20	 | 	77	 | 	94,05
  20	 | 	82	 | 	99,02
  21	 | 	22	 | 	8,06
  22	 | 	30	 | 	51,00
  22	 | 	76	 | 	102,02
  22	 | 	88	 | 	131,10
  23	 | 	24	 | 	11,05
  23	 | 	40	 | 	23,00
  23	 | 	52	 | 	32,56
  23	 | 	85	 | 	102,12
  24	 | 	54	 | 	68,01
  24	 | 	66	 | 	60,01
  25	 | 	31	 | 	2,83
  25	 | 	32	 | 	9,43
  26	 | 	27	 | 	6,71
  26	 | 	36	 | 	11,31
  26	 | 	90	 | 	75,43
  27	 | 	39	 | 	4,47
  27	 | 	42	 | 	19,03
  28	 | 	37	 | 	2,83
  29	 | 	30	 | 	4,12
  29	 | 	44	 | 	16,03
  29	 | 	47	 | 	14,76
  29	 | 	52	 | 	20,12
  30	 | 	35	 | 	6,32
  30	 | 	54	 | 	39,20
  31	 | 	47	 | 	21,59
  32	 | 	33	 | 	3,61
  33	 | 	62	 | 	35,01
  33	 | 	70	 | 	65,00
  33	 | 	83	 | 	72,01
  34	 | 	37	 | 	3,16
  34	 | 	38	 | 	4,47
  34	 | 	60	 | 	38,21
  35	 | 	95	 | 	86,05
  35	 | 	96	 | 	84,72
  37	 | 	51	 | 	18,25
  37	 | 	82	 | 	61,01
  38	 | 	40	 | 	5,00
  38	 | 	41	 | 	16,12
  38	 | 	94	 | 	81,22
  39	 | 	50	 | 	35,23
  40	 | 	46	 | 	18,25
  42	 | 	43	 | 	5,00
  43	 | 	96	 | 	95,04
  44	 | 	76	 | 	39,05
  45	 | 	52	 | 	4,12
  45	 | 	59	 | 	29,15
  45	 | 	85	 | 	69,07
  45	 | 	88	 | 	65,01
  46	 | 	81	 | 	35,06
  47	 | 	99	 | 	85,59
  48	 | 	91	 | 	45,89
  49	 | 	51	 | 	8,54
  49	 | 	90	 | 	48,00
  51	 | 	53	 | 	6,71
  51	 | 	64	 | 	11,05
  52	 | 	63	 | 	22,14
  54	 | 	86	 | 	42,19
  55	 | 	56	 | 	8,00
  56	 | 	67	 | 	9,85
  57	 | 	99	 | 	113,99
  58	 | 	61	 | 	11,18
  58	 | 	72	 | 	32,06
  59	 | 	60	 | 	6,71
  59	 | 	77	 | 	12,37
  59	 | 	99	 | 	120,93
  60	 | 	66	 | 	11,18
  60	 | 	76	 | 	11,18
  61	 | 	87	 | 	29,02
  62	 | 	68	 | 	7,07
  65	 | 	69	 | 	7,81
  65	 | 	84	 | 	44,28
  66	 | 	73	 | 	27,00
  66	 | 	86	 | 	50,36
  67	 | 	69	 | 	3,61
  68	 | 	74	 | 	21,21
  68	 | 	94	 | 	109,55
  69	 | 	92	 | 	42,11
  70	 | 	85	 | 	28,44
  70	 | 	91	 | 	13,42
  71	 | 	76	 | 	5,83
  72	 | 	86	 | 	16,28
  73	 | 	79	 | 	8,25
  74	 | 	77	 | 	2,24
  75	 | 	80	 | 	9,43
  77	 | 	96	 | 	138,61
  78	 | 	81	 | 	2,24
  81	 | 	82	 | 	3,61
  83	 | 	90	 | 	6,32
  85	 | 	98	 | 	161,01
  87	 | 	99	 | 	149,48
  88	 | 	92	 | 	6,71
  88	 | 	93	 | 	10,82
  89	 | 	90	 | 	12,00
  95	 | 	97	 | 	2,24
  95	 | 	98	 | 	7,00
  42	 | 	44	 | 	5,83
  25	 | 	62	 | 	40,20
  17	 | 	36	 | 	72,25
  61	 | 	78	 | 	16,28
___________________________
Simulation Topology [1:49]
___________________________
From 	  To 		Length
___________________________
  0	 | 	27	 | 	78,06
  0	 | 	58	 | 	123,15
  0	 | 	95	 | 	10,00
  1	 | 	11	 | 	8,00
  1	 | 	31	 | 	63,00
  1	 | 	79	 | 	125,00
  1	 | 	82	 | 	136,06
  2	 | 	17	 | 	3,61
  2	 | 	65	 | 	103,00
  2	 | 	75	 | 	120,00
  2	 | 	96	 | 	16,64
  3	 | 	5	 | 	15,65
  3	 | 	50	 | 	85,02
  3	 | 	55	 | 	99,18
  3	 | 	73	 | 	118,07
  4	 | 	16	 | 	9,49
  4	 | 	72	 | 	138,01
  4	 | 	89	 | 	154,21
  5	 | 	68	 | 	107,04
  5	 | 	98	 | 	10,44
  6	 | 	53	 | 	79,31
  6	 | 	62	 | 	90,14
  7	 | 	8	 | 	6,40
  7	 | 	11	 | 	5,39
  7	 | 	14	 | 	8,06
  7	 | 	47	 | 	71,34
  8	 | 	19	 | 	3,16
  8	 | 	58	 | 	91,05
  8	 | 	97	 | 	27,89
  9	 | 	19	 | 	2,24
  9	 | 	31	 | 	51,01
  10	 | 	12	 | 	10,30
  10	 | 	41	 | 	92,14
  12	 | 	15	 | 	6,32
  12	 | 	57	 | 	99,08
  12	 | 	84	 | 	141,03
  13	 | 	71	 | 	106,30
  14	 | 	39	 | 	56,32
  14	 | 	94	 | 	12,21
  15	 | 	83	 | 	119,02
  16	 | 	72	 | 	129,00
  16	 | 	81	 | 	122,04
  17	 | 	48	 | 	93,19
  17	 | 	98	 | 	8,06
  18	 | 	44	 | 	86,09
  19	 | 	26	 | 	55,15
  20	 | 	21	 | 	7,81
  20	 | 	36	 | 	40,79
  20	 | 	77	 | 	94,05
  20	 | 	82	 | 	99,02
  21	 | 	22	 | 	8,06
  22	 | 	30	 | 	51,00
  22	 | 	76	 | 	102,02
  22	 | 	88	 | 	131,10
  23	 | 	24	 | 	11,05
  23	 | 	40	 | 	23,00
  23	 | 	52	 | 	32,56
  23	 | 	85	 | 	102,12
  24	 | 	54	 | 	68,01
  24	 | 	66	 | 	60,01
  25	 | 	31	 | 	2,83
  25	 | 	32	 | 	9,43
  26	 | 	27	 | 	6,71
  26	 | 	36	 | 	11,31
  26	 | 	90	 | 	75,43
  27	 | 	39	 | 	4,47
  27	 | 	42	 | 	19,03
  28	 | 	37	 | 	2,83
  29	 | 	30	 | 	4,12
  29	 | 	44	 | 	16,03
  29	 | 	47	 | 	14,76
  29	 | 	52	 | 	20,12
  30	 | 	35	 | 	6,32
  30	 | 	54	 | 	39,20
  31	 | 	47	 | 	21,59
  32	 | 	33	 | 	3,61
  33	 | 	62	 | 	35,01
  33	 | 	70	 | 	65,00
  33	 | 	83	 | 	72,01
  34	 | 	37	 | 	3,16
  34	 | 	38	 | 	4,47
  34	 | 	60	 | 	38,21
  35	 | 	95	 | 	86,05
  35	 | 	96	 | 	84,72
  37	 | 	51	 | 	18,25
  37	 | 	82	 | 	61,01
  38	 | 	40	 | 	5,00
  38	 | 	41	 | 	16,12
  38	 | 	94	 | 	81,22
  39	 | 	50	 | 	35,23
  40	 | 	46	 | 	18,25
  42	 | 	43	 | 	5,00
  43	 | 	96	 | 	95,04
  44	 | 	76	 | 	39,05
  45	 | 	52	 | 	4,12
  45	 | 	59	 | 	29,15
  45	 | 	85	 | 	69,07
  45	 | 	88	 | 	65,01
  46	 | 	81	 | 	35,06
  47	 | 	99	 | 	85,59
  48	 | 	91	 | 	45,89
  49	 | 	51	 | 	8,54
  49	 | 	90	 | 	48,00
  51	 | 	53	 | 	6,71
  51	 | 	64	 | 	11,05
  52	 | 	63	 | 	22,14
  54	 | 	86	 | 	42,19
  55	 | 	56	 | 	8,00
  56	 | 	67	 | 	9,85
  57	 | 	99	 | 	113,99
  58	 | 	61	 | 	11,18
  58	 | 	72	 | 	32,06
  59	 | 	60	 | 	6,71
  59	 | 	77	 | 	12,37
  59	 | 	99	 | 	120,93
  60	 | 	66	 | 	11,18
  60	 | 	76	 | 	11,18
  61	 | 	87	 | 	29,02
  62	 | 	68	 | 	7,07
  65	 | 	69	 | 	7,81
  65	 | 	84	 | 	44,28
  66	 | 	73	 | 	27,00
  66	 | 	86	 | 	50,36
  67	 | 	69	 | 	3,61
  68	 | 	74	 | 	21,21
  68	 | 	94	 | 	109,55
  69	 | 	92	 | 	42,11
  70	 | 	85	 | 	28,44
  70	 | 	91	 | 	13,42
  71	 | 	76	 | 	5,83
  72	 | 	86	 | 	16,28
  73	 | 	79	 | 	8,25
  74	 | 	77	 | 	2,24
  75	 | 	80	 | 	9,43
  77	 | 	96	 | 	138,61
  78	 | 	81	 | 	2,24
  81	 | 	82	 | 	3,61
  83	 | 	90	 | 	6,32
  85	 | 	98	 | 	161,01
  87	 | 	99	 | 	149,48
  88	 | 	92	 | 	6,71
  88	 | 	93	 | 	10,82
  89	 | 	90	 | 	12,00
  95	 | 	97	 | 	2,24
  95	 | 	98	 | 	7,00
  42	 | 	44	 | 	5,83
  25	 | 	62	 | 	40,20
  17	 | 	36	 | 	72,25
  61	 | 	78	 | 	16,28
  6	 | 	25	 | 	50,80
___________________________
