Simulation Topology 1
___________________________
Simulation Topology 2
___________________________
[9]				[13]		
[6]				[10]		
[7]				[12]		
[4]				[2]		
[4]				[11]		
[3]				[9]		
[0]				[7]		
[3]				[7]		
[6]				[14]		
[7]				[27]		
[8]				[17]		
[1]				[24]		
[7]				[20]		
[5]				[26]		
[8]				[23]		
[3]				[17]		
[3]				[22]		
[3]				[24]		
[5]				[24]		
[8]				[41]		
[5]				[32]		
[4]				[40]		
[3]				[30]		
[7]				[55]		
[9]				[46]		
[7]				[51]		
[0]				[44]		
[2]				[52]		
[2]				[48]		
[4]				[55]		
[8]				[49]		
[8]				[44]		
[2]				[43]		
[2]				[55]		
[5]				[45]		
[3]				[45]		
[5]				[53]		
[4]				[69]		
[0]				[59]		
[8]				[60]		
[1]				[66]		
[7]				[57]		
[9]				[68]		
[9]				[74]		
[3]				[83]		
[1]				[73]		
[9]				[80]		
[0]				[77]		
[3]				[72]		
[9]				[77]		
[7]				[74]		
[7]				[80]		
[8]				[82]		
[6]				[70]		
[1]				[84]		
[8]				[91]		
[5]				[86]		
[5]				[88]		
[9]				[95]		
[5]				[84]		
___________________________
Simulation Topology [2:0]
___________________________
From 	  To 		Length
___________________________
  0	 | 	2	 | 	2,24
  0	 | 	3	 | 	12,08
  1	 | 	2	 | 	2,24
  1	 | 	7	 | 	4,24
  3	 | 	5	 | 	7,07
  4	 | 	5	 | 	2,24
  4	 | 	57	 | 	77,01
  6	 | 	7	 | 	3,00
  6	 | 	43	 | 	67,60
  8	 | 	10	 | 	3,61
  8	 | 	26	 | 	30,59
  9	 | 	11	 | 	6,71
  9	 | 	15	 | 	10,77
  10	 | 	34	 | 	28,16
  11	 | 	28	 | 	24,02
  12	 | 	51	 | 	60,00
  12	 | 	58	 | 	75,03
  13	 | 	17	 | 	2,83
  13	 | 	40	 | 	40,20
  14	 | 	18	 | 	3,16
  14	 | 	55	 | 	68,00
  15	 | 	44	 | 	66,00
  16	 | 	17	 | 	2,00
  16	 | 	58	 | 	73,25
  18	 | 	50	 | 	50,04
  19	 | 	37	 | 	28,28
  19	 | 	46	 | 	39,01
  20	 | 	42	 | 	36,22
  20	 | 	50	 | 	42,05
  21	 | 	22	 | 	10,05
  21	 | 	44	 | 	43,01
  22	 | 	37	 | 	39,01
  23	 | 	25	 | 	4,00
  23	 | 	39	 | 	5,10
  24	 | 	26	 | 	9,22
  24	 | 	36	 | 	8,06
  25	 | 	30	 | 	2,24
  27	 | 	29	 | 	3,61
  27	 | 	33	 | 	3,00
  28	 | 	53	 | 	22,36
  29	 | 	36	 | 	2,24
  30	 | 	31	 | 	5,00
  31	 | 	38	 | 	17,00
  32	 | 	34	 | 	3,61
  32	 | 	35	 | 	2,24
  33	 | 	47	 | 	22,09
  35	 | 	48	 | 	27,00
  38	 | 	47	 | 	18,00
  39	 | 	41	 | 	3,16
  40	 | 	41	 | 	10,82
  42	 | 	59	 | 	16,49
  43	 | 	49	 | 	3,00
  45	 | 	48	 | 	2,24
  45	 | 	49	 | 	8,94
  46	 | 	51	 | 	2,00
  52	 | 	53	 | 	12,17
  52	 | 	56	 | 	5,00
  54	 | 	55	 | 	9,90
  54	 | 	56	 | 	4,47
  57	 | 	59	 | 	4,00
___________________________
