Simulation Topology 1
___________________________
[6]				[4]		
[7]				[12]		
[7]				[9]		
[9]				[6]		
[5]				[11]		
[4]				[3]		
[2]				[8]		
[1]				[10]		
[1]				[16]		
[4]				[19]		
[1]				[20]		
[6]				[24]		
[6]				[14]		
[8]				[20]		
[5]				[26]		
[3]				[26]		
[5]				[17]		
[9]				[15]		
[2]				[37]		
[8]				[35]		
[3]				[35]		
[9]				[38]		
[6]				[32]		
[4]				[40]		
[2]				[33]		
[0]				[35]		
[8]				[33]		
[4]				[37]		
[0]				[37]		
[6]				[39]		
[2]				[41]		
[2]				[29]		
[3]				[44]		
[8]				[43]		
[7]				[50]		
[0]				[61]		
[7]				[80]		
[5]				[75]		
[5]				[71]		
[0]				[82]		
[2]				[80]		
[9]				[83]		
[7]				[78]		
[5]				[73]		
[0]				[93]		
[3]				[87]		
[3]				[85]		
[7]				[86]		
[9]				[87]		
[0]				[84]		
[5]				[96]		
[7]				[91]		
[9]				[94]		
[3]				[97]		
[4]				[102]		
[7]				[102]		
[3]				[105]		
[6]				[106]		
[2]				[110]		
[3]				[99]		
___________________________
Simulation Topology [1:0]
___________________________
From 	  To 		Length
___________________________
  0	 | 	20	 | 	31,14
  0	 | 	29	 | 	35,00
  1	 | 	6	 | 	6,40
  1	 | 	8	 | 	7,21
  2	 | 	3	 | 	3,61
  2	 | 	41	 | 	74,03
  3	 | 	23	 | 	34,37
  4	 | 	6	 | 	4,24
  4	 | 	7	 | 	4,12
  5	 | 	7	 | 	7,62
  5	 | 	43	 | 	70,01
  8	 | 	16	 | 	4,12
  9	 | 	14	 | 	7,07
  9	 | 	42	 | 	59,08
  10	 | 	12	 | 	7,81
  10	 | 	13	 | 	7,00
  11	 | 	17	 | 	9,49
  11	 | 	36	 | 	56,01
  12	 | 	35	 | 	47,38
  13	 | 	16	 | 	4,24
  14	 | 	59	 | 	73,03
  15	 | 	17	 | 	12,53
  15	 | 	56	 | 	79,00
  18	 | 	26	 | 	7,21
  18	 | 	45	 | 	50,01
  19	 | 	25	 | 	8,00
  19	 | 	31	 | 	8,49
  20	 | 	30	 | 	6,08
  21	 | 	41	 | 	45,00
  21	 | 	50	 | 	58,14
  22	 | 	25	 | 	6,71
  22	 | 	28	 | 	7,81
  23	 | 	27	 | 	3,00
  24	 | 	26	 | 	6,00
  24	 | 	31	 | 	4,00
  27	 | 	29	 | 	2,83
  28	 | 	30	 | 	4,47
  32	 | 	33	 | 	5,10
  32	 | 	46	 | 	41,00
  33	 | 	59	 | 	56,22
  34	 | 	55	 | 	52,00
  34	 | 	58	 | 	60,21
  35	 | 	44	 | 	32,00
  36	 | 	40	 | 	5,00
  37	 | 	42	 | 	3,61
  37	 | 	54	 | 	27,02
  38	 | 	39	 | 	12,08
  38	 | 	48	 | 	16,49
  39	 | 	49	 | 	2,00
  40	 | 	47	 | 	7,81
  43	 | 	47	 | 	13,15
  44	 | 	53	 | 	5,00
  45	 | 	48	 | 	6,00
  46	 | 	49	 | 	3,16
  50	 | 	51	 | 	5,39
  51	 | 	52	 | 	3,61
  52	 | 	53	 | 	6,71
  54	 | 	55	 | 	3,00
  56	 | 	57	 | 	3,16
  57	 | 	58	 | 	5,66
___________________________
Simulation Topology 2
___________________________
[8]				[13]		
[9]				[9]		
[6]				[1]		
[1]				[10]		
[3]				[9]		
[4]				[5]		
[2]				[2]		
[6]				[7]		
[8]				[7]		
[2]				[5]		
[5]				[9]		
[5]				[3]		
[2]				[26]		
[7]				[16]		
[0]				[18]		
[3]				[17]		
[2]				[20]		
[7]				[22]		
[0]				[25]		
[5]				[20]		
[7]				[25]		
[6]				[18]		
[6]				[27]		
[5]				[22]		
[9]				[17]		
[0]				[21]		
[1]				[29]		
[8]				[29]		
[6]				[34]		
[4]				[34]		
[6]				[51]		
[0]				[48]		
[7]				[47]		
[7]				[61]		
[1]				[57]		
[3]				[59]		
[7]				[69]		
[5]				[59]		
[0]				[66]		
[8]				[63]		
[6]				[73]		
[8]				[82]		
[3]				[75]		
[9]				[109]		
[2]				[110]		
[7]				[105]		
[6]				[107]		
[3]				[100]		
[8]				[103]		
[8]				[116]		
[7]				[120]		
[4]				[125]		
[4]				[119]		
[7]				[124]		
[7]				[131]		
[8]				[128]		
[5]				[136]		
[2]				[126]		
[0]				[132]		
[6]				[139]		
___________________________
Simulation Topology [2:0]
___________________________
From 	  To 		Length
___________________________
  57	 | 	58	 | 	6,32
  56	 | 	57	 | 	10,44
  54	 | 	55	 | 	3,16
  52	 | 	53	 | 	5,83
  51	 | 	52	 | 	6,00
  50	 | 	51	 | 	5,83
  46	 | 	49	 | 	9,22
  45	 | 	48	 | 	2,24
  44	 | 	53	 | 	14,87
  43	 | 	47	 | 	10,82
  40	 | 	47	 | 	27,17
  39	 | 	49	 | 	53,00
  38	 | 	48	 | 	37,85
  38	 | 	39	 | 	8,54
  37	 | 	54	 | 	72,03
  37	 | 	42	 | 	16,12
  36	 | 	40	 | 	4,12
  35	 | 	44	 | 	51,01
  34	 | 	58	 | 	75,01
  34	 | 	55	 | 	71,34
  33	 | 	59	 | 	78,01
  32	 | 	46	 | 	60,01
  32	 | 	33	 | 	14,00
  28	 | 	30	 | 	17,00
  27	 | 	29	 | 	6,40
  24	 | 	31	 | 	32,28
  24	 | 	26	 | 	14,42
  23	 | 	27	 | 	7,62
  22	 | 	28	 | 	7,00
  22	 | 	25	 | 	8,49
  0	 | 	10	 | 	5,00
  0	 | 	53	 | 	111,00
  1	 | 	12	 | 	18,38
  1	 | 	18	 | 	18,36
  2	 | 	8	 | 	6,32
  2	 | 	10	 | 	8,06
  3	 | 	4	 | 	2,24
  3	 | 	38	 | 	56,01
  4	 | 	50	 | 	111,07
  5	 | 	8	 | 	4,47
  5	 | 	19	 | 	15,03
  6	 | 	9	 | 	3,00
  6	 | 	48	 | 	101,18
  7	 | 	26	 | 	22,56
  7	 | 	38	 | 	59,30
  9	 | 	31	 | 	43,05
  11	 | 	30	 | 	48,01
  11	 | 	54	 | 	128,02
  12	 | 	23	 | 	5,00
  13	 | 	14	 | 	7,28
  13	 | 	55	 | 	112,00
  14	 | 	47	 | 	82,05
  15	 | 	16	 | 	3,16
  15	 | 	17	 | 	6,40
  16	 | 	21	 | 	4,47
  17	 | 	42	 | 	53,15
  18	 | 	41	 | 	57,56
  19	 | 	22	 | 	7,07
  20	 | 	51	 | 	100,04
  20	 | 	57	 | 	101,12
  21	 | 	41	 | 	64,03
  22	 | 	37	 | 	32,02
  23	 | 	47	 | 	78,03
  24	 | 	25	 | 	9,85
  24	 | 	28	 | 	17,26
  25	 | 	35	 | 	38,12
  26	 | 	29	 | 	5,83
  27	 | 	28	 | 	5,39
  27	 | 	43	 | 	80,01
  29	 | 	40	 | 	39,05
  30	 | 	32	 | 	4,12
  31	 | 	32	 | 	7,07
  33	 | 	34	 | 	7,21
  33	 | 	35	 | 	4,47
  34	 | 	36	 | 	13,42
  36	 | 	55	 | 	59,01
  37	 | 	39	 | 	5,00
  39	 | 	59	 | 	76,03
  40	 | 	42	 | 	3,61
  43	 | 	44	 | 	7,07
  44	 | 	45	 | 	7,07
  45	 | 	46	 | 	2,24
  46	 | 	48	 | 	4,47
  49	 | 	50	 | 	4,12
  49	 | 	52	 | 	5,00
  51	 | 	53	 | 	3,16
  52	 | 	56	 | 	17,03
  54	 | 	57	 | 	7,07
  56	 | 	58	 | 	6,40
  58	 | 	59	 | 	9,22
___________________________
