Simulation Topology 1
___________________________
Simulation Topology 2
___________________________
[6]				[5]		
[6]				[3]		
[4]				[12]		
[1]				[2]		
[6]				[11]		
[8]				[0]		
[9]				[10]		
[4]				[10]		
[4]				[8]		
[6]				[26]		
[8]				[19]		
[6]				[17]		
[8]				[24]		
[6]				[19]		
[9]				[16]		
[1]				[22]		
[4]				[25]		
[2]				[26]		
[9]				[27]		
[1]				[18]		
[2]				[14]		
[0]				[14]		
[4]				[53]		
[2]				[42]		
[4]				[50]		
[5]				[42]		
[9]				[46]		
[8]				[48]		
[1]				[51]		
[1]				[48]		
[8]				[53]		
[9]				[67]		
[6]				[56]		
[4]				[62]		
[4]				[56]		
[9]				[73]		
[4]				[70]		
[5]				[82]		
[6]				[70]		
[3]				[73]		
[1]				[78]		
[0]				[73]		
[0]				[81]		
[2]				[87]		
[3]				[84]		
[3]				[93]		
[1]				[84]		
[6]				[91]		
[0]				[92]		
[4]				[87]		
[6]				[96]		
[5]				[105]		
[3]				[119]		
[6]				[117]		
[1]				[116]		
[9]				[119]		
[7]				[119]		
[0]				[112]		
[5]				[114]		
[5]				[120]		
___________________________
Simulation Topology [2:0]
___________________________
From 	  To 		Length
___________________________
  0	 | 	3	 | 	5,83
  0	 | 	47	 | 	86,00
  1	 | 	7	 | 	7,28
  1	 | 	51	 | 	102,00
  2	 | 	4	 | 	2,24
  2	 | 	48	 | 	80,10
  3	 | 	10	 | 	18,38
  4	 | 	38	 | 	59,00
  5	 | 	10	 | 	19,00
  5	 | 	20	 | 	15,23
  6	 | 	18	 | 	17,00
  6	 | 	46	 | 	74,43
  7	 | 	16	 | 	15,00
  8	 | 	21	 | 	7,21
  8	 | 	29	 | 	40,11
  9	 | 	13	 | 	7,00
  9	 | 	41	 | 	47,38
  11	 | 	18	 | 	10,44
  11	 | 	19	 | 	5,10
  12	 | 	16	 | 	4,12
  12	 | 	17	 | 	6,32
  13	 | 	53	 | 	98,00
  14	 | 	23	 | 	26,93
  14	 | 	52	 | 	103,17
  15	 | 	20	 | 	8,06
  15	 | 	21	 | 	8,06
  17	 | 	57	 | 	86,02
  19	 | 	26	 | 	29,12
  22	 | 	24	 | 	3,00
  22	 | 	26	 | 	8,60
  23	 | 	37	 | 	40,11
  24	 | 	25	 | 	8,06
  25	 | 	28	 | 	9,85
  27	 | 	30	 | 	5,00
  27	 | 	31	 | 	19,03
  28	 | 	55	 | 	68,47
  29	 | 	30	 | 	8,60
  31	 | 	51	 | 	38,21
  32	 | 	33	 | 	6,32
  32	 | 	34	 | 	2,00
  33	 | 	58	 | 	52,01
  34	 | 	39	 | 	17,03
  35	 | 	36	 | 	5,83
  35	 | 	59	 | 	47,17
  36	 | 	40	 | 	8,54
  37	 | 	59	 | 	38,00
  38	 | 	42	 | 	12,53
  39	 | 	41	 | 	3,00
  40	 | 	42	 | 	3,16
  43	 | 	44	 | 	3,16
  43	 | 	49	 | 	2,00
  44	 | 	50	 | 	12,37
  45	 | 	48	 | 	3,16
  45	 | 	54	 | 	23,09
  46	 | 	49	 | 	4,24
  47	 | 	50	 | 	5,00
  52	 | 	56	 | 	4,00
  53	 | 	55	 | 	3,61
  54	 | 	57	 | 	4,12
  56	 | 	58	 | 	5,39
___________________________
