Simulation Topology 1
___________________________
[8]				[9]		
[0]				[9]		
[4]				[7]		
[7]				[12]		
[1]				[11]		
[4]				[1]		
[0]				[6]		
[4]				[12]		
[0]				[2]		
[0]				[15]		
[5]				[21]		
[3]				[17]		
[0]				[22]		
[0]				[19]		
[9]				[24]		
[9]				[16]		
[7]				[17]		
[5]				[23]		
[9]				[18]		
[7]				[27]		
[0]				[51]		
[3]				[51]		
[7]				[55]		
[2]				[54]		
[9]				[46]		
[7]				[51]		
[0]				[55]		
[8]				[42]		
[7]				[48]		
[1]				[44]		
[5]				[43]		
[5]				[48]		
[3]				[43]		
[5]				[61]		
[9]				[59]		
[0]				[72]		
[1]				[74]		
[2]				[72]		
[4]				[80]		
[1]				[81]		
[9]				[75]		
[7]				[80]		
[3]				[78]		
[5]				[72]		
[6]				[75]		
[9]				[70]		
[5]				[78]		
[0]				[83]		
[5]				[95]		
[7]				[88]		
[1]				[94]		
[4]				[85]		
[4]				[91]		
[7]				[95]		
[9]				[88]		
[2]				[91]		
[9]				[84]		
[9]				[93]		
[1]				[85]		
[3]				[108]		
___________________________
Simulation Topology [1:0]
___________________________
From 	  To 		Length
___________________________
  0	 | 	4	 | 	7,28
  0	 | 	53	 | 	86,01
  0	 | 	59	 | 	99,13
  1	 | 	5	 | 	8,94
  1	 | 	29	 | 	35,01
  2	 | 	6	 | 	4,12
  2	 | 	8	 | 	6,40
  3	 | 	7	 | 	3,00
  3	 | 	45	 | 	58,03
  4	 | 	6	 | 	5,10
  5	 | 	7	 | 	11,00
  8	 | 	28	 | 	46,53
  9	 | 	11	 | 	3,61
  9	 | 	18	 | 	9,49
  10	 | 	17	 | 	2,00
  10	 | 	41	 | 	59,03
  11	 | 	15	 | 	6,08
  12	 | 	13	 | 	3,00
  12	 | 	17	 | 	5,10
  13	 | 	47	 | 	64,00
  14	 | 	43	 | 	48,17
  14	 | 	50	 | 	70,46
  15	 | 	52	 | 	75,17
  16	 | 	31	 | 	31,06
  16	 | 	35	 | 	55,44
  18	 | 	19	 | 	9,22
  19	 | 	22	 | 	28,00
  20	 | 	25	 | 	7,00
  20	 | 	27	 | 	12,04
  21	 | 	26	 | 	5,00
  21	 | 	28	 | 	5,00
  22	 | 	31	 | 	7,28
  23	 | 	25	 | 	5,83
  23	 | 	56	 | 	30,81
  24	 | 	27	 | 	4,12
  24	 | 	30	 | 	5,00
  26	 | 	33	 | 	7,81
  29	 | 	49	 | 	44,41
  30	 | 	34	 | 	16,49
  32	 | 	39	 | 	38,05
  32	 | 	48	 | 	52,04
  33	 | 	55	 | 	30,15
  34	 | 	36	 | 	17,00
  35	 | 	42	 | 	6,71
  36	 | 	38	 | 	6,71
  37	 | 	46	 | 	6,71
  37	 | 	48	 | 	23,19
  38	 | 	41	 | 	3,00
  39	 | 	47	 | 	2,24
  40	 | 	42	 | 	6,71
  40	 | 	44	 | 	3,00
  43	 | 	44	 | 	3,16
  45	 | 	58	 | 	17,00
  46	 | 	58	 | 	8,06
  49	 | 	51	 | 	4,24
  50	 | 	55	 | 	3,16
  51	 | 	52	 | 	6,00
  53	 | 	54	 | 	7,28
  54	 | 	57	 | 	5,00
  56	 | 	57	 | 	9,00
___________________________
Simulation Topology 2
___________________________
[4]				[0]		
[4]				[9]		
[5]				[4]		
[7]				[4]		
[9]				[11]		
[3]				[13]		
[7]				[0]		
[4]				[2]		
[9]				[13]		
[0]				[12]		
[2]				[20]		
[5]				[19]		
[5]				[21]		
[0]				[17]		
[0]				[20]		
[5]				[27]		
[1]				[24]		
[4]				[23]		
[5]				[15]		
[5]				[17]		
[5]				[25]		
[8]				[24]		
[2]				[15]		
[9]				[15]		
[2]				[27]		
[4]				[35]		
[9]				[31]		
[5]				[30]		
[1]				[30]		
[9]				[33]		
[7]				[34]		
[7]				[39]		
[9]				[36]		
[7]				[31]		
[1]				[37]		
[4]				[33]		
[3]				[30]		
[7]				[29]		
[4]				[41]		
[9]				[41]		
[3]				[51]		
[9]				[55]		
[6]				[47]		
[9]				[49]		
[9]				[53]		
[3]				[43]		
[7]				[49]		
[6]				[52]		
[3]				[47]		
[2]				[53]		
[1]				[46]		
[0]				[56]		
[6]				[77]		
[1]				[74]		
[9]				[72]		
[3]				[83]		
[5]				[71]		
[4]				[73]		
[8]				[82]		
[2]				[77]		
___________________________
Simulation Topology [2:0]
___________________________
From 	  To 		Length
___________________________
  56	 | 	57	 | 	2,24
  54	 | 	57	 | 	5,10
  53	 | 	54	 | 	8,25
  51	 | 	52	 | 	21,84
  50	 | 	55	 | 	37,05
  49	 | 	51	 | 	3,61
  46	 | 	58	 | 	33,02
  45	 | 	58	 | 	39,32
  43	 | 	44	 | 	4,00
  40	 | 	44	 | 	6,32
  40	 | 	42	 | 	5,00
  39	 | 	47	 | 	11,40
  38	 | 	41	 | 	14,87
  37	 | 	48	 | 	18,44
  37	 | 	46	 | 	20,00
  36	 | 	38	 | 	11,05
  35	 | 	42	 | 	14,14
  34	 | 	36	 | 	7,28
  33	 | 	55	 | 	52,15
  32	 | 	48	 | 	12,53
  32	 | 	39	 | 	5,00
  30	 | 	34	 | 	6,71
  29	 | 	49	 | 	21,19
  26	 | 	33	 | 	2,00
  24	 | 	30	 | 	8,60
  24	 | 	27	 | 	4,24
  23	 | 	56	 | 	56,14
  23	 | 	25	 | 	20,62
  22	 | 	31	 | 	24,52
  21	 | 	28	 | 	9,22
  0	 | 	4	 | 	12,08
  0	 | 	6	 | 	3,00
  1	 | 	7	 | 	7,00
  1	 | 	34	 | 	28,16
  2	 | 	7	 | 	2,24
  2	 | 	9	 | 	9,43
  3	 | 	8	 | 	9,22
  3	 | 	31	 | 	35,00
  4	 | 	41	 | 	44,00
  5	 | 	8	 | 	6,00
  5	 | 	51	 | 	43,10
  6	 | 	51	 | 	56,44
  9	 | 	25	 | 	23,35
  10	 | 	23	 | 	8,60
  10	 | 	28	 | 	10,05
  11	 | 	12	 | 	2,00
  11	 | 	18	 | 	4,00
  12	 | 	21	 | 	4,24
  13	 | 	50	 | 	29,02
  13	 | 	53	 | 	57,01
  14	 | 	15	 | 	8,60
  14	 | 	20	 | 	7,07
  15	 | 	17	 | 	4,12
  16	 | 	57	 | 	49,09
  16	 | 	59	 | 	53,01
  17	 | 	27	 | 	7,07
  18	 | 	27	 | 	15,00
  19	 | 	22	 | 	3,61
  19	 | 	49	 | 	36,12
  20	 | 	58	 | 	57,08
  21	 | 	38	 | 	17,46
  22	 | 	50	 | 	31,02
  23	 | 	55	 | 	68,26
  24	 | 	35	 | 	6,32
  24	 | 	58	 | 	55,33
  25	 | 	33	 | 	5,00
  26	 | 	34	 | 	10,00
  26	 | 	49	 | 	23,09
  28	 | 	37	 | 	6,08
  29	 | 	31	 | 	6,32
  29	 | 	33	 | 	2,83
  30	 | 	32	 | 	2,83
  30	 | 	36	 | 	5,66
  32	 | 	37	 | 	7,28
  35	 | 	39	 | 	9,43
  36	 | 	53	 | 	44,05
  38	 | 	39	 | 	5,00
  40	 | 	41	 | 	7,21
  40	 | 	43	 | 	6,32
  42	 | 	44	 | 	6,71
  42	 | 	47	 | 	5,00
  43	 | 	46	 | 	2,00
  44	 | 	48	 | 	8,49
  45	 | 	48	 | 	4,00
  45	 | 	55	 | 	40,00
  46	 | 	47	 | 	3,16
  52	 | 	56	 | 	6,08
  52	 | 	57	 | 	4,47
  54	 | 	56	 | 	4,12
  54	 | 	59	 | 	8,60
___________________________
