Simulation Topology 1
___________________________
[7]				[2]		
[2]				[11]		
[1]				[9]		
[4]				[10]		
[0]				[11]		
[6]				[18]		
[2]				[17]		
[8]				[21]		
[6]				[26]		
[1]				[30]		
[8]				[35]		
[6]				[32]		
[5]				[39]		
[18]				[1]		
[15]				[4]		
[11]				[5]		
[16]				[6]		
[15]				[9]		
[12]				[12]		
[15]				[15]		
___________________________
Simulation Topology [1:0]
___________________________
From 	  To 		Length
___________________________
  0	 | 	10	 | 	33,02
  0	 | 	19	 | 	15,26
  1	 | 	2	 | 	2,24
  1	 | 	8	 | 	15,52
  2	 | 	3	 | 	3,16
  3	 | 	16	 | 	12,65
  4	 | 	5	 | 	9,22
  4	 | 	11	 | 	21,84
  5	 | 	17	 | 	12,73
  6	 | 	7	 | 	7,21
  6	 | 	16	 | 	17,80
  7	 | 	18	 | 	9,85
  8	 | 	10	 | 	9,22
  9	 | 	13	 | 	33,62
  9	 | 	15	 | 	26,93
  11	 | 	12	 | 	7,07
  12	 | 	15	 | 	34,53
  13	 | 	14	 | 	4,24
  14	 | 	19	 | 	11,00
  17	 | 	18	 | 	4,24
___________________________
Simulation Topology 2
___________________________
[8]				[3]		
[9]				[1]		
[3]				[7]		
[7]				[11]		
[2]				[10]		
[9]				[10]		
[6]				[13]		
[0]				[16]		
[9]				[19]		
[2]				[17]		
[6]				[17]		
[5]				[21]		
[3]				[24]		
[4]				[27]		
[1]				[24]		
[7]				[28]		
[3]				[31]		
[1]				[30]		
[5]				[31]		
[5]				[35]		
___________________________
Simulation Topology [2:0]
___________________________
From 	  To 		Length
___________________________
  17	 | 	18	 | 	4,12
  14	 | 	19	 | 	11,70
  13	 | 	14	 | 	4,24
  12	 | 	15	 | 	5,66
  11	 | 	12	 | 	3,61
  9	 | 	15	 | 	12,08
  9	 | 	13	 | 	10,20
  8	 | 	10	 | 	3,61
  7	 | 	18	 | 	15,81
  6	 | 	16	 | 	18,25
  0	 | 	1	 | 	2,24
  0	 | 	18	 | 	28,16
  1	 | 	15	 | 	27,07
  2	 | 	3	 | 	5,66
  2	 | 	4	 | 	3,16
  3	 | 	7	 | 	8,60
  4	 | 	17	 | 	20,02
  5	 | 	6	 | 	4,24
  5	 | 	11	 | 	11,70
  6	 | 	7	 | 	6,71
  8	 | 	14	 | 	9,43
  8	 | 	16	 | 	13,42
  9	 | 	10	 | 	4,00
  9	 | 	18	 | 	14,32
  10	 | 	11	 | 	4,12
  12	 | 	13	 | 	3,16
  16	 | 	19	 | 	4,47
  17	 | 	19	 | 	6,40
___________________________
