Simulation Topology 1
___________________________
Simulation Topology 2
___________________________
[33]				[24]		
[7]				[26]		
[24]				[11]		
[35]				[31]		
[35]				[23]		
[24]				[28]		
[16]				[33]		
[36]				[0]		
[32]				[13]		
[10]				[33]		
[22]				[27]		
[10]				[6]		
[11]				[39]		
[15]				[10]		
[30]				[2]		
[33]				[8]		
[1]				[30]		
[12]				[4]		
[27]				[12]		
[2]				[36]		
___________________________
Simulation Topology [2:0]
___________________________
From 	  To 		Length
___________________________
  0	 | 	4	 | 	2,24
  0	 | 	11	 | 	29,21
  1	 | 	2	 | 	22,67
  1	 | 	12	 | 	13,60
  2	 | 	15	 | 	9,49
  3	 | 	5	 | 	11,40
  3	 | 	19	 | 	33,38
  4	 | 	18	 | 	13,60
  5	 | 	8	 | 	17,00
  6	 | 	7	 | 	38,59
  6	 | 	15	 | 	30,23
  7	 | 	8	 | 	13,60
  9	 | 	10	 | 	13,42
  9	 | 	14	 | 	36,89
  10	 | 	13	 | 	18,38
  11	 | 	13	 | 	6,40
  12	 | 	14	 | 	41,59
  16	 | 	17	 | 	28,23
  16	 | 	19	 | 	6,08
  17	 | 	18	 | 	17,00
___________________________
