Simulation Topology 1
___________________________
Simulation Topology 2
___________________________
[30]				[23]		
[28]				[30]		
[34]				[31]		
[22]				[4]		
[10]				[22]		
[8]				[38]		
[1]				[38]		
[10]				[8]		
[19]				[29]		
[1]				[2]		
[36]				[31]		
[8]				[2]		
[23]				[26]		
[39]				[30]		
[31]				[2]		
[18]				[14]		
[3]				[33]		
[39]				[28]		
[2]				[26]		
[9]				[13]		
___________________________
Simulation Topology [2:0]
___________________________
From 	  To 		Length
___________________________
  0	 | 	2	 | 	8,94
  0	 | 	17	 | 	10,30
  1	 | 	6	 | 	28,16
  1	 | 	7	 | 	28,43
  2	 | 	5	 | 	26,93
  3	 | 	5	 | 	36,77
  3	 | 	15	 | 	10,77
  4	 | 	9	 | 	21,93
  4	 | 	15	 | 	11,31
  6	 | 	16	 | 	5,39
  7	 | 	18	 | 	19,70
  8	 | 	12	 | 	5,00
  8	 | 	18	 | 	17,26
  9	 | 	19	 | 	13,60
  10	 | 	11	 | 	40,31
  10	 | 	14	 | 	29,43
  11	 | 	19	 | 	11,05
  12	 | 	17	 | 	16,12
  13	 | 	14	 | 	29,12
  13	 | 	16	 | 	36,12
___________________________
