Simulation Topology 1
___________________________
[13]				[39]		
[19]				[26]		
[18]				[14]		
[5]				[32]		
[3]				[37]		
[15]				[8]		
[5]				[6]		
[6]				[8]		
[6]				[22]		
[9]				[13]		
[27]				[27]		
[25]				[5]		
[34]				[14]		
[21]				[16]		
[39]				[5]		
[23]				[34]		
[31]				[3]		
[30]				[24]		
[36]				[33]		
[36]				[12]		
___________________________
Simulation Topology [1:0]
___________________________
From 	  To 		Length
___________________________
  0	 | 	7	 | 	31,78
  0	 | 	8	 | 	18,38
  1	 | 	9	 | 	16,40
  1	 | 	17	 | 	11,18
  2	 | 	3	 | 	22,20
  2	 | 	17	 | 	15,62
  3	 | 	4	 | 	5,39
  4	 | 	16	 | 	44,05
  5	 | 	11	 | 	10,44
  5	 | 	15	 | 	27,20
  6	 | 	13	 | 	18,87
  6	 | 	19	 | 	31,58
  7	 | 	14	 | 	33,14
  8	 | 	18	 | 	31,95
  9	 | 	10	 | 	22,80
  10	 | 	13	 | 	12,53
  11	 | 	16	 | 	6,32
  12	 | 	15	 | 	22,83
  12	 | 	18	 | 	19,10
  14	 | 	19	 | 	7,62
___________________________
Simulation Topology 2
___________________________
[4]				[3]		
[18]				[21]		
[7]				[15]		
[16]				[38]		
[10]				[15]		
[4]				[27]		
[9]				[13]		
[11]				[29]		
[14]				[34]		
[6]				[24]		
[27]				[13]		
[30]				[17]		
[27]				[3]		
[35]				[13]		
[38]				[4]		
[31]				[23]		
[37]				[17]		
[35]				[9]		
[33]				[20]		
[29]				[4]		
___________________________
Simulation Topology [2:0]
___________________________
From 	  To 		Length
___________________________
  14	 | 	19	 | 	9,00
  12	 | 	18	 | 	18,03
  12	 | 	15	 | 	20,40
  11	 | 	16	 | 	7,00
  10	 | 	13	 | 	8,00
  9	 | 	10	 | 	23,71
  8	 | 	18	 | 	23,60
  7	 | 	14	 | 	36,80
  6	 | 	19	 | 	21,93
  6	 | 	13	 | 	26,00
  0	 | 	3	 | 	37,00
  0	 | 	13	 | 	32,57
  1	 | 	10	 | 	12,04
  1	 | 	13	 | 	18,79
  1	 | 	16	 | 	19,42
  2	 | 	17	 | 	28,64
  2	 | 	18	 | 	26,48
  3	 | 	10	 | 	27,31
  4	 | 	14	 | 	30,08
  4	 | 	19	 | 	21,95
  5	 | 	8	 | 	12,21
  5	 | 	16	 | 	34,48
  6	 | 	11	 | 	21,38
  6	 | 	12	 | 	20,59
  7	 | 	12	 | 	30,53
  7	 | 	15	 | 	20,88
  8	 | 	14	 | 	38,42
  9	 | 	19	 | 	30,48
  11	 | 	15	 | 	6,08
  17	 | 	18	 | 	11,18
___________________________
