Simulation Topology 1
___________________________
Simulation Topology 2
___________________________
[36]				[20]		
[13]				[9]		
[3]				[10]		
[3]				[35]		
[7]				[27]		
[20]				[39]		
[17]				[18]		
[2]				[6]		
[18]				[12]		
[0]				[25]		
[18]				[10]		
[6]				[5]		
[3]				[30]		
[5]				[35]		
[20]				[26]		
[12]				[2]		
[37]				[28]		
[18]				[0]		
[4]				[1]		
[18]				[36]		
___________________________
Simulation Topology [2:0]
___________________________
From 	  To 		Length
___________________________
  0	 | 	11	 | 	33,54
  0	 | 	17	 | 	26,91
  0	 | 	19	 | 	24,08
  1	 | 	3	 | 	27,86
  1	 | 	9	 | 	20,62
  2	 | 	7	 | 	4,12
  2	 | 	17	 | 	18,03
  3	 | 	15	 | 	34,21
  4	 | 	5	 | 	17,69
  4	 | 	11	 | 	22,02
  5	 | 	16	 | 	20,25
  6	 | 	12	 | 	18,44
  6	 | 	16	 | 	22,36
  7	 | 	10	 | 	16,49
  8	 | 	14	 | 	14,14
  8	 | 	18	 | 	17,80
  9	 | 	13	 | 	11,18
  10	 | 	13	 | 	28,18
  12	 | 	18	 | 	29,02
  14	 | 	15	 | 	25,30
___________________________
