Simulation Topology 1
___________________________
[31]				[19]		
[23]				[27]		
[35]				[6]		
[4]				[35]		
[33]				[5]		
[36]				[31]		
[17]				[26]		
[20]				[29]		
[4]				[9]		
[1]				[21]		
[21]				[22]		
[15]				[13]		
[29]				[3]		
[28]				[7]		
[14]				[38]		
[26]				[9]		
[38]				[27]		
[8]				[29]		
[30]				[28]		
[13]				[19]		
___________________________
Simulation Topology [1:0]
___________________________
From 	  To 		Length
___________________________
  0	 | 	2	 | 	13,60
  0	 | 	13	 | 	12,37
  1	 | 	16	 | 	15,00
  1	 | 	17	 | 	15,13
  2	 | 	19	 | 	25,55
  3	 | 	7	 | 	17,09
  3	 | 	18	 | 	26,93
  4	 | 	5	 | 	26,17
  4	 | 	18	 | 	23,19
  5	 | 	12	 | 	28,86
  6	 | 	7	 | 	4,24
  6	 | 	8	 | 	21,40
  8	 | 	11	 | 	11,70
  9	 | 	15	 | 	27,73
  9	 | 	19	 | 	12,17
  10	 | 	11	 | 	10,82
  10	 | 	16	 | 	17,72
  12	 | 	14	 | 	38,08
  13	 | 	17	 | 	29,73
  14	 | 	15	 | 	31,38
___________________________
Simulation Topology 2
___________________________
