Simulation Topology 1
___________________________
Simulation Topology 2
___________________________
[34]				[17]		
[34]				[37]		
[1]				[35]		
[28]				[31]		
[9]				[22]		
[14]				[12]		
[22]				[38]		
[13]				[18]		
[8]				[27]		
[30]				[35]		
[10]				[7]		
[2]				[11]		
[3]				[13]		
[5]				[28]		
[14]				[29]		
[38]				[10]		
[14]				[35]		
[21]				[9]		
[21]				[28]		
[33]				[15]		
___________________________
Simulation Topology [2:0]
___________________________
From 	  To 		Length
___________________________
  0	 | 	1	 | 	20,00
  0	 | 	14	 | 	23,32
  1	 | 	11	 | 	41,23
  2	 | 	7	 | 	20,81
  2	 | 	10	 | 	29,41
  3	 | 	16	 | 	14,56
  3	 | 	18	 | 	7,62
  4	 | 	12	 | 	10,82
  4	 | 	13	 | 	7,21
  5	 | 	9	 | 	28,02
  5	 | 	12	 | 	11,05
  6	 | 	17	 | 	29,02
  6	 | 	18	 | 	10,05
  7	 | 	14	 | 	11,05
  8	 | 	13	 | 	3,16
  8	 | 	19	 | 	27,73
  9	 | 	10	 | 	34,41
  11	 | 	15	 | 	36,01
  15	 | 	16	 | 	34,66
  17	 | 	19	 | 	13,42
___________________________
