Simulation Topology 1
___________________________
[37]				[29]		
[0]				[11]		
[18]				[10]		
[14]				[19]		
[0]				[7]		
[4]				[29]		
[28]				[11]		
[17]				[25]		
[4]				[26]		
[15]				[31]		
[20]				[7]		
[38]				[7]		
[25]				[36]		
[32]				[24]		
[36]				[31]		
[0]				[29]		
[34]				[33]		
[9]				[27]		
[37]				[26]		
[27]				[29]		
___________________________
Simulation Topology [1:0]
___________________________
From 	  To 		Length
___________________________
  0	 | 	7	 | 	20,40
  0	 | 	10	 | 	27,80
  1	 | 	17	 | 	18,36
  1	 | 	19	 | 	32,45
  2	 | 	6	 | 	10,05
  2	 | 	15	 | 	26,17
  3	 | 	8	 | 	12,21
  3	 | 	14	 | 	25,06
  4	 | 	15	 | 	22,00
  4	 | 	16	 | 	42,80
  5	 | 	8	 | 	3,00
  5	 | 	13	 | 	28,44
  6	 | 	7	 | 	17,80
  9	 | 	10	 | 	24,52
  9	 | 	11	 | 	33,24
  11	 | 	14	 | 	24,08
  12	 | 	16	 | 	9,49
  12	 | 	17	 | 	18,36
  13	 | 	18	 | 	5,39
  18	 | 	19	 | 	10,44
___________________________
Simulation Topology 2
___________________________
[23]				[32]		
[6]				[36]		
[11]				[32]		
[38]				[3]		
[8]				[19]		
[13]				[14]		
[30]				[38]		
[1]				[24]		
[2]				[13]		
[21]				[19]		
[25]				[33]		
[0]				[34]		
[39]				[20]		
[25]				[14]		
[28]				[9]		
[5]				[19]		
[36]				[26]		
[9]				[26]		
[10]				[34]		
[31]				[18]		
___________________________
Simulation Topology [2:0]
___________________________
From 	  To 		Length
___________________________
  18	 | 	19	 | 	26,40
  13	 | 	18	 | 	25,00
  12	 | 	17	 | 	30,59
  12	 | 	16	 | 	6,71
  11	 | 	14	 | 	37,54
  9	 | 	11	 | 	25,81
  9	 | 	10	 | 	14,56
  6	 | 	7	 | 	32,20
  5	 | 	13	 | 	12,00
  5	 | 	8	 | 	11,05
  0	 | 	11	 | 	23,09
  0	 | 	16	 | 	14,32
  1	 | 	2	 | 	6,40
  1	 | 	12	 | 	36,67
  2	 | 	7	 | 	12,81
  3	 | 	9	 | 	23,35
  3	 | 	14	 | 	11,66
  4	 | 	8	 | 	8,49
  4	 | 	13	 | 	17,72
  5	 | 	10	 | 	22,47
  6	 | 	10	 | 	7,07
  6	 | 	19	 | 	20,02
  7	 | 	17	 | 	8,25
  9	 | 	18	 | 	18,60
  11	 | 	19	 | 	34,89
  12	 | 	15	 | 	34,01
  13	 | 	16	 | 	16,28
  14	 | 	18	 | 	30,81
  15	 | 	17	 | 	8,06
___________________________
