Simulation Topology 1
___________________________
[6]				[19]		
[25]				[21]		
[7]				[27]		
[36]				[14]		
[36]				[6]		
[14]				[3]		
[33]				[26]		
[19]				[25]		
[1]				[25]		
[35]				[32]		
[26]				[31]		
[34]				[2]		
[38]				[29]		
[26]				[36]		
[17]				[22]		
[1]				[20]		
[20]				[8]		
[8]				[4]		
[21]				[23]		
[5]				[36]		
___________________________
Simulation Topology [1:0]
___________________________
From 	  To 		Length
___________________________
  0	 | 	2	 | 	8,06
  0	 | 	3	 | 	30,41
  1	 | 	11	 | 	21,02
  1	 | 	17	 | 	24,04
  2	 | 	4	 | 	35,81
  3	 | 	5	 | 	24,60
  4	 | 	11	 | 	4,47
  5	 | 	10	 | 	30,46
  6	 | 	9	 | 	6,32
  6	 | 	12	 | 	5,83
  7	 | 	16	 | 	17,03
  7	 | 	18	 | 	2,83
  8	 | 	13	 | 	27,31
  8	 | 	14	 | 	16,28
  9	 | 	15	 | 	36,06
  10	 | 	15	 | 	27,31
  12	 | 	19	 | 	33,73
  13	 | 	17	 | 	36,72
  14	 | 	18	 | 	4,12
  16	 | 	19	 | 	31,76
___________________________
Simulation Topology 2
___________________________
[35]				[9]		
[15]				[31]		
[38]				[12]		
[13]				[27]		
[23]				[15]		
[12]				[6]		
[14]				[15]		
[12]				[13]		
[25]				[11]		
[16]				[19]		
[14]				[6]		
[12]				[24]		
[36]				[1]		
[12]				[34]		
[6]				[0]		
[34]				[18]		
[17]				[17]		
[14]				[3]		
[14]				[19]		
[9]				[26]		
___________________________
Simulation Topology [2:0]
___________________________
From 	  To 		Length
___________________________
  16	 | 	19	 | 	12,04
  14	 | 	18	 | 	20,62
  13	 | 	17	 | 	31,06
  12	 | 	19	 | 	36,80
  10	 | 	15	 | 	23,32
  9	 | 	15	 | 	18,03
  8	 | 	14	 | 	21,95
  8	 | 	13	 | 	26,42
  7	 | 	18	 | 	6,32
  7	 | 	16	 | 	6,40
  0	 | 	2	 | 	4,24
  0	 | 	6	 | 	21,84
  1	 | 	3	 | 	4,47
  1	 | 	14	 | 	32,28
  2	 | 	6	 | 	24,19
  3	 | 	18	 | 	8,06
  4	 | 	13	 | 	21,95
  4	 | 	19	 | 	17,80
  5	 | 	10	 | 	2,00
  5	 | 	18	 | 	13,15
  7	 | 	15	 | 	22,56
  7	 | 	17	 | 	10,20
  8	 | 	15	 | 	11,40
  8	 | 	19	 | 	21,93
  9	 | 	11	 | 	6,40
  9	 | 	16	 | 	2,24
  10	 | 	13	 | 	28,07
  11	 | 	14	 | 	24,74
  12	 | 	16	 | 	24,84
  12	 | 	17	 | 	22,09
___________________________
