Simulation Topology 1
___________________________
[1]				[1]		
[7]				[2]		
[3]				[11]		
[1]				[8]		
[5]				[13]		
[7]				[15]		
[1]				[14]		
[7]				[12]		
[3]				[17]		
[7]				[20]		
[5]				[22]		
[1]				[20]		
[9]				[24]		
[3]				[29]		
[8]				[29]		
[0]				[30]		
[5]				[30]		
[9]				[35]		
[5]				[35]		
[4]				[32]		
___________________________
Simulation Topology [1:0]
___________________________
From 	  To 		Length
___________________________
  0	 | 	5	 | 	15,23
  0	 | 	9	 | 	19,92
  1	 | 	6	 | 	13,42
  1	 | 	18	 | 	33,06
  2	 | 	3	 | 	3,61
  2	 | 	11	 | 	9,22
  3	 | 	19	 | 	24,19
  4	 | 	5	 | 	2,83
  4	 | 	6	 | 	4,12
  7	 | 	13	 | 	17,46
  7	 | 	15	 | 	19,31
  8	 | 	10	 | 	5,39
  8	 | 	19	 | 	15,03
  9	 | 	10	 | 	2,83
  11	 | 	17	 | 	17,00
  12	 | 	14	 | 	5,10
  12	 | 	15	 | 	10,82
  13	 | 	18	 | 	6,32
  14	 | 	16	 | 	3,16
  16	 | 	17	 | 	6,40
___________________________
Simulation Topology 2
___________________________
[3]				[1]		
[1]				[1]		
[5]				[1]		
[8]				[0]		
[4]				[5]		
[0]				[9]		
[3]				[12]		
[2]				[14]		
[9]				[15]		
[9]				[13]		
[1]				[16]		
[1]				[18]		
[7]				[23]		
[4]				[20]		
[6]				[20]		
[9]				[26]		
[0]				[28]		
[5]				[30]		
[7]				[29]		
[2]				[34]		
___________________________
Simulation Topology [2:0]
___________________________
From 	  To 		Length
___________________________
  16	 | 	17	 | 	5,39
  14	 | 	16	 | 	10,00
  13	 | 	18	 | 	9,49
  12	 | 	15	 | 	3,61
  12	 | 	14	 | 	3,16
  11	 | 	17	 | 	12,65
  9	 | 	10	 | 	8,54
  8	 | 	19	 | 	20,25
  8	 | 	10	 | 	8,06
  7	 | 	15	 | 	13,89
  0	 | 	1	 | 	2,00
  0	 | 	3	 | 	5,10
  1	 | 	2	 | 	4,00
  2	 | 	3	 | 	3,16
  4	 | 	6	 | 	7,07
  4	 | 	19	 | 	29,07
  5	 | 	7	 | 	5,39
  5	 | 	8	 | 	10,82
  6	 | 	7	 | 	2,24
  8	 | 	9	 | 	2,00
  9	 | 	16	 | 	17,49
  10	 | 	11	 | 	2,00
  10	 | 	12	 | 	9,22
  11	 | 	12	 | 	7,81
  13	 | 	14	 | 	2,00
  13	 | 	15	 | 	7,81
  14	 | 	15	 | 	6,71
  17	 | 	18	 | 	2,24
  18	 | 	19	 | 	7,07
___________________________
