Simulation Topology 1
___________________________
Simulation Topology 2
___________________________
[1]				[15]		
[32]				[13]		
[35]				[29]		
[18]				[19]		
[34]				[34]		
[13]				[26]		
[2]				[8]		
[38]				[24]		
[38]				[22]		
[28]				[20]		
[28]				[3]		
[9]				[13]		
[28]				[14]		
[39]				[10]		
[9]				[0]		
[33]				[32]		
[28]				[7]		
[4]				[31]		
[26]				[19]		
[33]				[23]		
___________________________
Simulation Topology [2:0]
___________________________
From 	  To 		Length
___________________________
  0	 | 	6	 | 	7,07
  0	 | 	13	 | 	38,33
  1	 | 	3	 | 	15,23
  1	 | 	7	 | 	12,53
  2	 | 	10	 | 	26,93
  2	 | 	18	 | 	13,45
  3	 | 	5	 | 	8,60
  4	 | 	13	 | 	24,52
  4	 | 	14	 | 	42,20
  5	 | 	8	 | 	25,32
  6	 | 	17	 | 	23,09
  7	 | 	15	 | 	9,43
  8	 | 	19	 | 	5,10
  9	 | 	11	 | 	20,25
  9	 | 	17	 | 	26,40
  10	 | 	15	 | 	29,43
  11	 | 	19	 | 	26,00
  12	 | 	16	 | 	7,00
  12	 | 	18	 | 	5,39
  14	 | 	16	 | 	20,25
___________________________
