Simulation Topology 1
___________________________
[17]				[10]		
[1]				[11]		
[26]				[37]		
[3]				[20]		
[26]				[29]		
[18]				[8]		
[15]				[1]		
[17]				[39]		
[5]				[17]		
[2]				[27]		
[37]				[8]		
[18]				[22]		
[4]				[27]		
[7]				[34]		
[38]				[24]		
[10]				[20]		
[24]				[22]		
[6]				[2]		
[7]				[23]		
[34]				[18]		
___________________________
Simulation Topology [1:0]
___________________________
From 	  To 		Length
___________________________
  0	 | 	1	 | 	16,03
  0	 | 	18	 | 	16,40
  1	 | 	13	 | 	23,77
  2	 | 	11	 | 	17,00
  2	 | 	15	 | 	23,35
  3	 | 	10	 | 	36,06
  3	 | 	16	 | 	21,10
  4	 | 	7	 | 	13,45
  4	 | 	13	 | 	19,65
  5	 | 	12	 | 	23,60
  5	 | 	17	 | 	13,42
  6	 | 	8	 | 	18,87
  6	 | 	14	 | 	32,53
  7	 | 	17	 | 	38,60
  8	 | 	11	 | 	13,93
  9	 | 	10	 | 	39,82
  9	 | 	14	 | 	36,12
  12	 | 	16	 | 	20,62
  15	 | 	19	 | 	24,08
  18	 | 	19	 | 	27,46
___________________________
Simulation Topology 2
___________________________
[7]				[24]		
[24]				[36]		
[16]				[34]		
[6]				[16]		
[10]				[24]		
[8]				[7]		
[11]				[27]		
[4]				[11]		
[29]				[28]		
[3]				[4]		
[24]				[23]		
[32]				[23]		
[11]				[3]		
[22]				[4]		
[0]				[26]		
[29]				[25]		
[7]				[27]		
[37]				[35]		
[14]				[24]		
[22]				[27]		
___________________________
Simulation Topology [2:0]
___________________________
From 	  To 		Length
___________________________
  18	 | 	19	 | 	8,54
  15	 | 	19	 | 	7,28
  12	 | 	16	 | 	24,33
  9	 | 	14	 | 	22,20
  9	 | 	10	 | 	28,32
  8	 | 	11	 | 	5,83
  7	 | 	17	 | 	40,80
  6	 | 	14	 | 	11,05
  6	 | 	8	 | 	18,03
  5	 | 	17	 | 	40,31
  0	 | 	7	 | 	13,34
  0	 | 	15	 | 	22,02
  1	 | 	8	 | 	9,43
  1	 | 	12	 | 	35,47
  2	 | 	9	 | 	32,70
  2	 | 	13	 | 	30,59
  3	 | 	16	 | 	11,05
  3	 | 	17	 | 	36,36
  4	 | 	5	 | 	17,12
  4	 | 	10	 | 	14,04
  5	 | 	11	 | 	28,84
  6	 | 	12	 | 	24,00
  6	 | 	18	 | 	4,24
  7	 | 	14	 | 	15,52
  8	 | 	14	 | 	29,07
  9	 | 	19	 | 	29,83
  10	 | 	17	 | 	17,69
  11	 | 	18	 | 	18,03
  13	 | 	16	 | 	27,46
___________________________
