Simulation Topology 1
___________________________
[17]				[0]		
[15]				[7]		
[31]				[30]		
[22]				[34]		
[1]				[20]		
[22]				[15]		
[33]				[23]		
[2]				[8]		
[14]				[20]		
[21]				[18]		
[29]				[22]		
[18]				[2]		
[34]				[31]		
[12]				[39]		
[3]				[15]		
[3]				[29]		
[35]				[24]		
[34]				[33]		
[9]				[31]		
[26]				[1]		
___________________________
Simulation Topology [1:0]
___________________________
From 	  To 		Length
___________________________
  0	 | 	5	 | 	15,81
  0	 | 	19	 | 	9,06
  1	 | 	6	 | 	24,08
  1	 | 	17	 | 	32,20
  2	 | 	6	 | 	7,28
  2	 | 	10	 | 	8,25
  3	 | 	4	 | 	25,24
  3	 | 	12	 | 	12,37
  4	 | 	18	 | 	13,60
  5	 | 	9	 | 	3,16
  7	 | 	8	 | 	16,97
  7	 | 	12	 | 	39,41
  8	 | 	13	 | 	19,10
  9	 | 	16	 | 	15,23
  10	 | 	14	 | 	26,93
  11	 | 	13	 | 	37,48
  11	 | 	16	 | 	27,80
  14	 | 	15	 | 	14,00
  15	 | 	19	 | 	36,24
  17	 | 	18	 | 	25,08
___________________________
Simulation Topology 2
___________________________
[5]				[12]		
[0]				[31]		
[27]				[39]		
[36]				[30]		
[9]				[14]		
[13]				[25]		
[21]				[15]		
[9]				[29]		
[32]				[22]		
[12]				[38]		
[20]				[20]		
[16]				[33]		
[36]				[15]		
[16]				[19]		
[16]				[3]		
[7]				[21]		
[34]				[13]		
[3]				[14]		
[25]				[24]		
[16]				[21]		
___________________________
Simulation Topology [2:0]
___________________________
From 	  To 		Length
___________________________
  17	 | 	18	 | 	24,17
  15	 | 	19	 | 	9,00
  14	 | 	15	 | 	20,12
  11	 | 	16	 | 	26,91
  11	 | 	13	 | 	14,00
  10	 | 	14	 | 	17,46
  9	 | 	16	 | 	33,30
  8	 | 	13	 | 	16,28
  7	 | 	12	 | 	30,41
  7	 | 	8	 | 	24,04
  0	 | 	7	 | 	17,46
  0	 | 	9	 | 	26,93
  1	 | 	12	 | 	39,40
  1	 | 	18	 | 	25,96
  2	 | 	6	 | 	24,74
  2	 | 	14	 | 	37,64
  3	 | 	7	 | 	27,02
  3	 | 	17	 | 	36,67
  4	 | 	9	 | 	24,19
  4	 | 	15	 | 	7,28
  5	 | 	12	 | 	25,08
  5	 | 	17	 | 	14,87
  6	 | 	19	 | 	7,81
  8	 | 	10	 | 	12,17
  8	 | 	19	 | 	16,03
  10	 | 	16	 | 	15,65
  11	 | 	14	 | 	30,00
  13	 | 	16	 | 	18,97
  15	 | 	18	 | 	18,25
___________________________
