Simulation Topology 1
___________________________
[14]				[22]		
[1]				[21]		
[2]				[14]		
[5]				[21]		
[1]				[4]		
[5]				[35]		
[2]				[25]		
[31]				[30]		
[24]				[2]		
[22]				[3]		
[17]				[17]		
[35]				[15]		
[3]				[16]		
[22]				[31]		
[30]				[28]		
[30]				[13]		
[34]				[17]		
[3]				[37]		
[1]				[18]		
[20]				[31]		
___________________________
Simulation Topology [1:0]
___________________________
From 	  To 		Length
___________________________
  0	 | 	2	 | 	14,42
  0	 | 	4	 | 	22,20
  1	 | 	18	 | 	3,00
  1	 | 	19	 | 	21,47
  2	 | 	13	 | 	26,25
  3	 | 	12	 | 	5,39
  3	 | 	17	 | 	16,12
  4	 | 	18	 | 	14,00
  5	 | 	6	 | 	10,44
  5	 | 	14	 | 	25,96
  6	 | 	16	 | 	32,98
  7	 | 	9	 | 	28,46
  7	 | 	13	 | 	9,06
  8	 | 	16	 | 	18,03
  8	 | 	17	 | 	40,82
  9	 | 	10	 | 	14,87
  10	 | 	11	 | 	18,11
  11	 | 	12	 | 	32,02
  14	 | 	15	 | 	15,00
  15	 | 	19	 | 	20,59
___________________________
Simulation Topology 2
___________________________
[28]				[2]		
[39]				[12]		
[30]				[25]		
[15]				[2]		
[7]				[39]		
[19]				[34]		
[13]				[25]		
[11]				[19]		
[24]				[19]		
[37]				[7]		
[24]				[28]		
[37]				[13]		
[27]				[12]		
[36]				[18]		
[18]				[31]		
[29]				[4]		
[4]				[30]		
[23]				[24]		
[6]				[35]		
[35]				[5]		
___________________________
Simulation Topology [2:0]
___________________________
From 	  To 		Length
___________________________
  15	 | 	19	 | 	6,08
  14	 | 	15	 | 	29,15
  11	 | 	12	 | 	10,05
  10	 | 	11	 | 	19,85
  9	 | 	10	 | 	24,70
  8	 | 	17	 | 	5,10
  8	 | 	16	 | 	22,83
  7	 | 	13	 | 	25,02
  7	 | 	9	 | 	28,64
  6	 | 	16	 | 	10,30
  0	 | 	11	 | 	14,21
  0	 | 	12	 | 	10,05
  1	 | 	4	 | 	41,87
  1	 | 	15	 | 	12,81
  2	 | 	3	 | 	27,46
  2	 | 	10	 | 	6,71
  3	 | 	14	 | 	29,15
  4	 | 	5	 | 	13,00
  5	 | 	17	 | 	10,77
  6	 | 	8	 | 	12,53
  6	 | 	14	 | 	7,81
  7	 | 	11	 | 	26,68
  7	 | 	19	 | 	27,78
  8	 | 	13	 | 	12,04
  9	 | 	13	 | 	11,05
  9	 | 	18	 | 	41,77
  10	 | 	16	 | 	20,10
  12	 | 	18	 | 	31,14
  16	 | 	17	 | 	19,92
___________________________
