Simulation Topology 1
___________________________
[0]				[1]		
[7]				[1]		
[5]				[7]		
[8]				[11]		
[1]				[9]		
[6]				[9]		
[6]				[13]		
[8]				[14]		
[8]				[19]		
[4]				[18]		
[6]				[23]		
[2]				[20]		
[0]				[27]		
[2]				[26]		
[4]				[28]		
[9]				[35]		
[1]				[32]		
[4]				[35]		
[8]				[32]		
[7]				[36]		
___________________________
Simulation Topology [1:0]
___________________________
From 	  To 		Length
___________________________
  0	 | 	1	 | 	7,00
  0	 | 	10	 | 	22,80
  1	 | 	14	 | 	27,17
  2	 | 	9	 | 	11,05
  2	 | 	19	 | 	29,07
  3	 | 	6	 | 	2,83
  3	 | 	16	 | 	22,14
  4	 | 	18	 | 	24,04
  4	 | 	19	 | 	27,66
  5	 | 	12	 | 	18,97
  5	 | 	14	 | 	19,10
  6	 | 	17	 | 	22,09
  7	 | 	8	 | 	5,00
  7	 | 	18	 | 	18,00
  8	 | 	15	 | 	16,03
  9	 | 	10	 | 	5,39
  11	 | 	12	 | 	7,28
  11	 | 	17	 | 	15,13
  13	 | 	15	 | 	11,40
  13	 | 	16	 | 	6,08
___________________________
Simulation Topology 2
___________________________
[0]				[9]		
[3]				[8]		
[8]				[8]		
[9]				[10]		
[0]				[19]		
[4]				[17]		
[4]				[22]		
[2]				[22]		
[8]				[20]		
[9]				[25]		
[4]				[25]		
[0]				[24]		
[6]				[31]		
[6]				[29]		
[6]				[37]		
[0]				[39]		
[15]				[1]		
[13]				[2]		
[16]				[3]		
[16]				[6]		
___________________________
Simulation Topology [2:0]
___________________________
From 	  To 		Length
___________________________
  13	 | 	16	 | 	29,41
  13	 | 	15	 | 	11,66
  11	 | 	17	 | 	25,55
  11	 | 	12	 | 	9,22
  9	 | 	10	 | 	5,00
  8	 | 	15	 | 	20,62
  7	 | 	18	 | 	23,60
  7	 | 	8	 | 	6,32
  6	 | 	17	 | 	21,93
  5	 | 	14	 | 	20,10
  0	 | 	10	 | 	16,49
  0	 | 	11	 | 	15,00
  1	 | 	3	 | 	6,32
  1	 | 	12	 | 	23,19
  2	 | 	3	 | 	2,24
  2	 | 	13	 | 	21,10
  4	 | 	5	 | 	4,47
  4	 | 	14	 | 	18,97
  5	 | 	8	 | 	5,00
  6	 | 	7	 | 	2,00
  6	 | 	8	 | 	4,47
  7	 | 	9	 | 	7,62
  11	 | 	15	 | 	15,00
  12	 | 	13	 | 	2,00
  14	 | 	19	 | 	32,57
  15	 | 	19	 | 	36,67
  16	 | 	17	 | 	2,24
  16	 | 	18	 | 	2,24
  17	 | 	18	 | 	3,16
___________________________
