Simulation Topology 1
___________________________
[6]				[19]		
[17]				[9]		
[2]				[13]		
[9]				[11]		
[19]				[12]		
[13]				[6]		
[9]				[8]		
[7]				[9]		
[3]				[5]		
[17]				[13]		
[7]				[14]		
[10]				[18]		
[18]				[2]		
[4]				[19]		
[14]				[12]		
___________________________
Simulation Topology [1:0]
___________________________
From 	  To 		Length
___________________________
  0	 | 	2	 | 	7,21
  0	 | 	5	 | 	14,76
  0	 | 	7	 | 	10,05
  1	 | 	8	 | 	14,56
  1	 | 	13	 | 	16,40
  3	 | 	8	 | 	8,49
  3	 | 	10	 | 	3,61
  4	 | 	11	 | 	10,82
  4	 | 	12	 | 	10,05
  5	 | 	10	 | 	10,00
  6	 | 	9	 | 	9,43
  6	 | 	12	 | 	10,82
  7	 | 	9	 | 	10,77
  11	 | 	14	 | 	7,21
  13	 | 	14	 | 	12,21
___________________________
Simulation Topology 2
___________________________
[1]				[15]		
[8]				[12]		
[7]				[5]		
[5]				[11]		
[8]				[0]		
[17]				[17]		
[15]				[13]		
[18]				[15]		
[5]				[13]		
[17]				[0]		
[8]				[14]		
[7]				[17]		
[1]				[17]		
[0]				[13]		
[1]				[19]		
___________________________
Simulation Topology [2:0]
___________________________
From 	  To 		Length
___________________________
  13	 | 	14	 | 	6,08
  11	 | 	14	 | 	6,32
  7	 | 	9	 | 	15,03
  6	 | 	12	 | 	14,56
  6	 | 	9	 | 	13,15
  5	 | 	10	 | 	9,49
  4	 | 	12	 | 	18,38
  0	 | 	2	 | 	11,66
  0	 | 	12	 | 	2,00
  1	 | 	3	 | 	3,16
  1	 | 	7	 | 	10,44
  2	 | 	9	 | 	11,18
  3	 | 	4	 | 	11,40
  4	 | 	8	 | 	13,34
  5	 | 	9	 | 	17,00
  5	 | 	14	 | 	16,12
  6	 | 	13	 | 	15,00
  6	 | 	14	 | 	15,23
  7	 | 	13	 | 	18,11
  8	 | 	11	 | 	4,47
  10	 | 	11	 | 	3,16
  10	 | 	12	 | 	7,62
___________________________
