Simulation Topology 1
___________________________
Simulation Topology 2
___________________________
[23]				[14]		
[11]				[24]		
[4]				[2]		
[3]				[35]		
[11]				[32]		
[20]				[2]		
[32]				[15]		
[29]				[33]		
[8]				[17]		
[25]				[25]		
[15]				[9]		
[38]				[5]		
[26]				[39]		
[9]				[37]		
[35]				[19]		
[33]				[10]		
[32]				[12]		
[19]				[29]		
[17]				[35]		
[15]				[2]		
___________________________
Simulation Topology [2:0]
___________________________
From 	  To 		Length
___________________________
  0	 | 	14	 | 	13,00
  0	 | 	15	 | 	10,77
  1	 | 	2	 | 	23,09
  1	 | 	10	 | 	15,52
  2	 | 	8	 | 	15,52
  3	 | 	9	 | 	24,17
  3	 | 	18	 | 	14,00
  4	 | 	6	 | 	27,02
  4	 | 	7	 | 	18,03
  5	 | 	7	 | 	32,28
  5	 | 	12	 | 	37,48
  6	 | 	16	 | 	3,00
  8	 | 	12	 | 	28,43
  9	 | 	16	 | 	14,76
  10	 | 	11	 | 	23,35
  11	 | 	17	 | 	30,61
  13	 | 	14	 | 	31,62
  13	 | 	17	 | 	12,81
  15	 | 	19	 | 	19,70
  18	 | 	19	 | 	33,06
___________________________
