Simulation Topology 1
___________________________
[0]				[7]		
[2]				[15]		
[2]				[13]		
[7]				[14]		
[1]				[19]		
[6]				[22]		
[5]				[20]		
[2]				[22]		
[9]				[23]		
[2]				[25]		
[5]				[26]		
[6]				[24]		
[9]				[25]		
[5]				[28]		
[0]				[32]		
[3]				[34]		
[4]				[38]		
[7]				[39]		
[10]				[3]		
[14]				[3]		
___________________________
Simulation Topology [1:0]
___________________________
From 	  To 		Length
___________________________
  0	 | 	1	 | 	8,25
  0	 | 	16	 | 	31,26
  1	 | 	2	 | 	2,00
  2	 | 	12	 | 	13,89
  3	 | 	13	 | 	14,14
  3	 | 	15	 | 	20,40
  4	 | 	10	 | 	8,06
  4	 | 	17	 | 	20,88
  5	 | 	6	 | 	2,24
  5	 | 	14	 | 	11,66
  6	 | 	19	 | 	19,24
  7	 | 	8	 | 	7,07
  7	 | 	9	 | 	3,00
  8	 | 	10	 | 	5,00
  9	 | 	18	 | 	23,41
  11	 | 	12	 | 	3,16
  11	 | 	18	 | 	21,38
  13	 | 	14	 | 	6,40
  15	 | 	16	 | 	4,12
  17	 | 	19	 | 	36,67
___________________________
Simulation Topology 2
___________________________
[6]				[3]		
[0]				[5]		
[5]				[7]		
[5]				[8]		
[2]				[9]		
[8]				[11]		
[6]				[11]		
[8]				[14]		
[2]				[12]		
[1]				[17]		
[9]				[19]		
[6]				[17]		
[2]				[21]		
[1]				[23]		
[8]				[23]		
[1]				[26]		
[3]				[25]		
[5]				[27]		
[4]				[29]		
[7]				[28]		
___________________________
Simulation Topology [2:0]
___________________________
From 	  To 		Length
___________________________
  17	 | 	19	 | 	2,24
  15	 | 	16	 | 	2,24
  13	 | 	14	 | 	7,00
  11	 | 	18	 | 	12,17
  11	 | 	12	 | 	5,66
  9	 | 	18	 | 	12,37
  8	 | 	10	 | 	9,90
  7	 | 	9	 | 	7,62
  7	 | 	8	 | 	6,32
  6	 | 	19	 | 	17,03
  0	 | 	8	 | 	9,85
  0	 | 	18	 | 	26,08
  1	 | 	3	 | 	5,83
  1	 | 	5	 | 	10,00
  2	 | 	4	 | 	3,61
  2	 | 	5	 | 	5,00
  3	 | 	4	 | 	3,16
  6	 | 	7	 | 	3,61
  6	 | 	8	 | 	4,12
  7	 | 	19	 | 	14,04
  9	 | 	10	 | 	8,25
  9	 | 	11	 | 	5,00
  10	 | 	11	 | 	3,61
  12	 | 	13	 | 	2,24
  12	 | 	17	 | 	6,71
  14	 | 	15	 | 	7,62
  16	 | 	18	 | 	4,12
___________________________
