Simulation Topology 1
___________________________
Simulation Topology 2
___________________________
[1]				[9]		
[7]				[11]		
[4]				[12]		
[0]				[13]		
[7]				[18]		
[2]				[25]		
[1]				[27]		
[7]				[24]		
[0]				[31]		
[7]				[29]		
[1]				[29]		
[3]				[28]		
[1]				[35]		
[2]				[32]		
[5]				[36]		
[3]				[38]		
[5]				[39]		
[7]				[39]		
[16]				[3]		
[13]				[2]		
___________________________
Simulation Topology [2:0]
___________________________
From 	  To 		Length
___________________________
  0	 | 	11	 | 	19,10
  0	 | 	12	 | 	26,00
  1	 | 	3	 | 	7,28
  1	 | 	6	 | 	17,09
  2	 | 	13	 | 	20,10
  2	 | 	18	 | 	15,00
  3	 | 	10	 | 	16,03
  4	 | 	7	 | 	6,00
  4	 | 	16	 | 	21,10
  5	 | 	6	 | 	2,24
  5	 | 	17	 | 	14,87
  7	 | 	9	 | 	5,00
  8	 | 	9	 | 	7,28
  8	 | 	10	 | 	2,24
  11	 | 	18	 | 	28,18
  12	 | 	19	 | 	35,11
  13	 | 	14	 | 	5,00
  14	 | 	15	 | 	2,83
  15	 | 	16	 | 	2,24
  17	 | 	19	 | 	37,48
___________________________
