Simulation Topology 1
___________________________
[16]				[6]		
[9]				[20]		
[7]				[0]		
[0]				[23]		
[8]				[25]		
[26]				[13]		
[12]				[18]		
[22]				[39]		
[7]				[20]		
[2]				[17]		
[27]				[1]		
[34]				[7]		
[5]				[33]		
[19]				[24]		
[16]				[19]		
[1]				[34]		
[9]				[2]		
[10]				[12]		
[12]				[37]		
[11]				[1]		
___________________________
Simulation Topology [1:0]
___________________________
From 	  To 		Length
___________________________
  0	 | 	8	 | 	16,64
  0	 | 	16	 | 	8,06
  1	 | 	2	 | 	20,10
  1	 | 	10	 | 	26,17
  2	 | 	4	 | 	25,02
  3	 | 	5	 | 	27,86
  3	 | 	13	 | 	19,03
  4	 | 	15	 | 	11,40
  5	 | 	14	 | 	11,66
  6	 | 	7	 | 	23,26
  6	 | 	12	 | 	16,55
  7	 | 	14	 | 	20,88
  8	 | 	18	 | 	17,72
  9	 | 	15	 | 	17,03
  9	 | 	18	 | 	22,36
  10	 | 	11	 | 	9,22
  11	 | 	17	 | 	24,52
  12	 | 	16	 | 	31,26
  13	 | 	19	 | 	24,35
  17	 | 	19	 | 	11,05
___________________________
Simulation Topology 2
___________________________
[7]				[19]		
[33]				[10]		
[1]				[33]		
[26]				[36]		
[29]				[37]		
[26]				[30]		
[21]				[32]		
[9]				[1]		
[14]				[9]		
[23]				[32]		
[8]				[39]		
[10]				[14]		
[6]				[31]		
[22]				[39]		
[12]				[11]		
[0]				[13]		
[30]				[4]		
[3]				[6]		
[36]				[39]		
[27]				[26]		
___________________________
Simulation Topology [2:0]
___________________________
From 	  To 		Length
___________________________
  17	 | 	19	 | 	31,24
  13	 | 	19	 | 	13,93
  12	 | 	16	 | 	36,12
  11	 | 	17	 | 	10,63
  10	 | 	11	 | 	25,08
  9	 | 	18	 | 	14,76
  9	 | 	15	 | 	29,83
  8	 | 	18	 | 	37,20
  7	 | 	14	 | 	10,44
  6	 | 	12	 | 	15,03
  0	 | 	3	 | 	25,50
  0	 | 	14	 | 	9,43
  1	 | 	9	 | 	24,17
  1	 | 	17	 | 	30,27
  2	 | 	5	 | 	25,18
  2	 | 	6	 | 	20,02
  3	 | 	19	 | 	10,05
  4	 | 	11	 | 	29,83
  4	 | 	15	 | 	37,64
  5	 | 	10	 | 	20,12
  6	 | 	7	 | 	33,24
  7	 | 	18	 | 	46,62
  8	 | 	9	 | 	24,70
  8	 | 	14	 | 	2,83
  10	 | 	16	 | 	41,34
  11	 | 	19	 | 	20,81
  12	 | 	17	 | 	25,18
  12	 | 	18	 | 	31,05
  13	 | 	15	 | 	34,06
  13	 | 	16	 | 	35,90
___________________________
