Simulation Topology 1
___________________________
Simulation Topology 2
___________________________
[22]				[37]		
[9]				[29]		
[32]				[10]		
[32]				[16]		
[33]				[33]		
[11]				[14]		
[4]				[39]		
[35]				[1]		
[9]				[18]		
[20]				[17]		
[24]				[22]		
[28]				[39]		
[1]				[37]		
[36]				[5]		
[25]				[39]		
[14]				[0]		
[1]				[0]		
[1]				[20]		
[19]				[25]		
[33]				[0]		
___________________________
Simulation Topology [2:0]
___________________________
From 	  To 		Length
___________________________
  0	 | 	4	 | 	11,70
  0	 | 	12	 | 	21,00
  1	 | 	11	 | 	21,47
  1	 | 	19	 | 	37,64
  2	 | 	9	 | 	13,89
  2	 | 	15	 | 	20,59
  3	 | 	8	 | 	23,09
  3	 | 	18	 | 	15,81
  4	 | 	16	 | 	45,97
  5	 | 	9	 | 	9,49
  5	 | 	17	 | 	11,66
  6	 | 	7	 | 	49,04
  6	 | 	14	 | 	21,00
  7	 | 	16	 | 	34,01
  8	 | 	12	 | 	20,62
  10	 | 	13	 | 	20,81
  10	 | 	18	 | 	5,83
  11	 | 	13	 | 	34,93
  14	 | 	15	 | 	40,52
  17	 | 	19	 | 	37,74
___________________________
