Simulation Topology 1
___________________________
[1]				[28]		
[12]				[34]		
[4]				[38]		
[8]				[14]		
[0]				[15]		
[31]				[30]		
[25]				[29]		
[22]				[21]		
[7]				[32]		
[39]				[13]		
[37]				[11]		
[10]				[17]		
[34]				[7]		
[5]				[0]		
[17]				[25]		
[10]				[38]		
[3]				[0]		
[13]				[19]		
[34]				[18]		
[16]				[20]		
___________________________
Simulation Topology [1:0]
___________________________
From 	  To 		Length
___________________________
  0	 | 	5	 | 	30,07
  0	 | 	17	 | 	15,00
  1	 | 	5	 | 	19,42
  1	 | 	12	 | 	34,83
  2	 | 	10	 | 	42,64
  2	 | 	11	 | 	21,84
  3	 | 	4	 | 	8,06
  3	 | 	8	 | 	18,03
  4	 | 	13	 | 	15,81
  6	 | 	9	 | 	21,26
  6	 | 	16	 | 	36,40
  7	 | 	9	 | 	18,79
  7	 | 	17	 | 	9,22
  8	 | 	12	 | 	36,80
  10	 | 	14	 | 	24,41
  11	 | 	18	 | 	24,02
  13	 | 	15	 | 	38,33
  14	 | 	16	 | 	28,65
  15	 | 	19	 | 	18,97
  18	 | 	19	 | 	18,11
___________________________
Simulation Topology 2
___________________________
[15]				[19]		
[23]				[0]		
[22]				[24]		
[23]				[9]		
[18]				[6]		
[6]				[5]		
[39]				[14]		
[3]				[32]		
[0]				[2]		
[30]				[29]		
[3]				[13]		
[5]				[7]		
[14]				[32]		
[16]				[21]		
[3]				[27]		
[9]				[31]		
[21]				[17]		
[33]				[28]		
[25]				[37]		
[38]				[36]		
___________________________
Simulation Topology [2:0]
___________________________
From 	  To 		Length
___________________________
  18	 | 	19	 | 	13,04
  15	 | 	19	 | 	29,43
  14	 | 	16	 | 	20,59
  13	 | 	15	 | 	12,21
  11	 | 	18	 | 	36,06
  10	 | 	14	 | 	14,00
  8	 | 	12	 | 	33,11
  7	 | 	17	 | 	30,27
  7	 | 	9	 | 	27,17
  6	 | 	16	 | 	18,25
  0	 | 	4	 | 	13,34
  0	 | 	8	 | 	22,67
  0	 | 	10	 | 	13,42
  1	 | 	6	 | 	21,26
  1	 | 	18	 | 	37,05
  2	 | 	13	 | 	6,71
  2	 | 	17	 | 	11,70
  3	 | 	6	 | 	16,76
  3	 | 	15	 | 	26,08
  4	 | 	16	 | 	11,40
  5	 | 	9	 | 	33,94
  5	 | 	19	 | 	44,55
  7	 | 	12	 | 	11,00
  7	 | 	19	 | 	35,23
  8	 | 	17	 | 	42,01
  9	 | 	14	 | 	27,07
  11	 | 	14	 | 	20,10
  11	 | 	16	 | 	18,87
  12	 | 	13	 | 	11,18
  15	 | 	18	 | 	17,09
___________________________
