Simulation Topology 1
___________________________
[5]				[2]		
[7]				[1]		
[2]				[2]		
[9]				[5]		
[5]				[9]		
[2]				[10]		
[8]				[8]		
[4]				[15]		
[0]				[12]		
[9]				[15]		
[6]				[12]		
[4]				[17]		
[2]				[20]		
[0]				[26]		
[3]				[24]		
[6]				[30]		
[9]				[28]		
[5]				[33]		
[4]				[35]		
[9]				[32]		
___________________________
Simulation Topology [1:0]
___________________________
From 	  To 		Length
___________________________
  0	 | 	2	 | 	3,00
  0	 | 	19	 | 	30,27
  1	 | 	3	 | 	4,47
  1	 | 	6	 | 	7,07
  2	 | 	3	 | 	7,62
  4	 | 	5	 | 	3,16
  4	 | 	7	 | 	6,08
  5	 | 	6	 | 	6,32
  7	 | 	11	 | 	2,00
  8	 | 	12	 | 	8,25
  8	 | 	15	 | 	18,97
  9	 | 	17	 | 	18,44
  9	 | 	18	 | 	20,62
  10	 | 	11	 | 	5,39
  10	 | 	18	 | 	23,09
  12	 | 	13	 | 	6,32
  13	 | 	14	 | 	3,61
  14	 | 	17	 | 	9,22
  15	 | 	16	 | 	3,61
  16	 | 	19	 | 	4,00
___________________________
Simulation Topology 2
___________________________
[6]				[1]		
[7]				[15]		
[7]				[12]		
[0]				[19]		
[9]				[17]		
[4]				[20]		
[3]				[22]		
[1]				[22]		
[4]				[27]		
[5]				[33]		
[11]				[0]		
[18]				[3]		
[19]				[0]		
[12]				[6]		
[18]				[6]		
[17]				[8]		
[14]				[9]		
[10]				[13]		
[17]				[12]		
[10]				[15]		
___________________________
Simulation Topology [2:0]
___________________________
From 	  To 		Length
___________________________
  16	 | 	19	 | 	7,21
  15	 | 	16	 | 	3,16
  14	 | 	17	 | 	10,63
  13	 | 	14	 | 	6,00
  12	 | 	13	 | 	9,22
  10	 | 	18	 | 	13,42
  10	 | 	11	 | 	7,62
  9	 | 	18	 | 	24,19
  9	 | 	17	 | 	20,62
  8	 | 	15	 | 	23,02
  0	 | 	3	 | 	18,97
  0	 | 	19	 | 	14,56
  1	 | 	13	 | 	10,30
  2	 | 	11	 | 	14,21
  3	 | 	9	 | 	14,87
  4	 | 	5	 | 	5,83
  4	 | 	6	 | 	7,81
  5	 | 	6	 | 	2,24
  7	 | 	8	 | 	5,83
  7	 | 	12	 | 	28,43
  8	 | 	18	 | 	19,85
  10	 | 	17	 | 	13,04
  14	 | 	15	 | 	2,24
  14	 | 	16	 | 	5,00
  17	 | 	19	 | 	2,00
___________________________
