Simulation Topology 1
___________________________
[20]				[4]		
[30]				[17]		
[25]				[2]		
[37]				[38]		
[2]				[4]		
[7]				[12]		
[33]				[39]		
[4]				[24]		
[12]				[14]		
[25]				[16]		
[35]				[11]		
[4]				[27]		
[9]				[37]		
[15]				[4]		
[23]				[15]		
[19]				[13]		
[38]				[0]		
[19]				[21]		
[9]				[10]		
[4]				[9]		
___________________________
Simulation Topology [1:0]
___________________________
From 	  To 		Length
___________________________
  0	 | 	5	 | 	15,26
  0	 | 	9	 | 	13,00
  1	 | 	7	 | 	26,93
  1	 | 	12	 | 	29,00
  2	 | 	14	 | 	13,15
  2	 | 	18	 | 	17,89
  3	 | 	6	 | 	4,12
  3	 | 	10	 | 	27,07
  4	 | 	10	 | 	33,73
  4	 | 	15	 | 	19,24
  5	 | 	12	 | 	25,08
  6	 | 	14	 | 	26,00
  7	 | 	19	 | 	15,00
  8	 | 	13	 | 	10,44
  8	 | 	15	 | 	7,07
  9	 | 	18	 | 	17,09
  11	 | 	13	 | 	25,50
  11	 | 	16	 | 	43,42
  16	 | 	17	 | 	28,32
  17	 | 	19	 | 	19,21
___________________________
Simulation Topology 2
___________________________
[6]				[22]		
[0]				[10]		
[18]				[37]		
[33]				[18]		
[6]				[13]		
[27]				[37]		
[37]				[13]		
[3]				[8]		
[30]				[23]		
[39]				[30]		
[30]				[38]		
[34]				[25]		
[11]				[0]		
[31]				[1]		
[35]				[2]		
[13]				[14]		
[22]				[2]		
[11]				[8]		
[12]				[24]		
[21]				[19]		
___________________________
Simulation Topology [2:0]
___________________________
From 	  To 		Length
___________________________
  17	 | 	19	 | 	14,87
  16	 | 	17	 | 	12,53
  11	 | 	16	 | 	25,94
  11	 | 	13	 | 	24,19
  9	 | 	18	 | 	27,66
  8	 | 	15	 | 	19,24
  8	 | 	13	 | 	22,02
  7	 | 	19	 | 	21,10
  6	 | 	14	 | 	11,18
  5	 | 	12	 | 	40,31
  0	 | 	3	 | 	27,29
  0	 | 	4	 | 	9,00
  1	 | 	10	 | 	41,04
  1	 | 	19	 | 	22,85
  2	 | 	14	 | 	38,91
  2	 | 	17	 | 	29,83
  3	 | 	13	 | 	17,12
  4	 | 	15	 | 	7,07
  5	 | 	16	 | 	35,36
  6	 | 	9	 | 	17,12
  6	 | 	18	 | 	27,31
  7	 | 	12	 | 	11,31
  7	 | 	14	 | 	32,56
  8	 | 	18	 | 	18,03
  9	 | 	19	 | 	21,10
  10	 | 	17	 | 	35,51
  11	 | 	15	 | 	23,71
___________________________
