Simulation Topology 1
___________________________
Simulation Topology 2
___________________________
[9]				[31]		
[34]				[13]		
[28]				[14]		
[12]				[2]		
[18]				[22]		
[7]				[28]		
[38]				[27]		
[36]				[24]		
[10]				[19]		
[19]				[16]		
[16]				[28]		
[21]				[3]		
[27]				[30]		
[36]				[33]		
[20]				[9]		
[38]				[7]		
[29]				[8]		
[38]				[24]		
[27]				[2]		
[22]				[6]		
___________________________
Simulation Topology [2:0]
___________________________
From 	  To 		Length
___________________________
  0	 | 	10	 | 	7,62
  0	 | 	17	 | 	29,83
  1	 | 	18	 | 	13,04
  1	 | 	19	 | 	13,89
  2	 | 	7	 | 	12,81
  2	 | 	13	 | 	20,62
  3	 | 	4	 | 	20,88
  3	 | 	16	 | 	18,03
  4	 | 	12	 | 	12,04
  5	 | 	11	 | 	28,65
  5	 | 	12	 | 	20,10
  6	 | 	8	 | 	29,12
  6	 | 	16	 | 	21,02
  7	 | 	17	 | 	2,00
  8	 | 	10	 | 	10,82
  9	 | 	13	 | 	24,04
  9	 | 	15	 | 	21,02
  11	 | 	19	 | 	3,16
  14	 | 	15	 | 	18,11
  14	 | 	18	 | 	9,90
___________________________
