Simulation Topology 1
___________________________
[33]				[32]		
[7]				[31]		
[0]				[37]		
[14]				[21]		
[23]				[22]		
[26]				[31]		
[4]				[17]		
[32]				[18]		
[21]				[7]		
[37]				[1]		
[16]				[7]		
[5]				[25]		
[32]				[36]		
[9]				[9]		
[3]				[6]		
[8]				[35]		
[15]				[15]		
[6]				[28]		
[33]				[16]		
[23]				[36]		
___________________________
Simulation Topology [1:6]
___________________________
From 	  To 		Length
___________________________
  0	 | 	5	 | 	7,07
  0	 | 	14	 | 	39,70
  1	 | 	9	 | 	42,43
  1	 | 	15	 | 	4,12
  1	 | 	19	 | 	16,76
  2	 | 	13	 | 	29,41
  2	 | 	18	 | 	39,12
  3	 | 	8	 | 	15,65
  3	 | 	11	 | 	9,85
  4	 | 	8	 | 	15,13
  4	 | 	18	 | 	11,66
  5	 | 	14	 | 	33,97
  6	 | 	12	 | 	33,84
  6	 | 	13	 | 	9,43
  7	 | 	9	 | 	17,72
  7	 | 	13	 | 	24,70
  7	 | 	18	 | 	2,24
  7	 | 	19	 | 	20,12
  9	 | 	18	 | 	15,52
  9	 | 	19	 | 	37,70
  10	 | 	12	 | 	33,12
  10	 | 	14	 | 	13,04
  10	 | 	15	 | 	29,12
  11	 | 	14	 | 	19,10
  12	 | 	17	 | 	27,20
  13	 | 	16	 | 	8,49
  17	 | 	19	 | 	18,79
___________________________
Simulation Topology [1:7]
___________________________
From 	  To 		Length
___________________________
  0	 | 	5	 | 	7,07
  0	 | 	14	 | 	39,70
  1	 | 	9	 | 	42,43
  1	 | 	15	 | 	4,12
  1	 | 	19	 | 	16,76
  2	 | 	13	 | 	29,41
  2	 | 	18	 | 	39,12
  3	 | 	8	 | 	15,65
  3	 | 	11	 | 	9,85
  4	 | 	8	 | 	15,13
  4	 | 	18	 | 	11,66
  5	 | 	14	 | 	33,97
  6	 | 	12	 | 	33,84
  6	 | 	13	 | 	9,43
  7	 | 	9	 | 	17,72
  7	 | 	13	 | 	24,70
  7	 | 	18	 | 	2,24
  7	 | 	19	 | 	20,12
  9	 | 	18	 | 	15,52
  9	 | 	19	 | 	37,70
  10	 | 	12	 | 	33,12
  10	 | 	14	 | 	13,04
  10	 | 	15	 | 	29,12
  11	 | 	14	 | 	19,10
  12	 | 	17	 | 	27,20
  13	 | 	16	 | 	8,49
  17	 | 	19	 | 	18,79
  2	 | 	12	 | 	32,02
___________________________
Simulation Topology [1:8]
___________________________
From 	  To 		Length
___________________________
  0	 | 	5	 | 	7,07
  0	 | 	14	 | 	39,70
  1	 | 	9	 | 	42,43
  1	 | 	15	 | 	4,12
  1	 | 	19	 | 	16,76
  2	 | 	13	 | 	29,41
  2	 | 	18	 | 	39,12
  3	 | 	8	 | 	15,65
  3	 | 	11	 | 	9,85
  4	 | 	8	 | 	15,13
  4	 | 	18	 | 	11,66
  5	 | 	14	 | 	33,97
  6	 | 	12	 | 	33,84
  6	 | 	13	 | 	9,43
  7	 | 	9	 | 	17,72
  7	 | 	13	 | 	24,70
  7	 | 	18	 | 	2,24
  7	 | 	19	 | 	20,12
  9	 | 	18	 | 	15,52
  9	 | 	19	 | 	37,70
  10	 | 	12	 | 	33,12
  10	 | 	14	 | 	13,04
  10	 | 	15	 | 	29,12
  11	 | 	14	 | 	19,10
  12	 | 	17	 | 	27,20
  13	 | 	16	 | 	8,49
  17	 | 	19	 | 	18,79
  2	 | 	12	 | 	32,02
  5	 | 	17	 | 	20,22
___________________________
Simulation Topology [1:9]
___________________________
From 	  To 		Length
___________________________
  0	 | 	5	 | 	7,07
  0	 | 	14	 | 	39,70
  1	 | 	9	 | 	42,43
  1	 | 	15	 | 	4,12
  1	 | 	19	 | 	16,76
  2	 | 	13	 | 	29,41
  2	 | 	18	 | 	39,12
  3	 | 	8	 | 	15,65
  3	 | 	11	 | 	9,85
  4	 | 	8	 | 	15,13
  4	 | 	18	 | 	11,66
  5	 | 	14	 | 	33,97
  6	 | 	12	 | 	33,84
  6	 | 	13	 | 	9,43
  7	 | 	9	 | 	17,72
  7	 | 	13	 | 	24,70
  7	 | 	18	 | 	2,24
  7	 | 	19	 | 	20,12
  9	 | 	18	 | 	15,52
  9	 | 	19	 | 	37,70
  10	 | 	12	 | 	33,12
  10	 | 	14	 | 	13,04
  10	 | 	15	 | 	29,12
  11	 | 	14	 | 	19,10
  12	 | 	17	 | 	27,20
  13	 | 	16	 | 	8,49
  17	 | 	19	 | 	18,79
  2	 | 	12	 | 	32,02
  5	 | 	17	 | 	20,22
  6	 | 	8	 | 	19,72
___________________________
Simulation Topology 2
___________________________
[19]				[35]		
[31]				[5]		
[3]				[17]		
[27]				[3]		
[16]				[24]		
[32]				[26]		
[39]				[28]		
[1]				[28]		
[28]				[21]		
[34]				[30]		
[20]				[12]		
[1]				[21]		
[8]				[31]		
[28]				[15]		
[2]				[36]		
[25]				[28]		
[17]				[37]		
[11]				[18]		
[18]				[5]		
[7]				[35]		
___________________________
Simulation Topology [2:9]
___________________________
From 	  To 		Length
___________________________
  6	 | 	8	 | 	13,04
  5	 | 	17	 | 	22,47
  2	 | 	12	 | 	14,87
  17	 | 	19	 | 	17,46
  13	 | 	16	 | 	24,60
  12	 | 	17	 | 	13,34
  11	 | 	14	 | 	15,03
  10	 | 	15	 | 	16,76
  10	 | 	14	 | 	30,00
  10	 | 	12	 | 	22,47
  9	 | 	19	 | 	27,46
  9	 | 	18	 | 	29,68
  7	 | 	19	 | 	9,22
  7	 | 	18	 | 	28,60
  7	 | 	13	 | 	29,97
  0	 | 	3	 | 	32,98
  0	 | 	19	 | 	12,00
  1	 | 	6	 | 	24,35
  1	 | 	19	 | 	38,42
  2	 | 	7	 | 	11,18
  2	 | 	9	 | 	33,62
  2	 | 	16	 | 	24,41
  2	 | 	17	 | 	8,06
  3	 | 	9	 | 	27,89
  3	 | 	15	 | 	25,08
  4	 | 	13	 | 	15,00
  5	 | 	15	 | 	7,28
  5	 | 	16	 | 	18,60
  5	 | 	19	 | 	26,57
  6	 | 	12	 | 	31,14
  6	 | 	13	 | 	17,03
  6	 | 	16	 | 	23,77
  7	 | 	8	 | 	27,89
  7	 | 	10	 | 	24,84
  7	 | 	11	 | 	7,00
  9	 | 	10	 | 	22,80
  9	 | 	12	 | 	26,02
  10	 | 	17	 | 	10,82
  11	 | 	13	 | 	27,66
  12	 | 	18	 | 	27,86
  13	 | 	15	 | 	13,34
  14	 | 	18	 | 	34,89
  16	 | 	18	 | 	32,02
  17	 | 	18	 | 	14,76
___________________________
