Simulation Topology 1
___________________________
Simulation Topology 2
___________________________
[7]				[2]		
[6]				[0]		
[5]				[3]		
[2]				[3]		
[5]				[7]		
[7]				[7]		
[0]				[6]		
[7]				[5]		
[4]				[14]		
[0]				[16]		
[9]				[20]		
[2]				[20]		
[3]				[27]		
[9]				[31]		
[9]				[34]		
[1]				[32]		
[2]				[34]		
[5]				[35]		
[19]				[0]		
[12]				[7]		
___________________________
Simulation Topology [2:0]
___________________________
From 	  To 		Length
___________________________
  0	 | 	2	 | 	2,24
  0	 | 	9	 | 	15,65
  0	 | 	12	 | 	25,32
  1	 | 	2	 | 	3,16
  1	 | 	14	 | 	34,13
  3	 | 	5	 | 	6,40
  3	 | 	16	 | 	31,00
  4	 | 	5	 | 	2,00
  4	 | 	11	 | 	13,34
  6	 | 	7	 | 	7,07
  6	 | 	8	 | 	8,94
  7	 | 	9	 | 	13,04
  10	 | 	15	 | 	14,42
  10	 | 	16	 | 	15,65
  11	 | 	17	 | 	15,30
  12	 | 	18	 | 	31,38
  13	 | 	15	 | 	8,06
  13	 | 	18	 | 	32,57
  14	 | 	19	 | 	27,17
  17	 | 	19	 | 	28,86
___________________________
