Simulation Topology 1
___________________________
[4]				[22]		
[23]				[15]		
[2]				[2]		
[37]				[22]		
[28]				[5]		
[31]				[0]		
[21]				[5]		
[0]				[17]		
[6]				[36]		
[0]				[13]		
[30]				[20]		
[37]				[15]		
[10]				[24]		
[0]				[35]		
[14]				[19]		
[14]				[10]		
[15]				[24]		
[24]				[26]		
[6]				[5]		
[23]				[8]		
___________________________
Simulation Topology [1:0]
___________________________
From 	  To 		Length
___________________________
  0	 | 	2	 | 	20,10
  0	 | 	3	 | 	33,00
  0	 | 	15	 | 	15,62
  1	 | 	12	 | 	15,81
  1	 | 	19	 | 	7,00
  3	 | 	18	 | 	35,36
  4	 | 	14	 | 	19,80
  4	 | 	15	 | 	14,87
  5	 | 	9	 | 	33,62
  5	 | 	17	 | 	26,93
  6	 | 	11	 | 	18,87
  6	 | 	13	 | 	36,62
  7	 | 	8	 | 	19,92
  7	 | 	14	 | 	14,14
  8	 | 	19	 | 	32,76
  9	 | 	18	 | 	10,00
  10	 | 	11	 | 	8,60
  10	 | 	16	 | 	15,52
  12	 | 	16	 | 	5,00
  13	 | 	17	 | 	25,63
___________________________
Simulation Topology 2
___________________________
[12]				[15]		
[16]				[9]		
[16]				[34]		
[35]				[37]		
[28]				[19]		
[11]				[8]		
[30]				[24]		
[1]				[24]		
[10]				[6]		
[11]				[29]		
[11]				[13]		
[16]				[36]		
[16]				[22]		
[34]				[24]		
[39]				[0]		
[21]				[23]		
[15]				[28]		
[2]				[18]		
[22]				[6]		
[3]				[32]		
___________________________
Simulation Topology [2:0]
___________________________
From 	  To 		Length
___________________________
  13	 | 	17	 | 	32,56
  12	 | 	16	 | 	6,08
  10	 | 	16	 | 	15,52
  10	 | 	11	 | 	23,54
  9	 | 	18	 | 	25,50
  8	 | 	19	 | 	26,93
  7	 | 	14	 | 	44,94
  7	 | 	8	 | 	20,12
  6	 | 	13	 | 	4,00
  6	 | 	11	 | 	18,44
  0	 | 	5	 | 	7,07
  0	 | 	10	 | 	2,24
  1	 | 	2	 | 	25,00
  1	 | 	9	 | 	20,62
  2	 | 	11	 | 	2,00
  3	 | 	13	 | 	13,04
  3	 | 	17	 | 	38,08
  4	 | 	8	 | 	22,20
  4	 | 	14	 | 	21,95
  5	 | 	6	 | 	24,84
  6	 | 	16	 | 	15,52
  7	 | 	15	 | 	20,02
  7	 | 	19	 | 	8,25
  9	 | 	12	 | 	8,60
  10	 | 	18	 | 	13,04
  11	 | 	12	 | 	14,00
  13	 | 	15	 | 	13,04
  14	 | 	17	 | 	41,15
  16	 | 	18	 | 	23,09
___________________________
