Simulation Topology 1
___________________________
Simulation Topology 2
___________________________
[3]				[28]		
[35]				[23]		
[11]				[36]		
[21]				[24]		
[4]				[16]		
[33]				[19]		
[37]				[8]		
[4]				[24]		
[29]				[15]		
[17]				[38]		
[39]				[13]		
[22]				[26]		
[2]				[6]		
[16]				[21]		
[17]				[18]		
[32]				[1]		
[32]				[29]		
[12]				[32]		
[17]				[23]		
[16]				[10]		
___________________________
Simulation Topology [2:0]
___________________________
From 	  To 		Length
___________________________
  0	 | 	12	 | 	22,02
  0	 | 	19	 | 	22,20
  1	 | 	4	 | 	31,78
  1	 | 	10	 | 	10,77
  2	 | 	13	 | 	15,81
  2	 | 	14	 | 	18,97
  3	 | 	5	 | 	13,00
  3	 | 	6	 | 	22,63
  4	 | 	5	 | 	29,15
  6	 | 	8	 | 	10,63
  7	 | 	8	 | 	26,57
  7	 | 	9	 | 	19,10
  9	 | 	17	 | 	7,81
  10	 | 	12	 | 	37,66
  11	 | 	15	 | 	26,93
  11	 | 	16	 | 	10,44
  13	 | 	16	 | 	17,89
  14	 | 	18	 | 	5,00
  15	 | 	17	 | 	36,89
  18	 | 	19	 | 	13,04
___________________________
