Simulation Topology 1
___________________________
[7]				[22]		
[15]				[22]		
[8]				[5]		
[20]				[21]		
[35]				[3]		
[7]				[16]		
[22]				[12]		
[14]				[8]		
[29]				[36]		
[39]				[12]		
[1]				[35]		
[18]				[13]		
[10]				[18]		
[6]				[32]		
[33]				[8]		
[23]				[20]		
[9]				[35]		
[1]				[10]		
[21]				[1]		
[35]				[12]		
___________________________
Simulation Topology [1:0]
___________________________
From 	  To 		Length
___________________________
  0	 | 	5	 | 	6,00
  0	 | 	14	 | 	29,53
  1	 | 	11	 | 	9,49
  1	 | 	18	 | 	21,84
  2	 | 	4	 | 	27,07
  2	 | 	9	 | 	31,78
  3	 | 	6	 | 	9,22
  3	 | 	14	 | 	18,38
  4	 | 	8	 | 	33,54
  5	 | 	16	 | 	19,10
  6	 | 	11	 | 	4,12
  7	 | 	12	 | 	10,77
  7	 | 	18	 | 	9,90
  8	 | 	10	 | 	28,02
  9	 | 	16	 | 	37,80
  10	 | 	15	 | 	26,63
  12	 | 	17	 | 	12,04
  13	 | 	15	 | 	20,81
  13	 | 	19	 | 	35,23
  17	 | 	19	 | 	34,06
___________________________
Simulation Topology 2
___________________________
[35]				[4]		
[7]				[21]		
[29]				[3]		
[24]				[20]		
[8]				[8]		
[23]				[24]		
[4]				[28]		
[37]				[31]		
[5]				[33]		
[38]				[25]		
[15]				[13]		
[37]				[18]		
[3]				[24]		
[37]				[33]		
[23]				[7]		
[24]				[28]		
[29]				[17]		
[29]				[5]		
[28]				[30]		
[30]				[28]		
___________________________
Simulation Topology [2:0]
___________________________
From 	  To 		Length
___________________________
  17	 | 	19	 | 	23,02
  13	 | 	19	 | 	8,60
  13	 | 	15	 | 	13,93
  12	 | 	17	 | 	32,20
  10	 | 	15	 | 	17,49
  9	 | 	16	 | 	12,04
  8	 | 	10	 | 	22,36
  7	 | 	18	 | 	9,06
  7	 | 	12	 | 	34,71
  6	 | 	11	 | 	34,48
  0	 | 	5	 | 	23,32
  0	 | 	7	 | 	27,07
  1	 | 	8	 | 	12,17
  1	 | 	10	 | 	11,31
  2	 | 	12	 | 	33,42
  2	 | 	14	 | 	7,21
  3	 | 	8	 | 	23,02
  3	 | 	17	 | 	15,81
  4	 | 	11	 | 	30,68
  4	 | 	14	 | 	15,03
  5	 | 	15	 | 	4,12
  6	 | 	9	 | 	34,13
  7	 | 	16	 | 	16,12
  9	 | 	19	 | 	8,54
  10	 | 	17	 | 	16,12
  12	 | 	19	 | 	27,29
  13	 | 	16	 | 	17,89
  13	 | 	18	 | 	9,49
  15	 | 	18	 | 	4,47
___________________________
