Simulation Topology 1
___________________________
[38]				[28]		
[21]				[7]		
[33]				[19]		
[19]				[9]		
[30]				[34]		
[17]				[5]		
[18]				[7]		
[14]				[26]		
[1]				[3]		
[1]				[26]		
[25]				[5]		
[9]				[31]		
[32]				[1]		
[2]				[12]		
[24]				[3]		
[21]				[30]		
[2]				[39]		
[33]				[27]		
[7]				[13]		
[35]				[14]		
___________________________
Simulation Topology [1:0]
___________________________
From 	  To 		Length
___________________________
  0	 | 	12	 | 	27,66
  0	 | 	13	 | 	39,40
  1	 | 	4	 | 	28,46
  1	 | 	7	 | 	20,25
  2	 | 	6	 | 	19,21
  2	 | 	18	 | 	26,68
  3	 | 	11	 | 	24,17
  3	 | 	14	 | 	7,81
  4	 | 	9	 | 	30,08
  5	 | 	6	 | 	2,24
  5	 | 	8	 | 	16,12
  7	 | 	10	 | 	23,71
  8	 | 	15	 | 	33,60
  9	 | 	19	 | 	36,06
  10	 | 	15	 | 	25,32
  11	 | 	13	 | 	20,25
  12	 | 	18	 | 	27,73
  14	 | 	17	 | 	25,63
  16	 | 	17	 | 	33,24
  16	 | 	19	 | 	41,40
___________________________
Simulation Topology 2
___________________________
[31]				[38]		
[24]				[1]		
[3]				[17]		
[4]				[19]		
[21]				[38]		
[5]				[29]		
[2]				[39]		
[0]				[23]		
[9]				[28]		
[28]				[24]		
[14]				[10]		
[15]				[12]		
[28]				[7]		
[17]				[32]		
[6]				[32]		
[33]				[39]		
[36]				[30]		
[3]				[28]		
[32]				[1]		
[2]				[25]		
___________________________
Simulation Topology [2:0]
___________________________
From 	  To 		Length
___________________________
  16	 | 	19	 | 	34,37
  16	 | 	17	 | 	33,06
  14	 | 	17	 | 	5,00
  12	 | 	18	 | 	7,21
  11	 | 	13	 | 	20,10
  10	 | 	15	 | 	34,67
  9	 | 	19	 | 	26,02
  8	 | 	15	 | 	26,40
  7	 | 	10	 | 	19,10
  5	 | 	8	 | 	4,12
  0	 | 	2	 | 	35,00
  0	 | 	4	 | 	10,00
  1	 | 	7	 | 	32,56
  1	 | 	14	 | 	35,85
  2	 | 	16	 | 	35,47
  3	 | 	8	 | 	10,30
  3	 | 	16	 | 	33,84
  4	 | 	18	 | 	38,60
  5	 | 	17	 | 	2,24
  5	 | 	18	 | 	38,90
  6	 | 	11	 | 	29,97
  6	 | 	17	 | 	11,05
  7	 | 	9	 | 	28,02
  8	 | 	14	 | 	5,00
  9	 | 	10	 | 	19,80
  10	 | 	12	 | 	14,32
  11	 | 	19	 | 	18,38
  12	 | 	13	 | 	27,31
  13	 | 	15	 | 	17,46
  15	 | 	19	 | 	34,01
___________________________
