Simulation Topology 1
___________________________
Simulation Topology 2
___________________________
[14]				[35]		
[16]				[19]		
[27]				[20]		
[16]				[33]		
[11]				[21]		
[31]				[38]		
[5]				[13]		
[32]				[25]		
[9]				[37]		
[16]				[31]		
[6]				[18]		
[15]				[29]		
[18]				[6]		
[19]				[32]		
[32]				[36]		
[7]				[15]		
[17]				[24]		
[35]				[29]		
[36]				[23]		
[22]				[38]		
___________________________
Simulation Topology [2:0]
___________________________
From 	  To 		Length
___________________________
  0	 | 	14	 | 	18,03
  0	 | 	16	 | 	11,40
  1	 | 	3	 | 	14,00
  1	 | 	13	 | 	13,34
  2	 | 	15	 | 	20,62
  2	 | 	19	 | 	18,68
  3	 | 	4	 | 	13,00
  4	 | 	18	 | 	25,08
  5	 | 	6	 | 	36,07
  5	 | 	18	 | 	15,81
  6	 | 	8	 | 	24,33
  7	 | 	8	 | 	25,94
  7	 | 	16	 | 	15,03
  9	 | 	12	 | 	25,08
  9	 | 	13	 | 	3,16
  10	 | 	11	 | 	14,21
  10	 | 	14	 | 	31,62
  11	 | 	19	 | 	11,40
  12	 | 	17	 | 	28,60
  15	 | 	17	 | 	31,30
___________________________
