Simulation Topology 1
___________________________
[1]				[4]		
[6]				[5]		
[9]				[7]		
[2]				[2]		
[4]				[0]		
___________________________
Simulation Topology [1:0]
___________________________
From 	  To 		Length
___________________________
  0	 | 	3	 | 	2,24
  0	 | 	4	 | 	5,00
  1	 | 	2	 | 	3,61
  1	 | 	3	 | 	5,00
  2	 | 	4	 | 	8,60
___________________________
Simulation Topology 2
___________________________
[8]				[2]		
[4]				[7]		
[0]				[5]		
[6]				[9]		
[4]				[4]		
___________________________
Simulation Topology [2:0]
___________________________
From 	  To 		Length
___________________________
  2	 | 	4	 | 	4,12
  1	 | 	3	 | 	2,83
  0	 | 	2	 | 	8,54
  0	 | 	3	 | 	7,28
  1	 | 	4	 | 	3,00
___________________________
