Simulation Topology 1
___________________________
Simulation Topology 2
___________________________
[0]				[0]		
[8]				[3]		
[0]				[7]		
[2]				[7]		
[1]				[4]		
[9]				[7]		
[0]				[10]		
[6]				[13]		
[1]				[13]		
[9]				[15]		
[2]				[15]		
[7]				[17]		
[7]				[20]		
[4]				[35]		
[0]				[32]		
[2]				[32]		
[5]				[33]		
[1]				[37]		
[16]				[1]		
[19]				[4]		
___________________________
Simulation Topology [2:0]
___________________________
From 	  To 		Length
___________________________
  0	 | 	1	 | 	8,54
  0	 | 	17	 | 	37,01
  0	 | 	18	 | 	16,03
  1	 | 	14	 | 	30,08
  2	 | 	3	 | 	2,00
  2	 | 	4	 | 	3,16
  3	 | 	5	 | 	7,00
  4	 | 	9	 | 	13,60
  5	 | 	14	 | 	26,57
  6	 | 	8	 | 	3,16
  6	 | 	13	 | 	25,32
  7	 | 	8	 | 	5,00
  7	 | 	9	 | 	3,61
  10	 | 	15	 | 	17,00
  10	 | 	16	 | 	18,25
  11	 | 	12	 | 	3,00
  11	 | 	19	 | 	17,69
  12	 | 	17	 | 	18,03
  13	 | 	16	 | 	2,24
  15	 | 	19	 | 	32,76
___________________________
