Simulation Topology 1
___________________________
Simulation Topology 2
___________________________
[14]				[14]		
[6]				[23]		
[32]				[38]		
[25]				[34]		
[4]				[15]		
[16]				[38]		
[26]				[11]		
[30]				[5]		
[10]				[26]		
[37]				[4]		
[4]				[31]		
[9]				[38]		
[30]				[17]		
[16]				[10]		
[7]				[21]		
[24]				[3]		
[29]				[2]		
[32]				[8]		
[13]				[12]		
[35]				[5]		
___________________________
Simulation Topology [2:0]
___________________________
From 	  To 		Length
___________________________
  0	 | 	14	 | 	9,90
  0	 | 	19	 | 	22,85
  1	 | 	5	 | 	18,03
  1	 | 	10	 | 	8,25
  2	 | 	9	 | 	34,37
  2	 | 	11	 | 	23,00
  3	 | 	14	 | 	22,20
  3	 | 	18	 | 	25,06
  4	 | 	13	 | 	13,00
  4	 | 	15	 | 	23,32
  5	 | 	16	 | 	38,28
  6	 | 	8	 | 	21,93
  6	 | 	12	 | 	7,21
  7	 | 	11	 | 	39,12
  7	 | 	16	 | 	3,16
  8	 | 	9	 | 	34,83
  10	 | 	17	 | 	36,24
  12	 | 	18	 | 	17,72
  13	 | 	19	 | 	19,65
  15	 | 	17	 | 	9,43
___________________________
