Simulation Topology 1
___________________________
[16]				[19]		
[13]				[6]		
[26]				[4]		
[16]				[17]		
[4]				[24]		
[37]				[17]		
[7]				[2]		
[33]				[25]		
[27]				[10]		
[26]				[18]		
[18]				[22]		
[35]				[20]		
[5]				[5]		
[1]				[6]		
[16]				[13]		
[14]				[14]		
[7]				[38]		
[38]				[6]		
[6]				[18]		
[32]				[14]		
___________________________
Simulation Topology [1:0]
___________________________
From 	  To 		Length
___________________________
  0	 | 	6	 | 	19,24
  0	 | 	13	 | 	19,85
  1	 | 	11	 | 	26,08
  1	 | 	19	 | 	20,62
  2	 | 	8	 | 	6,08
  2	 | 	9	 | 	14,00
  3	 | 	5	 | 	21,00
  3	 | 	13	 | 	18,60
  4	 | 	7	 | 	29,02
  4	 | 	17	 | 	38,47
  5	 | 	12	 | 	34,18
  6	 | 	7	 | 	34,71
  8	 | 	16	 | 	34,41
  9	 | 	15	 | 	12,65
  10	 | 	11	 | 	17,12
  10	 | 	15	 | 	8,94
  12	 | 	18	 | 	13,04
  14	 | 	17	 | 	23,09
  14	 | 	19	 | 	16,03
  16	 | 	18	 | 	20,02
___________________________
Simulation Topology 2
___________________________
[3]				[4]		
[11]				[4]		
[0]				[9]		
[10]				[12]		
[27]				[39]		
[2]				[2]		
[16]				[33]		
[18]				[6]		
[1]				[13]		
[9]				[30]		
[15]				[3]		
[16]				[38]		
[31]				[15]		
[39]				[35]		
[10]				[39]		
[14]				[10]		
[35]				[37]		
[6]				[29]		
[14]				[28]		
[29]				[23]		
___________________________
Simulation Topology [2:0]
___________________________
From 	  To 		Length
___________________________
  16	 | 	18	 | 	22,85
  14	 | 	19	 | 	24,84
  14	 | 	17	 | 	10,77
  12	 | 	18	 | 	21,40
  10	 | 	15	 | 	7,07
  10	 | 	11	 | 	35,01
  9	 | 	15	 | 	20,62
  8	 | 	16	 | 	41,62
  6	 | 	7	 | 	27,07
  5	 | 	12	 | 	31,78
  0	 | 	4	 | 	42,44
  0	 | 	12	 | 	30,08
  1	 | 	2	 | 	12,08
  1	 | 	16	 | 	40,80
  2	 | 	18	 | 	23,60
  3	 | 	12	 | 	21,21
  3	 | 	13	 | 	37,01
  4	 | 	11	 | 	11,05
  5	 | 	14	 | 	37,85
  5	 | 	15	 | 	14,42
  6	 | 	14	 | 	8,49
  6	 | 	16	 | 	19,42
  7	 | 	17	 | 	25,94
  7	 | 	19	 | 	20,25
  8	 | 	10	 | 	17,20
  8	 | 	13	 | 	43,91
  9	 | 	11	 | 	10,63
  9	 | 	19	 | 	21,19
  17	 | 	18	 | 	8,06
___________________________
