Simulation Topology 1
___________________________
[7]				[1]		
[1]				[5]		
[1]				[7]		
[6]				[4]		
[4]				[8]		
[3]				[11]		
[1]				[11]		
[2]				[13]		
[0]				[19]		
[0]				[16]		
[7]				[18]		
[5]				[17]		
[8]				[23]		
[5]				[24]		
[1]				[27]		
[6]				[29]		
[9]				[30]		
[9]				[28]		
[3]				[30]		
[7]				[32]		
___________________________
Simulation Topology [1:0]
___________________________
From 	  To 		Length
___________________________
  0	 | 	2	 | 	8,49
  0	 | 	10	 | 	17,00
  0	 | 	17	 | 	27,07
  1	 | 	2	 | 	2,00
  1	 | 	12	 | 	19,31
  3	 | 	6	 | 	8,60
  3	 | 	11	 | 	13,04
  4	 | 	5	 | 	3,16
  4	 | 	18	 | 	22,02
  5	 | 	15	 | 	18,25
  6	 | 	8	 | 	8,06
  7	 | 	8	 | 	6,32
  7	 | 	9	 | 	3,61
  9	 | 	19	 | 	17,46
  10	 | 	11	 | 	2,24
  12	 | 	13	 | 	3,16
  13	 | 	18	 | 	6,32
  14	 | 	15	 | 	5,39
  14	 | 	16	 | 	8,54
  16	 | 	19	 | 	2,83
___________________________
Simulation Topology 2
___________________________
[4]				[1]		
[9]				[2]		
[4]				[3]		
[8]				[0]		
[2]				[7]		
[3]				[10]		
[7]				[11]		
[8]				[13]		
[4]				[15]		
[2]				[14]		
[8]				[18]		
[3]				[19]		
[5]				[17]		
[6]				[19]		
[6]				[21]		
[5]				[23]		
[3]				[22]		
[8]				[21]		
[6]				[27]		
[0]				[31]		
___________________________
Simulation Topology [2:0]
___________________________
From 	  To 		Length
___________________________
  16	 | 	19	 | 	9,49
  14	 | 	16	 | 	3,16
  14	 | 	15	 | 	2,24
  13	 | 	18	 | 	8,00
  12	 | 	13	 | 	2,24
  10	 | 	11	 | 	5,10
  9	 | 	19	 | 	17,12
  7	 | 	9	 | 	6,08
  7	 | 	8	 | 	4,47
  6	 | 	8	 | 	5,00
  0	 | 	1	 | 	5,10
  0	 | 	2	 | 	2,00
  1	 | 	3	 | 	2,24
  2	 | 	8	 | 	12,00
  3	 | 	6	 | 	11,05
  4	 | 	5	 | 	3,16
  4	 | 	19	 | 	24,08
  5	 | 	17	 | 	12,08
  6	 | 	7	 | 	2,24
  9	 | 	10	 | 	7,21
  9	 | 	12	 | 	4,24
  11	 | 	12	 | 	2,83
  13	 | 	14	 | 	2,00
  13	 | 	16	 | 	4,24
  15	 | 	16	 | 	2,24
  17	 | 	18	 | 	6,32
  18	 | 	19	 | 	7,21
___________________________
