Simulation Topology 1
___________________________
[10]				[8]		
[38]				[30]		
[34]				[15]		
[26]				[20]		
[13]				[30]		
[23]				[19]		
[18]				[34]		
[37]				[18]		
[30]				[31]		
[5]				[12]		
[37]				[0]		
[9]				[37]		
[22]				[5]		
[18]				[20]		
[2]				[31]		
[13]				[2]		
[20]				[28]		
[5]				[14]		
[20]				[17]		
[10]				[29]		
___________________________
Simulation Topology [1:0]
___________________________
From 	  To 		Length
___________________________
  0	 | 	3	 | 	20,00
  0	 | 	11	 | 	29,02
  1	 | 	15	 | 	37,54
  1	 | 	16	 | 	18,11
  2	 | 	7	 | 	4,24
  2	 | 	10	 | 	15,30
  3	 | 	18	 | 	6,71
  4	 | 	8	 | 	17,03
  4	 | 	17	 | 	17,89
  5	 | 	10	 | 	23,60
  5	 | 	15	 | 	19,72
  6	 | 	18	 | 	17,12
  6	 | 	19	 | 	9,43
  7	 | 	8	 | 	14,76
  9	 | 	13	 | 	15,26
  9	 | 	17	 | 	2,00
  11	 | 	14	 | 	9,22
  12	 | 	16	 | 	23,09
  12	 | 	19	 | 	26,83
  13	 | 	14	 | 	19,42
___________________________
Simulation Topology 2
___________________________
[19]				[38]		
[30]				[38]		
[8]				[23]		
[27]				[27]		
[29]				[34]		
[26]				[10]		
[23]				[19]		
[3]				[22]		
[32]				[11]		
[39]				[35]		
[3]				[20]		
[26]				[37]		
[16]				[13]		
[10]				[18]		
[34]				[31]		
[18]				[2]		
[33]				[19]		
[2]				[26]		
[16]				[39]		
[2]				[36]		
___________________________
Simulation Topology [2:0]
___________________________
From 	  To 		Length
___________________________
  13	 | 	14	 | 	27,29
  12	 | 	19	 | 	26,93
  12	 | 	16	 | 	18,03
  11	 | 	14	 | 	10,00
  9	 | 	17	 | 	38,08
  9	 | 	13	 | 	33,62
  7	 | 	8	 | 	31,02
  6	 | 	19	 | 	27,02
  6	 | 	18	 | 	21,19
  5	 | 	15	 | 	11,31
  0	 | 	3	 | 	13,60
  0	 | 	9	 | 	20,22
  1	 | 	11	 | 	4,12
  1	 | 	12	 | 	28,65
  2	 | 	14	 | 	27,20
  2	 | 	15	 | 	23,26
  3	 | 	16	 | 	10,00
  4	 | 	6	 | 	16,16
  4	 | 	16	 | 	15,52
  5	 | 	12	 | 	10,44
  5	 | 	13	 | 	17,89
  6	 | 	7	 | 	20,22
  7	 | 	18	 | 	21,40
  8	 | 	11	 | 	26,68
  8	 | 	17	 | 	33,54
  9	 | 	10	 | 	39,00
  10	 | 	17	 | 	6,08
  13	 | 	15	 | 	17,89
  14	 | 	19	 | 	32,39
  18	 | 	19	 | 	14,32
___________________________
