Simulation Topology 1
___________________________
[16]				[13]		
[2]				[4]		
[4]				[1]		
[8]				[18]		
[6]				[10]		
[15]				[3]		
[5]				[14]		
[1]				[11]		
[15]				[0]		
[17]				[7]		
[15]				[7]		
[9]				[5]		
[14]				[16]		
[18]				[10]		
[9]				[7]		
___________________________
Simulation Topology [1:0]
___________________________
From 	  To 		Length
___________________________
  0	 | 	7	 | 	15,13
  0	 | 	10	 | 	6,08
  1	 | 	4	 | 	7,21
  1	 | 	7	 | 	7,07
  2	 | 	6	 | 	13,04
  2	 | 	11	 | 	6,40
  3	 | 	5	 | 	16,55
  3	 | 	6	 | 	5,00
  4	 | 	8	 | 	13,45
  5	 | 	9	 | 	4,47
  8	 | 	14	 | 	9,22
  9	 | 	14	 | 	8,00
  10	 | 	13	 | 	4,24
  11	 | 	12	 | 	12,08
  12	 | 	13	 | 	7,21
___________________________
Simulation Topology 2
___________________________
[3]				[16]		
[12]				[9]		
[1]				[17]		
[11]				[4]		
[13]				[0]		
[4]				[7]		
[16]				[7]		
[16]				[16]		
[7]				[11]		
[6]				[5]		
[11]				[11]		
[11]				[1]		
[19]				[8]		
[3]				[19]		
[9]				[4]		
___________________________
Simulation Topology [2:0]
___________________________
From 	  To 		Length
___________________________
  12	 | 	13	 | 	19,42
  11	 | 	12	 | 	10,63
  10	 | 	13	 | 	11,31
  9	 | 	14	 | 	3,16
  8	 | 	14	 | 	7,28
  5	 | 	9	 | 	2,83
  4	 | 	8	 | 	12,53
  0	 | 	8	 | 	6,40
  0	 | 	10	 | 	9,43
  0	 | 	11	 | 	17,00
  1	 | 	3	 | 	5,10
  1	 | 	6	 | 	4,47
  2	 | 	4	 | 	20,81
  2	 | 	9	 | 	13,00
  3	 | 	5	 | 	7,62
  4	 | 	12	 | 	10,00
  5	 | 	6	 | 	12,00
  7	 | 	13	 | 	13,34
  7	 | 	14	 | 	13,89
  9	 | 	13	 | 	14,32
  10	 | 	14	 | 	7,28
___________________________
