Simulation Topology 1
___________________________
[20]				[10]		
[7]				[7]		
[22]				[1]		
[36]				[10]		
[11]				[30]		
[34]				[25]		
[28]				[17]		
[0]				[10]		
[15]				[22]		
[18]				[18]		
[16]				[29]		
[18]				[9]		
[1]				[34]		
[25]				[15]		
[29]				[7]		
[2]				[26]		
[33]				[34]		
[27]				[27]		
[33]				[39]		
[29]				[14]		
___________________________
Simulation Topology [1:0]
___________________________
From 	  To 		Length
___________________________
  0	 | 	9	 | 	8,25
  0	 | 	12	 | 	30,61
  0	 | 	14	 | 	9,49
  1	 | 	2	 | 	16,16
  1	 | 	13	 | 	19,70
  2	 | 	16	 | 	34,79
  3	 | 	4	 | 	32,02
  3	 | 	8	 | 	24,19
  4	 | 	19	 | 	24,08
  5	 | 	9	 | 	17,46
  5	 | 	17	 | 	7,28
  6	 | 	15	 | 	27,51
  6	 | 	16	 | 	17,72
  7	 | 	12	 | 	24,02
  7	 | 	19	 | 	29,27
  8	 | 	18	 | 	24,76
  10	 | 	11	 | 	20,10
  10	 | 	18	 | 	19,72
  11	 | 	13	 | 	9,22
  15	 | 	17	 | 	25,02
___________________________
Simulation Topology 2
___________________________
[32]				[4]		
[15]				[21]		
[3]				[19]		
[18]				[6]		
[39]				[23]		
[32]				[20]		
[23]				[34]		
[38]				[3]		
[6]				[26]		
[7]				[3]		
[15]				[16]		
[14]				[12]		
[11]				[31]		
[26]				[38]		
[29]				[19]		
[24]				[26]		
[5]				[23]		
[2]				[37]		
[35]				[35]		
[32]				[14]		
___________________________
Simulation Topology [2:0]
___________________________
From 	  To 		Length
___________________________
  15	 | 	17	 | 	24,60
  11	 | 	13	 | 	28,64
  10	 | 	18	 | 	27,59
  10	 | 	11	 | 	4,12
  8	 | 	18	 | 	30,36
  7	 | 	19	 | 	12,53
  7	 | 	12	 | 	38,90
  6	 | 	16	 | 	21,10
  6	 | 	15	 | 	8,06
  5	 | 	17	 | 	34,48
  0	 | 	3	 | 	14,14
  0	 | 	14	 | 	15,30
  1	 | 	7	 | 	29,21
  1	 | 	11	 | 	9,06
  2	 | 	8	 | 	7,62
  2	 | 	15	 | 	22,14
  3	 | 	15	 | 	20,88
  4	 | 	5	 | 	7,62
  4	 | 	13	 | 	19,85
  5	 | 	6	 | 	16,64
  6	 | 	10	 | 	19,70
  8	 | 	11	 | 	16,12
  9	 | 	10	 | 	15,26
  9	 | 	17	 | 	34,37
  12	 | 	16	 | 	10,00
  12	 | 	17	 | 	10,82
  13	 | 	18	 | 	9,49
  14	 | 	16	 | 	24,33
  18	 | 	19	 | 	21,21
___________________________
