Simulation Topology 1
___________________________
[15]				[7]		
[10]				[37]		
[2]				[9]		
[16]				[16]		
[5]				[23]		
[19]				[24]		
[13]				[13]		
[2]				[36]		
[0]				[1]		
[8]				[23]		
[20]				[2]		
[39]				[24]		
[39]				[39]		
[24]				[25]		
[22]				[36]		
[30]				[0]		
[20]				[20]		
[33]				[6]		
[25]				[7]		
[24]				[38]		
___________________________
Simulation Topology [1:0]
___________________________
From 	  To 		Length
___________________________
  0	 | 	11	 | 	29,41
  0	 | 	14	 | 	29,83
  1	 | 	4	 | 	14,87
  1	 | 	6	 | 	24,19
  2	 | 	5	 | 	22,67
  2	 | 	12	 | 	47,63
  3	 | 	9	 | 	10,63
  3	 | 	11	 | 	24,35
  4	 | 	10	 | 	25,81
  5	 | 	18	 | 	18,03
  6	 | 	17	 | 	21,19
  7	 | 	10	 | 	38,47
  7	 | 	13	 | 	24,60
  8	 | 	13	 | 	33,94
  8	 | 	15	 | 	30,02
  9	 | 	16	 | 	12,37
  12	 | 	17	 | 	33,54
  14	 | 	18	 | 	29,15
  15	 | 	19	 | 	38,47
  16	 | 	19	 | 	18,44
___________________________
Simulation Topology 2
___________________________
[14]				[25]		
[5]				[37]		
[18]				[4]		
[13]				[1]		
[2]				[2]		
[7]				[23]		
[16]				[20]		
[2]				[35]		
[17]				[27]		
[10]				[1]		
[37]				[0]		
[22]				[7]		
[21]				[17]		
[28]				[29]		
[22]				[13]		
[37]				[3]		
[24]				[16]		
[39]				[3]		
[34]				[1]		
[24]				[3]		
___________________________
Simulation Topology [2:0]
___________________________
From 	  To 		Length
___________________________
  16	 | 	19	 | 	13,00
  15	 | 	19	 | 	13,00
  14	 | 	18	 | 	16,97
  12	 | 	17	 | 	22,80
  9	 | 	16	 | 	20,52
  8	 | 	15	 | 	31,24
  8	 | 	13	 | 	11,18
  7	 | 	13	 | 	26,68
  7	 | 	10	 | 	49,50
  6	 | 	17	 | 	28,60
  0	 | 	1	 | 	15,00
  0	 | 	16	 | 	13,45
  0	 | 	17	 | 	33,30
  2	 | 	6	 | 	16,12
  2	 | 	10	 | 	19,42
  3	 | 	9	 | 	3,00
  3	 | 	14	 | 	15,00
  4	 | 	5	 | 	21,59
  4	 | 	11	 | 	20,62
  5	 | 	7	 | 	13,00
  6	 | 	15	 | 	27,02
  7	 | 	19	 | 	38,83
  8	 | 	12	 | 	10,77
  9	 | 	14	 | 	16,97
  10	 | 	13	 | 	30,36
  11	 | 	18	 | 	13,42
  12	 | 	18	 | 	20,62
  15	 | 	17	 | 	2,00
___________________________
