Simulation Topology 1
___________________________
[29]				[4]		
[2]				[37]		
[8]				[10]		
[32]				[17]		
[6]				[32]		
[22]				[1]		
[2]				[2]		
[20]				[4]		
[0]				[14]		
[22]				[22]		
[24]				[1]		
[9]				[14]		
[7]				[38]		
[2]				[23]		
[30]				[35]		
[7]				[0]		
[32]				[26]		
[33]				[15]		
[35]				[10]		
[15]				[38]		
___________________________
Simulation Topology [1:0]
___________________________
From 	  To 		Length
___________________________
  0	 | 	3	 | 	13,34
  0	 | 	12	 | 	40,50
  1	 | 	10	 | 	42,19
  1	 | 	17	 | 	38,01
  2	 | 	6	 | 	10,00
  2	 | 	8	 | 	8,94
  3	 | 	10	 | 	17,89
  4	 | 	5	 | 	34,89
  4	 | 	16	 | 	26,68
  5	 | 	6	 | 	20,02
  7	 | 	13	 | 	26,17
  7	 | 	16	 | 	25,06
  8	 | 	14	 | 	36,62
  9	 | 	18	 | 	17,69
  9	 | 	19	 | 	17,46
  11	 | 	12	 | 	24,08
  11	 | 	15	 | 	14,14
  13	 | 	17	 | 	32,02
  14	 | 	18	 | 	25,50
  15	 | 	19	 | 	38,83
___________________________
Simulation Topology 2
___________________________
[25]				[23]		
[37]				[1]		
[30]				[22]		
[9]				[21]		
[5]				[32]		
[28]				[13]		
[35]				[27]		
[7]				[10]		
[35]				[38]		
[39]				[28]		
[39]				[8]		
[23]				[30]		
[38]				[22]		
[30]				[33]		
[21]				[21]		
[38]				[25]		
[33]				[26]		
[21]				[5]		
[15]				[37]		
[11]				[20]		
___________________________
Simulation Topology [2:0]
___________________________
From 	  To 		Length
___________________________
  15	 | 	19	 | 	27,46
  14	 | 	18	 | 	17,09
  13	 | 	17	 | 	29,41
  11	 | 	15	 | 	15,81
  11	 | 	12	 | 	17,00
  9	 | 	19	 | 	29,12
  9	 | 	18	 | 	25,63
  8	 | 	14	 | 	22,02
  7	 | 	16	 | 	30,53
  7	 | 	13	 | 	32,53
  0	 | 	2	 | 	5,10
  0	 | 	3	 | 	16,12
  1	 | 	6	 | 	26,08
  1	 | 	14	 | 	25,61
  2	 | 	15	 | 	8,54
  3	 | 	4	 | 	11,70
  4	 | 	7	 | 	22,09
  5	 | 	11	 | 	17,72
  5	 | 	14	 | 	10,63
  6	 | 	18	 | 	22,36
  7	 | 	8	 | 	39,60
  8	 | 	15	 | 	13,34
  9	 | 	10	 | 	20,00
  9	 | 	13	 | 	10,30
  10	 | 	16	 | 	18,97
  11	 | 	16	 | 	10,77
  12	 | 	18	 | 	27,46
  12	 | 	19	 | 	27,07
  17	 | 	19	 | 	18,03
___________________________
