Simulation Topology 1
___________________________
Simulation Topology 2
___________________________
[38]				[25]		
[31]				[21]		
[12]				[13]		
[1]				[24]		
[19]				[14]		
[39]				[16]		
[8]				[24]		
[29]				[31]		
[37]				[32]		
[4]				[29]		
[22]				[0]		
[11]				[24]		
[2]				[4]		
[22]				[34]		
[17]				[15]		
[26]				[25]		
[5]				[32]		
[10]				[4]		
[30]				[15]		
[18]				[9]		
___________________________
Simulation Topology [2:0]
___________________________
From 	  To 		Length
___________________________
  0	 | 	2	 | 	28,64
  0	 | 	5	 | 	9,06
  0	 | 	6	 | 	30,02
  1	 | 	15	 | 	6,40
  1	 | 	17	 | 	27,02
  2	 | 	19	 | 	7,21
  3	 | 	10	 | 	31,89
  3	 | 	18	 | 	30,36
  4	 | 	6	 | 	14,87
  4	 | 	16	 | 	22,80
  7	 | 	8	 | 	8,06
  7	 | 	11	 | 	19,31
  8	 | 	18	 | 	18,38
  9	 | 	11	 | 	8,60
  9	 | 	15	 | 	22,36
  10	 | 	19	 | 	9,85
  12	 | 	13	 | 	36,06
  12	 | 	14	 | 	18,60
  13	 | 	16	 | 	17,12
  14	 | 	17	 | 	13,04
___________________________
