Simulation Topology 1
___________________________
Simulation Topology 2
___________________________
[25]				[39]		
[39]				[10]		
[31]				[33]		
[6]				[33]		
[2]				[30]		
[26]				[28]		
[38]				[7]		
[16]				[31]		
[23]				[32]		
[20]				[34]		
[4]				[4]		
[13]				[22]		
[13]				[7]		
[35]				[30]		
[22]				[19]		
[16]				[38]		
[18]				[14]		
[37]				[35]		
[29]				[21]		
[14]				[9]		
___________________________
Simulation Topology [2:0]
___________________________
From 	  To 		Length
___________________________
  0	 | 	10	 | 	40,82
  0	 | 	19	 | 	31,95
  1	 | 	2	 | 	24,35
  1	 | 	3	 | 	40,22
  2	 | 	16	 | 	23,02
  3	 | 	8	 | 	17,03
  4	 | 	7	 | 	14,04
  4	 | 	14	 | 	22,83
  5	 | 	7	 | 	10,44
  5	 | 	10	 | 	32,56
  6	 | 	14	 | 	20,00
  6	 | 	17	 | 	28,02
  8	 | 	18	 | 	12,53
  9	 | 	15	 | 	5,66
  9	 | 	16	 | 	20,10
  11	 | 	12	 | 	15,00
  11	 | 	15	 | 	16,28
  12	 | 	13	 | 	31,83
  13	 | 	17	 | 	5,39
  18	 | 	19	 | 	19,21
___________________________
