Simulation Topology 1
___________________________
Simulation Topology 2
___________________________
[6]				[5]		
[4]				[33]		
[14]				[31]		
[20]				[22]		
[18]				[33]		
[29]				[28]		
[33]				[6]		
[19]				[13]		
[14]				[22]		
[9]				[32]		
[29]				[0]		
[9]				[4]		
[38]				[29]		
[33]				[13]		
[12]				[4]		
[21]				[37]		
[8]				[34]		
[1]				[12]		
[38]				[37]		
[7]				[28]		
[32]				[37]		
[8]				[36]		
[37]				[26]		
[25]				[8]		
[20]				[4]		
[15]				[6]		
[30]				[19]		
[39]				[34]		
[9]				[28]		
[18]				[19]		
[13]				[12]		
[10]				[30]		
[30]				[15]		
[6]				[37]		
[23]				[37]		
[0]				[0]		
[4]				[22]		
[10]				[7]		
[0]				[37]		
[4]				[16]		
[18]				[24]		
[39]				[18]		
[21]				[6]		
[27]				[15]		
[20]				[16]		
[3]				[18]		
[24]				[21]		
[10]				[21]		
[3]				[1]		
[16]				[37]		
[28]				[17]		
[22]				[9]		
[29]				[3]		
[23]				[29]		
[12]				[36]		
[4]				[14]		
[4]				[27]		
[26]				[35]		
[22]				[39]		
[34]				[34]		
[15]				[15]		
[10]				[23]		
[3]				[10]		
[13]				[0]		
[30]				[33]		
[18]				[5]		
[6]				[14]		
[30]				[12]		
[0]				[39]		
[0]				[19]		
[1]				[4]		
[19]				[11]		
[23]				[23]		
[11]				[1]		
[17]				[10]		
[17]				[35]		
[36]				[18]		
[25]				[39]		
[8]				[7]		
[12]				[14]		
[1]				[15]		
[24]				[25]		
[33]				[17]		
[38]				[23]		
[0]				[8]		
[35]				[1]		
[11]				[17]		
[37]				[4]		
[32]				[20]		
[22]				[34]		
[25]				[14]		
[27]				[21]		
[31]				[29]		
[16]				[21]		
[13]				[27]		
[21]				[25]		
[26]				[10]		
[14]				[20]		
[27]				[30]		
[1]				[24]		
___________________________
Simulation Topology [2:0]
___________________________
From 	  To 		Length
___________________________
  0	 | 	16	 | 	29,07
  0	 | 	39	 | 	11,18
  1	 | 	23	 | 	32,65
  1	 | 	43	 | 	29,21
  2	 | 	52	 | 	31,76
  2	 | 	70	 | 	29,97
  3	 | 	63	 | 	23,09
  3	 | 	88	 | 	12,17
  4	 | 	38	 | 	18,44
  4	 | 	66	 | 	22,47
  5	 | 	10	 | 	28,00
  5	 | 	41	 | 	14,14
  6	 | 	27	 | 	28,64
  6	 | 	81	 | 	21,02
  7	 | 	43	 | 	8,25
  7	 | 	62	 | 	16,28
  8	 | 	60	 | 	7,07
  8	 | 	93	 | 	2,24
  9	 | 	15	 | 	13,00
  9	 | 	77	 | 	17,46
  10	 | 	71	 | 	14,87
  11	 | 	24	 | 	11,00
  11	 | 	96	 | 	18,03
  12	 | 	47	 | 	29,12
  12	 | 	59	 | 	6,40
  13	 | 	17	 | 	32,02
  13	 | 	90	 | 	8,06
  14	 | 	25	 | 	3,61
  14	 | 	79	 | 	10,00
  15	 | 	65	 | 	32,14
  16	 | 	89	 | 	14,00
  17	 | 	52	 | 	29,41
  18	 | 	90	 | 	26,42
  18	 | 	93	 | 	27,20
  19	 | 	29	 | 	14,21
  19	 | 	40	 | 	11,70
  20	 | 	41	 | 	20,25
  20	 | 	84	 | 	43,19
  21	 | 	30	 | 	24,52
  21	 | 	94	 | 	10,30
  22	 | 	35	 | 	45,22
  22	 | 	64	 | 	9,90
  23	 | 	34	 | 	29,07
  24	 | 	61	 | 	21,47
  25	 | 	69	 | 	19,85
  26	 | 	40	 | 	13,00
  26	 | 	75	 | 	20,62
  27	 | 	50	 | 	20,25
  28	 | 	31	 | 	2,24
  28	 | 	48	 | 	27,66
  29	 | 	89	 | 	15,52
  30	 | 	69	 | 	14,76
  31	 | 	67	 | 	26,91
  32	 | 	44	 | 	10,05
  32	 | 	67	 | 	3,00
  33	 | 	81	 | 	21,63
  33	 | 	92	 | 	26,25
  34	 | 	66	 | 	28,60
  35	 | 	83	 | 	44,42
  36	 | 	45	 | 	4,12
  36	 | 	78	 | 	15,52
  37	 | 	53	 | 	25,55
  37	 | 	58	 | 	34,18
  38	 | 	68	 | 	2,00
  39	 | 	96	 | 	22,80
  42	 | 	73	 | 	11,18
  42	 | 	82	 | 	16,28
  44	 | 	62	 | 	18,03
  45	 | 	91	 | 	24,19
  46	 | 	56	 | 	20,88
  46	 | 	80	 | 	23,77
  47	 | 	55	 | 	9,22
  48	 | 	49	 | 	38,28
  49	 | 	98	 | 	13,04
  50	 | 	79	 | 	16,28
  51	 | 	84	 | 	22,02
  51	 | 	99	 | 	25,81
  53	 | 	71	 | 	18,44
  54	 | 	60	 | 	21,21
  54	 | 	68	 | 	12,37
  55	 | 	94	 | 	15,81
  56	 | 	75	 | 	15,26
  57	 | 	74	 | 	26,57
  57	 | 	85	 | 	35,17
  58	 | 	88	 | 	21,47
  59	 | 	95	 | 	15,81
  61	 | 	70	 | 	21,02
  63	 | 	86	 | 	17,12
  64	 | 	72	 | 	12,21
  65	 | 	91	 | 	18,36
  72	 | 	87	 | 	23,60
  73	 | 	87	 | 	26,17
  74	 | 	82	 | 	17,46
  76	 | 	85	 | 	17,03
  76	 | 	98	 | 	15,00
  77	 | 	99	 | 	28,30
  78	 | 	95	 | 	22,20
  80	 | 	86	 | 	10,20
  83	 | 	97	 | 	24,19
  92	 | 	97	 | 	19,24
___________________________
