Simulation Topology 1
___________________________
[8]				[2]		
[1]				[3]		
[7]				[5]		
[3]				[4]		
[7]				[8]		
___________________________
Simulation Topology [1:0]
___________________________
From 	  To 		Length
___________________________
  0	 | 	2	 | 	3,16
  0	 | 	4	 | 	6,08
  1	 | 	3	 | 	2,24
  1	 | 	4	 | 	7,81
  2	 | 	3	 | 	4,12
___________________________
Simulation Topology 2
___________________________
[2]				[9]		
[5]				[7]		
[8]				[8]		
[3]				[0]		
[3]				[6]		
___________________________
Simulation Topology [2:0]
___________________________
From 	  To 		Length
___________________________
  2	 | 	3	 | 	9,43
  1	 | 	4	 | 	2,24
  0	 | 	2	 | 	6,08
  0	 | 	3	 | 	9,06
  1	 | 	3	 | 	7,28
  2	 | 	4	 | 	5,39
___________________________
