Simulation Topology 1
___________________________
[7]				[2]		
[10]				[27]		
[9]				[11]		
[18]				[18]		
[21]				[4]		
[29]				[19]		
[11]				[20]		
[15]				[26]		
[7]				[31]		
[37]				[30]		
[28]				[9]		
[29]				[30]		
[34]				[39]		
[36]				[11]		
[16]				[17]		
[14]				[39]		
[24]				[28]		
[16]				[22]		
[2]				[10]		
[13]				[24]		
___________________________
Simulation Topology [1:0]
___________________________
From 	  To 		Length
___________________________
  0	 | 	2	 | 	9,22
  0	 | 	5	 | 	27,80
  1	 | 	9	 | 	27,17
  1	 | 	17	 | 	7,81
  2	 | 	8	 | 	20,10
  3	 | 	11	 | 	16,28
  3	 | 	13	 | 	19,31
  4	 | 	10	 | 	8,60
  4	 | 	15	 | 	35,69
  5	 | 	19	 | 	16,76
  6	 | 	11	 | 	20,59
  6	 | 	12	 | 	29,83
  7	 | 	10	 | 	21,40
  7	 | 	14	 | 	9,06
  8	 | 	13	 | 	35,23
  9	 | 	16	 | 	13,15
  12	 | 	18	 | 	43,19
  14	 | 	17	 | 	5,00
  15	 | 	18	 | 	31,38
  16	 | 	19	 | 	11,70
___________________________
Simulation Topology 2
___________________________
[32]				[13]		
[12]				[31]		
[26]				[30]		
[9]				[24]		
[14]				[26]		
[36]				[12]		
[31]				[25]		
[3]				[22]		
[14]				[16]		
[26]				[1]		
[13]				[24]		
[19]				[23]		
[7]				[28]		
[6]				[11]		
[12]				[7]		
[16]				[1]		
[0]				[15]		
[0]				[4]		
[9]				[37]		
[31]				[38]		
___________________________
Simulation Topology [2:0]
___________________________
From 	  To 		Length
___________________________
  16	 | 	19	 | 	38,60
  15	 | 	18	 | 	36,67
  14	 | 	17	 | 	12,37
  12	 | 	18	 | 	9,22
  9	 | 	16	 | 	29,53
  8	 | 	13	 | 	9,43
  7	 | 	14	 | 	17,49
  7	 | 	10	 | 	10,20
  6	 | 	12	 | 	24,19
  6	 | 	11	 | 	12,17
  0	 | 	4	 | 	22,20
  0	 | 	12	 | 	29,15
  1	 | 	6	 | 	19,92
  1	 | 	10	 | 	7,07
  2	 | 	11	 | 	9,90
  2	 | 	17	 | 	36,77
  3	 | 	8	 | 	9,43
  3	 | 	11	 | 	10,05
  4	 | 	13	 | 	17,00
  5	 | 	7	 | 	34,48
  5	 | 	9	 | 	14,87
  6	 | 	13	 | 	28,65
  7	 | 	18	 | 	16,16
  8	 | 	15	 | 	15,13
  9	 | 	14	 | 	15,23
  10	 | 	16	 | 	15,81
  14	 | 	19	 | 	36,36
  15	 | 	19	 | 	39,92
  16	 | 	17	 | 	11,00
___________________________
