Simulation Topology 1
___________________________
[13]				[12]		
[29]				[4]		
[8]				[32]		
[21]				[25]		
[17]				[13]		
[19]				[5]		
[23]				[38]		
[2]				[25]		
[33]				[8]		
[33]				[15]		
[36]				[25]		
[9]				[11]		
[39]				[20]		
[27]				[17]		
[34]				[17]		
[26]				[23]		
[30]				[24]		
[10]				[17]		
[30]				[32]		
[33]				[26]		
___________________________
Simulation Topology [1:0]
___________________________
From 	  To 		Length
___________________________
  0	 | 	15	 | 	17,03
  0	 | 	17	 | 	5,83
  1	 | 	6	 | 	34,53
  1	 | 	16	 | 	20,02
  2	 | 	7	 | 	9,22
  2	 | 	10	 | 	28,86
  3	 | 	9	 | 	15,62
  3	 | 	14	 | 	15,26
  4	 | 	11	 | 	8,25
  4	 | 	13	 | 	10,77
  5	 | 	6	 | 	33,24
  5	 | 	12	 | 	25,00
  7	 | 	14	 | 	32,98
  8	 | 	11	 | 	24,19
  8	 | 	17	 | 	24,70
  9	 | 	16	 | 	9,49
  10	 | 	15	 | 	10,20
  12	 | 	18	 | 	15,00
  13	 | 	19	 | 	10,82
  18	 | 	19	 | 	6,71
___________________________
Simulation Topology 2
___________________________
[22]				[37]		
[37]				[39]		
[39]				[7]		
[35]				[35]		
[3]				[27]		
[1]				[23]		
[6]				[29]		
[32]				[1]		
[24]				[21]		
[13]				[21]		
[28]				[17]		
[35]				[9]		
[30]				[12]		
[39]				[32]		
[15]				[10]		
[2]				[20]		
[6]				[23]		
[17]				[12]		
[37]				[2]		
[30]				[22]		
___________________________
Simulation Topology [2:0]
___________________________
From 	  To 		Length
___________________________
  18	 | 	19	 | 	21,19
  13	 | 	19	 | 	13,45
  12	 | 	18	 | 	12,21
  10	 | 	15	 | 	26,17
  9	 | 	16	 | 	7,28
  8	 | 	17	 | 	11,40
  8	 | 	11	 | 	16,28
  7	 | 	14	 | 	19,24
  5	 | 	12	 | 	31,02
  5	 | 	6	 | 	7,81
  0	 | 	5	 | 	25,24
  0	 | 	17	 | 	25,50
  1	 | 	7	 | 	38,33
  1	 | 	14	 | 	36,40
  2	 | 	13	 | 	25,00
  2	 | 	14	 | 	24,19
  3	 | 	4	 | 	32,98
  3	 | 	13	 | 	5,00
  4	 | 	19	 | 	27,46
  5	 | 	10	 | 	27,66
  6	 | 	9	 | 	10,63
  6	 | 	11	 | 	35,23
  7	 | 	8	 | 	21,54
  8	 | 	15	 | 	22,02
  9	 | 	15	 | 	11,05
  10	 | 	12	 | 	5,39
  11	 | 	12	 | 	5,83
  16	 | 	17	 | 	15,56
  16	 | 	18	 | 	37,44
___________________________
