Simulation Topology 1
___________________________
[2]				[9]		
[2]				[7]		
[7]				[8]		
[7]				[5]		
[8]				[0]		
___________________________
Simulation Topology [1:0]
___________________________
From 	  To 		Length
___________________________
  0	 | 	1	 | 	2,00
  0	 | 	2	 | 	5,10
  1	 | 	3	 | 	5,39
  2	 | 	4	 | 	8,06
  3	 | 	4	 | 	5,10
___________________________
Simulation Topology 2
___________________________
[8]				[4]		
[2]				[2]		
[0]				[5]		
[5]				[2]		
[3]				[8]		
___________________________
Simulation Topology [2:0]
___________________________
From 	  To 		Length
___________________________
  3	 | 	4	 | 	6,32
  2	 | 	4	 | 	4,24
  0	 | 	3	 | 	3,61
  0	 | 	4	 | 	6,40
  1	 | 	2	 | 	3,61
  1	 | 	4	 | 	6,08
  2	 | 	3	 | 	5,83
___________________________
