Simulation Topology 1
___________________________
[32]				[19]		
[26]				[27]		
[29]				[1]		
[15]				[1]		
[4]				[17]		
[19]				[30]		
[21]				[22]		
[36]				[2]		
[8]				[18]		
[17]				[26]		
[2]				[39]		
[10]				[26]		
[14]				[5]		
[23]				[0]		
[17]				[31]		
[37]				[8]		
[39]				[7]		
[28]				[26]		
[1]				[2]		
[20]				[19]		
___________________________
Simulation Topology [1:0]
___________________________
From 	  To 		Length
___________________________
  0	 | 	14	 | 	19,21
  0	 | 	17	 | 	8,06
  1	 | 	7	 | 	26,93
  1	 | 	16	 | 	23,85
  2	 | 	6	 | 	22,47
  2	 | 	17	 | 	25,02
  3	 | 	8	 | 	18,38
  3	 | 	13	 | 	8,06
  4	 | 	7	 | 	35,34
  4	 | 	9	 | 	15,81
  5	 | 	13	 | 	30,27
  5	 | 	19	 | 	11,05
  6	 | 	10	 | 	25,50
  8	 | 	14	 | 	15,81
  9	 | 	10	 | 	19,85
  11	 | 	12	 | 	21,38
  11	 | 	18	 | 	25,63
  12	 | 	15	 | 	23,19
  15	 | 	19	 | 	20,25
  16	 | 	18	 | 	38,33
___________________________
Simulation Topology 2
___________________________
[21]				[32]		
[11]				[0]		
[7]				[17]		
[2]				[10]		
[3]				[29]		
[24]				[37]		
[25]				[32]		
[8]				[22]		
[39]				[11]		
[20]				[8]		
[8]				[31]		
[7]				[35]		
[18]				[28]		
[22]				[11]		
[25]				[7]		
[13]				[33]		
[1]				[31]		
[28]				[30]		
[10]				[30]		
[20]				[20]		
___________________________
Simulation Topology [2:0]
___________________________
From 	  To 		Length
___________________________
  16	 | 	18	 | 	9,06
  15	 | 	19	 | 	14,76
  12	 | 	15	 | 	7,07
  11	 | 	18	 | 	5,83
  11	 | 	12	 | 	13,04
  9	 | 	10	 | 	25,94
  8	 | 	14	 | 	14,56
  6	 | 	10	 | 	17,03
  5	 | 	19	 | 	17,46
  5	 | 	13	 | 	26,08
  0	 | 	2	 | 	20,52
  0	 | 	8	 | 	27,66
  1	 | 	10	 | 	31,14
  1	 | 	11	 | 	35,23
  2	 | 	16	 | 	15,23
  3	 | 	17	 | 	32,80
  3	 | 	18	 | 	21,54
  4	 | 	8	 | 	40,25
  4	 | 	12	 | 	15,03
  5	 | 	9	 | 	29,27
  5	 | 	15	 | 	11,70
  6	 | 	18	 | 	15,13
  6	 | 	19	 | 	13,00
  7	 | 	12	 | 	11,66
  7	 | 	14	 | 	22,67
  9	 | 	16	 | 	29,83
  10	 | 	14	 | 	29,41
  11	 | 	19	 | 	19,85
  13	 | 	15	 | 	23,77
  13	 | 	17	 | 	19,92
___________________________
