Simulation Topology 1
___________________________
[18]				[35]		
[13]				[12]		
[33]				[24]		
[24]				[25]		
[2]				[1]		
[17]				[27]		
[20]				[33]		
[18]				[19]		
[7]				[30]		
[32]				[13]		
[0]				[37]		
[5]				[25]		
[28]				[11]		
[6]				[8]		
[5]				[15]		
[38]				[1]		
[29]				[38]		
[35]				[10]		
[32]				[18]		
[8]				[25]		
___________________________
Simulation Topology [1:0]
___________________________
From 	  To 		Length
___________________________
  0	 | 	12	 | 	26,00
  0	 | 	17	 | 	30,23
  1	 | 	7	 | 	8,60
  1	 | 	11	 | 	15,26
  2	 | 	3	 | 	9,06
  2	 | 	15	 | 	23,54
  3	 | 	7	 | 	8,49
  4	 | 	5	 | 	30,02
  4	 | 	19	 | 	24,74
  5	 | 	10	 | 	19,72
  6	 | 	16	 | 	10,30
  6	 | 	17	 | 	27,46
  8	 | 	13	 | 	22,02
  8	 | 	19	 | 	5,10
  9	 | 	13	 | 	26,48
  9	 | 	14	 | 	27,07
  10	 | 	18	 | 	37,22
  11	 | 	16	 | 	27,29
  12	 | 	18	 | 	8,06
  14	 | 	15	 | 	35,85
___________________________
Simulation Topology 2
___________________________
[34]				[21]		
[9]				[6]		
[32]				[2]		
[17]				[35]		
[3]				[36]		
[15]				[31]		
[7]				[28]		
[2]				[27]		
[33]				[33]		
[11]				[27]		
[15]				[29]		
[39]				[20]		
[17]				[29]		
[38]				[30]		
[20]				[33]		
[37]				[7]		
[5]				[32]		
[26]				[36]		
[37]				[26]		
[15]				[1]		
___________________________
Simulation Topology [2:0]
___________________________
From 	  To 		Length
___________________________
  14	 | 	15	 | 	31,06
  12	 | 	18	 | 	20,22
  11	 | 	16	 | 	36,06
  10	 | 	18	 | 	22,20
  9	 | 	14	 | 	10,82
  9	 | 	13	 | 	27,17
  8	 | 	19	 | 	36,72
  8	 | 	13	 | 	5,83
  6	 | 	17	 | 	20,62
  6	 | 	16	 | 	4,47
  0	 | 	15	 | 	14,32
  0	 | 	19	 | 	27,59
  1	 | 	13	 | 	37,64
  1	 | 	18	 | 	34,41
  2	 | 	3	 | 	36,25
  2	 | 	4	 | 	44,69
  3	 | 	7	 | 	17,00
  4	 | 	17	 | 	23,00
  5	 | 	6	 | 	8,54
  5	 | 	17	 | 	12,08
  6	 | 	11	 | 	32,98
  7	 | 	10	 | 	13,15
  8	 | 	14	 | 	13,00
  8	 | 	16	 | 	28,02
  9	 | 	12	 | 	6,32
  10	 | 	19	 | 	28,00
  11	 | 	18	 | 	6,32
  12	 | 	16	 | 	12,37
___________________________
