Simulation Topology 1
___________________________
[5]				[1]		
[8]				[2]		
[6]				[3]		
[4]				[0]		
[8]				[0]		
[5]				[2]		
[5]				[0]		
[0]				[3]		
[2]				[0]		
[2]				[1]		
[5]				[3]		
[7]				[3]		
[7]				[1]		
[6]				[0]		
[0]				[2]		
[7]				[0]		
[3]				[2]		
[3]				[1]		
[3]				[3]		
[1]				[7]		
___________________________
Simulation Topology [1:0]
___________________________
From 	  To 		Length
___________________________
  0	 | 	2	 | 	2,24
  0	 | 	18	 | 	2,83
  0	 | 	19	 | 	7,21
  1	 | 	5	 | 	3,00
  1	 | 	12	 | 	1,41
  2	 | 	8	 | 	5,00
  3	 | 	4	 | 	4,00
  3	 | 	10	 | 	3,16
  4	 | 	15	 | 	1,00
  5	 | 	9	 | 	3,16
  6	 | 	13	 | 	1,00
  6	 | 	15	 | 	2,00
  7	 | 	13	 | 	6,71
  7	 | 	17	 | 	3,61
  8	 | 	11	 | 	5,83
  9	 | 	10	 | 	3,61
  11	 | 	14	 | 	7,07
  12	 | 	16	 | 	4,12
  14	 | 	17	 | 	3,16
  16	 | 	18	 | 	1,00
___________________________
Simulation Topology 2
___________________________
[9]				[0]		
[0]				[0]		
[8]				[3]		
[4]				[1]		
[6]				[1]		
[3]				[3]		
[0]				[1]		
[6]				[2]		
[5]				[3]		
[4]				[2]		
[3]				[0]		
[2]				[3]		
[3]				[1]		
[1]				[1]		
[2]				[1]		
[0]				[2]		
[7]				[0]		
[1]				[3]		
[4]				[3]		
[5]				[2]		
___________________________
Simulation Topology [2:0]
___________________________
From 	  To 		Length
___________________________
  16	 | 	18	 | 	4,24
  14	 | 	17	 | 	2,24
  12	 | 	16	 | 	4,12
  11	 | 	14	 | 	2,00
  9	 | 	10	 | 	2,24
  8	 | 	11	 | 	3,00
  7	 | 	17	 | 	5,10
  7	 | 	13	 | 	5,10
  6	 | 	15	 | 	1,00
  6	 | 	13	 | 	1,00
  0	 | 	6	 | 	9,06
  0	 | 	16	 | 	2,00
  1	 | 	4	 | 	6,08
  1	 | 	14	 | 	2,24
  2	 | 	5	 | 	5,00
  2	 | 	18	 | 	4,00
  3	 | 	6	 | 	4,00
  3	 | 	19	 | 	1,41
  4	 | 	9	 | 	2,24
  5	 | 	9	 | 	1,41
  7	 | 	10	 | 	3,61
  7	 | 	15	 | 	6,00
  8	 | 	16	 | 	3,61
  8	 | 	17	 | 	4,00
  10	 | 	13	 | 	2,24
  11	 | 	12	 | 	2,24
  11	 | 	18	 | 	2,00
  12	 | 	15	 | 	3,16
  13	 | 	17	 | 	2,00
  14	 | 	19	 | 	3,16
___________________________
