Simulation Topology 1
___________________________
[2]				[0]		
[1]				[6]		
[9]				[14]		
[5]				[18]		
[1]				[18]		
[5]				[16]		
[8]				[16]		
[6]				[22]		
[5]				[20]		
[5]				[25]		
[2]				[24]		
[2]				[31]		
[3]				[34]		
[8]				[35]		
[0]				[33]		
[6]				[33]		
[8]				[37]		
[5]				[39]		
[2]				[37]		
[12]				[1]		
___________________________
Simulation Topology [1:8]
___________________________
From 	  To 		Length
___________________________
  0	 | 	2	 | 	15,65
  0	 | 	3	 | 	18,25
  0	 | 	8	 | 	20,22
  1	 | 	2	 | 	11,31
  1	 | 	3	 | 	12,65
  1	 | 	5	 | 	10,77
  1	 | 	14	 | 	27,02
  2	 | 	7	 | 	8,54
  3	 | 	11	 | 	13,34
  3	 | 	15	 | 	15,03
  4	 | 	5	 | 	4,47
  4	 | 	9	 | 	8,06
  4	 | 	17	 | 	21,38
  5	 | 	9	 | 	9,00
  5	 | 	12	 | 	18,11
  6	 | 	7	 | 	6,32
  6	 | 	8	 | 	5,00
  6	 | 	18	 | 	21,84
  6	 | 	19	 | 	15,52
  7	 | 	18	 | 	15,52
  8	 | 	9	 | 	5,00
  8	 | 	11	 | 	11,40
  9	 | 	10	 | 	3,16
  10	 | 	11	 | 	7,00
  10	 | 	18	 | 	13,00
  12	 | 	13	 | 	5,10
  12	 | 	14	 | 	3,16
  12	 | 	19	 | 	34,21
  13	 | 	14	 | 	8,25
  13	 | 	15	 | 	2,83
  13	 | 	16	 | 	2,00
  14	 | 	18	 | 	4,47
___________________________
Simulation Topology [1:9]
___________________________
From 	  To 		Length
___________________________
  0	 | 	2	 | 	15,65
  0	 | 	3	 | 	18,25
  0	 | 	8	 | 	20,22
  1	 | 	2	 | 	11,31
  1	 | 	3	 | 	12,65
  1	 | 	5	 | 	10,77
  1	 | 	14	 | 	27,02
  2	 | 	7	 | 	8,54
  3	 | 	11	 | 	13,34
  3	 | 	15	 | 	15,03
  4	 | 	5	 | 	4,47
  4	 | 	9	 | 	8,06
  4	 | 	17	 | 	21,38
  5	 | 	9	 | 	9,00
  5	 | 	12	 | 	18,11
  6	 | 	7	 | 	6,32
  6	 | 	8	 | 	5,00
  6	 | 	18	 | 	21,84
  6	 | 	19	 | 	15,52
  7	 | 	18	 | 	15,52
  8	 | 	9	 | 	5,00
  8	 | 	11	 | 	11,40
  9	 | 	10	 | 	3,16
  10	 | 	11	 | 	7,00
  10	 | 	18	 | 	13,00
  12	 | 	13	 | 	5,10
  12	 | 	14	 | 	3,16
  12	 | 	19	 | 	34,21
  13	 | 	14	 | 	8,25
  13	 | 	15	 | 	2,83
  13	 | 	16	 | 	2,00
  14	 | 	18	 | 	4,47
  11	 | 	15	 | 	4,47
___________________________
Simulation Topology 2
___________________________
[0]				[8]		
[5]				[12]		
[3]				[15]		
[2]				[17]		
[0]				[18]		
[1]				[22]		
[5]				[26]		
[2]				[26]		
[7]				[28]		
[3]				[37]		
[7]				[39]		
[1]				[37]		
[13]				[2]		
[13]				[7]		
[16]				[4]		
[11]				[5]		
[15]				[7]		
[13]				[9]		
[18]				[13]		
[16]				[14]		
___________________________
Simulation Topology [2:0]
___________________________
From 	  To 		Length
___________________________
  11	 | 	15	 | 	33,53
  14	 | 	18	 | 	9,22
  13	 | 	16	 | 	2,00
  13	 | 	15	 | 	2,83
  13	 | 	14	 | 	4,24
  12	 | 	19	 | 	12,37
  12	 | 	14	 | 	3,61
  12	 | 	13	 | 	5,00
  10	 | 	18	 | 	28,23
  10	 | 	11	 | 	6,32
  9	 | 	10	 | 	4,47
  8	 | 	11	 | 	10,82
  8	 | 	9	 | 	9,85
  7	 | 	18	 | 	20,62
  6	 | 	19	 | 	16,28
  6	 | 	18	 | 	18,38
  0	 | 	1	 | 	6,40
  0	 | 	10	 | 	31,78
  0	 | 	15	 | 	11,40
  1	 | 	2	 | 	3,61
  1	 | 	9	 | 	25,08
  1	 | 	13	 | 	9,43
  2	 | 	3	 | 	2,24
  2	 | 	19	 | 	13,04
  3	 | 	7	 | 	9,00
  4	 | 	5	 | 	4,12
  4	 | 	16	 | 	18,60
  5	 | 	14	 | 	23,43
  6	 | 	7	 | 	3,00
  6	 | 	8	 | 	2,83
  7	 | 	8	 | 	5,39
  8	 | 	14	 | 	25,63
  9	 | 	12	 | 	36,40
  10	 | 	13	 | 	32,56
  11	 | 	12	 | 	37,00
  16	 | 	17	 | 	2,83
___________________________
Simulation Topology [2:1]
___________________________
From 	  To 		Length
___________________________
  11	 | 	15	 | 	33,53
  14	 | 	18	 | 	9,22
  13	 | 	16	 | 	2,00
  13	 | 	15	 | 	2,83
  13	 | 	14	 | 	4,24
  12	 | 	19	 | 	12,37
  12	 | 	14	 | 	3,61
  12	 | 	13	 | 	5,00
  10	 | 	18	 | 	28,23
  10	 | 	11	 | 	6,32
  9	 | 	10	 | 	4,47
  8	 | 	11	 | 	10,82
  8	 | 	9	 | 	9,85
  7	 | 	18	 | 	20,62
  6	 | 	19	 | 	16,28
  6	 | 	18	 | 	18,38
  0	 | 	1	 | 	6,40
  0	 | 	10	 | 	31,78
  0	 | 	15	 | 	11,40
  1	 | 	2	 | 	3,61
  1	 | 	9	 | 	25,08
  1	 | 	13	 | 	9,43
  2	 | 	3	 | 	2,24
  2	 | 	19	 | 	13,04
  3	 | 	7	 | 	9,00
  4	 | 	5	 | 	4,12
  4	 | 	16	 | 	18,60
  5	 | 	14	 | 	23,43
  6	 | 	7	 | 	3,00
  6	 | 	8	 | 	2,83
  7	 | 	8	 | 	5,39
  8	 | 	14	 | 	25,63
  9	 | 	12	 | 	36,40
  10	 | 	13	 | 	32,56
  11	 | 	12	 | 	37,00
  16	 | 	17	 | 	2,83
  2	 | 	11	 | 	22,09
___________________________
Simulation Topology [2:2]
___________________________
From 	  To 		Length
___________________________
  11	 | 	15	 | 	33,53
  14	 | 	18	 | 	9,22
  13	 | 	16	 | 	2,00
  13	 | 	15	 | 	2,83
  13	 | 	14	 | 	4,24
  12	 | 	19	 | 	12,37
  12	 | 	14	 | 	3,61
  12	 | 	13	 | 	5,00
  10	 | 	18	 | 	28,23
  10	 | 	11	 | 	6,32
  9	 | 	10	 | 	4,47
  8	 | 	11	 | 	10,82
  8	 | 	9	 | 	9,85
  7	 | 	18	 | 	20,62
  6	 | 	19	 | 	16,28
  6	 | 	18	 | 	18,38
  0	 | 	1	 | 	6,40
  0	 | 	10	 | 	31,78
  0	 | 	15	 | 	11,40
  1	 | 	2	 | 	3,61
  1	 | 	9	 | 	25,08
  1	 | 	13	 | 	9,43
  2	 | 	3	 | 	2,24
  2	 | 	19	 | 	13,04
  3	 | 	7	 | 	9,00
  4	 | 	5	 | 	4,12
  4	 | 	16	 | 	18,60
  5	 | 	14	 | 	23,43
  6	 | 	7	 | 	3,00
  6	 | 	8	 | 	2,83
  7	 | 	8	 | 	5,39
  8	 | 	14	 | 	25,63
  9	 | 	12	 | 	36,40
  10	 | 	13	 | 	32,56
  11	 | 	12	 | 	37,00
  16	 | 	17	 | 	2,83
  2	 | 	11	 | 	22,09
___________________________
Simulation Topology [2:3]
___________________________
From 	  To 		Length
___________________________
  11	 | 	15	 | 	33,53
  14	 | 	18	 | 	9,22
  13	 | 	16	 | 	2,00
  13	 | 	15	 | 	2,83
  13	 | 	14	 | 	4,24
  12	 | 	19	 | 	12,37
  12	 | 	14	 | 	3,61
  12	 | 	13	 | 	5,00
  10	 | 	18	 | 	28,23
  10	 | 	11	 | 	6,32
  9	 | 	10	 | 	4,47
  8	 | 	11	 | 	10,82
  8	 | 	9	 | 	9,85
  7	 | 	18	 | 	20,62
  6	 | 	19	 | 	16,28
  6	 | 	18	 | 	18,38
  0	 | 	1	 | 	6,40
  0	 | 	10	 | 	31,78
  0	 | 	15	 | 	11,40
  1	 | 	2	 | 	3,61
  1	 | 	9	 | 	25,08
  1	 | 	13	 | 	9,43
  2	 | 	3	 | 	2,24
  2	 | 	19	 | 	13,04
  3	 | 	7	 | 	9,00
  4	 | 	5	 | 	4,12
  4	 | 	16	 | 	18,60
  5	 | 	14	 | 	23,43
  6	 | 	7	 | 	3,00
  6	 | 	8	 | 	2,83
  7	 | 	8	 | 	5,39
  8	 | 	14	 | 	25,63
  9	 | 	12	 | 	36,40
  10	 | 	13	 | 	32,56
  11	 | 	12	 | 	37,00
  16	 | 	17	 | 	2,83
  2	 | 	11	 | 	22,09
  14	 | 	17	 | 	5,83
___________________________
Simulation Topology [2:4]
___________________________
From 	  To 		Length
___________________________
  11	 | 	15	 | 	33,53
  14	 | 	18	 | 	9,22
  13	 | 	16	 | 	2,00
  13	 | 	15	 | 	2,83
  13	 | 	14	 | 	4,24
  12	 | 	19	 | 	12,37
  12	 | 	14	 | 	3,61
  12	 | 	13	 | 	5,00
  10	 | 	18	 | 	28,23
  10	 | 	11	 | 	6,32
  9	 | 	10	 | 	4,47
  8	 | 	11	 | 	10,82
  8	 | 	9	 | 	9,85
  7	 | 	18	 | 	20,62
  6	 | 	19	 | 	16,28
  6	 | 	18	 | 	18,38
  0	 | 	1	 | 	6,40
  0	 | 	10	 | 	31,78
  0	 | 	15	 | 	11,40
  1	 | 	2	 | 	3,61
  1	 | 	9	 | 	25,08
  1	 | 	13	 | 	9,43
  2	 | 	3	 | 	2,24
  2	 | 	19	 | 	13,04
  3	 | 	7	 | 	9,00
  4	 | 	5	 | 	4,12
  4	 | 	16	 | 	18,60
  5	 | 	14	 | 	23,43
  6	 | 	7	 | 	3,00
  6	 | 	8	 | 	2,83
  7	 | 	8	 | 	5,39
  8	 | 	14	 | 	25,63
  9	 | 	12	 | 	36,40
  10	 | 	13	 | 	32,56
  11	 | 	12	 | 	37,00
  16	 | 	17	 | 	2,83
  2	 | 	11	 | 	22,09
  14	 | 	17	 | 	5,83
  16	 | 	18	 | 	6,71
___________________________
Simulation Topology [2:5]
___________________________
From 	  To 		Length
___________________________
  11	 | 	15	 | 	33,53
  14	 | 	18	 | 	9,22
  13	 | 	16	 | 	2,00
  13	 | 	15	 | 	2,83
  13	 | 	14	 | 	4,24
  12	 | 	19	 | 	12,37
  12	 | 	14	 | 	3,61
  12	 | 	13	 | 	5,00
  10	 | 	18	 | 	28,23
  10	 | 	11	 | 	6,32
  9	 | 	10	 | 	4,47
  8	 | 	11	 | 	10,82
  8	 | 	9	 | 	9,85
  7	 | 	18	 | 	20,62
  6	 | 	19	 | 	16,28
  6	 | 	18	 | 	18,38
  0	 | 	1	 | 	6,40
  0	 | 	10	 | 	31,78
  0	 | 	15	 | 	11,40
  1	 | 	2	 | 	3,61
  1	 | 	9	 | 	25,08
  1	 | 	13	 | 	9,43
  2	 | 	3	 | 	2,24
  2	 | 	19	 | 	13,04
  3	 | 	7	 | 	9,00
  4	 | 	5	 | 	4,12
  4	 | 	16	 | 	18,60
  5	 | 	14	 | 	23,43
  6	 | 	7	 | 	3,00
  6	 | 	8	 | 	2,83
  7	 | 	8	 | 	5,39
  8	 | 	14	 | 	25,63
  9	 | 	12	 | 	36,40
  10	 | 	13	 | 	32,56
  11	 | 	12	 | 	37,00
  16	 | 	17	 | 	2,83
  2	 | 	11	 | 	22,09
  14	 | 	17	 | 	5,83
  16	 | 	18	 | 	6,71
  4	 | 	9	 | 	19,24
___________________________
Simulation Topology [2:6]
___________________________
From 	  To 		Length
___________________________
  11	 | 	15	 | 	33,53
  14	 | 	18	 | 	9,22
  13	 | 	16	 | 	2,00
  13	 | 	15	 | 	2,83
  13	 | 	14	 | 	4,24
  12	 | 	19	 | 	12,37
  12	 | 	14	 | 	3,61
  12	 | 	13	 | 	5,00
  10	 | 	18	 | 	28,23
  10	 | 	11	 | 	6,32
  9	 | 	10	 | 	4,47
  8	 | 	11	 | 	10,82
  8	 | 	9	 | 	9,85
  7	 | 	18	 | 	20,62
  6	 | 	19	 | 	16,28
  6	 | 	18	 | 	18,38
  0	 | 	1	 | 	6,40
  0	 | 	10	 | 	31,78
  0	 | 	15	 | 	11,40
  1	 | 	2	 | 	3,61
  1	 | 	9	 | 	25,08
  1	 | 	13	 | 	9,43
  2	 | 	3	 | 	2,24
  2	 | 	19	 | 	13,04
  3	 | 	7	 | 	9,00
  4	 | 	5	 | 	4,12
  4	 | 	16	 | 	18,60
  5	 | 	14	 | 	23,43
  6	 | 	7	 | 	3,00
  6	 | 	8	 | 	2,83
  7	 | 	8	 | 	5,39
  8	 | 	14	 | 	25,63
  9	 | 	12	 | 	36,40
  10	 | 	13	 | 	32,56
  11	 | 	12	 | 	37,00
  16	 | 	17	 | 	2,83
  2	 | 	11	 | 	22,09
  14	 | 	17	 | 	5,83
  16	 | 	18	 | 	6,71
  4	 | 	9	 | 	19,24
  8	 | 	13	 | 	21,84
___________________________
Simulation Topology [2:7]
___________________________
From 	  To 		Length
___________________________
  11	 | 	15	 | 	33,53
  14	 | 	18	 | 	9,22
  13	 | 	16	 | 	2,00
  13	 | 	15	 | 	2,83
  13	 | 	14	 | 	4,24
  12	 | 	19	 | 	12,37
  12	 | 	14	 | 	3,61
  12	 | 	13	 | 	5,00
  10	 | 	18	 | 	28,23
  10	 | 	11	 | 	6,32
  9	 | 	10	 | 	4,47
  8	 | 	11	 | 	10,82
  8	 | 	9	 | 	9,85
  7	 | 	18	 | 	20,62
  6	 | 	19	 | 	16,28
  6	 | 	18	 | 	18,38
  0	 | 	1	 | 	6,40
  0	 | 	10	 | 	31,78
  0	 | 	15	 | 	11,40
  1	 | 	2	 | 	3,61
  1	 | 	9	 | 	25,08
  1	 | 	13	 | 	9,43
  2	 | 	3	 | 	2,24
  2	 | 	19	 | 	13,04
  3	 | 	7	 | 	9,00
  4	 | 	5	 | 	4,12
  4	 | 	16	 | 	18,60
  5	 | 	14	 | 	23,43
  6	 | 	7	 | 	3,00
  6	 | 	8	 | 	2,83
  7	 | 	8	 | 	5,39
  8	 | 	14	 | 	25,63
  9	 | 	12	 | 	36,40
  10	 | 	13	 | 	32,56
  11	 | 	12	 | 	37,00
  16	 | 	17	 | 	2,83
  2	 | 	11	 | 	22,09
  14	 | 	17	 | 	5,83
  16	 | 	18	 | 	6,71
  4	 | 	9	 | 	19,24
  8	 | 	13	 | 	21,84
  7	 | 	12	 | 	26,40
___________________________
Simulation Topology [2:8]
___________________________
From 	  To 		Length
___________________________
  11	 | 	15	 | 	33,53
  14	 | 	18	 | 	9,22
  13	 | 	16	 | 	2,00
  13	 | 	15	 | 	2,83
  13	 | 	14	 | 	4,24
  12	 | 	19	 | 	12,37
  12	 | 	14	 | 	3,61
  12	 | 	13	 | 	5,00
  10	 | 	18	 | 	28,23
  10	 | 	11	 | 	6,32
  9	 | 	10	 | 	4,47
  8	 | 	11	 | 	10,82
  8	 | 	9	 | 	9,85
  7	 | 	18	 | 	20,62
  6	 | 	19	 | 	16,28
  6	 | 	18	 | 	18,38
  0	 | 	1	 | 	6,40
  0	 | 	10	 | 	31,78
  0	 | 	15	 | 	11,40
  1	 | 	2	 | 	3,61
  1	 | 	9	 | 	25,08
  1	 | 	13	 | 	9,43
  2	 | 	3	 | 	2,24
  2	 | 	19	 | 	13,04
  3	 | 	7	 | 	9,00
  4	 | 	5	 | 	4,12
  4	 | 	16	 | 	18,60
  5	 | 	14	 | 	23,43
  6	 | 	7	 | 	3,00
  6	 | 	8	 | 	2,83
  7	 | 	8	 | 	5,39
  8	 | 	14	 | 	25,63
  9	 | 	12	 | 	36,40
  10	 | 	13	 | 	32,56
  11	 | 	12	 | 	37,00
  16	 | 	17	 | 	2,83
  2	 | 	11	 | 	22,09
  14	 | 	17	 | 	5,83
  16	 | 	18	 | 	6,71
  4	 | 	9	 | 	19,24
  8	 | 	13	 | 	21,84
  7	 | 	12	 | 	26,40
  12	 | 	18	 | 	12,08
___________________________
Simulation Topology [2:9]
___________________________
From 	  To 		Length
___________________________
  11	 | 	15	 | 	33,53
  14	 | 	18	 | 	9,22
  13	 | 	16	 | 	2,00
  13	 | 	15	 | 	2,83
  13	 | 	14	 | 	4,24
  12	 | 	19	 | 	12,37
  12	 | 	14	 | 	3,61
  12	 | 	13	 | 	5,00
  10	 | 	18	 | 	28,23
  10	 | 	11	 | 	6,32
  9	 | 	10	 | 	4,47
  8	 | 	11	 | 	10,82
  8	 | 	9	 | 	9,85
  7	 | 	18	 | 	20,62
  6	 | 	19	 | 	16,28
  6	 | 	18	 | 	18,38
  0	 | 	1	 | 	6,40
  0	 | 	10	 | 	31,78
  0	 | 	15	 | 	11,40
  1	 | 	2	 | 	3,61
  1	 | 	9	 | 	25,08
  1	 | 	13	 | 	9,43
  2	 | 	3	 | 	2,24
  2	 | 	19	 | 	13,04
  3	 | 	7	 | 	9,00
  4	 | 	5	 | 	4,12
  4	 | 	16	 | 	18,60
  5	 | 	14	 | 	23,43
  6	 | 	7	 | 	3,00
  6	 | 	8	 | 	2,83
  7	 | 	8	 | 	5,39
  8	 | 	14	 | 	25,63
  9	 | 	12	 | 	36,40
  10	 | 	13	 | 	32,56
  11	 | 	12	 | 	37,00
  16	 | 	17	 | 	2,83
  2	 | 	11	 | 	22,09
  14	 | 	17	 | 	5,83
  16	 | 	18	 | 	6,71
  4	 | 	9	 | 	19,24
  8	 | 	13	 | 	21,84
  7	 | 	12	 | 	26,40
  12	 | 	18	 | 	12,08
  3	 | 	5	 | 	5,10
___________________________
