Simulation Topology 1
___________________________
[8]				[9]		
[37]				[36]		
[5]				[27]		
[23]				[18]		
[15]				[19]		
[25]				[12]		
[22]				[30]		
[23]				[22]		
[38]				[14]		
[24]				[27]		
[19]				[7]		
[6]				[38]		
[30]				[14]		
[33]				[21]		
[38]				[24]		
[38]				[38]		
[20]				[15]		
[31]				[20]		
[28]				[28]		
[18]				[11]		
___________________________
Simulation Topology [1:0]
___________________________
From 	  To 		Length
___________________________
  0	 | 	3	 | 	17,49
  0	 | 	9	 | 	24,08
  1	 | 	8	 | 	22,02
  1	 | 	12	 | 	23,09
  2	 | 	15	 | 	34,79
  2	 | 	17	 | 	26,93
  3	 | 	19	 | 	8,60
  4	 | 	10	 | 	12,65
  4	 | 	14	 | 	23,54
  5	 | 	7	 | 	10,20
  5	 | 	12	 | 	5,39
  6	 | 	9	 | 	3,61
  6	 | 	15	 | 	17,89
  7	 | 	18	 | 	7,81
  8	 | 	13	 | 	8,60
  10	 | 	18	 | 	22,85
  11	 | 	14	 | 	34,93
  11	 | 	16	 | 	26,93
  13	 | 	19	 | 	18,03
  16	 | 	17	 | 	12,08
___________________________
Simulation Topology 2
___________________________
[5]				[11]		
[14]				[17]		
[30]				[24]		
[27]				[22]		
[11]				[27]		
[10]				[36]		
[32]				[13]		
[1]				[28]		
[31]				[28]		
[34]				[18]		
[16]				[12]		
[36]				[13]		
[31]				[30]		
[34]				[4]		
[24]				[26]		
[15]				[25]		
[16]				[3]		
[18]				[6]		
[4]				[36]		
[1]				[20]		
___________________________
Simulation Topology [2:0]
___________________________
From 	  To 		Length
___________________________
  16	 | 	17	 | 	3,61
  13	 | 	19	 | 	36,67
  11	 | 	16	 | 	22,36
  11	 | 	14	 | 	17,69
  10	 | 	18	 | 	26,83
  8	 | 	13	 | 	24,19
  7	 | 	18	 | 	8,54
  6	 | 	15	 | 	20,81
  6	 | 	9	 | 	5,39
  5	 | 	12	 | 	21,84
  0	 | 	8	 | 	31,06
  0	 | 	17	 | 	13,93
  1	 | 	7	 | 	17,03
  1	 | 	15	 | 	8,06
  2	 | 	5	 | 	23,32
  2	 | 	8	 | 	4,12
  3	 | 	10	 | 	14,87
  3	 | 	13	 | 	19,31
  4	 | 	9	 | 	24,70
  4	 | 	15	 | 	4,47
  6	 | 	10	 | 	16,03
  6	 | 	18	 | 	36,24
  7	 | 	16	 | 	29,15
  9	 | 	19	 | 	33,06
  11	 | 	12	 | 	17,72
  13	 | 	17	 | 	16,12
  14	 | 	19	 | 	23,77
  16	 | 	18	 | 	35,11
___________________________
