Simulation Topology 1
___________________________
[4]				[10]		
[36]				[4]		
[19]				[39]		
[12]				[39]		
[32]				[12]		
[13]				[33]		
[32]				[18]		
[15]				[28]		
[4]				[15]		
[12]				[29]		
[19]				[31]		
[3]				[22]		
[10]				[24]		
[18]				[12]		
[25]				[33]		
[33]				[15]		
[33]				[25]		
[37]				[38]		
[21]				[2]		
[12]				[16]		
___________________________
Simulation Topology [1:0]
___________________________
From 	  To 		Length
___________________________
  0	 | 	2	 | 	32,65
  0	 | 	13	 | 	14,14
  1	 | 	7	 | 	31,89
  1	 | 	19	 | 	26,83
  2	 | 	19	 | 	24,04
  3	 | 	9	 | 	10,00
  3	 | 	14	 | 	14,32
  4	 | 	5	 | 	28,32
  4	 | 	8	 | 	28,16
  5	 | 	13	 | 	21,59
  6	 | 	10	 | 	18,38
  6	 | 	16	 | 	7,07
  7	 | 	17	 | 	24,17
  8	 | 	10	 | 	21,93
  9	 | 	16	 | 	21,38
  11	 | 	15	 | 	30,81
  11	 | 	18	 | 	26,91
  12	 | 	17	 | 	30,41
  12	 | 	18	 | 	24,60
  14	 | 	15	 | 	19,70
___________________________
Simulation Topology 2
___________________________
[35]				[27]		
[36]				[38]		
[20]				[30]		
[31]				[3]		
[31]				[21]		
[14]				[16]		
[20]				[20]		
[23]				[18]		
[29]				[34]		
[27]				[17]		
[25]				[0]		
[23]				[24]		
[22]				[33]		
[22]				[28]		
[39]				[19]		
[4]				[36]		
[13]				[5]		
[8]				[31]		
[17]				[31]		
[37]				[33]		
___________________________
Simulation Topology [2:0]
___________________________
From 	  To 		Length
___________________________
  14	 | 	15	 | 	38,91
  12	 | 	18	 | 	5,39
  12	 | 	17	 | 	14,14
  11	 | 	18	 | 	9,22
  11	 | 	15	 | 	22,47
  9	 | 	16	 | 	18,44
  8	 | 	10	 | 	34,23
  7	 | 	17	 | 	19,85
  6	 | 	16	 | 	16,55
  6	 | 	10	 | 	20,62
  0	 | 	3	 | 	24,33
  0	 | 	12	 | 	14,32
  1	 | 	4	 | 	17,72
  1	 | 	15	 | 	32,06
  2	 | 	8	 | 	9,85
  2	 | 	9	 | 	14,76
  3	 | 	15	 | 	42,64
  4	 | 	18	 | 	17,20
  5	 | 	10	 | 	19,42
  5	 | 	13	 | 	14,42
  6	 | 	7	 | 	3,61
  6	 | 	8	 | 	16,64
  7	 | 	10	 | 	18,11
  9	 | 	18	 | 	17,20
  11	 | 	16	 | 	21,47
  11	 | 	17	 | 	16,55
  13	 | 	14	 | 	19,24
  14	 | 	19	 | 	14,14
  16	 | 	19	 | 	36,88
___________________________
