Simulation Topology 1
___________________________
[2]				[22]		
[10]				[31]		
[25]				[1]		
[3]				[35]		
[7]				[17]		
[6]				[37]		
[12]				[34]		
[35]				[19]		
[18]				[36]		
[3]				[37]		
[26]				[8]		
[19]				[34]		
[10]				[39]		
[19]				[22]		
[12]				[23]		
[22]				[13]		
[3]				[17]		
[14]				[12]		
[32]				[36]		
[17]				[28]		
___________________________
Simulation Topology [1:0]
___________________________
From 	  To 		Length
___________________________
  0	 | 	11	 | 	20,81
  0	 | 	15	 | 	21,93
  1	 | 	10	 | 	28,02
  1	 | 	17	 | 	19,42
  2	 | 	12	 | 	40,85
  2	 | 	16	 | 	27,20
  3	 | 	5	 | 	3,61
  3	 | 	10	 | 	35,47
  4	 | 	9	 | 	20,40
  4	 | 	19	 | 	14,87
  5	 | 	8	 | 	12,04
  6	 | 	9	 | 	9,49
  6	 | 	18	 | 	20,10
  7	 | 	11	 | 	21,93
  7	 | 	16	 | 	32,06
  8	 | 	13	 | 	14,04
  12	 | 	17	 | 	27,29
  13	 | 	19	 | 	6,32
  14	 | 	15	 | 	14,14
  14	 | 	18	 | 	23,85
___________________________
Simulation Topology 2
___________________________
[4]				[6]		
[21]				[14]		
[4]				[28]		
[21]				[19]		
[23]				[11]		
[8]				[38]		
[21]				[35]		
[20]				[3]		
[30]				[0]		
[26]				[4]		
[32]				[28]		
[14]				[28]		
[29]				[20]		
[1]				[4]		
[35]				[36]		
[8]				[4]		
[22]				[3]		
[18]				[25]		
[7]				[8]		
[35]				[11]		
___________________________
Simulation Topology [2:0]
___________________________
From 	  To 		Length
___________________________
  14	 | 	18	 | 	39,60
  14	 | 	15	 | 	41,87
  13	 | 	19	 | 	34,71
  12	 | 	17	 | 	12,08
  8	 | 	13	 | 	29,27
  7	 | 	16	 | 	2,00
  7	 | 	11	 | 	25,71
  6	 | 	18	 | 	30,41
  6	 | 	9	 | 	31,40
  5	 | 	8	 | 	43,91
  0	 | 	3	 | 	21,40
  0	 | 	14	 | 	43,14
  1	 | 	4	 | 	3,61
  1	 | 	6	 | 	21,00
  2	 | 	7	 | 	29,68
  2	 | 	19	 | 	35,36
  3	 | 	8	 | 	21,02
  4	 | 	5	 | 	30,89
  5	 | 	16	 | 	37,70
  6	 | 	11	 | 	9,90
  7	 | 	17	 | 	22,09
  8	 | 	17	 | 	27,73
  9	 | 	10	 | 	24,74
  9	 | 	12	 | 	16,28
  10	 | 	13	 | 	39,20
  11	 | 	15	 | 	24,74
  12	 | 	18	 | 	25,06
  13	 | 	15	 | 	7,00
  14	 | 	16	 | 	35,47
  18	 | 	19	 | 	28,16
___________________________
