Simulation Topology 1
___________________________
[4]				[19]		
[34]				[20]		
[27]				[4]		
[30]				[2]		
[17]				[18]		
[6]				[27]		
[28]				[11]		
[4]				[30]		
[19]				[3]		
[35]				[14]		
[5]				[6]		
[21]				[38]		
[6]				[22]		
[15]				[33]		
[27]				[16]		
[35]				[29]		
[38]				[26]		
[27]				[1]		
[31]				[13]		
[11]				[24]		
___________________________
Simulation Topology [1:0]
___________________________
From 	  To 		Length
___________________________
  0	 | 	6	 | 	25,30
  0	 | 	18	 | 	27,66
  1	 | 	4	 | 	17,12
  1	 | 	7	 | 	31,62
  2	 | 	6	 | 	7,07
  2	 | 	9	 | 	12,81
  3	 | 	5	 | 	34,66
  3	 | 	13	 | 	34,44
  4	 | 	19	 | 	8,49
  5	 | 	11	 | 	18,60
  7	 | 	15	 | 	31,02
  8	 | 	12	 | 	23,02
  8	 | 	15	 | 	30,53
  9	 | 	16	 | 	12,37
  10	 | 	17	 | 	22,56
  10	 | 	18	 | 	26,93
  11	 | 	16	 | 	20,81
  12	 | 	13	 | 	14,21
  14	 | 	17	 | 	15,00
  14	 | 	19	 | 	17,89
___________________________
Simulation Topology 2
___________________________
[12]				[27]		
[33]				[27]		
[27]				[11]		
[27]				[0]		
[14]				[20]		
[12]				[0]		
[9]				[22]		
[16]				[38]		
[35]				[8]		
[19]				[26]		
[7]				[33]		
[11]				[39]		
[37]				[20]		
[10]				[1]		
[19]				[6]		
[1]				[23]		
[24]				[4]		
[23]				[21]		
[36]				[29]		
[12]				[3]		
___________________________
Simulation Topology [2:0]
___________________________
From 	  To 		Length
___________________________
  14	 | 	19	 | 	7,62
  14	 | 	17	 | 	15,52
  12	 | 	13	 | 	33,02
  11	 | 	16	 | 	37,34
  10	 | 	18	 | 	29,27
  10	 | 	17	 | 	20,00
  9	 | 	16	 | 	22,56
  8	 | 	15	 | 	37,16
  8	 | 	12	 | 	12,17
  7	 | 	15	 | 	21,21
  0	 | 	9	 | 	7,07
  0	 | 	10	 | 	7,81
  1	 | 	7	 | 	20,25
  1	 | 	11	 | 	25,06
  2	 | 	5	 | 	18,60
  2	 | 	8	 | 	8,54
  3	 | 	9	 | 	27,20
  3	 | 	19	 | 	15,30
  4	 | 	6	 | 	5,39
  4	 | 	12	 | 	23,00
  5	 | 	18	 | 	37,64
  6	 | 	7	 | 	17,46
  8	 | 	16	 | 	11,70
  10	 | 	11	 | 	7,21
  12	 | 	14	 | 	22,80
  13	 | 	14	 | 	10,30
  13	 | 	18	 | 	38,21
  15	 | 	16	 | 	29,83
  15	 | 	17	 | 	22,09
  17	 | 	19	 | 	21,10
___________________________
