Simulation Topology 1
___________________________
[35]				[8]		
[32]				[35]		
[13]				[14]		
[39]				[39]		
[2]				[38]		
[35]				[35]		
[29]				[36]		
[6]				[22]		
[22]				[27]		
[18]				[16]		
[26]				[2]		
[11]				[2]		
[32]				[30]		
[19]				[8]		
[6]				[14]		
[20]				[32]		
[8]				[27]		
[15]				[17]		
[8]				[2]		
[18]				[33]		
___________________________
Simulation Topology [1:0]
___________________________
From 	  To 		Length
___________________________
  0	 | 	1	 | 	27,17
  0	 | 	16	 | 	33,02
  1	 | 	18	 | 	40,80
  2	 | 	5	 | 	30,41
  2	 | 	12	 | 	24,84
  3	 | 	7	 | 	37,12
  3	 | 	8	 | 	20,81
  3	 | 	12	 | 	11,40
  4	 | 	6	 | 	27,07
  4	 | 	15	 | 	18,97
  5	 | 	11	 | 	40,80
  6	 | 	13	 | 	29,73
  7	 | 	10	 | 	28,28
  7	 | 	11	 | 	20,62
  8	 | 	16	 | 	14,00
  9	 | 	14	 | 	12,17
  9	 | 	18	 | 	17,20
  10	 | 	19	 | 	32,02
  13	 | 	19	 | 	25,02
  14	 | 	17	 | 	9,49
  15	 | 	17	 | 	15,81
___________________________
Simulation Topology [1:1]
___________________________
From 	  To 		Length
___________________________
  0	 | 	1	 | 	27,17
  0	 | 	16	 | 	33,02
  1	 | 	18	 | 	40,80
  2	 | 	5	 | 	30,41
  2	 | 	12	 | 	24,84
  3	 | 	7	 | 	37,12
  3	 | 	8	 | 	20,81
  3	 | 	12	 | 	11,40
  4	 | 	6	 | 	27,07
  4	 | 	15	 | 	18,97
  5	 | 	11	 | 	40,80
  6	 | 	13	 | 	29,73
  7	 | 	10	 | 	28,28
  7	 | 	11	 | 	20,62
  8	 | 	16	 | 	14,00
  9	 | 	14	 | 	12,17
  9	 | 	18	 | 	17,20
  10	 | 	19	 | 	32,02
  13	 | 	19	 | 	25,02
  14	 | 	17	 | 	9,49
  15	 | 	17	 | 	15,81
  0	 | 	13	 | 	16,00
___________________________
Simulation Topology [1:2]
___________________________
From 	  To 		Length
___________________________
  0	 | 	1	 | 	27,17
  0	 | 	16	 | 	33,02
  1	 | 	18	 | 	40,80
  2	 | 	5	 | 	30,41
  2	 | 	12	 | 	24,84
  3	 | 	7	 | 	37,12
  3	 | 	8	 | 	20,81
  3	 | 	12	 | 	11,40
  4	 | 	6	 | 	27,07
  4	 | 	15	 | 	18,97
  5	 | 	11	 | 	40,80
  6	 | 	13	 | 	29,73
  7	 | 	10	 | 	28,28
  7	 | 	11	 | 	20,62
  8	 | 	16	 | 	14,00
  9	 | 	14	 | 	12,17
  9	 | 	18	 | 	17,20
  10	 | 	19	 | 	32,02
  13	 | 	19	 | 	25,02
  14	 | 	17	 | 	9,49
  15	 | 	17	 | 	15,81
  0	 | 	13	 | 	16,00
  6	 | 	8	 | 	11,40
___________________________
Simulation Topology [1:3]
___________________________
From 	  To 		Length
___________________________
  0	 | 	1	 | 	27,17
  0	 | 	16	 | 	33,02
  1	 | 	18	 | 	40,80
  2	 | 	5	 | 	30,41
  2	 | 	12	 | 	24,84
  3	 | 	7	 | 	37,12
  3	 | 	8	 | 	20,81
  3	 | 	12	 | 	11,40
  4	 | 	6	 | 	27,07
  4	 | 	15	 | 	18,97
  5	 | 	11	 | 	40,80
  6	 | 	13	 | 	29,73
  7	 | 	10	 | 	28,28
  7	 | 	11	 | 	20,62
  8	 | 	16	 | 	14,00
  9	 | 	14	 | 	12,17
  9	 | 	18	 | 	17,20
  10	 | 	19	 | 	32,02
  13	 | 	19	 | 	25,02
  14	 | 	17	 | 	9,49
  15	 | 	17	 | 	15,81
  0	 | 	13	 | 	16,00
  6	 | 	8	 | 	11,40
  9	 | 	16	 | 	14,87
___________________________
Simulation Topology [1:4]
___________________________
From 	  To 		Length
___________________________
  0	 | 	1	 | 	27,17
  0	 | 	16	 | 	33,02
  1	 | 	18	 | 	40,80
  2	 | 	5	 | 	30,41
  2	 | 	12	 | 	24,84
  3	 | 	7	 | 	37,12
  3	 | 	8	 | 	20,81
  3	 | 	12	 | 	11,40
  4	 | 	6	 | 	27,07
  4	 | 	15	 | 	18,97
  5	 | 	11	 | 	40,80
  6	 | 	13	 | 	29,73
  7	 | 	10	 | 	28,28
  7	 | 	11	 | 	20,62
  8	 | 	16	 | 	14,00
  9	 | 	14	 | 	12,17
  9	 | 	18	 | 	17,20
  10	 | 	19	 | 	32,02
  13	 | 	19	 | 	25,02
  14	 | 	17	 | 	9,49
  15	 | 	17	 | 	15,81
  0	 | 	13	 | 	16,00
  6	 | 	8	 | 	11,40
  9	 | 	16	 | 	14,87
  17	 | 	19	 | 	16,28
___________________________
Simulation Topology [1:5]
___________________________
From 	  To 		Length
___________________________
  0	 | 	1	 | 	27,17
  0	 | 	16	 | 	33,02
  1	 | 	18	 | 	40,80
  2	 | 	5	 | 	30,41
  2	 | 	12	 | 	24,84
  3	 | 	7	 | 	37,12
  3	 | 	8	 | 	20,81
  3	 | 	12	 | 	11,40
  4	 | 	6	 | 	27,07
  4	 | 	15	 | 	18,97
  5	 | 	11	 | 	40,80
  6	 | 	13	 | 	29,73
  7	 | 	10	 | 	28,28
  7	 | 	11	 | 	20,62
  8	 | 	16	 | 	14,00
  9	 | 	14	 | 	12,17
  9	 | 	18	 | 	17,20
  10	 | 	19	 | 	32,02
  13	 | 	19	 | 	25,02
  14	 | 	17	 | 	9,49
  15	 | 	17	 | 	15,81
  0	 | 	13	 | 	16,00
  6	 | 	8	 | 	11,40
  9	 | 	16	 | 	14,87
  17	 | 	19	 | 	16,28
  5	 | 	12	 | 	5,83
___________________________
Simulation Topology [1:6]
___________________________
From 	  To 		Length
___________________________
  0	 | 	1	 | 	27,17
  0	 | 	16	 | 	33,02
  1	 | 	18	 | 	40,80
  2	 | 	5	 | 	30,41
  2	 | 	12	 | 	24,84
  3	 | 	7	 | 	37,12
  3	 | 	8	 | 	20,81
  3	 | 	12	 | 	11,40
  4	 | 	6	 | 	27,07
  4	 | 	15	 | 	18,97
  5	 | 	11	 | 	40,80
  6	 | 	13	 | 	29,73
  7	 | 	10	 | 	28,28
  7	 | 	11	 | 	20,62
  8	 | 	16	 | 	14,00
  9	 | 	14	 | 	12,17
  9	 | 	18	 | 	17,20
  10	 | 	19	 | 	32,02
  13	 | 	19	 | 	25,02
  14	 | 	17	 | 	9,49
  15	 | 	17	 | 	15,81
  0	 | 	13	 | 	16,00
  6	 | 	8	 | 	11,40
  9	 | 	16	 | 	14,87
  17	 | 	19	 | 	16,28
  5	 | 	12	 | 	5,83
  2	 | 	14	 | 	7,00
___________________________
Simulation Topology [1:7]
___________________________
From 	  To 		Length
___________________________
  0	 | 	1	 | 	27,17
  0	 | 	16	 | 	33,02
  1	 | 	18	 | 	40,80
  2	 | 	5	 | 	30,41
  2	 | 	12	 | 	24,84
  3	 | 	7	 | 	37,12
  3	 | 	8	 | 	20,81
  3	 | 	12	 | 	11,40
  4	 | 	6	 | 	27,07
  4	 | 	15	 | 	18,97
  5	 | 	11	 | 	40,80
  6	 | 	13	 | 	29,73
  7	 | 	10	 | 	28,28
  7	 | 	11	 | 	20,62
  8	 | 	16	 | 	14,00
  9	 | 	14	 | 	12,17
  9	 | 	18	 | 	17,20
  10	 | 	19	 | 	32,02
  13	 | 	19	 | 	25,02
  14	 | 	17	 | 	9,49
  15	 | 	17	 | 	15,81
  0	 | 	13	 | 	16,00
  6	 | 	8	 | 	11,40
  9	 | 	16	 | 	14,87
  17	 | 	19	 | 	16,28
  5	 | 	12	 | 	5,83
  2	 | 	14	 | 	7,00
  4	 | 	10	 | 	43,27
___________________________
Simulation Topology [1:8]
___________________________
From 	  To 		Length
___________________________
  0	 | 	1	 | 	27,17
  0	 | 	16	 | 	33,02
  1	 | 	18	 | 	40,80
  2	 | 	5	 | 	30,41
  2	 | 	12	 | 	24,84
  3	 | 	7	 | 	37,12
  3	 | 	8	 | 	20,81
  3	 | 	12	 | 	11,40
  4	 | 	6	 | 	27,07
  4	 | 	15	 | 	18,97
  5	 | 	11	 | 	40,80
  6	 | 	13	 | 	29,73
  7	 | 	10	 | 	28,28
  7	 | 	11	 | 	20,62
  8	 | 	16	 | 	14,00
  9	 | 	14	 | 	12,17
  9	 | 	18	 | 	17,20
  10	 | 	19	 | 	32,02
  13	 | 	19	 | 	25,02
  14	 | 	17	 | 	9,49
  15	 | 	17	 | 	15,81
  0	 | 	13	 | 	16,00
  6	 | 	8	 | 	11,40
  9	 | 	16	 | 	14,87
  17	 | 	19	 | 	16,28
  5	 | 	12	 | 	5,83
  2	 | 	14	 | 	7,00
  4	 | 	10	 | 	43,27
  15	 | 	18	 | 	32,31
___________________________
Simulation Topology [1:9]
___________________________
From 	  To 		Length
___________________________
  0	 | 	1	 | 	27,17
  0	 | 	16	 | 	33,02
  1	 | 	18	 | 	40,80
  2	 | 	5	 | 	30,41
  2	 | 	12	 | 	24,84
  3	 | 	7	 | 	37,12
  3	 | 	8	 | 	20,81
  3	 | 	12	 | 	11,40
  4	 | 	6	 | 	27,07
  4	 | 	15	 | 	18,97
  5	 | 	11	 | 	40,80
  6	 | 	13	 | 	29,73
  7	 | 	10	 | 	28,28
  7	 | 	11	 | 	20,62
  8	 | 	16	 | 	14,00
  9	 | 	14	 | 	12,17
  9	 | 	18	 | 	17,20
  10	 | 	19	 | 	32,02
  13	 | 	19	 | 	25,02
  14	 | 	17	 | 	9,49
  15	 | 	17	 | 	15,81
  0	 | 	13	 | 	16,00
  6	 | 	8	 | 	11,40
  9	 | 	16	 | 	14,87
  17	 | 	19	 | 	16,28
  5	 | 	12	 | 	5,83
  2	 | 	14	 | 	7,00
  4	 | 	10	 | 	43,27
  15	 | 	18	 | 	32,31
  1	 | 	11	 | 	39,12
___________________________
Simulation Topology 2
___________________________
[27]				[23]		
[24]				[1]		
[0]				[26]		
[18]				[5]		
[26]				[3]		
[4]				[34]		
[22]				[33]		
[16]				[7]		
[12]				[13]		
[14]				[10]		
[21]				[4]		
[38]				[1]		
[30]				[33]		
[29]				[17]		
[13]				[36]		
[4]				[39]		
[34]				[20]		
[7]				[19]		
[26]				[34]		
[9]				[4]		
___________________________
Simulation Topology [2:0]
___________________________
From 	  To 		Length
___________________________
  1	 | 	11	 | 	14,00
  15	 | 	18	 | 	22,56
  4	 | 	10	 | 	5,10
  2	 | 	14	 | 	16,40
  5	 | 	12	 | 	26,02
  17	 | 	19	 | 	15,13
  9	 | 	16	 | 	22,36
  6	 | 	8	 | 	22,36
  0	 | 	13	 | 	6,32
  15	 | 	17	 | 	20,22
  14	 | 	17	 | 	18,03
  13	 | 	19	 | 	23,85
  10	 | 	19	 | 	12,00
  9	 | 	18	 | 	26,83
  9	 | 	14	 | 	26,02
  0	 | 	7	 | 	19,42
  0	 | 	15	 | 	28,02
  1	 | 	9	 | 	13,45
  2	 | 	5	 | 	8,94
  2	 | 	12	 | 	30,81
  3	 | 	10	 | 	3,16
  3	 | 	19	 | 	9,06
  4	 | 	17	 | 	24,84
  4	 | 	18	 | 	31,00
  5	 | 	7	 | 	29,55
  6	 | 	11	 | 	35,78
  6	 | 	13	 | 	17,46
  8	 | 	15	 | 	27,20
  8	 | 	19	 | 	9,49
  9	 | 	12	 | 	28,02
  10	 | 	16	 | 	20,62
  13	 | 	17	 | 	22,09
  14	 | 	16	 | 	26,40
  14	 | 	18	 | 	13,15
  17	 | 	18	 | 	24,21
___________________________
Simulation Topology [2:1]
___________________________
From 	  To 		Length
___________________________
  1	 | 	11	 | 	14,00
  15	 | 	18	 | 	22,56
  4	 | 	10	 | 	5,10
  2	 | 	14	 | 	16,40
  5	 | 	12	 | 	26,02
  17	 | 	19	 | 	15,13
  9	 | 	16	 | 	22,36
  6	 | 	8	 | 	22,36
  0	 | 	13	 | 	6,32
  15	 | 	17	 | 	20,22
  14	 | 	17	 | 	18,03
  13	 | 	19	 | 	23,85
  10	 | 	19	 | 	12,00
  9	 | 	18	 | 	26,83
  9	 | 	14	 | 	26,02
  0	 | 	7	 | 	19,42
  0	 | 	15	 | 	28,02
  1	 | 	9	 | 	13,45
  2	 | 	5	 | 	8,94
  2	 | 	12	 | 	30,81
  3	 | 	10	 | 	3,16
  3	 | 	19	 | 	9,06
  4	 | 	17	 | 	24,84
  4	 | 	18	 | 	31,00
  5	 | 	7	 | 	29,55
  6	 | 	11	 | 	35,78
  6	 | 	13	 | 	17,46
  8	 | 	15	 | 	27,20
  8	 | 	19	 | 	9,49
  9	 | 	12	 | 	28,02
  10	 | 	16	 | 	20,62
  13	 | 	17	 | 	22,09
  14	 | 	16	 | 	26,40
  14	 | 	18	 | 	13,15
  17	 | 	18	 | 	24,21
  7	 | 	8	 | 	7,21
___________________________
Simulation Topology [2:2]
___________________________
From 	  To 		Length
___________________________
  1	 | 	11	 | 	14,00
  15	 | 	18	 | 	22,56
  4	 | 	10	 | 	5,10
  2	 | 	14	 | 	16,40
  5	 | 	12	 | 	26,02
  17	 | 	19	 | 	15,13
  9	 | 	16	 | 	22,36
  6	 | 	8	 | 	22,36
  0	 | 	13	 | 	6,32
  15	 | 	17	 | 	20,22
  14	 | 	17	 | 	18,03
  13	 | 	19	 | 	23,85
  10	 | 	19	 | 	12,00
  9	 | 	18	 | 	26,83
  9	 | 	14	 | 	26,02
  0	 | 	7	 | 	19,42
  0	 | 	15	 | 	28,02
  1	 | 	9	 | 	13,45
  2	 | 	5	 | 	8,94
  2	 | 	12	 | 	30,81
  3	 | 	10	 | 	3,16
  3	 | 	19	 | 	9,06
  4	 | 	17	 | 	24,84
  4	 | 	18	 | 	31,00
  5	 | 	7	 | 	29,55
  6	 | 	11	 | 	35,78
  6	 | 	13	 | 	17,46
  8	 | 	15	 | 	27,20
  8	 | 	19	 | 	9,49
  9	 | 	12	 | 	28,02
  10	 | 	16	 | 	20,62
  13	 | 	17	 | 	22,09
  14	 | 	16	 | 	26,40
  14	 | 	18	 | 	13,15
  17	 | 	18	 | 	24,21
  7	 | 	8	 | 	7,21
  10	 | 	14	 | 	32,98
___________________________
Simulation Topology [2:3]
___________________________
From 	  To 		Length
___________________________
  1	 | 	11	 | 	14,00
  15	 | 	18	 | 	22,56
  4	 | 	10	 | 	5,10
  2	 | 	14	 | 	16,40
  5	 | 	12	 | 	26,02
  17	 | 	19	 | 	15,13
  9	 | 	16	 | 	22,36
  6	 | 	8	 | 	22,36
  0	 | 	13	 | 	6,32
  15	 | 	17	 | 	20,22
  14	 | 	17	 | 	18,03
  13	 | 	19	 | 	23,85
  10	 | 	19	 | 	12,00
  9	 | 	18	 | 	26,83
  9	 | 	14	 | 	26,02
  0	 | 	7	 | 	19,42
  0	 | 	15	 | 	28,02
  1	 | 	9	 | 	13,45
  2	 | 	5	 | 	8,94
  2	 | 	12	 | 	30,81
  3	 | 	10	 | 	3,16
  3	 | 	19	 | 	9,06
  4	 | 	17	 | 	24,84
  4	 | 	18	 | 	31,00
  5	 | 	7	 | 	29,55
  6	 | 	11	 | 	35,78
  6	 | 	13	 | 	17,46
  8	 | 	15	 | 	27,20
  8	 | 	19	 | 	9,49
  9	 | 	12	 | 	28,02
  10	 | 	16	 | 	20,62
  13	 | 	17	 | 	22,09
  14	 | 	16	 | 	26,40
  14	 | 	18	 | 	13,15
  17	 | 	18	 | 	24,21
  7	 | 	8	 | 	7,21
  10	 | 	14	 | 	32,98
  11	 | 	12	 | 	32,98
___________________________
Simulation Topology [2:4]
___________________________
From 	  To 		Length
___________________________
  1	 | 	11	 | 	14,00
  15	 | 	18	 | 	22,56
  4	 | 	10	 | 	5,10
  2	 | 	14	 | 	16,40
  5	 | 	12	 | 	26,02
  17	 | 	19	 | 	15,13
  9	 | 	16	 | 	22,36
  6	 | 	8	 | 	22,36
  0	 | 	13	 | 	6,32
  15	 | 	17	 | 	20,22
  14	 | 	17	 | 	18,03
  13	 | 	19	 | 	23,85
  10	 | 	19	 | 	12,00
  9	 | 	18	 | 	26,83
  9	 | 	14	 | 	26,02
  0	 | 	7	 | 	19,42
  0	 | 	15	 | 	28,02
  1	 | 	9	 | 	13,45
  2	 | 	5	 | 	8,94
  2	 | 	12	 | 	30,81
  3	 | 	10	 | 	3,16
  3	 | 	19	 | 	9,06
  4	 | 	17	 | 	24,84
  4	 | 	18	 | 	31,00
  5	 | 	7	 | 	29,55
  6	 | 	11	 | 	35,78
  6	 | 	13	 | 	17,46
  8	 | 	15	 | 	27,20
  8	 | 	19	 | 	9,49
  9	 | 	12	 | 	28,02
  10	 | 	16	 | 	20,62
  13	 | 	17	 | 	22,09
  14	 | 	16	 | 	26,40
  14	 | 	18	 | 	13,15
  17	 | 	18	 | 	24,21
  7	 | 	8	 | 	7,21
  10	 | 	14	 | 	32,98
  11	 | 	12	 | 	32,98
  4	 | 	6	 | 	30,27
___________________________
Simulation Topology [2:5]
___________________________
From 	  To 		Length
___________________________
  1	 | 	11	 | 	14,00
  15	 | 	18	 | 	22,56
  4	 | 	10	 | 	5,10
  2	 | 	14	 | 	16,40
  5	 | 	12	 | 	26,02
  17	 | 	19	 | 	15,13
  9	 | 	16	 | 	22,36
  6	 | 	8	 | 	22,36
  0	 | 	13	 | 	6,32
  15	 | 	17	 | 	20,22
  14	 | 	17	 | 	18,03
  13	 | 	19	 | 	23,85
  10	 | 	19	 | 	12,00
  9	 | 	18	 | 	26,83
  9	 | 	14	 | 	26,02
  0	 | 	7	 | 	19,42
  0	 | 	15	 | 	28,02
  1	 | 	9	 | 	13,45
  2	 | 	5	 | 	8,94
  2	 | 	12	 | 	30,81
  3	 | 	10	 | 	3,16
  3	 | 	19	 | 	9,06
  4	 | 	17	 | 	24,84
  4	 | 	18	 | 	31,00
  5	 | 	7	 | 	29,55
  6	 | 	11	 | 	35,78
  6	 | 	13	 | 	17,46
  8	 | 	15	 | 	27,20
  8	 | 	19	 | 	9,49
  9	 | 	12	 | 	28,02
  10	 | 	16	 | 	20,62
  13	 | 	17	 | 	22,09
  14	 | 	16	 | 	26,40
  14	 | 	18	 | 	13,15
  17	 | 	18	 | 	24,21
  7	 | 	8	 | 	7,21
  10	 | 	14	 | 	32,98
  11	 | 	12	 | 	32,98
  4	 | 	6	 | 	30,27
___________________________
Simulation Topology [2:6]
___________________________
From 	  To 		Length
___________________________
  1	 | 	11	 | 	14,00
  15	 | 	18	 | 	22,56
  4	 | 	10	 | 	5,10
  2	 | 	14	 | 	16,40
  5	 | 	12	 | 	26,02
  17	 | 	19	 | 	15,13
  9	 | 	16	 | 	22,36
  6	 | 	8	 | 	22,36
  0	 | 	13	 | 	6,32
  15	 | 	17	 | 	20,22
  14	 | 	17	 | 	18,03
  13	 | 	19	 | 	23,85
  10	 | 	19	 | 	12,00
  9	 | 	18	 | 	26,83
  9	 | 	14	 | 	26,02
  0	 | 	7	 | 	19,42
  0	 | 	15	 | 	28,02
  1	 | 	9	 | 	13,45
  2	 | 	5	 | 	8,94
  2	 | 	12	 | 	30,81
  3	 | 	10	 | 	3,16
  3	 | 	19	 | 	9,06
  4	 | 	17	 | 	24,84
  4	 | 	18	 | 	31,00
  5	 | 	7	 | 	29,55
  6	 | 	11	 | 	35,78
  6	 | 	13	 | 	17,46
  8	 | 	15	 | 	27,20
  8	 | 	19	 | 	9,49
  9	 | 	12	 | 	28,02
  10	 | 	16	 | 	20,62
  13	 | 	17	 | 	22,09
  14	 | 	16	 | 	26,40
  14	 | 	18	 | 	13,15
  17	 | 	18	 | 	24,21
  7	 | 	8	 | 	7,21
  10	 | 	14	 | 	32,98
  11	 | 	12	 | 	32,98
  4	 | 	6	 | 	30,27
___________________________
Simulation Topology [2:7]
___________________________
From 	  To 		Length
___________________________
  1	 | 	11	 | 	14,00
  15	 | 	18	 | 	22,56
  4	 | 	10	 | 	5,10
  2	 | 	14	 | 	16,40
  5	 | 	12	 | 	26,02
  17	 | 	19	 | 	15,13
  9	 | 	16	 | 	22,36
  6	 | 	8	 | 	22,36
  0	 | 	13	 | 	6,32
  15	 | 	17	 | 	20,22
  14	 | 	17	 | 	18,03
  13	 | 	19	 | 	23,85
  10	 | 	19	 | 	12,00
  9	 | 	18	 | 	26,83
  9	 | 	14	 | 	26,02
  0	 | 	7	 | 	19,42
  0	 | 	15	 | 	28,02
  1	 | 	9	 | 	13,45
  2	 | 	5	 | 	8,94
  2	 | 	12	 | 	30,81
  3	 | 	10	 | 	3,16
  3	 | 	19	 | 	9,06
  4	 | 	17	 | 	24,84
  4	 | 	18	 | 	31,00
  5	 | 	7	 | 	29,55
  6	 | 	11	 | 	35,78
  6	 | 	13	 | 	17,46
  8	 | 	15	 | 	27,20
  8	 | 	19	 | 	9,49
  9	 | 	12	 | 	28,02
  10	 | 	16	 | 	20,62
  13	 | 	17	 | 	22,09
  14	 | 	16	 | 	26,40
  14	 | 	18	 | 	13,15
  17	 | 	18	 | 	24,21
  7	 | 	8	 | 	7,21
  10	 | 	14	 | 	32,98
  11	 | 	12	 | 	32,98
  4	 | 	6	 | 	30,27
  1	 | 	5	 | 	38,59
___________________________
Simulation Topology [2:8]
___________________________
From 	  To 		Length
___________________________
  1	 | 	11	 | 	14,00
  15	 | 	18	 | 	22,56
  4	 | 	10	 | 	5,10
  2	 | 	14	 | 	16,40
  5	 | 	12	 | 	26,02
  17	 | 	19	 | 	15,13
  9	 | 	16	 | 	22,36
  6	 | 	8	 | 	22,36
  0	 | 	13	 | 	6,32
  15	 | 	17	 | 	20,22
  14	 | 	17	 | 	18,03
  13	 | 	19	 | 	23,85
  10	 | 	19	 | 	12,00
  9	 | 	18	 | 	26,83
  9	 | 	14	 | 	26,02
  0	 | 	7	 | 	19,42
  0	 | 	15	 | 	28,02
  1	 | 	9	 | 	13,45
  2	 | 	5	 | 	8,94
  2	 | 	12	 | 	30,81
  3	 | 	10	 | 	3,16
  3	 | 	19	 | 	9,06
  4	 | 	17	 | 	24,84
  4	 | 	18	 | 	31,00
  5	 | 	7	 | 	29,55
  6	 | 	11	 | 	35,78
  6	 | 	13	 | 	17,46
  8	 | 	15	 | 	27,20
  8	 | 	19	 | 	9,49
  9	 | 	12	 | 	28,02
  10	 | 	16	 | 	20,62
  13	 | 	17	 | 	22,09
  14	 | 	16	 | 	26,40
  14	 | 	18	 | 	13,15
  17	 | 	18	 | 	24,21
  7	 | 	8	 | 	7,21
  10	 | 	14	 | 	32,98
  11	 | 	12	 | 	32,98
  4	 | 	6	 | 	30,27
  1	 | 	5	 | 	38,59
  0	 | 	3	 | 	20,12
___________________________
Simulation Topology [2:9]
___________________________
From 	  To 		Length
___________________________
  1	 | 	11	 | 	14,00
  15	 | 	18	 | 	22,56
  4	 | 	10	 | 	5,10
  2	 | 	14	 | 	16,40
  5	 | 	12	 | 	26,02
  17	 | 	19	 | 	15,13
  9	 | 	16	 | 	22,36
  6	 | 	8	 | 	22,36
  0	 | 	13	 | 	6,32
  15	 | 	17	 | 	20,22
  14	 | 	17	 | 	18,03
  13	 | 	19	 | 	23,85
  10	 | 	19	 | 	12,00
  9	 | 	18	 | 	26,83
  9	 | 	14	 | 	26,02
  0	 | 	7	 | 	19,42
  0	 | 	15	 | 	28,02
  1	 | 	9	 | 	13,45
  2	 | 	5	 | 	8,94
  2	 | 	12	 | 	30,81
  3	 | 	10	 | 	3,16
  3	 | 	19	 | 	9,06
  4	 | 	17	 | 	24,84
  4	 | 	18	 | 	31,00
  5	 | 	7	 | 	29,55
  6	 | 	11	 | 	35,78
  6	 | 	13	 | 	17,46
  8	 | 	15	 | 	27,20
  8	 | 	19	 | 	9,49
  9	 | 	12	 | 	28,02
  10	 | 	16	 | 	20,62
  13	 | 	17	 | 	22,09
  14	 | 	16	 | 	26,40
  14	 | 	18	 | 	13,15
  17	 | 	18	 | 	24,21
  7	 | 	8	 | 	7,21
  10	 | 	14	 | 	32,98
  11	 | 	12	 | 	32,98
  4	 | 	6	 | 	30,27
  1	 | 	5	 | 	38,59
  0	 | 	3	 | 	20,12
  2	 | 	15	 | 	13,60
___________________________
