Simulation Topology 1
___________________________
[3]				[8]		
[1]				[5]		
[1]				[3]		
[6]				[4]		
[9]				[5]		
___________________________
Simulation Topology [1:0]
___________________________
From 	  To 		Length
___________________________
  0	 | 	1	 | 	3,61
  0	 | 	2	 | 	5,39
  1	 | 	3	 | 	5,10
  2	 | 	4	 | 	8,25
  3	 | 	4	 | 	3,16
___________________________
Simulation Topology 2
___________________________
[0]				[6]		
[6]				[8]		
[3]				[3]		
[2]				[8]		
[2]				[1]		
___________________________
Simulation Topology [2:0]
___________________________
From 	  To 		Length
___________________________
  3	 | 	4	 | 	7,00
  2	 | 	4	 | 	2,24
  0	 | 	2	 | 	4,24
  0	 | 	4	 | 	5,39
  1	 | 	2	 | 	5,83
  1	 | 	3	 | 	4,00
___________________________
