Simulation Topology 1
___________________________
[1]				[7]		
[17]				[7]		
[12]				[2]		
[27]				[28]		
[0]				[18]		
[12]				[22]		
[19]				[6]		
[29]				[21]		
[24]				[8]		
[15]				[39]		
[23]				[11]		
[22]				[33]		
[18]				[33]		
[30]				[35]		
[38]				[35]		
[1]				[11]		
[6]				[7]		
[24]				[15]		
[6]				[35]		
[15]				[10]		
___________________________
Simulation Topology [1:0]
___________________________
From 	  To 		Length
___________________________
  0	 | 	4	 | 	11,05
  0	 | 	16	 | 	5,00
  1	 | 	9	 | 	32,06
  1	 | 	14	 | 	35,00
  2	 | 	11	 | 	32,57
  2	 | 	12	 | 	31,58
  3	 | 	6	 | 	23,41
  3	 | 	10	 | 	17,46
  4	 | 	18	 | 	18,03
  5	 | 	9	 | 	17,26
  5	 | 	15	 | 	15,56
  6	 | 	11	 | 	27,17
  7	 | 	14	 | 	16,64
  7	 | 	18	 | 	26,93
  8	 | 	13	 | 	27,66
  8	 | 	17	 | 	7,00
  10	 | 	19	 | 	8,06
  12	 | 	15	 | 	27,80
  13	 | 	16	 | 	36,88
  17	 | 	19	 | 	10,30
___________________________
Simulation Topology 2
___________________________
[1]				[20]		
[9]				[23]		
[14]				[23]		
[1]				[17]		
[16]				[3]		
[20]				[12]		
[23]				[35]		
[14]				[28]		
[5]				[10]		
[6]				[2]		
[20]				[10]		
[28]				[6]		
[37]				[37]		
[39]				[27]		
[16]				[30]		
[28]				[39]		
[8]				[2]		
[18]				[20]		
[1]				[2]		
[10]				[0]		
___________________________
Simulation Topology [2:0]
___________________________
From 	  To 		Length
___________________________
  17	 | 	19	 | 	21,54
  13	 | 	16	 | 	39,82
  12	 | 	15	 | 	9,22
  10	 | 	19	 | 	14,14
  8	 | 	17	 | 	16,40
  8	 | 	13	 | 	38,01
  7	 | 	18	 | 	29,07
  7	 | 	14	 | 	2,83
  6	 | 	11	 | 	29,43
  5	 | 	15	 | 	28,16
  0	 | 	11	 | 	30,41
  0	 | 	14	 | 	18,03
  1	 | 	10	 | 	17,03
  1	 | 	18	 | 	22,47
  2	 | 	12	 | 	26,93
  2	 | 	13	 | 	25,32
  3	 | 	6	 | 	28,43
  3	 | 	8	 | 	8,06
  4	 | 	11	 | 	12,37
  4	 | 	15	 | 	37,95
  5	 | 	8	 | 	15,13
  5	 | 	10	 | 	2,00
  6	 | 	13	 | 	17,89
  7	 | 	16	 | 	26,68
  7	 | 	17	 | 	8,94
  9	 | 	16	 | 	2,00
  9	 | 	19	 | 	4,47
  12	 | 	19	 | 	45,80
  14	 | 	18	 | 	31,76
  15	 | 	17	 | 	21,47
___________________________
