Simulation Topology 1
___________________________
[4]				[3]		
[0]				[5]		
[2]				[5]		
[4]				[8]		
[7]				[8]		
___________________________
Simulation Topology [1:0]
___________________________
From 	  To 		Length
___________________________
  0	 | 	1	 | 	4,47
  0	 | 	4	 | 	5,83
  1	 | 	2	 | 	2,00
  2	 | 	3	 | 	3,61
  3	 | 	4	 | 	3,00
___________________________
Simulation Topology 2
___________________________
[4]				[1]		
[0]				[1]		
[5]				[4]		
[6]				[7]		
[3]				[9]		
___________________________
Simulation Topology [2:0]
___________________________
From 	  To 		Length
___________________________
  3	 | 	4	 | 	3,61
  2	 | 	3	 | 	3,16
  0	 | 	1	 | 	4,00
  0	 | 	3	 | 	6,32
  1	 | 	2	 | 	5,83
  2	 | 	4	 | 	5,39
___________________________
