Simulation Topology 1
___________________________
[22]				[6]		
[17]				[24]		
[0]				[36]		
[10]				[35]		
[22]				[12]		
[1]				[28]		
[20]				[21]		
[23]				[37]		
[19]				[5]		
[6]				[8]		
[13]				[0]		
[34]				[1]		
[32]				[19]		
[10]				[17]		
[34]				[21]		
[1]				[30]		
[27]				[38]		
[5]				[18]		
[37]				[24]		
[1]				[7]		
___________________________
Simulation Topology [1:0]
___________________________
From 	  To 		Length
___________________________
  0	 | 	3	 | 	31,38
  0	 | 	8	 | 	3,16
  1	 | 	6	 | 	4,24
  1	 | 	13	 | 	9,90
  2	 | 	4	 | 	32,56
  2	 | 	16	 | 	27,07
  3	 | 	4	 | 	25,94
  5	 | 	11	 | 	42,64
  5	 | 	18	 | 	36,22
  6	 | 	19	 | 	23,60
  7	 | 	11	 | 	37,64
  7	 | 	17	 | 	26,17
  8	 | 	9	 | 	13,34
  9	 | 	13	 | 	9,85
  10	 | 	12	 | 	26,87
  10	 | 	17	 | 	19,70
  12	 | 	16	 | 	19,65
  14	 | 	15	 | 	34,21
  14	 | 	19	 | 	35,85
  15	 | 	18	 | 	36,50
___________________________
Simulation Topology 2
___________________________
[10]				[20]		
[17]				[18]		
[23]				[21]		
[39]				[1]		
[12]				[31]		
[37]				[36]		
[26]				[39]		
[6]				[18]		
[37]				[29]		
[13]				[34]		
[0]				[5]		
[20]				[17]		
[13]				[37]		
[24]				[39]		
[7]				[26]		
[25]				[20]		
[7]				[13]		
[7]				[6]		
[12]				[23]		
[36]				[16]		
___________________________
Simulation Topology [2:0]
___________________________
From 	  To 		Length
___________________________
  15	 | 	18	 | 	13,34
  14	 | 	19	 | 	30,68
  14	 | 	15	 | 	18,97
  12	 | 	16	 | 	24,74
  10	 | 	17	 | 	7,07
  10	 | 	12	 | 	34,54
  9	 | 	13	 | 	12,08
  8	 | 	9	 | 	24,52
  7	 | 	17	 | 	12,04
  7	 | 	11	 | 	14,04
  0	 | 	1	 | 	7,28
  0	 | 	9	 | 	14,32
  1	 | 	16	 | 	11,18
  2	 | 	4	 | 	14,87
  2	 | 	5	 | 	20,52
  3	 | 	4	 | 	40,36
  3	 | 	13	 | 	40,85
  5	 | 	10	 | 	48,27
  6	 | 	11	 | 	22,80
  6	 | 	19	 | 	25,08
  7	 | 	9	 | 	17,46
  7	 | 	18	 | 	7,81
  8	 | 	12	 | 	25,30
  8	 | 	17	 | 	37,80
  10	 | 	14	 | 	22,14
  11	 | 	13	 | 	22,36
  12	 | 	14	 | 	12,53
  15	 | 	16	 | 	19,31
  15	 | 	17	 | 	22,80
  18	 | 	19	 | 	25,00
___________________________
