Simulation Topology 1
___________________________
[31]				[28]		
[2]				[9]		
[22]				[30]		
[37]				[36]		
[3]				[33]		
[20]				[36]		
[11]				[25]		
[33]				[33]		
[13]				[6]		
[4]				[26]		
[26]				[22]		
[31]				[11]		
[19]				[3]		
[24]				[13]		
[23]				[9]		
[17]				[14]		
[21]				[0]		
[9]				[21]		
[33]				[10]		
[18]				[23]		
___________________________
Simulation Topology [1:0]
___________________________
From 	  To 		Length
___________________________
  0	 | 	5	 | 	13,60
  0	 | 	17	 | 	23,09
  1	 | 	4	 | 	24,02
  1	 | 	19	 | 	21,26
  2	 | 	4	 | 	19,24
  2	 | 	11	 | 	21,02
  3	 | 	10	 | 	17,80
  3	 | 	16	 | 	39,40
  5	 | 	14	 | 	27,17
  6	 | 	15	 | 	12,53
  6	 | 	16	 | 	26,93
  7	 | 	9	 | 	29,83
  7	 | 	17	 | 	26,83
  8	 | 	10	 | 	20,62
  8	 | 	12	 | 	6,71
  9	 | 	11	 | 	30,89
  12	 | 	19	 | 	20,02
  13	 | 	14	 | 	4,12
  13	 | 	18	 | 	9,49
  15	 | 	18	 | 	16,49
___________________________
Simulation Topology 2
___________________________
[2]				[15]		
[9]				[12]		
[9]				[10]		
[19]				[11]		
[10]				[28]		
[34]				[33]		
[10]				[14]		
[19]				[27]		
[12]				[15]		
[27]				[29]		
[12]				[3]		
[25]				[16]		
[36]				[1]		
[9]				[25]		
[17]				[32]		
[28]				[39]		
[32]				[13]		
[36]				[12]		
[0]				[0]		
[29]				[15]		
___________________________
Simulation Topology [2:0]
___________________________
From 	  To 		Length
___________________________
  15	 | 	18	 | 	48,01
  13	 | 	18	 | 	26,57
  13	 | 	14	 | 	10,63
  12	 | 	19	 | 	15,65
  9	 | 	11	 | 	13,15
  8	 | 	12	 | 	27,78
  8	 | 	10	 | 	12,00
  7	 | 	17	 | 	22,67
  7	 | 	9	 | 	8,25
  6	 | 	16	 | 	22,02
  0	 | 	7	 | 	20,81
  0	 | 	16	 | 	30,07
  1	 | 	8	 | 	4,24
  1	 | 	10	 | 	9,49
  2	 | 	8	 | 	5,83
  2	 | 	18	 | 	13,45
  3	 | 	4	 | 	19,24
  3	 | 	9	 | 	19,70
  4	 | 	15	 | 	21,10
  5	 | 	6	 | 	30,61
  5	 | 	17	 | 	21,10
  6	 | 	19	 | 	19,03
  7	 | 	14	 | 	5,39
  9	 | 	10	 | 	30,02
  11	 | 	15	 | 	23,19
  11	 | 	16	 | 	7,62
  12	 | 	18	 | 	36,01
  13	 | 	17	 | 	29,97
___________________________
