Simulation Topology 1
___________________________
[13]				[6]		
[20]				[32]		
[36]				[19]		
[25]				[24]		
[21]				[4]		
[0]				[30]		
[26]				[27]		
[25]				[1]		
[1]				[20]		
[6]				[9]		
[21]				[11]		
[15]				[10]		
[2]				[24]		
[35]				[10]		
[20]				[19]		
[14]				[32]		
[28]				[37]		
[17]				[15]		
[35]				[24]		
[35]				[15]		
___________________________
Simulation Topology [1:0]
___________________________
From 	  To 		Length
___________________________
  0	 | 	5	 | 	27,29
  0	 | 	15	 | 	26,02
  1	 | 	6	 | 	7,81
  1	 | 	11	 | 	22,56
  2	 | 	4	 | 	21,21
  2	 | 	18	 | 	5,10
  3	 | 	17	 | 	12,04
  3	 | 	19	 | 	13,45
  4	 | 	14	 | 	15,03
  5	 | 	9	 | 	21,84
  6	 | 	16	 | 	10,20
  7	 | 	15	 | 	32,89
  7	 | 	17	 | 	16,12
  8	 | 	9	 | 	12,08
  8	 | 	11	 | 	17,20
  10	 | 	13	 | 	14,04
  10	 | 	19	 | 	14,56
  12	 | 	13	 | 	35,85
  12	 | 	14	 | 	18,68
  16	 | 	18	 | 	14,76
___________________________
Simulation Topology 2
___________________________
[35]				[36]		
[32]				[7]		
[3]				[18]		
[24]				[28]		
[30]				[30]		
[0]				[32]		
[37]				[35]		
[26]				[36]		
[32]				[27]		
[22]				[0]		
[4]				[15]		
[2]				[32]		
[37]				[33]		
[24]				[35]		
[12]				[36]		
[25]				[3]		
[18]				[0]		
[9]				[27]		
[12]				[30]		
[17]				[6]		
___________________________
Simulation Topology [2:0]
___________________________
From 	  To 		Length
___________________________
  16	 | 	18	 | 	30,59
  12	 | 	14	 | 	25,18
  12	 | 	13	 | 	13,15
  10	 | 	19	 | 	15,81
  10	 | 	13	 | 	28,28
  8	 | 	11	 | 	30,41
  8	 | 	9	 | 	28,79
  7	 | 	17	 | 	19,24
  7	 | 	15	 | 	33,02
  6	 | 	16	 | 	39,82
  0	 | 	3	 | 	13,60
  0	 | 	16	 | 	39,81
  1	 | 	15	 | 	8,06
  1	 | 	18	 | 	30,48
  2	 | 	4	 | 	29,55
  2	 | 	11	 | 	14,04
  3	 | 	9	 | 	28,07
  4	 | 	12	 | 	7,62
  5	 | 	8	 | 	32,39
  5	 | 	19	 | 	31,06
  6	 | 	14	 | 	25,02
  6	 | 	18	 | 	25,50
  7	 | 	19	 | 	31,32
  8	 | 	14	 | 	21,93
  9	 | 	11	 | 	37,74
  10	 | 	16	 | 	20,52
  10	 | 	17	 | 	13,00
  13	 | 	17	 | 	17,00
___________________________
