Simulation Topology 1
___________________________
[8]				[0]		
[8]				[7]		
[5]				[1]		
[3]				[3]		
[6]				[8]		
___________________________
Simulation Topology [1:0]
___________________________
From 	  To 		Length
___________________________
  0	 | 	1	 | 	7,00
  0	 | 	3	 | 	5,83
  1	 | 	4	 | 	2,24
  2	 | 	3	 | 	2,83
  2	 | 	4	 | 	7,07
___________________________
Simulation Topology 2
___________________________
[7]				[7]		
[4]				[6]		
[0]				[7]		
[7]				[1]		
[0]				[1]		
___________________________
Simulation Topology [2:0]
___________________________
From 	  To 		Length
___________________________
  2	 | 	4	 | 	6,00
  2	 | 	3	 | 	9,22
  0	 | 	1	 | 	3,16
  0	 | 	4	 | 	9,22
  1	 | 	3	 | 	5,83
___________________________
