Simulation Topology 1
___________________________
[39]				[26]		
[33]				[12]		
[28]				[3]		
[22]				[29]		
[4]				[3]		
[7]				[19]		
[37]				[0]		
[6]				[9]		
[14]				[33]		
[15]				[16]		
[0]				[20]		
[19]				[12]		
[16]				[25]		
[0]				[18]		
[27]				[23]		
[34]				[3]		
[14]				[12]		
[0]				[1]		
[9]				[35]		
[24]				[34]		
___________________________
Simulation Topology [1:0]
___________________________
From 	  To 		Length
___________________________
  0	 | 	14	 | 	12,37
  0	 | 	15	 | 	23,54
  1	 | 	13	 | 	33,54
  1	 | 	16	 | 	19,00
  2	 | 	3	 | 	26,68
  2	 | 	11	 | 	12,73
  3	 | 	8	 | 	8,94
  4	 | 	8	 | 	31,62
  4	 | 	17	 | 	4,47
  5	 | 	9	 | 	8,54
  5	 | 	19	 | 	22,67
  6	 | 	16	 | 	25,94
  6	 | 	19	 | 	36,40
  7	 | 	10	 | 	12,53
  7	 | 	12	 | 	18,87
  9	 | 	17	 | 	21,21
  10	 | 	13	 | 	2,00
  11	 | 	18	 | 	25,08
  12	 | 	15	 | 	28,43
  14	 | 	18	 | 	21,63
___________________________
Simulation Topology 2
___________________________
[11]				[18]		
[39]				[20]		
[4]				[8]		
[30]				[31]		
[39]				[0]		
[4]				[20]		
[24]				[11]		
[8]				[17]		
[2]				[38]		
[39]				[32]		
[10]				[1]		
[6]				[39]		
[30]				[18]		
[26]				[11]		
[3]				[35]		
[35]				[37]		
[5]				[25]		
[27]				[20]		
[19]				[7]		
[23]				[16]		
___________________________
Simulation Topology [2:0]
___________________________
From 	  To 		Length
___________________________
  14	 | 	18	 | 	32,25
  12	 | 	15	 | 	19,65
  11	 | 	18	 | 	34,54
  10	 | 	13	 | 	18,87
  9	 | 	17	 | 	16,97
  7	 | 	12	 | 	22,02
  7	 | 	10	 | 	16,12
  6	 | 	19	 | 	5,10
  6	 | 	16	 | 	23,60
  5	 | 	19	 | 	19,42
  0	 | 	9	 | 	31,30
  0	 | 	17	 | 	16,12
  1	 | 	18	 | 	23,85
  1	 | 	19	 | 	16,49
  2	 | 	9	 | 	42,44
  2	 | 	12	 | 	27,86
  3	 | 	4	 | 	32,28
  3	 | 	15	 | 	7,81
  4	 | 	10	 | 	29,02
  5	 | 	6	 | 	21,93
  5	 | 	18	 | 	19,85
  6	 | 	11	 | 	33,29
  7	 | 	8	 | 	21,84
  7	 | 	14	 | 	18,68
  8	 | 	11	 | 	4,12
  12	 | 	14	 | 	31,91
  13	 | 	16	 | 	25,24
  15	 | 	17	 | 	18,79
  16	 | 	19	 | 	20,12
___________________________
