Simulation Topology 1
___________________________
[4]				[0]		
[1]				[2]		
[9]				[6]		
[0]				[6]		
[6]				[6]		
[9]				[11]		
[7]				[10]		
[4]				[10]		
[0]				[10]		
[0]				[13]		
[2]				[13]		
[4]				[12]		
[6]				[13]		
[4]				[27]		
[9]				[31]		
[3]				[34]		
[7]				[33]		
[1]				[35]		
[13]				[3]		
[15]				[1]		
___________________________
Simulation Topology [1:2]
___________________________
From 	  To 		Length
___________________________
  0	 | 	1	 | 	3,61
  0	 | 	3	 | 	7,21
  0	 | 	6	 | 	10,44
  1	 | 	7	 | 	8,54
  1	 | 	18	 | 	12,04
  2	 | 	4	 | 	3,00
  2	 | 	10	 | 	9,90
  2	 | 	17	 | 	30,08
  3	 | 	12	 | 	9,22
  3	 | 	13	 | 	21,38
  4	 | 	11	 | 	6,32
  4	 | 	15	 | 	28,16
  5	 | 	10	 | 	7,28
  5	 | 	15	 | 	23,77
  5	 | 	16	 | 	22,09
  6	 | 	9	 | 	7,62
  6	 | 	13	 | 	17,26
  7	 | 	18	 | 	11,40
  8	 | 	15	 | 	24,19
  8	 | 	16	 | 	24,04
  9	 | 	13	 | 	14,56
  9	 | 	16	 | 	21,19
  10	 | 	11	 | 	2,24
  12	 | 	19	 | 	15,00
  14	 | 	17	 | 	8,94
  14	 | 	18	 | 	28,28
  14	 | 	19	 | 	30,59
  17	 | 	19	 | 	36,77
___________________________
Simulation Topology [1:3]
___________________________
From 	  To 		Length
___________________________
  0	 | 	1	 | 	3,61
  0	 | 	3	 | 	7,21
  0	 | 	6	 | 	10,44
  1	 | 	7	 | 	8,54
  1	 | 	18	 | 	12,04
  2	 | 	4	 | 	3,00
  2	 | 	10	 | 	9,90
  2	 | 	17	 | 	30,08
  3	 | 	12	 | 	9,22
  3	 | 	13	 | 	21,38
  4	 | 	11	 | 	6,32
  4	 | 	15	 | 	28,16
  5	 | 	10	 | 	7,28
  5	 | 	15	 | 	23,77
  5	 | 	16	 | 	22,09
  6	 | 	9	 | 	7,62
  6	 | 	13	 | 	17,26
  7	 | 	18	 | 	11,40
  8	 | 	15	 | 	24,19
  8	 | 	16	 | 	24,04
  9	 | 	13	 | 	14,56
  9	 | 	16	 | 	21,19
  10	 | 	11	 | 	2,24
  12	 | 	19	 | 	15,00
  14	 | 	17	 | 	8,94
  14	 | 	18	 | 	28,28
  14	 | 	19	 | 	30,59
  17	 | 	19	 | 	36,77
  7	 | 	11	 | 	2,00
___________________________
Simulation Topology 2
___________________________
[5]				[9]		
[8]				[9]		
[2]				[14]		
[5]				[15]		
[6]				[12]		
[4]				[13]		
[3]				[18]		
[7]				[18]		
[6]				[25]		
[1]				[26]		
[8]				[24]		
[8]				[26]		
[2]				[29]		
[3]				[31]		
[7]				[30]		
[1]				[34]		
[1]				[32]		
[6]				[32]		
[12]				[7]		
[15]				[5]		
___________________________
Simulation Topology [2:1]
___________________________
From 	  To 		Length
___________________________
  7	 | 	11	 | 	8,06
  17	 | 	19	 | 	28,46
  14	 | 	19	 | 	26,25
  14	 | 	18	 | 	23,54
  14	 | 	17	 | 	2,24
  12	 | 	19	 | 	27,29
  10	 | 	11	 | 	2,00
  9	 | 	16	 | 	6,00
  9	 | 	13	 | 	5,39
  8	 | 	16	 | 	8,60
  8	 | 	15	 | 	10,30
  7	 | 	18	 | 	12,08
  6	 | 	13	 | 	13,00
  6	 | 	9	 | 	8,25
  0	 | 	1	 | 	3,00
  0	 | 	17	 | 	23,02
  0	 | 	19	 | 	10,77
  1	 | 	3	 | 	6,71
  1	 | 	18	 | 	4,47
  2	 | 	5	 | 	2,24
  2	 | 	9	 | 	12,04
  2	 | 	11	 | 	13,42
  3	 | 	13	 | 	16,12
  3	 | 	16	 | 	17,46
  4	 | 	6	 | 	6,71
  4	 | 	8	 | 	13,00
  5	 | 	9	 | 	13,34
  5	 | 	16	 | 	19,24
  6	 | 	11	 | 	9,43
  6	 | 	19	 | 	17,69
  7	 | 	10	 | 	6,08
  7	 | 	14	 | 	12,00
  7	 | 	17	 | 	14,04
  8	 | 	11	 | 	2,24
  10	 | 	17	 | 	8,25
  12	 | 	13	 | 	2,24
  12	 | 	15	 | 	5,10
  12	 | 	18	 | 	24,17
  13	 | 	14	 | 	4,12
  15	 | 	19	 | 	32,20
  16	 | 	18	 | 	27,31
___________________________
Simulation Topology [2:2]
___________________________
From 	  To 		Length
___________________________
  7	 | 	11	 | 	8,06
  17	 | 	19	 | 	28,46
  14	 | 	19	 | 	26,25
  14	 | 	18	 | 	23,54
  14	 | 	17	 | 	2,24
  12	 | 	19	 | 	27,29
  10	 | 	11	 | 	2,00
  9	 | 	16	 | 	6,00
  9	 | 	13	 | 	5,39
  8	 | 	16	 | 	8,60
  8	 | 	15	 | 	10,30
  7	 | 	18	 | 	12,08
  6	 | 	13	 | 	13,00
  6	 | 	9	 | 	8,25
  0	 | 	1	 | 	3,00
  0	 | 	17	 | 	23,02
  0	 | 	19	 | 	10,77
  1	 | 	3	 | 	6,71
  1	 | 	18	 | 	4,47
  2	 | 	5	 | 	2,24
  2	 | 	9	 | 	12,04
  2	 | 	11	 | 	13,42
  3	 | 	13	 | 	16,12
  3	 | 	16	 | 	17,46
  4	 | 	6	 | 	6,71
  4	 | 	8	 | 	13,00
  5	 | 	9	 | 	13,34
  5	 | 	16	 | 	19,24
  6	 | 	11	 | 	9,43
  6	 | 	19	 | 	17,69
  7	 | 	10	 | 	6,08
  7	 | 	14	 | 	12,00
  7	 | 	17	 | 	14,04
  8	 | 	11	 | 	2,24
  10	 | 	17	 | 	8,25
  12	 | 	13	 | 	2,24
  12	 | 	15	 | 	5,10
  12	 | 	18	 | 	24,17
  13	 | 	14	 | 	4,12
  15	 | 	19	 | 	32,20
  16	 | 	18	 | 	27,31
  9	 | 	10	 | 	7,28
___________________________
Simulation Topology [2:3]
___________________________
From 	  To 		Length
___________________________
  7	 | 	11	 | 	8,06
  17	 | 	19	 | 	28,46
  14	 | 	19	 | 	26,25
  14	 | 	18	 | 	23,54
  14	 | 	17	 | 	2,24
  12	 | 	19	 | 	27,29
  10	 | 	11	 | 	2,00
  9	 | 	16	 | 	6,00
  9	 | 	13	 | 	5,39
  8	 | 	16	 | 	8,60
  8	 | 	15	 | 	10,30
  7	 | 	18	 | 	12,08
  6	 | 	13	 | 	13,00
  6	 | 	9	 | 	8,25
  0	 | 	1	 | 	3,00
  0	 | 	17	 | 	23,02
  0	 | 	19	 | 	10,77
  1	 | 	3	 | 	6,71
  1	 | 	18	 | 	4,47
  2	 | 	5	 | 	2,24
  2	 | 	9	 | 	12,04
  2	 | 	11	 | 	13,42
  3	 | 	13	 | 	16,12
  3	 | 	16	 | 	17,46
  4	 | 	6	 | 	6,71
  4	 | 	8	 | 	13,00
  5	 | 	9	 | 	13,34
  5	 | 	16	 | 	19,24
  6	 | 	11	 | 	9,43
  6	 | 	19	 | 	17,69
  7	 | 	10	 | 	6,08
  7	 | 	14	 | 	12,00
  7	 | 	17	 | 	14,04
  8	 | 	11	 | 	2,24
  10	 | 	17	 | 	8,25
  12	 | 	13	 | 	2,24
  12	 | 	15	 | 	5,10
  12	 | 	18	 | 	24,17
  13	 | 	14	 | 	4,12
  15	 | 	19	 | 	32,20
  16	 | 	18	 | 	27,31
  9	 | 	10	 | 	7,28
  4	 | 	15	 | 	22,56
___________________________
Simulation Topology [2:4]
___________________________
From 	  To 		Length
___________________________
  7	 | 	11	 | 	8,06
  17	 | 	19	 | 	28,46
  14	 | 	19	 | 	26,25
  14	 | 	18	 | 	23,54
  14	 | 	17	 | 	2,24
  12	 | 	19	 | 	27,29
  10	 | 	11	 | 	2,00
  9	 | 	16	 | 	6,00
  9	 | 	13	 | 	5,39
  8	 | 	16	 | 	8,60
  8	 | 	15	 | 	10,30
  7	 | 	18	 | 	12,08
  6	 | 	13	 | 	13,00
  6	 | 	9	 | 	8,25
  0	 | 	1	 | 	3,00
  0	 | 	17	 | 	23,02
  0	 | 	19	 | 	10,77
  1	 | 	3	 | 	6,71
  1	 | 	18	 | 	4,47
  2	 | 	5	 | 	2,24
  2	 | 	9	 | 	12,04
  2	 | 	11	 | 	13,42
  3	 | 	13	 | 	16,12
  3	 | 	16	 | 	17,46
  4	 | 	6	 | 	6,71
  4	 | 	8	 | 	13,00
  5	 | 	9	 | 	13,34
  5	 | 	16	 | 	19,24
  6	 | 	11	 | 	9,43
  6	 | 	19	 | 	17,69
  7	 | 	10	 | 	6,08
  7	 | 	14	 | 	12,00
  7	 | 	17	 | 	14,04
  8	 | 	11	 | 	2,24
  10	 | 	17	 | 	8,25
  12	 | 	13	 | 	2,24
  12	 | 	15	 | 	5,10
  12	 | 	18	 | 	24,17
  13	 | 	14	 | 	4,12
  15	 | 	19	 | 	32,20
  16	 | 	18	 | 	27,31
  9	 | 	10	 | 	7,28
  4	 | 	15	 | 	22,56
  8	 | 	14	 | 	5,10
___________________________
Simulation Topology [2:5]
___________________________
From 	  To 		Length
___________________________
  7	 | 	11	 | 	8,06
  17	 | 	19	 | 	28,46
  14	 | 	19	 | 	26,25
  14	 | 	18	 | 	23,54
  14	 | 	17	 | 	2,24
  12	 | 	19	 | 	27,29
  10	 | 	11	 | 	2,00
  9	 | 	16	 | 	6,00
  9	 | 	13	 | 	5,39
  8	 | 	16	 | 	8,60
  8	 | 	15	 | 	10,30
  7	 | 	18	 | 	12,08
  6	 | 	13	 | 	13,00
  6	 | 	9	 | 	8,25
  0	 | 	1	 | 	3,00
  0	 | 	17	 | 	23,02
  0	 | 	19	 | 	10,77
  1	 | 	3	 | 	6,71
  1	 | 	18	 | 	4,47
  2	 | 	5	 | 	2,24
  2	 | 	9	 | 	12,04
  2	 | 	11	 | 	13,42
  3	 | 	13	 | 	16,12
  3	 | 	16	 | 	17,46
  4	 | 	6	 | 	6,71
  4	 | 	8	 | 	13,00
  5	 | 	9	 | 	13,34
  5	 | 	16	 | 	19,24
  6	 | 	11	 | 	9,43
  6	 | 	19	 | 	17,69
  7	 | 	10	 | 	6,08
  7	 | 	14	 | 	12,00
  7	 | 	17	 | 	14,04
  8	 | 	11	 | 	2,24
  10	 | 	17	 | 	8,25
  12	 | 	13	 | 	2,24
  12	 | 	15	 | 	5,10
  12	 | 	18	 | 	24,17
  13	 | 	14	 | 	4,12
  15	 | 	19	 | 	32,20
  16	 | 	18	 | 	27,31
  9	 | 	10	 | 	7,28
  4	 | 	15	 | 	22,56
  8	 | 	14	 | 	5,10
___________________________
