Simulation Topology 1
___________________________
[16]				[6]		
[20]				[30]		
[6]				[16]		
[19]				[2]		
[16]				[15]		
[13]				[33]		
[31]				[8]		
[20]				[17]		
[28]				[34]		
[27]				[30]		
[39]				[35]		
[0]				[23]		
[34]				[3]		
[12]				[4]		
[38]				[22]		
[29]				[22]		
[27]				[24]		
[26]				[34]		
[25]				[38]		
[35]				[14]		
___________________________
Simulation Topology [1:0]
___________________________
From 	  To 		Length
___________________________
  0	 | 	8	 | 	30,46
  0	 | 	13	 | 	4,47
  1	 | 	7	 | 	13,00
  1	 | 	15	 | 	12,04
  2	 | 	3	 | 	19,10
  2	 | 	4	 | 	10,05
  3	 | 	12	 | 	15,03
  4	 | 	16	 | 	14,21
  5	 | 	6	 | 	30,81
  5	 | 	14	 | 	27,31
  6	 | 	15	 | 	14,14
  7	 | 	17	 | 	18,03
  8	 | 	14	 | 	15,62
  9	 | 	11	 | 	27,89
  9	 | 	13	 | 	30,02
  10	 | 	11	 | 	40,80
  10	 | 	19	 | 	21,38
  12	 | 	17	 | 	32,02
  16	 | 	18	 | 	14,14
  18	 | 	19	 | 	26,00
___________________________
Simulation Topology 2
___________________________
[9]				[11]		
[6]				[13]		
[31]				[31]		
[38]				[26]		
[8]				[7]		
[23]				[7]		
[7]				[29]		
[12]				[33]		
[1]				[33]		
[26]				[26]		
[32]				[33]		
[36]				[15]		
[5]				[3]		
[5]				[33]		
[33]				[14]		
[2]				[4]		
[20]				[25]		
[22]				[18]		
[12]				[27]		
[33]				[3]		
___________________________
Simulation Topology [2:0]
___________________________
From 	  To 		Length
___________________________
  18	 | 	19	 | 	31,89
  16	 | 	18	 | 	8,25
  12	 | 	17	 | 	22,67
  10	 | 	19	 | 	30,02
  10	 | 	11	 | 	18,44
  9	 | 	13	 | 	22,14
  9	 | 	11	 | 	14,87
  8	 | 	14	 | 	37,22
  7	 | 	17	 | 	18,03
  6	 | 	15	 | 	25,50
  0	 | 	9	 | 	22,67
  0	 | 	13	 | 	22,36
  1	 | 	18	 | 	15,23
  1	 | 	19	 | 	28,79
  2	 | 	14	 | 	17,12
  2	 | 	17	 | 	15,81
  3	 | 	10	 | 	9,22
  3	 | 	17	 | 	17,89
  4	 | 	11	 | 	29,12
  4	 | 	14	 | 	25,96
  5	 | 	13	 | 	31,62
  5	 | 	16	 | 	18,25
  6	 | 	7	 | 	6,40
  6	 | 	8	 | 	7,21
  7	 | 	15	 | 	30,68
  8	 | 	19	 | 	43,86
  9	 | 	18	 | 	14,04
  10	 | 	12	 | 	40,36
  11	 | 	16	 | 	18,87
  12	 | 	15	 | 	3,16
___________________________
