Simulation Topology 1
___________________________
[13]				[38]		
[12]				[14]		
[7]				[16]		
[39]				[31]		
[37]				[25]		
[20]				[1]		
[6]				[32]		
[24]				[22]		
[29]				[27]		
[26]				[32]		
[25]				[8]		
[16]				[14]		
[23]				[15]		
[37]				[31]		
[14]				[15]		
[34]				[22]		
[24]				[30]		
[37]				[34]		
[4]				[32]		
[12]				[29]		
___________________________
Simulation Topology [1:0]
___________________________
From 	  To 		Length
___________________________
  0	 | 	5	 | 	37,66
  0	 | 	12	 | 	25,08
  1	 | 	2	 | 	5,39
  1	 | 	10	 | 	14,32
  2	 | 	9	 | 	24,84
  3	 | 	11	 | 	28,60
  3	 | 	13	 | 	2,00
  4	 | 	7	 | 	13,34
  4	 | 	19	 | 	25,32
  5	 | 	16	 | 	29,27
  6	 | 	12	 | 	24,04
  6	 | 	19	 | 	6,71
  7	 | 	18	 | 	22,36
  8	 | 	10	 | 	19,42
  8	 | 	17	 | 	10,63
  9	 | 	14	 | 	20,81
  11	 | 	15	 | 	19,70
  13	 | 	14	 | 	28,02
  15	 | 	16	 | 	12,81
  17	 | 	18	 | 	33,06
___________________________
Simulation Topology 2
___________________________
[19]				[11]		
[16]				[38]		
[7]				[35]		
[36]				[22]		
[25]				[16]		
[38]				[7]		
[32]				[8]		
[36]				[0]		
[26]				[13]		
[14]				[19]		
[36]				[4]		
[3]				[12]		
[7]				[28]		
[23]				[3]		
[35]				[35]		
[0]				[10]		
[33]				[14]		
[19]				[28]		
[5]				[2]		
[38]				[29]		
___________________________
Simulation Topology [2:0]
___________________________
From 	  To 		Length
___________________________
  17	 | 	18	 | 	29,53
  15	 | 	16	 | 	33,24
  13	 | 	14	 | 	34,18
  11	 | 	15	 | 	3,61
  9	 | 	14	 | 	26,40
  8	 | 	17	 | 	16,55
  8	 | 	10	 | 	13,45
  7	 | 	18	 | 	31,06
  6	 | 	19	 | 	21,84
  6	 | 	12	 | 	32,02
  0	 | 	12	 | 	20,81
  0	 | 	15	 | 	19,03
  1	 | 	10	 | 	39,45
  1	 | 	15	 | 	32,25
  2	 | 	4	 | 	26,17
  2	 | 	16	 | 	33,42
  3	 | 	7	 | 	22,00
  3	 | 	17	 | 	18,03
  4	 | 	8	 | 	3,16
  5	 | 	7	 | 	7,28
  5	 | 	10	 | 	3,61
  6	 | 	11	 | 	29,27
  6	 | 	18	 | 	27,66
  8	 | 	16	 | 	7,07
  9	 | 	13	 | 	18,36
  11	 | 	14	 | 	39,41
  12	 | 	19	 | 	31,02
  13	 | 	19	 | 	30,02
___________________________
