Simulation Topology 1
___________________________
[3]				[1]		
[3]				[9]		
[9]				[0]		
[3]				[7]		
[9]				[2]		
___________________________
Simulation Topology [1:0]
___________________________
From 	  To 		Length
___________________________
  0	 | 	2	 | 	6,08
  0	 | 	3	 | 	6,00
  1	 | 	3	 | 	2,00
  1	 | 	4	 | 	9,22
  2	 | 	4	 | 	2,00
___________________________
Simulation Topology 2
___________________________
[1]				[0]		
[0]				[7]		
[2]				[5]		
[3]				[9]		
[5]				[9]		
___________________________
Simulation Topology [2:0]
___________________________
From 	  To 		Length
___________________________
  2	 | 	4	 | 	5,00
  1	 | 	4	 | 	5,39
  0	 | 	1	 | 	7,07
  0	 | 	4	 | 	9,85
  1	 | 	2	 | 	2,83
  2	 | 	3	 | 	4,12
  3	 | 	4	 | 	2,00
___________________________
