Simulation Topology 1
___________________________
[14]				[6]		
[27]				[28]		
[36]				[33]		
[18]				[26]		
[34]				[28]		
[38]				[1]		
[24]				[31]		
[10]				[7]		
[8]				[2]		
[11]				[15]		
[14]				[37]		
[4]				[38]		
[16]				[27]		
[11]				[33]		
[14]				[35]		
[38]				[5]		
[37]				[26]		
[21]				[34]		
[33]				[32]		
[37]				[3]		
___________________________
Simulation Topology [1:0]
___________________________
From 	  To 		Length
___________________________
  0	 | 	1	 | 	25,55
  0	 | 	12	 | 	21,10
  1	 | 	8	 | 	32,20
  2	 | 	10	 | 	22,36
  2	 | 	13	 | 	25,00
  3	 | 	9	 | 	13,04
  3	 | 	17	 | 	8,54
  4	 | 	6	 | 	10,44
  4	 | 	12	 | 	18,03
  5	 | 	8	 | 	30,02
  5	 | 	16	 | 	25,02
  6	 | 	19	 | 	30,87
  7	 | 	13	 | 	26,02
  7	 | 	15	 | 	28,07
  9	 | 	10	 | 	22,20
  11	 | 	17	 | 	17,46
  11	 | 	19	 | 	48,10
  14	 | 	16	 | 	24,70
  14	 | 	18	 | 	19,24
  15	 | 	18	 | 	27,46
___________________________
Simulation Topology 2
___________________________
[18]				[37]		
[29]				[29]		
[7]				[11]		
[18]				[3]		
[38]				[5]		
[26]				[39]		
[11]				[3]		
[17]				[28]		
[36]				[5]		
[16]				[9]		
[33]				[5]		
[27]				[22]		
[18]				[15]		
[15]				[2]		
[22]				[31]		
[17]				[23]		
[9]				[21]		
[7]				[23]		
[27]				[15]		
[37]				[35]		
___________________________
Simulation Topology [2:0]
___________________________
From 	  To 		Length
___________________________
  15	 | 	18	 | 	12,81
  14	 | 	18	 | 	16,76
  14	 | 	16	 | 	16,40
  11	 | 	19	 | 	16,40
  11	 | 	17	 | 	20,02
  9	 | 	10	 | 	17,46
  7	 | 	15	 | 	5,00
  7	 | 	13	 | 	26,08
  6	 | 	19	 | 	41,23
  5	 | 	16	 | 	24,76
  0	 | 	4	 | 	37,74
  0	 | 	7	 | 	9,06
  1	 | 	6	 | 	31,62
  1	 | 	18	 | 	14,14
  2	 | 	13	 | 	12,04
  2	 | 	14	 | 	25,00
  3	 | 	10	 | 	15,13
  3	 | 	16	 | 	20,12
  4	 | 	17	 | 	35,85
  5	 | 	15	 | 	18,36
  5	 | 	18	 | 	24,02
  6	 | 	11	 | 	24,84
  7	 | 	9	 | 	19,03
  8	 | 	9	 | 	20,40
  8	 | 	12	 | 	20,59
  10	 | 	19	 | 	30,27
  12	 | 	16	 | 	10,82
  13	 | 	15	 | 	21,10
  14	 | 	17	 | 	17,00
___________________________
