Simulation Topology 1
___________________________
[0]				[4]		
[5]				[3]		
[8]				[2]		
[8]				[4]		
[6]				[5]		
___________________________
Simulation Topology [1:0]
___________________________
From 	  To 		Length
___________________________
  0	 | 	1	 | 	5,10
  0	 | 	3	 | 	8,00
  1	 | 	4	 | 	2,24
  2	 | 	3	 | 	2,00
  2	 | 	4	 | 	3,61
___________________________
Simulation Topology 2
___________________________
[5]				[0]		
[2]				[4]		
[9]				[4]		
[2]				[8]		
[3]				[6]		
___________________________
Simulation Topology [2:0]
___________________________
From 	  To 		Length
___________________________
  2	 | 	4	 | 	6,32
  2	 | 	3	 | 	8,06
  0	 | 	2	 | 	5,66
  0	 | 	4	 | 	6,32
  1	 | 	3	 | 	4,00
  1	 | 	4	 | 	2,24
___________________________
