Simulation Topology 1
___________________________
[16]				[31]		
[27]				[37]		
[9]				[2]		
[38]				[25]		
[38]				[34]		
[19]				[34]		
[11]				[16]		
[26]				[28]		
[12]				[9]		
[18]				[12]		
[2]				[22]		
[30]				[38]		
[2]				[19]		
[3]				[26]		
[39]				[1]		
[14]				[26]		
[6]				[6]		
[27]				[1]		
[29]				[1]		
[32]				[2]		
___________________________
Simulation Topology [1:0]
___________________________
From 	  To 		Length
___________________________
  0	 | 	1	 | 	12,53
  0	 | 	5	 | 	4,24
  1	 | 	10	 | 	29,15
  2	 | 	3	 | 	37,01
  2	 | 	18	 | 	20,02
  3	 | 	12	 | 	36,50
  4	 | 	6	 | 	32,45
  4	 | 	12	 | 	39,00
  5	 | 	17	 | 	33,96
  6	 | 	10	 | 	10,82
  7	 | 	8	 | 	23,60
  7	 | 	9	 | 	17,89
  8	 | 	18	 | 	18,79
  9	 | 	11	 | 	28,64
  11	 | 	16	 | 	40,00
  13	 | 	14	 | 	43,83
  13	 | 	16	 | 	20,22
  14	 | 	15	 | 	35,36
  15	 | 	19	 | 	30,00
  17	 | 	19	 | 	5,10
___________________________
Simulation Topology 2
___________________________
[22]				[1]		
[29]				[29]		
[3]				[26]		
[31]				[21]		
[27]				[18]		
[10]				[24]		
[31]				[9]		
[8]				[16]		
[1]				[19]		
[10]				[4]		
[16]				[28]		
[26]				[21]		
[29]				[22]		
[13]				[18]		
[32]				[17]		
[7]				[1]		
[6]				[28]		
[21]				[39]		
[22]				[6]		
[7]				[4]		
___________________________
Simulation Topology [2:0]
___________________________
From 	  To 		Length
___________________________
  17	 | 	19	 | 	37,70
  15	 | 	19	 | 	3,00
  14	 | 	15	 | 	29,68
  13	 | 	16	 | 	12,21
  13	 | 	14	 | 	19,03
  11	 | 	16	 | 	21,19
  9	 | 	11	 | 	23,35
  8	 | 	18	 | 	24,70
  7	 | 	9	 | 	12,17
  7	 | 	8	 | 	7,62
  0	 | 	10	 | 	27,66
  0	 | 	14	 | 	18,87
  1	 | 	2	 | 	26,17
  1	 | 	8	 | 	29,73
  2	 | 	7	 | 	11,18
  3	 | 	5	 | 	21,21
  3	 | 	12	 | 	2,24
  4	 | 	17	 | 	21,84
  4	 | 	19	 | 	24,41
  5	 | 	19	 | 	20,22
  6	 | 	9	 | 	21,59
  6	 | 	16	 | 	31,40
  7	 | 	16	 | 	12,17
  8	 | 	15	 | 	18,97
  9	 | 	10	 | 	24,74
  11	 | 	12	 | 	3,16
  11	 | 	18	 | 	15,52
  13	 | 	15	 | 	18,03
  13	 | 	18	 | 	15,00
  14	 | 	17	 | 	24,60
___________________________
