Simulation Topology 1
___________________________
[19]				[4]		
[32]				[16]		
[13]				[22]		
[20]				[31]		
[16]				[19]		
___________________________
Simulation Topology [1:0]
___________________________
From 	  To 		Length
___________________________
  0	 | 	1	 | 	17,69
  0	 | 	4	 | 	15,30
  1	 | 	2	 | 	19,92
  2	 | 	3	 | 	11,40
  3	 | 	4	 | 	12,65
___________________________
Simulation Topology 2
___________________________
[26]				[2]		
[16]				[11]		
[8]				[36]		
[1]				[7]		
[23]				[31]		
___________________________
Simulation Topology [2:0]
___________________________
From 	  To 		Length
___________________________
  3	 | 	4	 | 	32,56
  2	 | 	3	 | 	29,83
  0	 | 	1	 | 	13,45
  0	 | 	4	 | 	29,15
  1	 | 	2	 | 	26,25
___________________________
