Simulation Topology 1
___________________________
[4]				[6]		
[7]				[5]		
[5]				[0]		
[6]				[2]		
[8]				[1]		
___________________________
Simulation Topology [1:0]
___________________________
From 	  To 		Length
___________________________
  0	 | 	2	 | 	6,08
  0	 | 	3	 | 	4,47
  1	 | 	2	 | 	5,39
  1	 | 	4	 | 	4,12
  3	 | 	4	 | 	2,24
___________________________
Simulation Topology 2
___________________________
[2]				[3]		
[5]				[6]		
[1]				[6]		
[0]				[2]		
[9]				[8]		
___________________________
Simulation Topology [2:0]
___________________________
From 	  To 		Length
___________________________
  3	 | 	4	 | 	10,82
  1	 | 	4	 | 	4,47
  0	 | 	1	 | 	4,24
  0	 | 	4	 | 	8,60
  1	 | 	3	 | 	6,40
  2	 | 	3	 | 	4,12
  2	 | 	4	 | 	8,25
___________________________
