Simulation Topology 1
___________________________
[9]				[0]		
[2]				[9]		
[1]				[7]		
[7]				[4]		
[4]				[0]		
___________________________
Simulation Topology [1:0]
___________________________
From 	  To 		Length
___________________________
  0	 | 	1	 | 	11,40
  0	 | 	4	 | 	5,00
  1	 | 	3	 | 	7,07
  2	 | 	3	 | 	6,71
  2	 | 	4	 | 	7,62
___________________________
Simulation Topology 2
___________________________
[3]				[1]		
[1]				[7]		
[4]				[5]		
[7]				[0]		
[9]				[3]		
___________________________
Simulation Topology [2:0]
___________________________
From 	  To 		Length
___________________________
  2	 | 	4	 | 	5,39
  2	 | 	3	 | 	5,83
  0	 | 	2	 | 	4,12
  0	 | 	3	 | 	4,12
  1	 | 	2	 | 	3,61
  1	 | 	4	 | 	8,94
  3	 | 	4	 | 	3,61
___________________________
