Simulation Topology 1
___________________________
[5]				[3]		
[4]				[1]		
[7]				[0]		
[9]				[0]		
[3]				[3]		
___________________________
Simulation Topology [1:0]
___________________________
From 	  To 		Length
___________________________
  0	 | 	1	 | 	2,24
  0	 | 	4	 | 	2,00
  1	 | 	2	 | 	3,16
  2	 | 	3	 | 	2,00
  3	 | 	4	 | 	6,71
___________________________
Simulation Topology 2
___________________________
[5]				[2]		
[9]				[4]		
[4]				[7]		
[9]				[7]		
[3]				[1]		
___________________________
Simulation Topology [2:0]
___________________________
From 	  To 		Length
___________________________
  3	 | 	4	 | 	8,49
  2	 | 	3	 | 	5,00
  0	 | 	2	 | 	5,10
  0	 | 	3	 | 	6,40
  1	 | 	3	 | 	3,00
  1	 | 	4	 | 	6,71
  2	 | 	4	 | 	6,08
___________________________
