Simulation Topology 1
___________________________
[9]				[2]		
[7]				[3]		
[5]				[5]		
[1]				[5]		
[4]				[7]		
___________________________
Simulation Topology [1:0]
___________________________
From 	  To 		Length
___________________________
  0	 | 	1	 | 	2,24
  0	 | 	4	 | 	7,07
  1	 | 	2	 | 	2,83
  2	 | 	3	 | 	4,00
  3	 | 	4	 | 	3,61
___________________________
Simulation Topology 2
___________________________
[1]				[0]		
[6]				[3]		
[5]				[5]		
[5]				[7]		
[6]				[9]		
___________________________
Simulation Topology [2:0]
___________________________
From 	  To 		Length
___________________________
  3	 | 	4	 | 	2,24
  2	 | 	3	 | 	2,00
  0	 | 	2	 | 	6,40
  1	 | 	2	 | 	2,24
  1	 | 	3	 | 	4,12
___________________________
