Simulation Topology 1
___________________________
[8]				[1]		
[4]				[3]		
[9]				[3]		
[9]				[4]		
[1]				[6]		
___________________________
Simulation Topology [1:0]
___________________________
From 	  To 		Length
___________________________
  0	 | 	1	 | 	4,47
  0	 | 	3	 | 	3,16
  1	 | 	4	 | 	4,24
  2	 | 	3	 | 	1,00
  2	 | 	4	 | 	8,54
___________________________
Simulation Topology 2
___________________________
[8]				[2]		
[1]				[5]		
[5]				[4]		
[9]				[7]		
[6]				[8]		
___________________________
Simulation Topology [2:0]
___________________________
From 	  To 		Length
___________________________
  2	 | 	4	 | 	4,12
  2	 | 	3	 | 	5,00
  0	 | 	1	 | 	7,62
  1	 | 	3	 | 	8,25
  3	 | 	4	 | 	3,16
___________________________
