Simulation Topology 1
___________________________
[31]				[33]		
[14]				[21]		
[6]				[25]		
[16]				[4]		
[26]				[17]		
[6]				[23]		
[12]				[11]		
[28]				[21]		
[17]				[15]		
[15]				[15]		
[2]				[11]		
[36]				[12]		
[36]				[29]		
[24]				[18]		
[22]				[19]		
[34]				[12]		
[0]				[15]		
[26]				[1]		
[26]				[19]		
[12]				[14]		
___________________________
Simulation Topology [1:0]
___________________________
From 	  To 		Length
___________________________
  0	 | 	2	 | 	26,25
  0	 | 	10	 | 	36,40
  1	 | 	2	 | 	8,94
  1	 | 	15	 | 	21,93
  3	 | 	6	 | 	8,06
  3	 | 	8	 | 	11,05
  4	 | 	15	 | 	9,43
  4	 | 	16	 | 	26,08
  5	 | 	14	 | 	16,49
  5	 | 	18	 | 	20,40
  6	 | 	10	 | 	10,00
  7	 | 	13	 | 	5,00
  7	 | 	17	 | 	20,10
  8	 | 	11	 | 	19,24
  9	 | 	18	 | 	11,70
  9	 | 	19	 | 	3,16
  11	 | 	14	 | 	15,65
  12	 | 	16	 | 	38,63
  12	 | 	17	 | 	29,73
  13	 | 	19	 | 	12,65
___________________________
Simulation Topology 2
___________________________
[38]				[29]		
[7]				[34]		
[37]				[6]		
[17]				[14]		
[28]				[36]		
[1]				[7]		
[10]				[27]		
[4]				[37]		
[7]				[18]		
[3]				[12]		
[36]				[14]		
[35]				[28]		
[6]				[30]		
[3]				[10]		
[20]				[35]		
[38]				[23]		
[16]				[10]		
[25]				[27]		
[21]				[19]		
[15]				[5]		
___________________________
Simulation Topology [2:0]
___________________________
From 	  To 		Length
___________________________
  13	 | 	19	 | 	13,00
  12	 | 	17	 | 	19,24
  12	 | 	16	 | 	22,36
  11	 | 	14	 | 	16,55
  9	 | 	19	 | 	13,89
  9	 | 	18	 | 	19,31
  8	 | 	11	 | 	29,73
  7	 | 	17	 | 	23,26
  7	 | 	13	 | 	27,02
  6	 | 	10	 | 	29,07
  0	 | 	3	 | 	25,81
  0	 | 	18	 | 	19,72
  1	 | 	8	 | 	16,00
  1	 | 	17	 | 	19,31
  2	 | 	10	 | 	8,06
  2	 | 	13	 | 	34,23
  3	 | 	16	 | 	4,12
  4	 | 	6	 | 	20,12
  4	 | 	15	 | 	16,40
  5	 | 	11	 | 	39,96
  5	 | 	14	 | 	33,84
  6	 | 	13	 | 	18,38
  7	 | 	10	 | 	39,41
  7	 | 	19	 | 	33,84
  8	 | 	9	 | 	7,21
  9	 | 	16	 | 	13,15
  11	 | 	19	 | 	30,48
  12	 | 	15	 | 	32,76
  14	 | 	18	 | 	16,03
___________________________
