Simulation Topology 1
___________________________
Simulation Topology 2
___________________________
[31]				[2]		
[26]				[2]		
[13]				[18]		
[4]				[8]		
[31]				[14]		
[22]				[30]		
[6]				[3]		
[9]				[13]		
[31]				[7]		
[23]				[39]		
[33]				[0]		
[11]				[24]		
[3]				[13]		
[12]				[10]		
[16]				[39]		
[31]				[21]		
[18]				[7]		
[9]				[29]		
[16]				[4]		
[8]				[19]		
___________________________
Simulation Topology [2:0]
___________________________
From 	  To 		Length
___________________________
  0	 | 	2	 | 	24,08
  0	 | 	13	 | 	20,62
  1	 | 	8	 | 	7,07
  1	 | 	12	 | 	25,50
  2	 | 	9	 | 	23,26
  3	 | 	5	 | 	28,43
  3	 | 	6	 | 	5,39
  4	 | 	12	 | 	28,02
  4	 | 	19	 | 	23,54
  5	 | 	18	 | 	26,68
  6	 | 	17	 | 	26,17
  7	 | 	11	 | 	11,18
  7	 | 	13	 | 	4,24
  8	 | 	11	 | 	26,25
  9	 | 	15	 | 	19,70
  10	 | 	14	 | 	42,54
  10	 | 	17	 | 	37,64
  14	 | 	16	 | 	32,06
  15	 | 	18	 | 	22,67
  16	 | 	19	 | 	15,62
___________________________
