Simulation Topology 1
___________________________
[4]				[3]		
[2]				[7]		
[6]				[9]		
[7]				[3]		
[5]				[5]		
___________________________
Simulation Topology [1:0]
___________________________
From 	  To 		Length
___________________________
  0	 | 	1	 | 	4,47
  0	 | 	2	 | 	6,32
  1	 | 	4	 | 	3,61
  2	 | 	3	 | 	6,08
  3	 | 	4	 | 	2,83
___________________________
Simulation Topology 2
___________________________
[1]				[2]		
[4]				[2]		
[9]				[6]		
[8]				[9]		
[7]				[2]		
___________________________
Simulation Topology [2:0]
___________________________
From 	  To 		Length
___________________________
  3	 | 	4	 | 	7,07
  2	 | 	3	 | 	3,16
  0	 | 	2	 | 	8,94
  0	 | 	4	 | 	6,00
  1	 | 	2	 | 	6,40
  1	 | 	3	 | 	8,06
___________________________
