Simulation Topology 1
___________________________
Simulation Topology 2
___________________________
[19]				[23]		
[4]				[3]		
[19]				[34]		
[16]				[1]		
[16]				[36]		
[34]				[3]		
[6]				[25]		
[9]				[9]		
[17]				[31]		
[17]				[11]		
[16]				[17]		
[20]				[17]		
[19]				[6]		
[27]				[21]		
[12]				[14]		
[17]				[4]		
[6]				[11]		
[37]				[6]		
[39]				[18]		
[15]				[39]		
___________________________
Simulation Topology [2:0]
___________________________
From 	  To 		Length
___________________________
  0	 | 	4	 | 	13,34
  0	 | 	18	 | 	20,62
  1	 | 	9	 | 	15,26
  1	 | 	17	 | 	33,14
  2	 | 	13	 | 	15,26
  2	 | 	17	 | 	33,29
  3	 | 	5	 | 	18,11
  3	 | 	11	 | 	16,49
  4	 | 	7	 | 	27,89
  5	 | 	18	 | 	15,81
  6	 | 	11	 | 	16,12
  6	 | 	12	 | 	23,02
  7	 | 	14	 | 	5,83
  8	 | 	10	 | 	14,04
  8	 | 	15	 | 	27,00
  9	 | 	14	 | 	5,83
  10	 | 	13	 | 	11,70
  12	 | 	19	 | 	33,24
  15	 | 	16	 | 	13,04
  16	 | 	19	 | 	29,41
___________________________
