Simulation Topology 1
___________________________
[6]				[38]		
[11]				[24]		
[18]				[34]		
[31]				[11]		
[7]				[13]		
[23]				[7]		
[0]				[15]		
[8]				[37]		
[24]				[20]		
[29]				[11]		
[17]				[2]		
[6]				[2]		
[30]				[19]		
[36]				[35]		
[2]				[37]		
[9]				[31]		
[15]				[22]		
[8]				[25]		
[11]				[10]		
[9]				[15]		
___________________________
Simulation Topology [1:0]
___________________________
From 	  To 		Length
___________________________
  0	 | 	2	 | 	12,65
  0	 | 	13	 | 	30,15
  1	 | 	11	 | 	22,56
  1	 | 	16	 | 	4,47
  2	 | 	15	 | 	9,49
  3	 | 	5	 | 	8,94
  3	 | 	8	 | 	11,40
  4	 | 	6	 | 	7,28
  4	 | 	19	 | 	2,83
  5	 | 	9	 | 	7,21
  6	 | 	12	 | 	30,27
  7	 | 	17	 | 	12,00
  7	 | 	18	 | 	27,17
  8	 | 	10	 | 	19,31
  9	 | 	14	 | 	37,48
  10	 | 	16	 | 	20,10
  11	 | 	13	 | 	44,60
  12	 | 	18	 | 	21,02
  14	 | 	19	 | 	23,09
  15	 | 	17	 | 	6,08
___________________________
Simulation Topology 2
___________________________
[23]				[39]		
[8]				[33]		
[3]				[36]		
[8]				[17]		
[2]				[21]		
[37]				[16]		
[17]				[34]		
[20]				[37]		
[24]				[12]		
[38]				[12]		
[15]				[9]		
[25]				[17]		
[19]				[35]		
[7]				[23]		
[4]				[5]		
[2]				[9]		
[6]				[5]		
[2]				[11]		
[35]				[18]		
[35]				[29]		
___________________________
Simulation Topology [2:0]
___________________________
From 	  To 		Length
___________________________
  15	 | 	17	 | 	2,00
  14	 | 	19	 | 	39,20
  12	 | 	18	 | 	23,35
  11	 | 	13	 | 	18,97
  10	 | 	16	 | 	9,85
  9	 | 	14	 | 	34,71
  8	 | 	10	 | 	9,49
  7	 | 	18	 | 	24,21
  7	 | 	17	 | 	31,62
  6	 | 	12	 | 	2,24
  0	 | 	2	 | 	20,22
  0	 | 	10	 | 	31,05
  1	 | 	2	 | 	5,83
  1	 | 	6	 | 	9,06
  1	 | 	7	 | 	12,65
  3	 | 	8	 | 	16,76
  3	 | 	15	 | 	10,00
  4	 | 	6	 | 	19,85
  4	 | 	13	 | 	5,39
  5	 | 	10	 | 	23,09
  7	 | 	12	 | 	2,24
  8	 | 	18	 | 	12,53
  9	 | 	11	 | 	13,93
  9	 | 	18	 | 	6,71
  11	 | 	17	 | 	23,77
  12	 | 	17	 | 	29,41
  13	 | 	15	 | 	14,87
  14	 | 	16	 | 	2,00
  16	 | 	19	 | 	37,64
___________________________
