Simulation Topology 1
___________________________
[15]				[32]		
[30]				[1]		
[8]				[7]		
[3]				[37]		
[21]				[17]		
[17]				[14]		
[3]				[22]		
[8]				[24]		
[15]				[25]		
[32]				[0]		
[39]				[17]		
[15]				[22]		
[19]				[7]		
[12]				[34]		
[7]				[35]		
[24]				[24]		
[6]				[20]		
[21]				[23]		
[38]				[2]		
[29]				[22]		
___________________________
Simulation Topology [1:0]
___________________________
From 	  To 		Length
___________________________
  0	 | 	3	 | 	13,00
  0	 | 	17	 | 	10,82
  1	 | 	14	 | 	41,05
  1	 | 	16	 | 	30,61
  2	 | 	7	 | 	17,00
  2	 | 	18	 | 	30,41
  3	 | 	14	 | 	4,47
  4	 | 	5	 | 	5,00
  4	 | 	10	 | 	18,00
  5	 | 	7	 | 	13,45
  6	 | 	11	 | 	12,00
  6	 | 	13	 | 	15,00
  8	 | 	11	 | 	3,00
  8	 | 	19	 | 	14,32
  9	 | 	12	 | 	14,76
  9	 | 	16	 | 	32,80
  10	 | 	13	 | 	31,91
  12	 | 	15	 | 	17,72
  15	 | 	18	 | 	26,08
  17	 | 	19	 | 	8,06
___________________________
Simulation Topology 2
___________________________
[17]				[9]		
[25]				[34]		
[22]				[14]		
[4]				[18]		
[26]				[31]		
[27]				[37]		
[22]				[2]		
[35]				[26]		
[37]				[9]		
[14]				[6]		
[27]				[26]		
[2]				[29]		
[27]				[34]		
[8]				[20]		
[26]				[12]		
[18]				[13]		
[23]				[39]		
[28]				[13]		
[2]				[2]		
[21]				[39]		
___________________________
Simulation Topology [2:0]
___________________________
From 	  To 		Length
___________________________
  17	 | 	19	 | 	26,93
  15	 | 	18	 | 	19,42
  12	 | 	15	 | 	22,85
  10	 | 	13	 | 	19,92
  9	 | 	16	 | 	34,21
  9	 | 	12	 | 	30,87
  8	 | 	19	 | 	34,00
  8	 | 	11	 | 	40,31
  6	 | 	13	 | 	22,80
  6	 | 	11	 | 	33,60
  0	 | 	7	 | 	24,76
  0	 | 	8	 | 	20,00
  1	 | 	15	 | 	22,14
  1	 | 	18	 | 	39,41
  2	 | 	5	 | 	23,54
  2	 | 	18	 | 	23,32
  3	 | 	4	 | 	25,55
  3	 | 	7	 | 	32,02
  4	 | 	9	 | 	27,73
  5	 | 	12	 | 	3,00
  6	 | 	16	 | 	37,01
  8	 | 	12	 | 	26,93
  9	 | 	10	 | 	23,85
  10	 | 	19	 | 	14,32
  11	 | 	14	 | 	29,41
  11	 | 	17	 | 	30,53
  13	 | 	14	 | 	19,70
  15	 | 	17	 | 	10,00
  16	 | 	19	 | 	2,00
___________________________
