Simulation Topology 1
___________________________
[22]				[23]		
[36]				[21]		
[28]				[29]		
[15]				[15]		
[27]				[23]		
[4]				[27]		
[30]				[10]		
[26]				[35]		
[14]				[27]		
[20]				[22]		
[19]				[8]		
[21]				[27]		
[27]				[14]		
[14]				[34]		
[33]				[23]		
[38]				[5]		
[36]				[15]		
[34]				[31]		
[33]				[39]		
[35]				[38]		
___________________________
Simulation Topology [1:0]
___________________________
From 	  To 		Length
___________________________
  0	 | 	4	 | 	5,00
  0	 | 	16	 | 	16,12
  1	 | 	2	 | 	11,31
  1	 | 	8	 | 	22,80
  2	 | 	5	 | 	24,08
  3	 | 	11	 | 	13,42
  3	 | 	17	 | 	24,84
  4	 | 	6	 | 	13,34
  5	 | 	12	 | 	26,42
  6	 | 	14	 | 	13,34
  7	 | 	15	 | 	32,31
  7	 | 	19	 | 	9,49
  8	 | 	17	 | 	20,40
  9	 | 	10	 | 	14,04
  9	 | 	15	 | 	24,76
  10	 | 	13	 | 	26,48
  11	 | 	18	 | 	16,97
  12	 | 	16	 | 	9,06
  13	 | 	14	 | 	21,95
  18	 | 	19	 | 	2,24
___________________________
Simulation Topology 2
___________________________
[12]				[7]		
[24]				[32]		
[5]				[29]		
[2]				[4]		
[5]				[27]		
[26]				[21]		
[12]				[30]		
[20]				[11]		
[15]				[23]		
[32]				[19]		
[18]				[19]		
[23]				[30]		
[15]				[17]		
[12]				[33]		
[18]				[7]		
[8]				[31]		
[27]				[19]		
[4]				[8]		
[32]				[14]		
[11]				[14]		
___________________________
Simulation Topology [2:0]
___________________________
From 	  To 		Length
___________________________
  18	 | 	19	 | 	21,00
  13	 | 	14	 | 	26,68
  12	 | 	16	 | 	12,17
  11	 | 	18	 | 	18,36
  10	 | 	13	 | 	15,23
  9	 | 	15	 | 	26,83
  9	 | 	10	 | 	14,00
  8	 | 	17	 | 	18,60
  7	 | 	19	 | 	9,49
  7	 | 	15	 | 	23,32
  0	 | 	12	 | 	10,44
  0	 | 	15	 | 	24,33
  1	 | 	3	 | 	35,61
  1	 | 	7	 | 	21,38
  2	 | 	3	 | 	25,18
  2	 | 	12	 | 	15,62
  4	 | 	8	 | 	10,77
  4	 | 	16	 | 	23,41
  5	 | 	13	 | 	18,44
  5	 | 	18	 | 	9,22
  6	 | 	10	 | 	12,53
  6	 | 	17	 | 	23,41
  7	 | 	11	 | 	19,24
  8	 | 	10	 | 	5,00
  9	 | 	16	 | 	5,00
  9	 | 	18	 | 	5,00
  11	 | 	14	 | 	23,54
  13	 | 	19	 | 	19,03
  14	 | 	17	 | 	14,04
  15	 | 	19	 | 	17,26
___________________________
