Simulation Topology 1
___________________________
[3]				[30]		
[5]				[5]		
[5]				[32]		
[0]				[24]		
[7]				[10]		
[4]				[15]		
[3]				[11]		
[0]				[4]		
[1]				[34]		
[7]				[1]		
[1]				[28]		
[1]				[13]		
[2]				[4]		
[3]				[18]		
[1]				[30]		
[4]				[28]		
[6]				[14]		
[6]				[24]		
[10]				[35]		
[16]				[3]		
___________________________
Simulation Topology [1:0]
___________________________
From 	  To 		Length
___________________________
  0	 | 	1	 | 	25,08
  0	 | 	8	 | 	4,47
  0	 | 	18	 | 	8,60
  1	 | 	16	 | 	9,06
  2	 | 	5	 | 	17,03
  2	 | 	16	 | 	18,03
  3	 | 	11	 | 	11,05
  3	 | 	15	 | 	5,66
  4	 | 	9	 | 	9,00
  4	 | 	14	 | 	20,88
  5	 | 	7	 | 	11,70
  6	 | 	8	 | 	23,09
  6	 | 	12	 | 	7,07
  7	 | 	13	 | 	14,32
  9	 | 	10	 | 	27,66
  10	 | 	17	 | 	6,40
  11	 | 	12	 | 	9,06
  13	 | 	14	 | 	12,17
  15	 | 	17	 | 	4,47
  18	 | 	19	 | 	32,56
___________________________
Simulation Topology 2
___________________________
[6]				[36]		
[0]				[2]		
[1]				[31]		
[3]				[28]		
[1]				[33]		
[1]				[39]		
[7]				[38]		
[7]				[34]		
[5]				[8]		
[3]				[5]		
[1]				[6]		
[5]				[29]		
[7]				[21]		
[10]				[8]		
[14]				[12]		
[11]				[3]		
[14]				[7]		
[12]				[36]		
[15]				[16]		
[18]				[24]		
___________________________
Simulation Topology [2:0]
___________________________
From 	  To 		Length
___________________________
  18	 | 	19	 | 	8,54
  15	 | 	17	 | 	33,02
  13	 | 	14	 | 	5,66
  11	 | 	12	 | 	8,25
  10	 | 	17	 | 	31,95
  9	 | 	10	 | 	2,24
  7	 | 	13	 | 	26,17
  6	 | 	12	 | 	17,00
  6	 | 	8	 | 	30,07
  5	 | 	7	 | 	7,81
  0	 | 	1	 | 	34,53
  0	 | 	3	 | 	8,54
  0	 | 	19	 | 	16,97
  1	 | 	7	 | 	32,76
  2	 | 	5	 | 	8,00
  2	 | 	7	 | 	6,71
  3	 | 	11	 | 	2,24
  4	 | 	9	 | 	28,07
  4	 | 	10	 | 	27,00
  5	 | 	8	 | 	31,26
  6	 | 	9	 | 	33,24
  6	 | 	11	 | 	9,22
  8	 | 	12	 | 	13,15
  10	 | 	12	 | 	16,16
  13	 | 	15	 | 	5,10
  13	 | 	17	 | 	28,07
  14	 | 	15	 | 	9,49
  14	 | 	16	 | 	5,00
  16	 | 	18	 | 	9,06
  17	 | 	18	 | 	20,22
___________________________
