Simulation Topology 1
___________________________
[11]				[0]		
[13]				[31]		
[39]				[0]		
[33]				[28]		
[1]				[3]		
[9]				[31]		
[38]				[13]		
[5]				[27]		
[17]				[22]		
[18]				[34]		
[31]				[23]		
[36]				[11]		
[25]				[26]		
[2]				[5]		
[14]				[37]		
[30]				[33]		
[32]				[20]		
[28]				[19]		
[30]				[29]		
[13]				[3]		
___________________________
Simulation Topology [1:0]
___________________________
From 	  To 		Length
___________________________
  0	 | 	8	 | 	22,80
  0	 | 	10	 | 	30,48
  1	 | 	14	 | 	6,08
  1	 | 	19	 | 	28,00
  2	 | 	8	 | 	31,11
  2	 | 	16	 | 	21,19
  3	 | 	6	 | 	15,81
  3	 | 	11	 | 	17,26
  4	 | 	10	 | 	36,06
  4	 | 	12	 | 	33,24
  5	 | 	6	 | 	34,13
  5	 | 	7	 | 	5,66
  7	 | 	15	 | 	25,71
  9	 | 	11	 | 	29,21
  9	 | 	19	 | 	31,40
  12	 | 	13	 | 	31,14
  13	 | 	15	 | 	39,60
  14	 | 	18	 | 	17,89
  16	 | 	17	 | 	4,12
  17	 | 	18	 | 	10,20
___________________________
Simulation Topology 2
___________________________
[4]				[34]		
[30]				[18]		
[6]				[17]		
[31]				[35]		
[33]				[19]		
[8]				[25]		
[30]				[29]		
[30]				[1]		
[39]				[24]		
[8]				[9]		
[32]				[33]		
[1]				[37]		
[13]				[11]		
[38]				[21]		
[30]				[8]		
[11]				[15]		
[6]				[1]		
[30]				[26]		
[27]				[22]		
[12]				[5]		
___________________________
Simulation Topology [2:0]
___________________________
From 	  To 		Length
___________________________
  17	 | 	18	 | 	5,00
  16	 | 	17	 | 	34,66
  14	 | 	18	 | 	14,32
  13	 | 	15	 | 	27,66
  12	 | 	13	 | 	26,93
  9	 | 	19	 | 	5,66
  9	 | 	11	 | 	28,86
  7	 | 	15	 | 	23,60
  5	 | 	7	 | 	32,56
  5	 | 	6	 | 	22,36
  0	 | 	7	 | 	42,01
  0	 | 	8	 | 	36,40
  1	 | 	12	 | 	18,38
  1	 | 	18	 | 	5,00
  2	 | 	5	 | 	8,25
  2	 | 	13	 | 	32,25
  3	 | 	11	 | 	30,07
  3	 | 	15	 | 	28,28
  4	 | 	7	 | 	18,25
  4	 | 	14	 | 	11,40
  5	 | 	17	 | 	22,02
  6	 | 	13	 | 	11,31
  6	 | 	19	 | 	30,00
  8	 | 	11	 | 	40,16
  9	 | 	14	 | 	22,02
  9	 | 	17	 | 	27,80
  10	 | 	12	 | 	29,07
  10	 | 	15	 | 	27,66
  16	 | 	18	 | 	29,70
  16	 | 	19	 | 	7,21
___________________________
