Simulation Topology 1
___________________________
[5]				[2]		
[5]				[8]		
[2]				[6]		
[1]				[4]		
[7]				[0]		
___________________________
Simulation Topology [1:0]
___________________________
From 	  To 		Length
___________________________
  0	 | 	1	 | 	6,00
  0	 | 	3	 | 	4,47
  1	 | 	4	 | 	8,25
  2	 | 	3	 | 	2,24
  2	 | 	4	 | 	7,81
___________________________
Simulation Topology 2
___________________________
[0]				[3]		
[3]				[0]		
[5]				[5]		
[7]				[2]		
[3]				[3]		
___________________________
Simulation Topology [2:0]
___________________________
From 	  To 		Length
___________________________
  2	 | 	4	 | 	2,83
  2	 | 	3	 | 	3,61
  0	 | 	1	 | 	4,24
  0	 | 	4	 | 	3,00
  1	 | 	3	 | 	4,47
___________________________
