Simulation Topology 1
___________________________
[11]				[19]		
[17]				[18]		
[21]				[21]		
[20]				[14]		
[0]				[28]		
[30]				[37]		
[5]				[33]		
[19]				[19]		
[35]				[25]		
[23]				[15]		
[2]				[0]		
[31]				[6]		
[26]				[37]		
[36]				[32]		
[29]				[20]		
[0]				[5]		
[30]				[30]		
[38]				[33]		
[24]				[17]		
[4]				[38]		
___________________________
Simulation Topology [1:0]
___________________________
From 	  To 		Length
___________________________
  0	 | 	4	 | 	14,21
  0	 | 	15	 | 	17,80
  0	 | 	17	 | 	30,41
  1	 | 	5	 | 	23,02
  1	 | 	8	 | 	19,31
  2	 | 	11	 | 	18,03
  2	 | 	18	 | 	5,00
  3	 | 	14	 | 	10,82
  3	 | 	19	 | 	28,84
  4	 | 	9	 | 	26,42
  5	 | 	16	 | 	7,00
  6	 | 	12	 | 	21,38
  6	 | 	19	 | 	5,10
  7	 | 	8	 | 	17,09
  7	 | 	13	 | 	21,40
  9	 | 	10	 | 	25,81
  10	 | 	12	 | 	44,10
  11	 | 	14	 | 	14,14
  13	 | 	15	 | 	45,00
  16	 | 	18	 | 	14,32
___________________________
Simulation Topology 2
___________________________
[10]				[1]		
[17]				[32]		
[4]				[34]		
[30]				[0]		
[7]				[29]		
[11]				[19]		
[32]				[27]		
[39]				[3]		
[12]				[34]		
[30]				[18]		
[19]				[24]		
[21]				[4]		
[4]				[26]		
[18]				[13]		
[36]				[10]		
[31]				[20]		
[34]				[15]		
[12]				[16]		
[0]				[23]		
[20]				[18]		
___________________________
Simulation Topology [2:0]
___________________________
From 	  To 		Length
___________________________
  16	 | 	18	 | 	34,93
  13	 | 	15	 | 	14,76
  11	 | 	14	 | 	16,16
  10	 | 	12	 | 	15,13
  9	 | 	10	 | 	12,53
  7	 | 	13	 | 	23,26
  7	 | 	8	 | 	41,11
  6	 | 	19	 | 	15,00
  6	 | 	12	 | 	28,02
  5	 | 	16	 | 	23,35
  0	 | 	3	 | 	20,02
  0	 | 	18	 | 	24,17
  1	 | 	2	 | 	13,15
  1	 | 	19	 | 	14,32
  2	 | 	8	 | 	8,00
  3	 | 	11	 | 	9,85
  4	 | 	15	 | 	25,63
  4	 | 	16	 | 	30,41
  5	 | 	6	 | 	22,47
  5	 | 	12	 | 	9,90
  7	 | 	10	 | 	29,00
  7	 | 	12	 | 	41,88
  8	 | 	13	 | 	21,84
  9	 | 	13	 | 	13,00
  9	 | 	15	 | 	2,24
  10	 | 	14	 | 	22,02
  16	 | 	17	 | 	22,02
  17	 | 	18	 | 	13,89
___________________________
