Simulation Topology 1
___________________________
[3]				[1]		
[4]				[5]		
[3]				[7]		
[7]				[9]		
[0]				[1]		
___________________________
Simulation Topology [1:0]
___________________________
From 	  To 		Length
___________________________
  0	 | 	2	 | 	6,00
  0	 | 	4	 | 	3,00
  1	 | 	2	 | 	2,24
  1	 | 	3	 | 	5,00
  3	 | 	4	 | 	10,63
___________________________
Simulation Topology 2
___________________________
[3]				[2]		
[8]				[5]		
[1]				[4]		
[3]				[6]		
[8]				[8]		
___________________________
Simulation Topology [2:0]
___________________________
From 	  To 		Length
___________________________
  3	 | 	4	 | 	5,39
  1	 | 	3	 | 	5,10
  0	 | 	3	 | 	4,00
  0	 | 	4	 | 	7,81
  1	 | 	2	 | 	7,07
  1	 | 	4	 | 	3,00
  2	 | 	3	 | 	2,83
___________________________
