Simulation Topology 1
___________________________
[30]				[16]		
[22]				[38]		
[39]				[37]		
[25]				[27]		
[19]				[28]		
[27]				[25]		
[22]				[20]		
[3]				[13]		
[5]				[35]		
[12]				[4]		
[13]				[38]		
[26]				[11]		
[28]				[32]		
[23]				[12]		
[18]				[3]		
[29]				[18]		
[26]				[36]		
[27]				[30]		
[2]				[31]		
[4]				[17]		
___________________________
Simulation Topology [1:0]
___________________________
From 	  To 		Length
___________________________
  0	 | 	3	 | 	12,08
  0	 | 	5	 | 	9,49
  1	 | 	6	 | 	18,00
  1	 | 	16	 | 	4,47
  2	 | 	10	 | 	26,02
  2	 | 	13	 | 	29,68
  3	 | 	10	 | 	16,28
  4	 | 	7	 | 	21,93
  4	 | 	9	 | 	25,00
  5	 | 	12	 | 	7,07
  6	 | 	15	 | 	7,28
  7	 | 	16	 | 	32,53
  8	 | 	14	 | 	34,54
  8	 | 	18	 | 	5,00
  9	 | 	11	 | 	15,65
  11	 | 	17	 | 	19,03
  12	 | 	19	 | 	28,30
  13	 | 	18	 | 	28,32
  14	 | 	17	 | 	28,46
  15	 | 	19	 | 	25,02
___________________________
Simulation Topology 2
___________________________
