Simulation Topology 1
___________________________
Simulation Topology 2
___________________________
[12]				[34]		
[34]				[19]		
[17]				[9]		
[2]				[7]		
[0]				[37]		
[0]				[23]		
[6]				[14]		
[20]				[32]		
[26]				[31]		
[9]				[27]		
[2]				[2]		
[10]				[9]		
[38]				[21]		
[14]				[27]		
[4]				[11]		
[37]				[31]		
[24]				[12]		
[32]				[5]		
[14]				[21]		
[3]				[27]		
___________________________
Simulation Topology [2:0]
___________________________
From 	  To 		Length
___________________________
  0	 | 	15	 | 	25,18
  0	 | 	17	 | 	35,23
  1	 | 	9	 | 	26,25
  1	 | 	14	 | 	31,05
  2	 | 	15	 | 	29,73
  2	 | 	16	 | 	7,62
  3	 | 	4	 | 	30,07
  3	 | 	6	 | 	8,06
  4	 | 	13	 | 	17,20
  5	 | 	10	 | 	21,10
  5	 | 	13	 | 	14,56
  6	 | 	8	 | 	26,25
  7	 | 	12	 | 	21,10
  7	 | 	16	 | 	20,40
  8	 | 	11	 | 	27,20
  9	 | 	17	 | 	31,83
  10	 | 	18	 | 	22,47
  11	 | 	12	 | 	30,46
  14	 | 	19	 | 	16,03
  18	 | 	19	 | 	12,53
___________________________
