Simulation Topology 1
___________________________
[24]				[34]		
[7]				[31]		
[18]				[20]		
[4]				[29]		
[12]				[20]		
[7]				[8]		
[17]				[18]		
[10]				[30]		
[9]				[19]		
[39]				[39]		
[16]				[0]		
[26]				[3]		
[23]				[15]		
[28]				[15]		
[13]				[2]		
[33]				[15]		
[16]				[33]		
[29]				[30]		
[32]				[19]		
[21]				[22]		
___________________________
Simulation Topology [1:0]
___________________________
From 	  To 		Length
___________________________
  0	 | 	4	 | 	18,44
  0	 | 	9	 | 	15,81
  1	 | 	17	 | 	22,02
  1	 | 	18	 | 	27,73
  2	 | 	10	 | 	20,10
  2	 | 	15	 | 	15,81
  3	 | 	5	 | 	21,21
  3	 | 	19	 | 	18,38
  4	 | 	7	 | 	10,20
  5	 | 	12	 | 	17,46
  6	 | 	12	 | 	6,71
  6	 | 	18	 | 	15,03
  7	 | 	19	 | 	13,60
  8	 | 	11	 | 	23,35
  8	 | 	16	 | 	15,65
  9	 | 	16	 | 	23,77
  10	 | 	14	 | 	3,61
  11	 | 	14	 | 	13,04
  13	 | 	15	 | 	5,00
  13	 | 	17	 | 	15,03
___________________________
Simulation Topology 2
___________________________
[37]				[10]		
[24]				[1]		
[28]				[0]		
[20]				[21]		
[34]				[24]		
[29]				[38]		
[2]				[0]		
[30]				[29]		
[18]				[34]		
[25]				[26]		
[19]				[32]		
[2]				[15]		
[23]				[31]		
[34]				[17]		
[23]				[38]		
[38]				[5]		
[13]				[7]		
[28]				[24]		
[39]				[28]		
[11]				[27]		
___________________________
Simulation Topology [2:0]
___________________________
From 	  To 		Length
___________________________
  13	 | 	17	 | 	9,22
  13	 | 	15	 | 	12,65
  11	 | 	14	 | 	31,14
  10	 | 	14	 | 	7,21
  9	 | 	16	 | 	22,47
  8	 | 	16	 | 	27,46
  8	 | 	11	 | 	24,84
  7	 | 	19	 | 	19,10
  6	 | 	18	 | 	46,40
  6	 | 	12	 | 	37,44
  0	 | 	4	 | 	14,32
  0	 | 	13	 | 	7,62
  1	 | 	11	 | 	26,08
  1	 | 	16	 | 	12,53
  2	 | 	8	 | 	35,44
  2	 | 	12	 | 	31,40
  3	 | 	5	 | 	19,24
  3	 | 	15	 | 	24,08
  4	 | 	6	 | 	40,00
  5	 | 	18	 | 	14,14
  6	 | 	16	 | 	13,04
  7	 | 	9	 | 	5,83
  7	 | 	17	 | 	5,39
  8	 | 	17	 | 	14,14
  9	 | 	19	 | 	14,04
  10	 | 	15	 | 	33,02
  11	 | 	18	 | 	39,22
  12	 | 	13	 | 	17,80
  14	 | 	19	 | 	16,28
___________________________
