Simulation Topology 1
___________________________
[6]				[1]		
[8]				[0]		
[3]				[2]		
[2]				[5]		
[4]				[5]		
___________________________
Simulation Topology [1:0]
___________________________
From 	  To 		Length
___________________________
  0	 | 	1	 | 	2,24
  0	 | 	4	 | 	4,47
  1	 | 	2	 | 	5,39
  2	 | 	3	 | 	3,16
  3	 | 	4	 | 	2,00
___________________________
Simulation Topology 2
___________________________
[5]				[1]		
[1]				[3]		
[3]				[4]		
[0]				[7]		
[6]				[12]		
___________________________
Simulation Topology [2:0]
___________________________
From 	  To 		Length
___________________________
  3	 | 	4	 | 	7,81
  2	 | 	3	 | 	4,24
  0	 | 	3	 | 	7,81
  1	 | 	2	 | 	2,24
  1	 | 	3	 | 	4,12
  2	 | 	4	 | 	8,54
___________________________
