Simulation Topology 1
___________________________
[8]				[7]		
[4]				[2]		
[1]				[9]		
[2]				[2]		
[6]				[6]		
___________________________
Simulation Topology [1:0]
___________________________
From 	  To 		Length
___________________________
  0	 | 	2	 | 	7,28
  0	 | 	3	 | 	7,81
  1	 | 	2	 | 	7,62
  1	 | 	4	 | 	4,47
  3	 | 	4	 | 	5,66
___________________________
Simulation Topology 2
___________________________
[4]				[6]		
[3]				[8]		
[5]				[3]		
[8]				[2]		
[1]				[8]		
___________________________
Simulation Topology [2:0]
___________________________
From 	  To 		Length
___________________________
  3	 | 	4	 | 	9,22
  1	 | 	4	 | 	2,00
  0	 | 	1	 | 	2,24
  0	 | 	4	 | 	3,61
  1	 | 	3	 | 	7,81
  2	 | 	3	 | 	3,16
  2	 | 	4	 | 	6,40
___________________________
