Simulation Topology 1
___________________________
[2]				[3]		
[3]				[0]		
[5]				[1]		
[1]				[2]		
[5]				[3]		
[6]				[3]		
[3]				[2]		
[4]				[3]		
[8]				[3]		
[4]				[1]		
[3]				[3]		
[7]				[1]		
[0]				[0]		
[8]				[2]		
[8]				[0]		
[1]				[1]		
[4]				[0]		
[2]				[0]		
[0]				[3]		
[6]				[6]		
___________________________
Simulation Topology [1:0]
___________________________
From 	  To 		Length
___________________________
  0	 | 	3	 | 	1,41
  0	 | 	5	 | 	4,00
  0	 | 	19	 | 	5,00
  1	 | 	10	 | 	3,00
  1	 | 	14	 | 	5,00
  2	 | 	4	 | 	2,00
  2	 | 	17	 | 	3,16
  3	 | 	7	 | 	3,16
  4	 | 	16	 | 	3,16
  5	 | 	9	 | 	2,83
  6	 | 	13	 | 	5,00
  6	 | 	16	 | 	2,24
  7	 | 	11	 | 	3,61
  8	 | 	15	 | 	7,28
  8	 | 	18	 | 	8,00
  9	 | 	12	 | 	4,12
  10	 | 	15	 | 	2,83
  11	 | 	17	 | 	5,10
  12	 | 	14	 | 	8,00
  13	 | 	18	 | 	8,06
___________________________
Simulation Topology 2
___________________________
[1]				[0]		
[2]				[0]		
[8]				[0]		
[6]				[3]		
[1]				[3]		
[8]				[1]		
[4]				[0]		
[4]				[3]		
[4]				[5]		
[1]				[5]		
[0]				[6]		
[3]				[8]		
[2]				[13]		
[0]				[15]		
[9]				[12]		
[2]				[14]		
[9]				[13]		
[8]				[12]		
[3]				[12]		
[1]				[13]		
___________________________
Simulation Topology [2:0]
___________________________
From 	  To 		Length
___________________________
  13	 | 	18	 | 	4,24
  12	 | 	14	 | 	7,07
  11	 | 	17	 | 	6,40
  10	 | 	15	 | 	8,25
  9	 | 	12	 | 	8,06
  8	 | 	18	 | 	7,07
  8	 | 	15	 | 	9,22
  7	 | 	11	 | 	5,10
  6	 | 	16	 | 	13,93
  6	 | 	13	 | 	15,52
  0	 | 	2	 | 	7,00
  0	 | 	7	 | 	4,24
  0	 | 	19	 | 	13,00
  1	 | 	2	 | 	6,00
  1	 | 	3	 | 	5,00
  3	 | 	4	 | 	5,00
  4	 | 	6	 | 	4,24
  5	 | 	6	 | 	4,12
  5	 | 	7	 | 	4,47
  8	 | 	9	 | 	3,00
  8	 | 	10	 | 	4,12
  9	 | 	10	 | 	1,41
  11	 | 	16	 | 	7,81
  12	 | 	13	 | 	2,83
  12	 | 	18	 | 	1,41
  13	 | 	17	 | 	8,54
  14	 | 	15	 | 	7,28
  14	 | 	18	 | 	6,00
  15	 | 	16	 | 	7,07
___________________________
