Simulation Topology 1
___________________________
[20]				[37]		
[26]				[10]		
[33]				[37]		
[38]				[12]		
[4]				[9]		
[36]				[38]		
[35]				[18]		
[35]				[4]		
[17]				[35]		
[33]				[15]		
[7]				[33]		
[26]				[2]		
[27]				[15]		
[29]				[21]		
[17]				[37]		
[6]				[0]		
[29]				[29]		
[10]				[39]		
[0]				[22]		
[20]				[39]		
___________________________
Simulation Topology [1:0]
___________________________
From 	  To 		Length
___________________________
  0	 | 	3	 | 	30,81
  0	 | 	14	 | 	3,00
  1	 | 	10	 | 	29,83
  1	 | 	13	 | 	11,40
  2	 | 	7	 | 	33,06
  2	 | 	8	 | 	16,12
  3	 | 	4	 | 	34,13
  4	 | 	11	 | 	23,09
  5	 | 	8	 | 	19,24
  5	 | 	17	 | 	26,02
  6	 | 	15	 | 	34,13
  6	 | 	18	 | 	35,23
  7	 | 	19	 | 	38,08
  9	 | 	11	 | 	14,76
  9	 | 	17	 | 	33,24
  10	 | 	19	 | 	14,32
  12	 | 	14	 | 	24,17
  12	 | 	18	 | 	27,89
  13	 | 	16	 | 	8,00
  15	 | 	16	 | 	37,01
___________________________
Simulation Topology 2
___________________________
[23]				[19]		
[13]				[29]		
[26]				[36]		
[31]				[15]		
[8]				[28]		
[32]				[13]		
[33]				[5]		
[21]				[3]		
[21]				[25]		
[24]				[36]		
[11]				[5]		
[11]				[0]		
[27]				[33]		
[3]				[13]		
[14]				[2]		
[17]				[29]		
[14]				[26]		
[34]				[2]		
[8]				[13]		
[39]				[15]		
___________________________
Simulation Topology [2:0]
___________________________
From 	  To 		Length
___________________________
  15	 | 	16	 | 	4,24
  13	 | 	16	 | 	17,03
  12	 | 	18	 | 	27,59
  12	 | 	14	 | 	33,62
  10	 | 	19	 | 	29,73
  9	 | 	17	 | 	35,44
  9	 | 	11	 | 	38,28
  7	 | 	19	 | 	21,63
  6	 | 	18	 | 	26,25
  6	 | 	15	 | 	28,84
  0	 | 	5	 | 	10,82
  0	 | 	15	 | 	11,66
  1	 | 	8	 | 	8,94
  1	 | 	11	 | 	29,07
  2	 | 	16	 | 	15,62
  2	 | 	18	 | 	29,21
  3	 | 	12	 | 	18,44
  3	 | 	19	 | 	8,00
  4	 | 	16	 | 	6,32
  4	 | 	17	 | 	36,77
  5	 | 	11	 | 	24,70
  6	 | 	12	 | 	28,64
  7	 | 	10	 | 	10,20
  7	 | 	14	 | 	7,07
  8	 | 	10	 | 	22,36
  9	 | 	13	 | 	31,14
  9	 | 	15	 | 	9,90
  13	 | 	19	 | 	36,06
  14	 | 	17	 | 	20,00
___________________________
