Simulation Topology 1
___________________________
[23]				[16]		
[8]				[2]		
[26]				[5]		
[22]				[25]		
[28]				[17]		
[35]				[18]		
[27]				[27]		
[7]				[18]		
[16]				[0]		
[38]				[30]		
[7]				[35]		
[6]				[13]		
[1]				[3]		
[29]				[13]		
[0]				[12]		
[32]				[24]		
[22]				[21]		
[23]				[3]		
[7]				[0]		
[34]				[6]		
___________________________
Simulation Topology [1:0]
___________________________
From 	  To 		Length
___________________________
  0	 | 	4	 | 	5,10
  0	 | 	7	 | 	16,12
  1	 | 	8	 | 	8,25
  1	 | 	16	 | 	23,60
  2	 | 	5	 | 	15,81
  2	 | 	8	 | 	11,18
  3	 | 	10	 | 	18,03
  3	 | 	15	 | 	10,05
  4	 | 	9	 | 	16,40
  5	 | 	19	 | 	12,04
  6	 | 	13	 | 	14,14
  6	 | 	14	 | 	30,89
  7	 | 	19	 | 	29,55
  9	 | 	17	 | 	30,89
  10	 | 	12	 | 	32,56
  11	 | 	14	 | 	6,08
  11	 | 	16	 | 	17,89
  12	 | 	13	 | 	29,73
  15	 | 	18	 | 	34,66
  17	 | 	18	 | 	16,28
___________________________
Simulation Topology 2
___________________________
