Simulation Topology 1
___________________________
[32]				[37]		
[5]				[3]		
[19]				[36]		
[15]				[7]		
[11]				[8]		
[32]				[2]		
[33]				[12]		
[20]				[16]		
[10]				[22]		
[21]				[21]		
[11]				[14]		
[6]				[27]		
[26]				[1]		
[34]				[8]		
[18]				[25]		
[32]				[27]		
[6]				[25]		
[9]				[8]		
[39]				[36]		
[32]				[17]		
___________________________
Simulation Topology [1:0]
___________________________
From 	  To 		Length
___________________________
  0	 | 	14	 | 	18,44
  0	 | 	18	 | 	7,07
  1	 | 	6	 | 	29,41
  1	 | 	7	 | 	19,85
  2	 | 	11	 | 	15,81
  2	 | 	13	 | 	31,76
  3	 | 	12	 | 	12,53
  3	 | 	16	 | 	20,12
  4	 | 	7	 | 	12,04
  4	 | 	16	 | 	17,72
  5	 | 	8	 | 	29,73
  5	 | 	11	 | 	36,07
  6	 | 	15	 | 	15,03
  8	 | 	14	 | 	8,54
  9	 | 	15	 | 	12,53
  9	 | 	19	 | 	11,70
  10	 | 	17	 | 	6,32
  10	 | 	19	 | 	21,21
  12	 | 	18	 | 	37,34
  13	 | 	17	 | 	25,00
___________________________
Simulation Topology 2
___________________________
[25]				[37]		
[22]				[14]		
[16]				[28]		
[19]				[20]		
[13]				[4]		
[37]				[18]		
[36]				[34]		
[5]				[26]		
[18]				[32]		
[20]				[22]		
[28]				[7]		
[1]				[17]		
[38]				[26]		
[34]				[26]		
[27]				[27]		
[6]				[23]		
[18]				[34]		
[28]				[9]		
[1]				[22]		
[28]				[32]		
___________________________
Simulation Topology [2:0]
___________________________
From 	  To 		Length
___________________________
  13	 | 	17	 | 	18,03
  12	 | 	18	 | 	37,22
  10	 | 	19	 | 	25,00
  10	 | 	17	 | 	2,00
  9	 | 	19	 | 	12,81
  9	 | 	15	 | 	14,04
  8	 | 	14	 | 	10,30
  6	 | 	15	 | 	31,95
  5	 | 	11	 | 	36,01
  5	 | 	8	 | 	23,60
  0	 | 	1	 | 	23,19
  0	 | 	14	 | 	10,20
  1	 | 	4	 | 	13,45
  2	 | 	7	 | 	11,18
  2	 | 	16	 | 	6,32
  3	 | 	8	 | 	12,04
  3	 | 	16	 | 	14,04
  4	 | 	15	 | 	20,25
  5	 | 	13	 | 	8,54
  5	 | 	17	 | 	12,73
  6	 | 	10	 | 	28,16
  6	 | 	19	 | 	8,25
  7	 | 	17	 | 	28,60
  8	 | 	12	 | 	20,88
  9	 | 	11	 | 	19,65
  9	 | 	18	 | 	19,00
  10	 | 	18	 | 	30,89
  11	 | 	13	 | 	34,21
  12	 | 	14	 | 	11,05
  15	 | 	19	 | 	23,77
___________________________
