Simulation Topology 1
___________________________
[31]				[24]		
[22]				[32]		
[11]				[12]		
[8]				[13]		
[30]				[19]		
[26]				[12]		
[1]				[18]		
[10]				[15]		
[21]				[13]		
[0]				[1]		
[16]				[34]		
[30]				[14]		
[30]				[5]		
[33]				[25]		
[17]				[27]		
[1]				[36]		
[10]				[7]		
[12]				[5]		
[1]				[28]		
[33]				[32]		
___________________________
Simulation Topology [1:0]
___________________________
From 	  To 		Length
___________________________
  0	 | 	6	 | 	30,59
  0	 | 	16	 | 	27,02
  1	 | 	8	 | 	19,03
  1	 | 	13	 | 	13,04
  2	 | 	4	 | 	20,25
  2	 | 	14	 | 	16,16
  3	 | 	8	 | 	13,00
  3	 | 	16	 | 	6,32
  4	 | 	7	 | 	20,40
  5	 | 	9	 | 	28,23
  5	 | 	15	 | 	34,66
  6	 | 	14	 | 	18,36
  7	 | 	12	 | 	22,36
  9	 | 	11	 | 	32,70
  10	 | 	18	 | 	16,16
  10	 | 	19	 | 	17,12
  11	 | 	13	 | 	11,40
  12	 | 	19	 | 	27,17
  15	 | 	17	 | 	32,89
  17	 | 	18	 | 	25,50
___________________________
Simulation Topology 2
___________________________
[34]				[34]		
[6]				[13]		
[37]				[33]		
[6]				[17]		
[4]				[22]		
[28]				[9]		
[25]				[10]		
[26]				[19]		
[34]				[5]		
[39]				[25]		
[3]				[9]		
[10]				[4]		
[15]				[9]		
[16]				[32]		
[27]				[1]		
[13]				[38]		
[3]				[17]		
[30]				[30]		
[20]				[4]		
[35]				[13]		
___________________________
Simulation Topology [2:0]
___________________________
From 	  To 		Length
___________________________
  17	 | 	18	 | 	27,86
  15	 | 	17	 | 	18,79
  12	 | 	19	 | 	20,40
  11	 | 	13	 | 	28,64
  10	 | 	19	 | 	32,25
  10	 | 	18	 | 	17,72
  9	 | 	11	 | 	35,81
  7	 | 	12	 | 	14,87
  6	 | 	14	 | 	9,22
  5	 | 	15	 | 	32,65
  0	 | 	9	 | 	10,30
  0	 | 	12	 | 	31,40
  1	 | 	11	 | 	9,85
  1	 | 	15	 | 	25,96
  2	 | 	9	 | 	8,25
  2	 | 	14	 | 	33,53
  3	 | 	4	 | 	5,39
  3	 | 	8	 | 	30,46
  4	 | 	7	 | 	22,20
  5	 | 	16	 | 	26,25
  5	 | 	19	 | 	8,06
  6	 | 	8	 | 	10,30
  6	 | 	13	 | 	23,77
  7	 | 	10	 | 	25,08
  10	 | 	16	 | 	8,00
  11	 | 	19	 | 	26,57
  12	 | 	18	 | 	7,07
  13	 | 	17	 | 	14,14
  14	 | 	17	 | 	29,15
  15	 | 	18	 | 	34,71
___________________________
