Simulation Topology 1
___________________________
[12]				[17]		
[18]				[37]		
[0]				[1]		
[10]				[7]		
[3]				[2]		
___________________________
Simulation Topology [1:0]
___________________________
From 	  To 		Length
___________________________
  0	 | 	3	 | 	10,20
  0	 | 	4	 | 	17,49
  1	 | 	2	 | 	40,25
  1	 | 	3	 | 	31,05
  2	 | 	4	 | 	3,16
___________________________
Simulation Topology 2
___________________________
[1]				[36]		
[18]				[8]		
[4]				[21]		
[26]				[38]		
[19]				[13]		
___________________________
Simulation Topology [2:0]
___________________________
From 	  To 		Length
___________________________
  2	 | 	4	 | 	17,00
  1	 | 	3	 | 	31,05
  0	 | 	1	 | 	32,76
  0	 | 	2	 | 	15,30
  1	 | 	4	 | 	5,10
  2	 | 	3	 | 	27,80
  3	 | 	4	 | 	25,96
___________________________
