Simulation Topology 1
___________________________
[4]				[33]		
[4]				[13]		
[19]				[21]		
[28]				[20]		
[21]				[31]		
[38]				[28]		
[23]				[30]		
[37]				[20]		
[10]				[19]		
[21]				[19]		
[27]				[9]		
[2]				[23]		
[20]				[9]		
[17]				[22]		
[19]				[34]		
[21]				[37]		
[4]				[37]		
[19]				[0]		
[39]				[0]		
[14]				[37]		
___________________________
Simulation Topology [1:0]
___________________________
From 	  To 		Length
___________________________
  0	 | 	1	 | 	20,00
  0	 | 	16	 | 	4,00
  0	 | 	17	 | 	36,25
  1	 | 	12	 | 	16,49
  2	 | 	7	 | 	18,03
  2	 | 	18	 | 	29,00
  3	 | 	6	 | 	11,18
  3	 | 	15	 | 	18,38
  4	 | 	8	 | 	16,28
  4	 | 	19	 | 	9,22
  5	 | 	10	 | 	21,95
  5	 | 	16	 | 	35,17
  6	 | 	9	 | 	11,18
  7	 | 	19	 | 	28,60
  8	 | 	14	 | 	17,49
  9	 | 	12	 | 	10,05
  10	 | 	13	 | 	16,40
  11	 | 	14	 | 	20,25
  11	 | 	15	 | 	23,60
  13	 | 	18	 | 	31,11
___________________________
Simulation Topology 2
___________________________
[30]				[8]		
[36]				[9]		
[20]				[7]		
[8]				[31]		
[38]				[3]		
[29]				[10]		
[8]				[33]		
[1]				[19]		
[22]				[29]		
[11]				[14]		
[37]				[29]		
[0]				[31]		
[25]				[38]		
[19]				[28]		
[18]				[30]		
[21]				[1]		
[16]				[35]		
[32]				[35]		
[13]				[18]		
[38]				[24]		
___________________________
Simulation Topology [2:0]
___________________________
From 	  To 		Length
___________________________
  13	 | 	18	 | 	11,66
  11	 | 	15	 | 	36,62
  11	 | 	14	 | 	18,03
  10	 | 	13	 | 	18,03
  9	 | 	12	 | 	27,78
  8	 | 	14	 | 	4,12
  7	 | 	19	 | 	37,34
  6	 | 	9	 | 	19,24
  5	 | 	16	 | 	28,18
  5	 | 	10	 | 	20,62
  0	 | 	1	 | 	6,08
  0	 | 	3	 | 	31,83
  1	 | 	9	 | 	25,50
  2	 | 	13	 | 	21,02
  2	 | 	16	 | 	28,28
  3	 | 	11	 | 	8,00
  4	 | 	5	 | 	11,40
  4	 | 	17	 | 	32,56
  5	 | 	7	 | 	29,41
  6	 | 	14	 | 	10,44
  6	 | 	18	 | 	15,81
  8	 | 	9	 | 	18,60
  8	 | 	15	 | 	28,02
  10	 | 	12	 | 	15,00
  10	 | 	18	 | 	26,40
  12	 | 	17	 | 	7,62
  13	 | 	14	 | 	2,24
  16	 | 	19	 | 	24,60
___________________________
