Simulation Topology 1
___________________________
[3]				[3]		
[19]				[12]		
[6]				[8]		
[3]				[6]		
[1]				[0]		
___________________________
Simulation Topology [1:0]
___________________________
From 	  To 		Length
___________________________
  0	 | 	1	 | 	18,36
  0	 | 	3	 | 	3,00
  1	 | 	2	 | 	13,60
  2	 | 	4	 | 	9,43
  3	 | 	4	 | 	6,32
___________________________
Simulation Topology 2
___________________________
[2]				[9]		
[6]				[3]		
[2]				[15]		
[10]				[8]		
[5]				[12]		
___________________________
Simulation Topology [2:0]
___________________________
From 	  To 		Length
___________________________
  3	 | 	4	 | 	6,40
  2	 | 	4	 | 	4,24
  0	 | 	1	 | 	7,21
  0	 | 	3	 | 	8,06
  1	 | 	2	 | 	12,65
___________________________
