Simulation Topology 1
___________________________
[26]				[38]		
[24]				[14]		
[19]				[37]		
[4]				[14]		
[20]				[14]		
[9]				[36]		
[30]				[35]		
[30]				[28]		
[33]				[23]		
[32]				[35]		
[15]				[11]		
[38]				[9]		
[23]				[21]		
[11]				[3]		
[23]				[26]		
[10]				[7]		
[38]				[2]		
[38]				[21]		
[31]				[39]		
[6]				[17]		
___________________________
Simulation Topology [1:0]
___________________________
From 	  To 		Length
___________________________
  0	 | 	13	 | 	38,08
  0	 | 	17	 | 	20,81
  1	 | 	14	 | 	12,04
  1	 | 	15	 | 	15,65
  2	 | 	6	 | 	11,18
  2	 | 	7	 | 	14,21
  3	 | 	13	 | 	13,04
  3	 | 	18	 | 	36,80
  4	 | 	8	 | 	15,81
  4	 | 	19	 | 	14,32
  5	 | 	6	 | 	21,02
  5	 | 	8	 | 	27,29
  7	 | 	16	 | 	27,20
  9	 | 	15	 | 	35,61
  9	 | 	17	 | 	15,23
  10	 | 	18	 | 	32,25
  10	 | 	19	 | 	10,82
  11	 | 	12	 | 	19,21
  11	 | 	14	 | 	22,67
  12	 | 	16	 | 	24,21
___________________________
Simulation Topology 2
___________________________
[13]				[34]		
[8]				[30]		
[15]				[4]		
[37]				[31]		
[2]				[16]		
[4]				[30]		
[32]				[21]		
[13]				[11]		
[37]				[5]		
[21]				[33]		
[0]				[32]		
[10]				[0]		
[24]				[9]		
[3]				[34]		
[7]				[15]		
[21]				[3]		
[29]				[8]		
[30]				[16]		
[14]				[8]		
[32]				[12]		
___________________________
Simulation Topology [2:0]
___________________________
From 	  To 		Length
___________________________
  12	 | 	16	 | 	5,10
  11	 | 	14	 | 	15,30
  11	 | 	12	 | 	16,64
  10	 | 	19	 | 	37,74
  10	 | 	18	 | 	27,78
  9	 | 	17	 | 	19,24
  9	 | 	15	 | 	30,00
  7	 | 	16	 | 	16,28
  5	 | 	8	 | 	41,40
  5	 | 	6	 | 	29,41
  0	 | 	14	 | 	19,92
  0	 | 	15	 | 	32,02
  1	 | 	4	 | 	15,23
  1	 | 	6	 | 	25,63
  2	 | 	16	 | 	14,56
  2	 | 	19	 | 	18,79
  3	 | 	8	 | 	26,00
  3	 | 	12	 | 	25,55
  4	 | 	7	 | 	12,08
  5	 | 	10	 | 	4,47
  5	 | 	13	 | 	4,12
  6	 | 	9	 | 	16,28
  8	 | 	13	 | 	44,69
  9	 | 	10	 | 	21,02
  11	 | 	18	 | 	8,94
  12	 | 	18	 | 	10,05
  15	 | 	17	 | 	15,81
  17	 | 	19	 | 	4,47
___________________________
