Simulation Topology 1
___________________________
[2]				[39]		
[4]				[1]		
[0]				[6]		
[3]				[33]		
[14]				[22]		
[34]				[35]		
[36]				[35]		
[7]				[0]		
[3]				[13]		
[36]				[39]		
[34]				[15]		
[6]				[24]		
[32]				[29]		
[18]				[17]		
[4]				[28]		
[33]				[6]		
[12]				[8]		
[39]				[28]		
[21]				[38]		
[5]				[6]		
___________________________
Simulation Topology [1:0]
___________________________
From 	  To 		Length
___________________________
  0	 | 	3	 | 	6,08
  0	 | 	11	 | 	15,52
  1	 | 	10	 | 	33,11
  1	 | 	15	 | 	29,43
  2	 | 	3	 | 	27,17
  2	 | 	16	 | 	12,17
  4	 | 	12	 | 	19,31
  4	 | 	17	 | 	25,71
  5	 | 	7	 | 	44,20
  5	 | 	9	 | 	4,47
  6	 | 	8	 | 	39,66
  6	 | 	16	 | 	36,12
  7	 | 	18	 | 	40,50
  8	 | 	13	 | 	15,52
  9	 | 	14	 | 	33,84
  10	 | 	19	 | 	30,36
  11	 | 	17	 | 	33,24
  12	 | 	14	 | 	28,02
  13	 | 	19	 | 	17,03
  15	 | 	18	 | 	34,18
___________________________
Simulation Topology 2
___________________________
[28]				[17]		
[12]				[17]		
[28]				[0]		
[12]				[15]		
[18]				[0]		
[32]				[29]		
[5]				[16]		
[23]				[26]		
[13]				[28]		
[19]				[31]		
[24]				[4]		
[24]				[21]		
[13]				[26]		
[0]				[13]		
[19]				[7]		
[0]				[18]		
[17]				[23]		
[2]				[31]		
[22]				[6]		
[11]				[35]		
___________________________
Simulation Topology [2:0]
___________________________
From 	  To 		Length
___________________________
  15	 | 	18	 | 	25,06
  13	 | 	19	 | 	24,60
  12	 | 	14	 | 	19,92
  11	 | 	17	 | 	24,17
  10	 | 	19	 | 	33,62
  9	 | 	14	 | 	24,00
  8	 | 	13	 | 	19,85
  7	 | 	18	 | 	20,02
  6	 | 	16	 | 	13,89
  6	 | 	8	 | 	14,42
  0	 | 	1	 | 	16,00
  0	 | 	14	 | 	13,45
  1	 | 	4	 | 	18,03
  2	 | 	7	 | 	26,48
  2	 | 	8	 | 	31,76
  3	 | 	5	 | 	24,41
  3	 | 	12	 | 	11,05
  4	 | 	18	 | 	7,21
  5	 | 	13	 | 	35,78
  6	 | 	11	 | 	19,65
  6	 | 	17	 | 	15,30
  7	 | 	14	 | 	19,42
  8	 | 	16	 | 	6,40
  9	 | 	15	 | 	23,02
  9	 | 	16	 | 	8,25
  10	 | 	12	 | 	24,60
  11	 | 	15	 | 	24,19
  13	 | 	18	 | 	23,09
  17	 | 	19	 | 	9,85
___________________________
