Simulation Topology 1
___________________________
[3]				[13]		
[23]				[8]		
[18]				[23]		
[8]				[28]		
[29]				[37]		
[1]				[34]		
[17]				[34]		
[35]				[20]		
[23]				[34]		
[32]				[15]		
[10]				[25]		
[20]				[22]		
[18]				[2]		
[9]				[37]		
[32]				[23]		
[22]				[12]		
[22]				[24]		
[3]				[10]		
[16]				[28]		
[17]				[4]		
___________________________
Simulation Topology [1:0]
___________________________
From 	  To 		Length
___________________________
  0	 | 	8	 | 	29,00
  0	 | 	17	 | 	3,00
  1	 | 	14	 | 	17,49
  1	 | 	17	 | 	20,10
  2	 | 	13	 | 	16,64
  2	 | 	19	 | 	19,03
  3	 | 	12	 | 	27,86
  3	 | 	15	 | 	21,26
  4	 | 	11	 | 	17,49
  4	 | 	12	 | 	36,69
  5	 | 	7	 | 	36,77
  5	 | 	9	 | 	36,36
  6	 | 	11	 | 	12,37
  6	 | 	13	 | 	8,54
  7	 | 	19	 | 	24,08
  8	 | 	18	 | 	9,22
  9	 | 	14	 | 	8,00
  10	 | 	16	 | 	12,04
  10	 | 	18	 | 	6,71
  15	 | 	16	 | 	12,00
___________________________
Simulation Topology 2
___________________________
[13]				[27]		
[24]				[14]		
[32]				[39]		
[35]				[15]		
[25]				[10]		
[37]				[23]		
[20]				[26]		
[27]				[23]		
[20]				[30]		
[14]				[7]		
[13]				[23]		
[18]				[36]		
[26]				[32]		
[3]				[14]		
[0]				[33]		
[36]				[37]		
[39]				[7]		
[12]				[12]		
[9]				[3]		
[39]				[10]		
___________________________
Simulation Topology [2:0]
___________________________
From 	  To 		Length
___________________________
  15	 | 	16	 | 	30,15
  10	 | 	18	 | 	20,40
  10	 | 	16	 | 	30,53
  9	 | 	14	 | 	29,53
  8	 | 	18	 | 	29,15
  7	 | 	19	 | 	17,69
  6	 | 	13	 | 	20,81
  6	 | 	11	 | 	10,20
  5	 | 	9	 | 	28,02
  5	 | 	7	 | 	10,00
  0	 | 	7	 | 	14,56
  0	 | 	12	 | 	13,93
  1	 | 	4	 | 	4,12
  1	 | 	9	 | 	12,21
  2	 | 	4	 | 	29,83
  2	 | 	13	 | 	38,29
  3	 | 	8	 | 	21,21
  3	 | 	9	 | 	22,47
  5	 | 	6	 | 	17,26
  5	 | 	13	 | 	35,17
  6	 | 	15	 | 	19,42
  7	 | 	10	 | 	14,00
  8	 | 	14	 | 	20,22
  11	 | 	18	 | 	34,21
  11	 | 	19	 | 	33,42
  12	 | 	17	 | 	24,41
  14	 | 	19	 | 	45,28
  17	 | 	18	 | 	9,49
___________________________
