Simulation Topology 1
___________________________
[9]				[22]		
[36]				[36]		
[15]				[2]		
[24]				[15]		
[27]				[36]		
___________________________
Simulation Topology [1:0]
___________________________
From 	  To 		Length
___________________________
  0	 | 	3	 | 	16,55
  0	 | 	4	 | 	22,80
  1	 | 	2	 | 	39,96
  1	 | 	3	 | 	24,19
  2	 | 	4	 | 	36,06
___________________________
Simulation Topology 2
___________________________
[31]				[21]		
[7]				[21]		
[26]				[39]		
[3]				[5]		
[9]				[23]		
___________________________
Simulation Topology [2:0]
___________________________
From 	  To 		Length
___________________________
  2	 | 	4	 | 	23,35
  1	 | 	3	 | 	16,49
  0	 | 	2	 | 	18,68
  0	 | 	3	 | 	32,25
  1	 | 	2	 | 	26,17
  1	 | 	4	 | 	2,83
  3	 | 	4	 | 	18,97
___________________________
