Simulation Topology 1
___________________________
[18]				[21]		
[14]				[20]		
[3]				[34]		
[12]				[18]		
[32]				[20]		
[39]				[34]		
[33]				[0]		
[3]				[25]		
[14]				[38]		
[29]				[38]		
[8]				[4]		
[1]				[5]		
[20]				[30]		
[39]				[14]		
[17]				[36]		
[31]				[5]		
[33]				[5]		
[2]				[11]		
[14]				[26]		
[27]				[21]		
___________________________
Simulation Topology [1:0]
___________________________
From 	  To 		Length
___________________________
  0	 | 	11	 | 	23,35
  0	 | 	16	 | 	21,93
  1	 | 	6	 | 	27,59
  1	 | 	7	 | 	12,08
  2	 | 	7	 | 	9,00
  2	 | 	9	 | 	26,31
  2	 | 	15	 | 	40,31
  3	 | 	6	 | 	27,66
  3	 | 	9	 | 	26,25
  4	 | 	12	 | 	15,62
  4	 | 	19	 | 	5,10
  5	 | 	14	 | 	22,09
  5	 | 	18	 | 	26,25
  8	 | 	17	 | 	29,55
  8	 | 	18	 | 	12,00
  9	 | 	10	 | 	39,96
  10	 | 	13	 | 	32,57
  11	 | 	14	 | 	34,89
  12	 | 	17	 | 	26,17
  13	 | 	19	 | 	13,89
  15	 | 	16	 | 	2,00
___________________________
Simulation Topology [1:1]
___________________________
From 	  To 		Length
___________________________
  0	 | 	11	 | 	23,35
  0	 | 	16	 | 	21,93
  1	 | 	6	 | 	27,59
  1	 | 	7	 | 	12,08
  2	 | 	7	 | 	9,00
  2	 | 	9	 | 	26,31
  2	 | 	15	 | 	40,31
  3	 | 	6	 | 	27,66
  3	 | 	9	 | 	26,25
  4	 | 	12	 | 	15,62
  4	 | 	19	 | 	5,10
  5	 | 	14	 | 	22,09
  5	 | 	18	 | 	26,25
  8	 | 	17	 | 	29,55
  8	 | 	18	 | 	12,00
  9	 | 	10	 | 	39,96
  10	 | 	13	 | 	32,57
  11	 | 	14	 | 	34,89
  12	 | 	17	 | 	26,17
  13	 | 	19	 | 	13,89
  15	 | 	16	 | 	2,00
  3	 | 	17	 | 	12,21
___________________________
Simulation Topology [1:2]
___________________________
From 	  To 		Length
___________________________
  0	 | 	11	 | 	23,35
  0	 | 	16	 | 	21,93
  1	 | 	6	 | 	27,59
  1	 | 	7	 | 	12,08
  2	 | 	7	 | 	9,00
  2	 | 	9	 | 	26,31
  2	 | 	15	 | 	40,31
  3	 | 	6	 | 	27,66
  3	 | 	9	 | 	26,25
  4	 | 	12	 | 	15,62
  4	 | 	19	 | 	5,10
  5	 | 	14	 | 	22,09
  5	 | 	18	 | 	26,25
  8	 | 	17	 | 	29,55
  8	 | 	18	 | 	12,00
  9	 | 	10	 | 	39,96
  10	 | 	13	 | 	32,57
  11	 | 	14	 | 	34,89
  12	 | 	17	 | 	26,17
  13	 | 	19	 | 	13,89
  15	 | 	16	 | 	2,00
  3	 | 	17	 | 	12,21
  9	 | 	19	 | 	17,12
___________________________
Simulation Topology [1:3]
___________________________
From 	  To 		Length
___________________________
  0	 | 	11	 | 	23,35
  0	 | 	16	 | 	21,93
  1	 | 	6	 | 	27,59
  1	 | 	7	 | 	12,08
  2	 | 	7	 | 	9,00
  2	 | 	9	 | 	26,31
  2	 | 	15	 | 	40,31
  3	 | 	6	 | 	27,66
  3	 | 	9	 | 	26,25
  4	 | 	12	 | 	15,62
  4	 | 	19	 | 	5,10
  5	 | 	14	 | 	22,09
  5	 | 	18	 | 	26,25
  8	 | 	17	 | 	29,55
  8	 | 	18	 | 	12,00
  9	 | 	10	 | 	39,96
  10	 | 	13	 | 	32,57
  11	 | 	14	 | 	34,89
  12	 | 	17	 | 	26,17
  13	 | 	19	 | 	13,89
  15	 | 	16	 | 	2,00
  3	 | 	17	 | 	12,21
  9	 | 	19	 | 	17,12
  10	 | 	14	 | 	33,24
___________________________
Simulation Topology [1:4]
___________________________
From 	  To 		Length
___________________________
  0	 | 	11	 | 	23,35
  0	 | 	16	 | 	21,93
  1	 | 	6	 | 	27,59
  1	 | 	7	 | 	12,08
  2	 | 	7	 | 	9,00
  2	 | 	9	 | 	26,31
  2	 | 	15	 | 	40,31
  3	 | 	6	 | 	27,66
  3	 | 	9	 | 	26,25
  4	 | 	12	 | 	15,62
  4	 | 	19	 | 	5,10
  5	 | 	14	 | 	22,09
  5	 | 	18	 | 	26,25
  8	 | 	17	 | 	29,55
  8	 | 	18	 | 	12,00
  9	 | 	10	 | 	39,96
  10	 | 	13	 | 	32,57
  11	 | 	14	 | 	34,89
  12	 | 	17	 | 	26,17
  13	 | 	19	 | 	13,89
  15	 | 	16	 | 	2,00
  3	 | 	17	 | 	12,21
  9	 | 	19	 | 	17,12
  10	 | 	14	 | 	33,24
  14	 | 	19	 | 	18,03
___________________________
Simulation Topology [1:5]
___________________________
From 	  To 		Length
___________________________
  0	 | 	11	 | 	23,35
  0	 | 	16	 | 	21,93
  1	 | 	6	 | 	27,59
  1	 | 	7	 | 	12,08
  2	 | 	7	 | 	9,00
  2	 | 	9	 | 	26,31
  2	 | 	15	 | 	40,31
  3	 | 	6	 | 	27,66
  3	 | 	9	 | 	26,25
  4	 | 	12	 | 	15,62
  4	 | 	19	 | 	5,10
  5	 | 	14	 | 	22,09
  5	 | 	18	 | 	26,25
  8	 | 	17	 | 	29,55
  8	 | 	18	 | 	12,00
  9	 | 	10	 | 	39,96
  10	 | 	13	 | 	32,57
  11	 | 	14	 | 	34,89
  12	 | 	17	 | 	26,17
  13	 | 	19	 | 	13,89
  15	 | 	16	 | 	2,00
  3	 | 	17	 | 	12,21
  9	 | 	19	 | 	17,12
  10	 | 	14	 | 	33,24
  14	 | 	19	 | 	18,03
  6	 | 	16	 | 	5,00
___________________________
Simulation Topology [1:6]
___________________________
From 	  To 		Length
___________________________
  0	 | 	11	 | 	23,35
  0	 | 	16	 | 	21,93
  1	 | 	6	 | 	27,59
  1	 | 	7	 | 	12,08
  2	 | 	7	 | 	9,00
  2	 | 	9	 | 	26,31
  2	 | 	15	 | 	40,31
  3	 | 	6	 | 	27,66
  3	 | 	9	 | 	26,25
  4	 | 	12	 | 	15,62
  4	 | 	19	 | 	5,10
  5	 | 	14	 | 	22,09
  5	 | 	18	 | 	26,25
  8	 | 	17	 | 	29,55
  8	 | 	18	 | 	12,00
  9	 | 	10	 | 	39,96
  10	 | 	13	 | 	32,57
  11	 | 	14	 | 	34,89
  12	 | 	17	 | 	26,17
  13	 | 	19	 | 	13,89
  15	 | 	16	 | 	2,00
  3	 | 	17	 | 	12,21
  9	 | 	19	 | 	17,12
  10	 | 	14	 | 	33,24
  14	 | 	19	 | 	18,03
  6	 | 	16	 | 	5,00
  1	 | 	16	 | 	24,21
___________________________
Simulation Topology [1:7]
___________________________
From 	  To 		Length
___________________________
  0	 | 	11	 | 	23,35
  0	 | 	16	 | 	21,93
  1	 | 	6	 | 	27,59
  1	 | 	7	 | 	12,08
  2	 | 	7	 | 	9,00
  2	 | 	9	 | 	26,31
  2	 | 	15	 | 	40,31
  3	 | 	6	 | 	27,66
  3	 | 	9	 | 	26,25
  4	 | 	12	 | 	15,62
  4	 | 	19	 | 	5,10
  5	 | 	14	 | 	22,09
  5	 | 	18	 | 	26,25
  8	 | 	17	 | 	29,55
  8	 | 	18	 | 	12,00
  9	 | 	10	 | 	39,96
  10	 | 	13	 | 	32,57
  11	 | 	14	 | 	34,89
  12	 | 	17	 | 	26,17
  13	 | 	19	 | 	13,89
  15	 | 	16	 | 	2,00
  3	 | 	17	 | 	12,21
  9	 | 	19	 | 	17,12
  10	 | 	14	 | 	33,24
  14	 | 	19	 | 	18,03
  6	 | 	16	 | 	5,00
  1	 | 	16	 | 	24,21
  6	 | 	13	 | 	15,23
___________________________
Simulation Topology [1:8]
___________________________
From 	  To 		Length
___________________________
  0	 | 	11	 | 	23,35
  0	 | 	16	 | 	21,93
  1	 | 	6	 | 	27,59
  1	 | 	7	 | 	12,08
  2	 | 	7	 | 	9,00
  2	 | 	9	 | 	26,31
  2	 | 	15	 | 	40,31
  3	 | 	6	 | 	27,66
  3	 | 	9	 | 	26,25
  4	 | 	12	 | 	15,62
  4	 | 	19	 | 	5,10
  5	 | 	14	 | 	22,09
  5	 | 	18	 | 	26,25
  8	 | 	17	 | 	29,55
  8	 | 	18	 | 	12,00
  9	 | 	10	 | 	39,96
  10	 | 	13	 | 	32,57
  11	 | 	14	 | 	34,89
  12	 | 	17	 | 	26,17
  13	 | 	19	 | 	13,89
  15	 | 	16	 | 	2,00
  3	 | 	17	 | 	12,21
  9	 | 	19	 | 	17,12
  10	 | 	14	 | 	33,24
  14	 | 	19	 | 	18,03
  6	 | 	16	 | 	5,00
  1	 | 	16	 | 	24,21
  6	 | 	13	 | 	15,23
  8	 | 	10	 | 	34,53
___________________________
Simulation Topology [1:9]
___________________________
From 	  To 		Length
___________________________
  0	 | 	11	 | 	23,35
  0	 | 	16	 | 	21,93
  1	 | 	6	 | 	27,59
  1	 | 	7	 | 	12,08
  2	 | 	7	 | 	9,00
  2	 | 	9	 | 	26,31
  2	 | 	15	 | 	40,31
  3	 | 	6	 | 	27,66
  3	 | 	9	 | 	26,25
  4	 | 	12	 | 	15,62
  4	 | 	19	 | 	5,10
  5	 | 	14	 | 	22,09
  5	 | 	18	 | 	26,25
  8	 | 	17	 | 	29,55
  8	 | 	18	 | 	12,00
  9	 | 	10	 | 	39,96
  10	 | 	13	 | 	32,57
  11	 | 	14	 | 	34,89
  12	 | 	17	 | 	26,17
  13	 | 	19	 | 	13,89
  15	 | 	16	 | 	2,00
  3	 | 	17	 | 	12,21
  9	 | 	19	 | 	17,12
  10	 | 	14	 | 	33,24
  14	 | 	19	 | 	18,03
  6	 | 	16	 | 	5,00
  1	 | 	16	 | 	24,21
  6	 | 	13	 | 	15,23
  8	 | 	10	 | 	34,53
  12	 | 	13	 | 	24,84
___________________________
Simulation Topology 2
___________________________
[6]				[31]		
[12]				[17]		
[28]				[11]		
[5]				[39]		
[14]				[14]		
[18]				[18]		
[4]				[11]		
[2]				[4]		
[2]				[20]		
[18]				[11]		
[35]				[18]		
[23]				[30]		
[12]				[6]		
[1]				[22]		
[22]				[9]		
[25]				[19]		
[37]				[38]		
[39]				[2]		
[11]				[23]		
[34]				[1]		
___________________________
Simulation Topology [2:0]
___________________________
From 	  To 		Length
___________________________
  12	 | 	13	 | 	19,42
  8	 | 	10	 | 	33,06
  6	 | 	13	 | 	11,40
  1	 | 	16	 | 	32,65
  6	 | 	16	 | 	42,64
  14	 | 	19	 | 	14,42
  10	 | 	14	 | 	15,81
  9	 | 	19	 | 	18,87
  3	 | 	17	 | 	50,25
  15	 | 	16	 | 	22,47
  13	 | 	19	 | 	39,12
  12	 | 	17	 | 	27,29
  11	 | 	14	 | 	21,02
  10	 | 	13	 | 	34,23
  9	 | 	10	 | 	18,38
  0	 | 	3	 | 	8,06
  0	 | 	8	 | 	11,70
  1	 | 	5	 | 	6,08
  1	 | 	18	 | 	6,08
  2	 | 	4	 | 	14,32
  2	 | 	15	 | 	8,54
  3	 | 	7	 | 	35,13
  4	 | 	19	 | 	23,85
  5	 | 	14	 | 	9,85
  7	 | 	14	 | 	20,62
  8	 | 	13	 | 	2,24
  9	 | 	12	 | 	7,81
  9	 | 	17	 | 	22,85
  10	 | 	11	 | 	16,97
  10	 | 	15	 | 	10,05
  10	 | 	16	 | 	20,10
  11	 | 	19	 | 	31,02
  12	 | 	15	 | 	18,38
  17	 | 	18	 | 	35,00
___________________________
Simulation Topology [2:1]
___________________________
From 	  To 		Length
___________________________
  12	 | 	13	 | 	19,42
  8	 | 	10	 | 	33,06
  6	 | 	13	 | 	11,40
  1	 | 	16	 | 	32,65
  6	 | 	16	 | 	42,64
  14	 | 	19	 | 	14,42
  10	 | 	14	 | 	15,81
  9	 | 	19	 | 	18,87
  3	 | 	17	 | 	50,25
  15	 | 	16	 | 	22,47
  13	 | 	19	 | 	39,12
  12	 | 	17	 | 	27,29
  11	 | 	14	 | 	21,02
  10	 | 	13	 | 	34,23
  9	 | 	10	 | 	18,38
  0	 | 	3	 | 	8,06
  0	 | 	8	 | 	11,70
  1	 | 	5	 | 	6,08
  1	 | 	18	 | 	6,08
  2	 | 	4	 | 	14,32
  2	 | 	15	 | 	8,54
  3	 | 	7	 | 	35,13
  4	 | 	19	 | 	23,85
  5	 | 	14	 | 	9,85
  7	 | 	14	 | 	20,62
  8	 | 	13	 | 	2,24
  9	 | 	12	 | 	7,81
  9	 | 	17	 | 	22,85
  10	 | 	11	 | 	16,97
  10	 | 	15	 | 	10,05
  10	 | 	16	 | 	20,10
  11	 | 	19	 | 	31,02
  12	 | 	15	 | 	18,38
  17	 | 	18	 | 	35,00
  15	 | 	19	 | 	20,12
___________________________
Simulation Topology [2:2]
___________________________
From 	  To 		Length
___________________________
  12	 | 	13	 | 	19,42
  8	 | 	10	 | 	33,06
  6	 | 	13	 | 	11,40
  1	 | 	16	 | 	32,65
  6	 | 	16	 | 	42,64
  14	 | 	19	 | 	14,42
  10	 | 	14	 | 	15,81
  9	 | 	19	 | 	18,87
  3	 | 	17	 | 	50,25
  15	 | 	16	 | 	22,47
  13	 | 	19	 | 	39,12
  12	 | 	17	 | 	27,29
  11	 | 	14	 | 	21,02
  10	 | 	13	 | 	34,23
  9	 | 	10	 | 	18,38
  0	 | 	3	 | 	8,06
  0	 | 	8	 | 	11,70
  1	 | 	5	 | 	6,08
  1	 | 	18	 | 	6,08
  2	 | 	4	 | 	14,32
  2	 | 	15	 | 	8,54
  3	 | 	7	 | 	35,13
  4	 | 	19	 | 	23,85
  5	 | 	14	 | 	9,85
  7	 | 	14	 | 	20,62
  8	 | 	13	 | 	2,24
  9	 | 	12	 | 	7,81
  9	 | 	17	 | 	22,85
  10	 | 	11	 | 	16,97
  10	 | 	15	 | 	10,05
  10	 | 	16	 | 	20,10
  11	 | 	19	 | 	31,02
  12	 | 	15	 | 	18,38
  17	 | 	18	 | 	35,00
  15	 | 	19	 | 	20,12
  7	 | 	13	 | 	18,03
___________________________
Simulation Topology [2:3]
___________________________
From 	  To 		Length
___________________________
  12	 | 	13	 | 	19,42
  8	 | 	10	 | 	33,06
  6	 | 	13	 | 	11,40
  1	 | 	16	 | 	32,65
  6	 | 	16	 | 	42,64
  14	 | 	19	 | 	14,42
  10	 | 	14	 | 	15,81
  9	 | 	19	 | 	18,87
  3	 | 	17	 | 	50,25
  15	 | 	16	 | 	22,47
  13	 | 	19	 | 	39,12
  12	 | 	17	 | 	27,29
  11	 | 	14	 | 	21,02
  10	 | 	13	 | 	34,23
  9	 | 	10	 | 	18,38
  0	 | 	3	 | 	8,06
  0	 | 	8	 | 	11,70
  1	 | 	5	 | 	6,08
  1	 | 	18	 | 	6,08
  2	 | 	4	 | 	14,32
  2	 | 	15	 | 	8,54
  3	 | 	7	 | 	35,13
  4	 | 	19	 | 	23,85
  5	 | 	14	 | 	9,85
  7	 | 	14	 | 	20,62
  8	 | 	13	 | 	2,24
  9	 | 	12	 | 	7,81
  9	 | 	17	 | 	22,85
  10	 | 	11	 | 	16,97
  10	 | 	15	 | 	10,05
  10	 | 	16	 | 	20,10
  11	 | 	19	 | 	31,02
  12	 | 	15	 | 	18,38
  17	 | 	18	 | 	35,00
  15	 | 	19	 | 	20,12
  7	 | 	13	 | 	18,03
  3	 | 	14	 | 	34,48
___________________________
Simulation Topology [2:4]
___________________________
From 	  To 		Length
___________________________
  12	 | 	13	 | 	19,42
  8	 | 	10	 | 	33,06
  6	 | 	13	 | 	11,40
  1	 | 	16	 | 	32,65
  6	 | 	16	 | 	42,64
  14	 | 	19	 | 	14,42
  10	 | 	14	 | 	15,81
  9	 | 	19	 | 	18,87
  3	 | 	17	 | 	50,25
  15	 | 	16	 | 	22,47
  13	 | 	19	 | 	39,12
  12	 | 	17	 | 	27,29
  11	 | 	14	 | 	21,02
  10	 | 	13	 | 	34,23
  9	 | 	10	 | 	18,38
  0	 | 	3	 | 	8,06
  0	 | 	8	 | 	11,70
  1	 | 	5	 | 	6,08
  1	 | 	18	 | 	6,08
  2	 | 	4	 | 	14,32
  2	 | 	15	 | 	8,54
  3	 | 	7	 | 	35,13
  4	 | 	19	 | 	23,85
  5	 | 	14	 | 	9,85
  7	 | 	14	 | 	20,62
  8	 | 	13	 | 	2,24
  9	 | 	12	 | 	7,81
  9	 | 	17	 | 	22,85
  10	 | 	11	 | 	16,97
  10	 | 	15	 | 	10,05
  10	 | 	16	 | 	20,10
  11	 | 	19	 | 	31,02
  12	 | 	15	 | 	18,38
  17	 | 	18	 | 	35,00
  15	 | 	19	 | 	20,12
  7	 | 	13	 | 	18,03
  3	 | 	14	 | 	34,48
  8	 | 	18	 | 	9,49
___________________________
Simulation Topology [2:5]
___________________________
From 	  To 		Length
___________________________
  12	 | 	13	 | 	19,42
  8	 | 	10	 | 	33,06
  6	 | 	13	 | 	11,40
  1	 | 	16	 | 	32,65
  6	 | 	16	 | 	42,64
  14	 | 	19	 | 	14,42
  10	 | 	14	 | 	15,81
  9	 | 	19	 | 	18,87
  3	 | 	17	 | 	50,25
  15	 | 	16	 | 	22,47
  13	 | 	19	 | 	39,12
  12	 | 	17	 | 	27,29
  11	 | 	14	 | 	21,02
  10	 | 	13	 | 	34,23
  9	 | 	10	 | 	18,38
  0	 | 	3	 | 	8,06
  0	 | 	8	 | 	11,70
  1	 | 	5	 | 	6,08
  1	 | 	18	 | 	6,08
  2	 | 	4	 | 	14,32
  2	 | 	15	 | 	8,54
  3	 | 	7	 | 	35,13
  4	 | 	19	 | 	23,85
  5	 | 	14	 | 	9,85
  7	 | 	14	 | 	20,62
  8	 | 	13	 | 	2,24
  9	 | 	12	 | 	7,81
  9	 | 	17	 | 	22,85
  10	 | 	11	 | 	16,97
  10	 | 	15	 | 	10,05
  10	 | 	16	 | 	20,10
  11	 | 	19	 | 	31,02
  12	 | 	15	 | 	18,38
  17	 | 	18	 | 	35,00
  15	 | 	19	 | 	20,12
  7	 | 	13	 | 	18,03
  3	 | 	14	 | 	34,48
  8	 | 	18	 | 	9,49
  3	 | 	19	 | 	47,80
___________________________
Simulation Topology [2:6]
___________________________
From 	  To 		Length
___________________________
  12	 | 	13	 | 	19,42
  8	 | 	10	 | 	33,06
  6	 | 	13	 | 	11,40
  1	 | 	16	 | 	32,65
  6	 | 	16	 | 	42,64
  14	 | 	19	 | 	14,42
  10	 | 	14	 | 	15,81
  9	 | 	19	 | 	18,87
  3	 | 	17	 | 	50,25
  15	 | 	16	 | 	22,47
  13	 | 	19	 | 	39,12
  12	 | 	17	 | 	27,29
  11	 | 	14	 | 	21,02
  10	 | 	13	 | 	34,23
  9	 | 	10	 | 	18,38
  0	 | 	3	 | 	8,06
  0	 | 	8	 | 	11,70
  1	 | 	5	 | 	6,08
  1	 | 	18	 | 	6,08
  2	 | 	4	 | 	14,32
  2	 | 	15	 | 	8,54
  3	 | 	7	 | 	35,13
  4	 | 	19	 | 	23,85
  5	 | 	14	 | 	9,85
  7	 | 	14	 | 	20,62
  8	 | 	13	 | 	2,24
  9	 | 	12	 | 	7,81
  9	 | 	17	 | 	22,85
  10	 | 	11	 | 	16,97
  10	 | 	15	 | 	10,05
  10	 | 	16	 | 	20,10
  11	 | 	19	 | 	31,02
  12	 | 	15	 | 	18,38
  17	 | 	18	 | 	35,00
  15	 | 	19	 | 	20,12
  7	 | 	13	 | 	18,03
  3	 | 	14	 | 	34,48
  8	 | 	18	 | 	9,49
  3	 | 	19	 | 	47,80
  5	 | 	18	 | 	8,60
___________________________
Simulation Topology [2:7]
___________________________
From 	  To 		Length
___________________________
  12	 | 	13	 | 	19,42
  8	 | 	10	 | 	33,06
  6	 | 	13	 | 	11,40
  1	 | 	16	 | 	32,65
  6	 | 	16	 | 	42,64
  14	 | 	19	 | 	14,42
  10	 | 	14	 | 	15,81
  9	 | 	19	 | 	18,87
  3	 | 	17	 | 	50,25
  15	 | 	16	 | 	22,47
  13	 | 	19	 | 	39,12
  12	 | 	17	 | 	27,29
  11	 | 	14	 | 	21,02
  10	 | 	13	 | 	34,23
  9	 | 	10	 | 	18,38
  0	 | 	3	 | 	8,06
  0	 | 	8	 | 	11,70
  1	 | 	5	 | 	6,08
  1	 | 	18	 | 	6,08
  2	 | 	4	 | 	14,32
  2	 | 	15	 | 	8,54
  3	 | 	7	 | 	35,13
  4	 | 	19	 | 	23,85
  5	 | 	14	 | 	9,85
  7	 | 	14	 | 	20,62
  8	 | 	13	 | 	2,24
  9	 | 	12	 | 	7,81
  9	 | 	17	 | 	22,85
  10	 | 	11	 | 	16,97
  10	 | 	15	 | 	10,05
  10	 | 	16	 | 	20,10
  11	 | 	19	 | 	31,02
  12	 | 	15	 | 	18,38
  17	 | 	18	 | 	35,00
  15	 | 	19	 | 	20,12
  7	 | 	13	 | 	18,03
  3	 | 	14	 | 	34,48
  8	 | 	18	 | 	9,49
  3	 | 	19	 | 	47,80
  5	 | 	18	 | 	8,60
  4	 | 	13	 | 	15,26
___________________________
Simulation Topology [2:8]
___________________________
From 	  To 		Length
___________________________
  12	 | 	13	 | 	19,42
  8	 | 	10	 | 	33,06
  6	 | 	13	 | 	11,40
  1	 | 	16	 | 	32,65
  6	 | 	16	 | 	42,64
  14	 | 	19	 | 	14,42
  10	 | 	14	 | 	15,81
  9	 | 	19	 | 	18,87
  3	 | 	17	 | 	50,25
  15	 | 	16	 | 	22,47
  13	 | 	19	 | 	39,12
  12	 | 	17	 | 	27,29
  11	 | 	14	 | 	21,02
  10	 | 	13	 | 	34,23
  9	 | 	10	 | 	18,38
  0	 | 	3	 | 	8,06
  0	 | 	8	 | 	11,70
  1	 | 	5	 | 	6,08
  1	 | 	18	 | 	6,08
  2	 | 	4	 | 	14,32
  2	 | 	15	 | 	8,54
  3	 | 	7	 | 	35,13
  4	 | 	19	 | 	23,85
  5	 | 	14	 | 	9,85
  7	 | 	14	 | 	20,62
  8	 | 	13	 | 	2,24
  9	 | 	12	 | 	7,81
  9	 | 	17	 | 	22,85
  10	 | 	11	 | 	16,97
  10	 | 	15	 | 	10,05
  10	 | 	16	 | 	20,10
  11	 | 	19	 | 	31,02
  12	 | 	15	 | 	18,38
  17	 | 	18	 | 	35,00
  15	 | 	19	 | 	20,12
  7	 | 	13	 | 	18,03
  3	 | 	14	 | 	34,48
  8	 | 	18	 | 	9,49
  3	 | 	19	 | 	47,80
  5	 | 	18	 | 	8,60
  4	 | 	13	 | 	15,26
___________________________
Simulation Topology [2:9]
___________________________
From 	  To 		Length
___________________________
  12	 | 	13	 | 	19,42
  8	 | 	10	 | 	33,06
  6	 | 	13	 | 	11,40
  1	 | 	16	 | 	32,65
  6	 | 	16	 | 	42,64
  14	 | 	19	 | 	14,42
  10	 | 	14	 | 	15,81
  9	 | 	19	 | 	18,87
  3	 | 	17	 | 	50,25
  15	 | 	16	 | 	22,47
  13	 | 	19	 | 	39,12
  12	 | 	17	 | 	27,29
  11	 | 	14	 | 	21,02
  10	 | 	13	 | 	34,23
  9	 | 	10	 | 	18,38
  0	 | 	3	 | 	8,06
  0	 | 	8	 | 	11,70
  1	 | 	5	 | 	6,08
  1	 | 	18	 | 	6,08
  2	 | 	4	 | 	14,32
  2	 | 	15	 | 	8,54
  3	 | 	7	 | 	35,13
  4	 | 	19	 | 	23,85
  5	 | 	14	 | 	9,85
  7	 | 	14	 | 	20,62
  8	 | 	13	 | 	2,24
  9	 | 	12	 | 	7,81
  9	 | 	17	 | 	22,85
  10	 | 	11	 | 	16,97
  10	 | 	15	 | 	10,05
  10	 | 	16	 | 	20,10
  11	 | 	19	 | 	31,02
  12	 | 	15	 | 	18,38
  17	 | 	18	 | 	35,00
  15	 | 	19	 | 	20,12
  7	 | 	13	 | 	18,03
  3	 | 	14	 | 	34,48
  8	 | 	18	 | 	9,49
  3	 | 	19	 | 	47,80
  5	 | 	18	 | 	8,60
  4	 | 	13	 | 	15,26
  8	 | 	9	 | 	18,36
___________________________
