Simulation Topology 1
___________________________
Simulation Topology 2
___________________________
[3]				[37]		
[31]				[29]		
[31]				[8]		
[38]				[37]		
[6]				[31]		
[14]				[18]		
[31]				[4]		
[28]				[17]		
[31]				[14]		
[17]				[33]		
[23]				[0]		
[0]				[16]		
[33]				[13]		
[36]				[13]		
[7]				[4]		
[33]				[5]		
[11]				[13]		
[35]				[28]		
[23]				[32]		
[10]				[19]		
___________________________
Simulation Topology [2:0]
___________________________
From 	  To 		Length
___________________________
  0	 | 	5	 | 	21,95
  0	 | 	10	 | 	42,06
  1	 | 	9	 | 	14,56
  1	 | 	17	 | 	4,12
  2	 | 	9	 | 	28,65
  2	 | 	15	 | 	3,61
  3	 | 	7	 | 	22,36
  3	 | 	14	 | 	45,28
  4	 | 	5	 | 	15,26
  4	 | 	14	 | 	27,02
  6	 | 	10	 | 	8,94
  6	 | 	17	 | 	24,33
  7	 | 	18	 | 	15,81
  8	 | 	13	 | 	5,10
  8	 | 	15	 | 	9,22
  11	 | 	16	 | 	11,40
  11	 | 	18	 | 	28,02
  12	 | 	13	 | 	3,00
  12	 | 	19	 | 	23,77
  16	 | 	19	 | 	6,08
___________________________
