Simulation Topology 1
___________________________
[10]				[28]		
[10]				[22]		
[12]				[5]		
[36]				[22]		
[34]				[29]		
[28]				[20]		
[25]				[6]		
[1]				[12]		
[36]				[34]		
[1]				[36]		
[7]				[2]		
[34]				[13]		
[27]				[28]		
[6]				[33]		
[21]				[27]		
[7]				[18]		
[25]				[22]		
[33]				[17]		
[11]				[12]		
[15]				[3]		
___________________________
Simulation Topology [1:0]
___________________________
From 	  To 		Length
___________________________
  0	 | 	5	 | 	19,70
  0	 | 	19	 | 	25,50
  1	 | 	7	 | 	13,45
  1	 | 	9	 | 	16,64
  2	 | 	10	 | 	5,83
  2	 | 	18	 | 	7,07
  3	 | 	4	 | 	7,28
  3	 | 	13	 | 	31,95
  4	 | 	7	 | 	37,12
  5	 | 	11	 | 	9,22
  6	 | 	9	 | 	38,42
  6	 | 	14	 | 	21,38
  8	 | 	14	 | 	16,55
  8	 | 	19	 | 	37,44
  10	 | 	11	 | 	29,15
  12	 | 	15	 | 	22,36
  12	 | 	16	 | 	6,32
  13	 | 	15	 | 	15,03
  16	 | 	17	 | 	9,43
  17	 | 	18	 | 	22,56
___________________________
Simulation Topology 2
___________________________
[27]				[1]		
[19]				[12]		
[31]				[11]		
[33]				[5]		
[26]				[39]		
[17]				[3]		
[9]				[29]		
[12]				[14]		
[39]				[16]		
[8]				[21]		
[5]				[29]		
[35]				[39]		
[36]				[31]		
[29]				[35]		
[5]				[10]		
[29]				[27]		
[0]				[14]		
[22]				[6]		
[1]				[6]		
[28]				[10]		
___________________________
Simulation Topology [2:0]
___________________________
From 	  To 		Length
___________________________
  17	 | 	18	 | 	21,00
  16	 | 	17	 | 	23,41
  13	 | 	15	 | 	8,00
  12	 | 	16	 | 	39,81
  12	 | 	15	 | 	8,06
  10	 | 	11	 | 	31,62
  8	 | 	19	 | 	12,53
  8	 | 	14	 | 	34,53
  6	 | 	14	 | 	19,42
  6	 | 	9	 | 	8,06
  0	 | 	7	 | 	19,85
  0	 | 	10	 | 	35,61
  1	 | 	3	 | 	15,65
  1	 | 	12	 | 	25,50
  2	 | 	5	 | 	16,12
  2	 | 	8	 | 	9,43
  3	 | 	16	 | 	34,21
  4	 | 	9	 | 	25,46
  4	 | 	19	 | 	29,07
  5	 | 	6	 | 	27,20
  6	 | 	15	 | 	20,10
  7	 | 	13	 | 	27,02
  8	 | 	11	 | 	23,35
  9	 | 	14	 | 	11,40
  10	 | 	18	 | 	23,35
  11	 | 	18	 | 	47,38
  12	 | 	17	 | 	28,65
  13	 | 	19	 | 	25,02
  14	 | 	17	 | 	17,46
  15	 | 	16	 | 	31,78
___________________________
