Simulation Topology 1
___________________________
[1]				[15]		
[0]				[1]		
[16]				[35]		
[37]				[38]		
[9]				[1]		
[36]				[27]		
[29]				[37]		
[12]				[28]		
[2]				[22]		
[5]				[19]		
___________________________
Simulation Topology [1:0]
___________________________
From 	  To 		Length
___________________________
  0	 | 	4	 | 	16,12
  0	 | 	6	 | 	35,61
  1	 | 	3	 | 	52,33
  1	 | 	8	 | 	21,10
  2	 | 	3	 | 	21,21
  2	 | 	9	 | 	19,42
  4	 | 	5	 | 	37,48
  5	 | 	8	 | 	34,37
  6	 | 	7	 | 	19,24
  7	 | 	9	 | 	11,40
___________________________
Simulation Topology 2
___________________________
[12]				[24]		
[22]				[26]		
[23]				[18]		
[24]				[4]		
[9]				[26]		
[7]				[32]		
[18]				[39]		
[7]				[18]		
[22]				[34]		
[0]				[6]		
___________________________
Simulation Topology [2:0]
___________________________
From 	  To 		Length
___________________________
  7	 | 	9	 | 	13,89
  6	 | 	7	 | 	23,71
  5	 | 	8	 | 	15,13
  4	 | 	5	 | 	6,32
  2	 | 	9	 | 	25,94
  0	 | 	3	 | 	23,32
  0	 | 	7	 | 	7,81
  1	 | 	2	 | 	8,06
  1	 | 	6	 | 	13,60
  3	 | 	8	 | 	30,07
  4	 | 	8	 | 	15,26
  5	 | 	9	 | 	26,93
___________________________
