Simulation Topology 1
___________________________
[4]				[8]		
[7]				[7]		
[0]				[8]		
[7]				[1]		
[4]				[1]		
___________________________
Simulation Topology [1:0]
___________________________
From 	  To 		Length
___________________________
  0	 | 	1	 | 	3,16
  0	 | 	2	 | 	4,00
  1	 | 	4	 | 	6,71
  2	 | 	3	 | 	9,90
  3	 | 	4	 | 	3,00
___________________________
Simulation Topology 2
___________________________
[5]				[2]		
[3]				[5]		
[4]				[0]		
[6]				[4]		
[9]				[5]		
___________________________
Simulation Topology [2:0]
___________________________
From 	  To 		Length
___________________________
  3	 | 	4	 | 	3,16
  2	 | 	3	 | 	4,47
  0	 | 	2	 | 	2,24
  0	 | 	3	 | 	2,24
  1	 | 	3	 | 	3,16
  1	 | 	4	 | 	6,00
  2	 | 	4	 | 	7,07
___________________________
