Simulation Topology 1
___________________________
[7]				[3]		
[4]				[5]		
[0]				[34]		
[2]				[20]		
[4]				[37]		
[2]				[28]		
[7]				[25]		
[1]				[36]		
[7]				[27]		
[7]				[11]		
[1]				[25]		
[3]				[33]		
[4]				[19]		
[7]				[16]		
[6]				[34]		
[11]				[29]		
[23]				[17]		
[16]				[1]		
[24]				[28]		
[36]				[28]		
___________________________
Simulation Topology [1:0]
___________________________
From 	  To 		Length
___________________________
  0	 | 	3	 | 	17,72
  0	 | 	13	 | 	13,00
  0	 | 	19	 | 	38,29
  1	 | 	7	 | 	31,14
  1	 | 	9	 | 	6,71
  2	 | 	5	 | 	6,32
  2	 | 	8	 | 	9,90
  3	 | 	12	 | 	2,24
  4	 | 	5	 | 	9,22
  4	 | 	13	 | 	21,21
  6	 | 	8	 | 	2,00
  6	 | 	11	 | 	8,94
  7	 | 	14	 | 	5,39
  9	 | 	10	 | 	15,23
  10	 | 	11	 | 	8,25
  12	 | 	14	 | 	15,13
  15	 | 	16	 | 	16,97
  16	 | 	18	 | 	11,05
  17	 | 	18	 | 	28,16
  17	 | 	19	 | 	33,60
___________________________
Simulation Topology 2
___________________________
