Simulation Topology 1
___________________________
[7]				[9]		
[7]				[1]		
[8]				[5]		
[3]				[1]		
[1]				[2]		
___________________________
Simulation Topology [1:0]
___________________________
From 	  To 		Length
___________________________
  0	 | 	2	 | 	4,12
  0	 | 	4	 | 	9,22
  1	 | 	2	 | 	4,12
  1	 | 	3	 | 	4,00
  3	 | 	4	 | 	2,24
___________________________
Simulation Topology 2
___________________________
[6]				[8]		
[1]				[1]		
[3]				[2]		
[9]				[7]		
[7]				[0]		
___________________________
Simulation Topology [2:0]
___________________________
From 	  To 		Length
___________________________
  3	 | 	4	 | 	7,28
  1	 | 	3	 | 	10,00
  0	 | 	2	 | 	6,71
  0	 | 	4	 | 	8,06
  1	 | 	2	 | 	2,24
___________________________
