Simulation Topology 1
___________________________
[3]				[0]		
[5]				[9]		
[8]				[0]		
[1]				[9]		
[0]				[2]		
___________________________
Simulation Topology [1:0]
___________________________
From 	  To 		Length
___________________________
  0	 | 	3	 | 	9,22
  0	 | 	4	 | 	3,61
  1	 | 	2	 | 	9,49
  1	 | 	4	 | 	8,60
  2	 | 	3	 | 	11,40
___________________________
Simulation Topology 2
___________________________
[9]				[4]		
[3]				[2]		
[2]				[8]		
[2]				[5]		
[9]				[6]		
___________________________
Simulation Topology [2:0]
___________________________
From 	  To 		Length
___________________________
  2	 | 	3	 | 	3,00
  1	 | 	4	 | 	7,21
  0	 | 	1	 | 	6,32
  0	 | 	2	 | 	8,06
  3	 | 	4	 | 	7,07
___________________________
