Simulation Topology 1
___________________________
[23]				[13]		
[17]				[13]		
[29]				[27]		
[19]				[32]		
[7]				[38]		
[21]				[13]		
[7]				[3]		
[17]				[11]		
[30]				[23]		
[30]				[19]		
[29]				[12]		
[9]				[13]		
[20]				[10]		
[3]				[4]		
[33]				[1]		
[15]				[26]		
[13]				[7]		
[38]				[30]		
[6]				[7]		
[17]				[23]		
___________________________
Simulation Topology [1:0]
___________________________
From 	  To 		Length
___________________________
  0	 | 	5	 | 	2,00
  0	 | 	14	 | 	15,62
  1	 | 	7	 | 	2,00
  1	 | 	15	 | 	13,15
  2	 | 	5	 | 	16,12
  2	 | 	9	 | 	8,06
  3	 | 	10	 | 	22,36
  3	 | 	16	 | 	25,71
  4	 | 	15	 | 	14,42
  4	 | 	18	 | 	31,02
  6	 | 	11	 | 	10,20
  6	 | 	12	 | 	14,76
  7	 | 	13	 | 	15,65
  8	 | 	9	 | 	4,00
  8	 | 	19	 | 	13,00
  10	 | 	19	 | 	16,28
  11	 | 	16	 | 	7,21
  12	 | 	17	 | 	26,91
  13	 | 	14	 | 	30,15
  17	 | 	18	 | 	39,41
___________________________
Simulation Topology 2
___________________________
[19]				[31]		
[3]				[34]		
[14]				[4]		
[31]				[29]		
[2]				[11]		
[31]				[23]		
[14]				[7]		
[15]				[27]		
[7]				[36]		
[29]				[24]		
[8]				[8]		
[1]				[4]		
[32]				[4]		
[12]				[15]		
[7]				[28]		
[34]				[4]		
[17]				[0]		
[27]				[32]		
[34]				[38]		
[15]				[33]		
___________________________
Simulation Topology [2:0]
___________________________
From 	  To 		Length
___________________________
  17	 | 	18	 | 	9,22
  13	 | 	14	 | 	13,93
  12	 | 	17	 | 	28,44
  11	 | 	16	 | 	16,49
  10	 | 	19	 | 	25,96
  8	 | 	19	 | 	8,54
  8	 | 	9	 | 	25,06
  7	 | 	13	 | 	12,37
  6	 | 	12	 | 	18,25
  6	 | 	11	 | 	13,34
  0	 | 	1	 | 	16,28
  0	 | 	6	 | 	24,52
  1	 | 	2	 | 	31,95
  2	 | 	9	 | 	25,00
  3	 | 	16	 | 	32,20
  3	 | 	19	 | 	16,49
  4	 | 	11	 | 	7,07
  4	 | 	17	 | 	32,65
  5	 | 	10	 | 	27,46
  5	 | 	15	 | 	19,24
  6	 | 	14	 | 	22,14
  7	 | 	8	 | 	12,04
  7	 | 	12	 | 	28,60
  8	 | 	13	 | 	21,59
  9	 | 	10	 | 	26,40
  11	 | 	12	 | 	31,00
  13	 | 	15	 | 	24,60
  14	 | 	18	 | 	28,79
  16	 | 	17	 | 	33,53
  18	 | 	19	 | 	19,65
___________________________
