Simulation Topology 1
___________________________
[3]				[38]		
[17]				[16]		
[27]				[19]		
[1]				[38]		
[35]				[28]		
[15]				[3]		
[18]				[1]		
[6]				[26]		
[24]				[33]		
[27]				[23]		
[37]				[21]		
[32]				[37]		
[37]				[19]		
[26]				[8]		
[37]				[24]		
[1]				[35]		
[28]				[31]		
[29]				[22]		
[39]				[2]		
[8]				[25]		
___________________________
Simulation Topology [1:0]
___________________________
From 	  To 		Length
___________________________
  0	 | 	2	 | 	30,61
  0	 | 	16	 | 	25,96
  1	 | 	14	 | 	21,54
  1	 | 	17	 | 	13,42
  2	 | 	17	 | 	3,61
  3	 | 	8	 | 	23,54
  3	 | 	11	 | 	31,02
  4	 | 	6	 | 	31,91
  4	 | 	10	 | 	7,28
  5	 | 	18	 | 	24,02
  5	 | 	19	 | 	23,09
  6	 | 	9	 | 	23,77
  7	 | 	13	 | 	26,91
  7	 | 	16	 | 	22,56
  8	 | 	15	 | 	23,09
  9	 | 	19	 | 	19,10
  10	 | 	12	 | 	2,00
  11	 | 	12	 | 	18,68
  13	 | 	15	 | 	36,80
  14	 | 	18	 | 	22,09
___________________________
Simulation Topology 2
___________________________
[21]				[32]		
[20]				[39]		
[17]				[11]		
[13]				[13]		
[2]				[39]		
[39]				[18]		
[39]				[36]		
[15]				[16]		
[3]				[11]		
[10]				[10]		
[12]				[39]		
[26]				[10]		
[3]				[5]		
[12]				[7]		
[30]				[39]		
[23]				[21]		
[30]				[14]		
[8]				[6]		
[36]				[31]		
[0]				[15]		
___________________________
Simulation Topology [2:0]
___________________________
From 	  To 		Length
___________________________
  14	 | 	18	 | 	10,00
  13	 | 	15	 | 	17,80
  11	 | 	12	 | 	23,54
  10	 | 	12	 | 	35,17
  9	 | 	19	 | 	11,18
  8	 | 	15	 | 	22,36
  7	 | 	16	 | 	15,13
  7	 | 	13	 | 	9,49
  6	 | 	9	 | 	38,95
  5	 | 	19	 | 	39,12
  0	 | 	9	 | 	24,60
  0	 | 	14	 | 	11,40
  1	 | 	7	 | 	23,54
  1	 | 	15	 | 	18,25
  2	 | 	5	 | 	23,09
  2	 | 	8	 | 	14,00
  3	 | 	10	 | 	26,02
  3	 | 	16	 | 	17,03
  4	 | 	6	 | 	37,12
  4	 | 	13	 | 	33,53
  5	 | 	10	 | 	34,21
  6	 | 	14	 | 	9,49
  8	 | 	12	 | 	6,00
  9	 | 	11	 | 	16,00
  11	 | 	17	 | 	18,44
  12	 | 	18	 | 	42,01
  15	 | 	16	 | 	9,90
  17	 | 	19	 | 	12,04
  18	 | 	19	 | 	39,40
___________________________
