Simulation Topology 1
___________________________
[1]				[7]		
[5]				[9]		
[9]				[9]		
[4]				[7]		
[7]				[4]		
___________________________
Simulation Topology [1:0]
___________________________
From 	  To 		Length
___________________________
  0	 | 	1	 | 	4,47
  0	 | 	4	 | 	6,71
  1	 | 	2	 | 	4,00
  2	 | 	3	 | 	5,39
  3	 | 	4	 | 	4,24
___________________________
Simulation Topology 2
___________________________
[3]				[4]		
[7]				[3]		
[0]				[5]		
[1]				[3]		
[7]				[5]		
___________________________
Simulation Topology [2:0]
___________________________
From 	  To 		Length
___________________________
  3	 | 	4	 | 	6,32
  2	 | 	3	 | 	2,24
  0	 | 	1	 | 	4,12
  0	 | 	4	 | 	4,12
  1	 | 	3	 | 	6,00
  2	 | 	4	 | 	7,00
___________________________
