Simulation Topology 1
___________________________
[5]				[0]		
[1]				[1]		
[5]				[3]		
[5]				[4]		
[1]				[7]		
___________________________
Simulation Topology [1:0]
___________________________
From 	  To 		Length
___________________________
  0	 | 	1	 | 	4,12
  0	 | 	3	 | 	4,00
  1	 | 	2	 | 	4,47
  2	 | 	4	 | 	5,66
  3	 | 	4	 | 	5,00
___________________________
Simulation Topology 2
___________________________
[4]				[1]		
[1]				[0]		
[8]				[4]		
[6]				[5]		
[1]				[7]		
___________________________
Simulation Topology [2:0]
___________________________
From 	  To 		Length
___________________________
  3	 | 	4	 | 	5,39
  2	 | 	4	 | 	7,62
  0	 | 	1	 | 	3,16
  0	 | 	3	 | 	4,47
  1	 | 	4	 | 	7,00
  2	 | 	3	 | 	2,24
___________________________
