Simulation Topology 1
___________________________
[9]				[11]		
[17]				[37]		
[34]				[23]		
[6]				[17]		
[26]				[35]		
[4]				[11]		
[25]				[22]		
[32]				[24]		
[18]				[11]		
[11]				[37]		
[0]				[32]		
[7]				[6]		
[29]				[39]		
[15]				[27]		
[34]				[29]		
[21]				[15]		
[6]				[29]		
[17]				[22]		
[12]				[10]		
[1]				[18]		
___________________________
Simulation Topology [1:0]
___________________________
From 	  To 		Length
___________________________
  0	 | 	7	 | 	26,42
  0	 | 	12	 | 	34,41
  1	 | 	2	 | 	22,02
  1	 | 	19	 | 	24,84
  2	 | 	16	 | 	28,64
  3	 | 	11	 | 	11,05
  3	 | 	19	 | 	5,10
  4	 | 	5	 | 	32,56
  4	 | 	17	 | 	15,81
  5	 | 	7	 | 	30,87
  6	 | 	10	 | 	26,93
  6	 | 	13	 | 	11,18
  8	 | 	14	 | 	24,08
  8	 | 	18	 | 	6,08
  9	 | 	10	 | 	12,08
  9	 | 	11	 | 	31,26
  12	 | 	16	 | 	25,08
  13	 | 	14	 | 	19,10
  15	 | 	17	 | 	8,06
  15	 | 	18	 | 	10,30
___________________________
Simulation Topology 2
___________________________
[20]				[23]		
[14]				[6]		
[11]				[14]		
[15]				[24]		
[32]				[9]		
[24]				[31]		
[17]				[28]		
[5]				[10]		
[10]				[23]		
[2]				[35]		
[31]				[30]		
[26]				[12]		
[16]				[3]		
[37]				[39]		
[31]				[25]		
[35]				[24]		
[8]				[25]		
[18]				[5]		
[35]				[7]		
[7]				[1]		
___________________________
Simulation Topology [2:0]
___________________________
From 	  To 		Length
___________________________
  15	 | 	18	 | 	17,00
  15	 | 	17	 | 	25,50
  13	 | 	14	 | 	15,23
  12	 | 	16	 | 	23,41
  9	 | 	11	 | 	33,24
  9	 | 	10	 | 	29,43
  8	 | 	18	 | 	29,68
  8	 | 	14	 | 	21,10
  6	 | 	13	 | 	22,83
  6	 | 	10	 | 	14,14
  0	 | 	2	 | 	12,73
  0	 | 	4	 | 	18,44
  1	 | 	8	 | 	17,46
  1	 | 	17	 | 	4,12
  2	 | 	7	 | 	7,21
  3	 | 	5	 | 	11,40
  3	 | 	15	 | 	20,00
  4	 | 	18	 | 	3,61
  5	 | 	14	 | 	9,22
  6	 | 	15	 | 	18,44
  6	 | 	16	 | 	9,49
  7	 | 	14	 | 	30,02
  8	 | 	10	 | 	22,14
  11	 | 	12	 | 	13,45
  12	 | 	19	 | 	9,22
  13	 | 	16	 | 	32,20
  13	 | 	19	 | 	48,41
  17	 | 	18	 | 	17,12
___________________________
