Simulation Topology 1
___________________________
[39]				[27]		
[12]				[24]		
[36]				[37]		
[0]				[30]		
[35]				[27]		
[22]				[10]		
[11]				[7]		
[27]				[39]		
[31]				[1]		
[17]				[35]		
[10]				[11]		
[22]				[35]		
[2]				[1]		
[20]				[3]		
[31]				[4]		
[0]				[5]		
[5]				[7]		
[39]				[21]		
[20]				[29]		
[10]				[34]		
___________________________
Simulation Topology [1:0]
___________________________
From 	  To 		Length
___________________________
  0	 | 	10	 | 	33,12
  0	 | 	15	 | 	44,78
  1	 | 	3	 | 	13,42
  1	 | 	19	 | 	10,20
  2	 | 	17	 | 	16,28
  2	 | 	18	 | 	17,89
  3	 | 	9	 | 	17,72
  4	 | 	5	 | 	21,40
  4	 | 	12	 | 	42,01
  5	 | 	8	 | 	12,73
  6	 | 	12	 | 	10,82
  6	 | 	16	 | 	6,00
  7	 | 	8	 | 	38,21
  7	 | 	11	 | 	6,40
  9	 | 	18	 | 	6,71
  10	 | 	14	 | 	22,14
  11	 | 	19	 | 	12,04
  13	 | 	15	 | 	20,10
  13	 | 	17	 | 	26,17
  14	 | 	16	 | 	26,17
___________________________
Simulation Topology 2
___________________________
[4]				[6]		
[38]				[10]		
[18]				[20]		
[8]				[35]		
[28]				[23]		
[21]				[26]		
[39]				[18]		
[3]				[16]		
[23]				[27]		
[28]				[39]		
[39]				[26]		
[38]				[12]		
[27]				[7]		
[11]				[33]		
[12]				[3]		
[17]				[14]		
[17]				[12]		
[39]				[16]		
[26]				[37]		
[19]				[26]		
___________________________
Simulation Topology [2:0]
___________________________
From 	  To 		Length
___________________________
  14	 | 	16	 | 	10,30
  13	 | 	17	 | 	32,76
  13	 | 	15	 | 	19,92
  11	 | 	19	 | 	23,60
  10	 | 	14	 | 	35,47
  9	 | 	18	 | 	2,83
  7	 | 	11	 | 	35,23
  7	 | 	8	 | 	22,83
  6	 | 	16	 | 	22,80
  6	 | 	12	 | 	16,28
  0	 | 	4	 | 	29,41
  0	 | 	10	 | 	40,31
  1	 | 	6	 | 	8,06
  1	 | 	7	 | 	35,51
  2	 | 	11	 | 	21,54
  2	 | 	16	 | 	8,06
  3	 | 	9	 | 	20,40
  3	 | 	14	 | 	32,25
  4	 | 	12	 | 	16,03
  5	 | 	14	 | 	24,70
  5	 | 	19	 | 	2,00
  6	 | 	8	 | 	18,36
  7	 | 	18	 | 	31,14
  8	 | 	13	 | 	13,42
  9	 | 	15	 | 	27,31
  10	 | 	15	 | 	25,06
  11	 | 	17	 | 	4,12
  12	 | 	16	 | 	11,18
  18	 | 	19	 | 	13,04
___________________________
