Simulation Topology 1
___________________________
[9]				[2]		
[3]				[8]		
[1]				[5]		
[6]				[5]		
[4]				[2]		
___________________________
Simulation Topology [1:0]
___________________________
From 	  To 		Length
___________________________
  0	 | 	2	 | 	8,54
  0	 | 	4	 | 	5,00
  1	 | 	2	 | 	3,61
  1	 | 	3	 | 	4,24
  3	 | 	4	 | 	3,61
___________________________
Simulation Topology 2
___________________________
[2]				[5]		
[4]				[6]		
[3]				[3]		
[2]				[9]		
[7]				[1]		
___________________________
Simulation Topology [2:0]
___________________________
From 	  To 		Length
___________________________
  3	 | 	4	 | 	9,43
  1	 | 	3	 | 	3,61
  0	 | 	2	 | 	2,24
  0	 | 	3	 | 	4,00
  1	 | 	4	 | 	5,83
  2	 | 	4	 | 	4,47
___________________________
