Simulation Topology 1
___________________________
[0]				[0]		
[7]				[1]		
[7]				[7]		
[0]				[7]		
[8]				[4]		
[7]				[15]		
[9]				[14]		
[1]				[17]		
[4]				[19]		
[4]				[17]		
___________________________
Simulation Topology [1:1]
___________________________
From 	  To 		Length
___________________________
  0	 | 	1	 | 	7,07
  0	 | 	6	 | 	16,64
  0	 | 	8	 | 	19,42
  1	 | 	3	 | 	9,22
  1	 | 	5	 | 	14,00
  2	 | 	4	 | 	3,16
  2	 | 	5	 | 	8,00
  2	 | 	7	 | 	11,66
  3	 | 	8	 | 	12,65
  4	 | 	5	 | 	11,05
  6	 | 	8	 | 	7,07
  6	 | 	9	 | 	5,83
  7	 | 	9	 | 	3,00
___________________________
Simulation Topology [1:2]
___________________________
From 	  To 		Length
___________________________
  0	 | 	1	 | 	7,07
  0	 | 	6	 | 	16,64
  0	 | 	8	 | 	19,42
  1	 | 	3	 | 	9,22
  1	 | 	5	 | 	14,00
  2	 | 	4	 | 	3,16
  2	 | 	5	 | 	8,00
  2	 | 	7	 | 	11,66
  3	 | 	8	 | 	12,65
  4	 | 	5	 | 	11,05
  6	 | 	8	 | 	7,07
  6	 | 	9	 | 	5,83
  7	 | 	9	 | 	3,00
  3	 | 	4	 | 	8,54
___________________________
Simulation Topology 2
___________________________
[7]				[6]		
[4]				[7]		
[4]				[4]		
[8]				[12]		
[2]				[15]		
[6]				[13]		
[0]				[16]		
[8]				[22]		
[4]				[23]		
[0]				[21]		
___________________________
Simulation Topology [2:0]
___________________________
From 	  To 		Length
___________________________
  3	 | 	4	 | 	6,71
  7	 | 	9	 | 	8,06
  6	 | 	9	 | 	5,00
  6	 | 	8	 | 	8,06
  4	 | 	5	 | 	4,47
  3	 | 	8	 | 	11,70
  2	 | 	7	 | 	18,44
  0	 | 	4	 | 	10,30
  0	 | 	7	 | 	16,03
  1	 | 	6	 | 	9,85
  1	 | 	9	 | 	14,56
  2	 | 	3	 | 	8,94
  2	 | 	5	 | 	9,22
  2	 | 	6	 | 	12,65
  3	 | 	5	 | 	2,24
  4	 | 	7	 | 	9,22
  5	 | 	9	 | 	10,00
___________________________
Simulation Topology [2:1]
___________________________
From 	  To 		Length
___________________________
  3	 | 	4	 | 	6,71
  7	 | 	9	 | 	8,06
  6	 | 	9	 | 	5,00
  6	 | 	8	 | 	8,06
  4	 | 	5	 | 	4,47
  3	 | 	8	 | 	11,70
  2	 | 	7	 | 	18,44
  0	 | 	4	 | 	10,30
  0	 | 	7	 | 	16,03
  1	 | 	6	 | 	9,85
  1	 | 	9	 | 	14,56
  2	 | 	3	 | 	8,94
  2	 | 	5	 | 	9,22
  2	 | 	6	 | 	12,65
  3	 | 	5	 | 	2,24
  4	 | 	7	 | 	9,22
  5	 | 	9	 | 	10,00
  1	 | 	8	 | 	16,00
___________________________
Simulation Topology [2:2]
___________________________
From 	  To 		Length
___________________________
  3	 | 	4	 | 	6,71
  7	 | 	9	 | 	8,06
  6	 | 	9	 | 	5,00
  6	 | 	8	 | 	8,06
  4	 | 	5	 | 	4,47
  3	 | 	8	 | 	11,70
  2	 | 	7	 | 	18,44
  0	 | 	4	 | 	10,30
  0	 | 	7	 | 	16,03
  1	 | 	6	 | 	9,85
  1	 | 	9	 | 	14,56
  2	 | 	3	 | 	8,94
  2	 | 	5	 | 	9,22
  2	 | 	6	 | 	12,65
  3	 | 	5	 | 	2,24
  4	 | 	7	 | 	9,22
  5	 | 	9	 | 	10,00
  1	 | 	8	 | 	16,00
  3	 | 	7	 | 	10,00
___________________________
Simulation Topology [2:3]
___________________________
From 	  To 		Length
___________________________
  3	 | 	4	 | 	6,71
  7	 | 	9	 | 	8,06
  6	 | 	9	 | 	5,00
  6	 | 	8	 | 	8,06
  4	 | 	5	 | 	4,47
  3	 | 	8	 | 	11,70
  2	 | 	7	 | 	18,44
  0	 | 	4	 | 	10,30
  0	 | 	7	 | 	16,03
  1	 | 	6	 | 	9,85
  1	 | 	9	 | 	14,56
  2	 | 	3	 | 	8,94
  2	 | 	5	 | 	9,22
  2	 | 	6	 | 	12,65
  3	 | 	5	 | 	2,24
  4	 | 	7	 | 	9,22
  5	 | 	9	 | 	10,00
  1	 | 	8	 | 	16,00
  3	 | 	7	 | 	10,00
  4	 | 	8	 | 	8,25
___________________________
Simulation Topology [2:4]
___________________________
From 	  To 		Length
___________________________
  3	 | 	4	 | 	6,71
  7	 | 	9	 | 	8,06
  6	 | 	9	 | 	5,00
  6	 | 	8	 | 	8,06
  4	 | 	5	 | 	4,47
  3	 | 	8	 | 	11,70
  2	 | 	7	 | 	18,44
  0	 | 	4	 | 	10,30
  0	 | 	7	 | 	16,03
  1	 | 	6	 | 	9,85
  1	 | 	9	 | 	14,56
  2	 | 	3	 | 	8,94
  2	 | 	5	 | 	9,22
  2	 | 	6	 | 	12,65
  3	 | 	5	 | 	2,24
  4	 | 	7	 | 	9,22
  5	 | 	9	 | 	10,00
  1	 | 	8	 | 	16,00
  3	 | 	7	 | 	10,00
  4	 | 	8	 | 	8,25
___________________________
