Simulation Topology 1
___________________________
[17]				[8]		
[2]				[25]		
[4]				[7]		
[8]				[11]		
[21]				[36]		
[5]				[19]		
[23]				[9]		
[35]				[12]		
[30]				[6]		
[18]				[18]		
[36]				[37]		
[1]				[10]		
[14]				[19]		
[13]				[37]		
[24]				[21]		
[38]				[7]		
[11]				[30]		
[12]				[27]		
[21]				[27]		
[2]				[2]		
___________________________
Simulation Topology [1:0]
___________________________
From 	  To 		Length
___________________________
  0	 | 	9	 | 	10,05
  0	 | 	18	 | 	19,42
  1	 | 	5	 | 	6,71
  1	 | 	6	 | 	26,40
  2	 | 	5	 | 	12,04
  2	 | 	9	 | 	17,80
  3	 | 	11	 | 	7,07
  3	 | 	14	 | 	18,87
  4	 | 	13	 | 	8,06
  4	 | 	14	 | 	15,30
  6	 | 	15	 | 	15,13
  7	 | 	13	 | 	33,30
  7	 | 	16	 | 	30,00
  8	 | 	12	 | 	20,62
  8	 | 	16	 | 	30,61
  10	 | 	15	 | 	30,07
  10	 | 	19	 | 	48,80
  11	 | 	18	 | 	26,25
  12	 | 	17	 | 	8,25
  17	 | 	19	 | 	26,93
___________________________
Simulation Topology 2
___________________________
[5]				[19]		
[15]				[8]		
[27]				[8]		
[32]				[18]		
[9]				[29]		
[31]				[21]		
[15]				[39]		
[19]				[5]		
[9]				[11]		
[2]				[1]		
[34]				[6]		
[27]				[13]		
[26]				[39]		
[4]				[5]		
[23]				[19]		
[24]				[36]		
[30]				[27]		
[15]				[2]		
[15]				[19]		
[28]				[1]		
___________________________
Simulation Topology [2:0]
___________________________
From 	  To 		Length
___________________________
  17	 | 	19	 | 	13,04
  12	 | 	17	 | 	38,60
  11	 | 	18	 | 	13,42
  10	 | 	19	 | 	7,81
  10	 | 	15	 | 	31,62
  8	 | 	16	 | 	26,40
  8	 | 	12	 | 	32,76
  7	 | 	16	 | 	24,60
  7	 | 	13	 | 	15,00
  6	 | 	15	 | 	9,49
  0	 | 	5	 | 	26,08
  0	 | 	19	 | 	29,21
  1	 | 	12	 | 	32,89
  1	 | 	13	 | 	11,40
  2	 | 	7	 | 	8,54
  2	 | 	16	 | 	19,24
  3	 | 	4	 | 	25,50
  3	 | 	11	 | 	7,07
  4	 | 	12	 | 	19,72
  5	 | 	18	 | 	16,12
  6	 | 	9	 | 	40,16
  6	 | 	19	 | 	40,16
  7	 | 	15	 | 	31,40
  8	 | 	11	 | 	18,11
  8	 | 	15	 | 	29,15
  9	 | 	17	 | 	13,04
  10	 | 	14	 | 	17,03
  10	 | 	17	 | 	19,42
  13	 | 	14	 | 	23,60
  16	 | 	18	 | 	17,00
___________________________
