Simulation Topology 1
___________________________
[30]				[10]		
[32]				[28]		
[28]				[35]		
[15]				[28]		
[28]				[13]		
[21]				[4]		
[37]				[31]		
[38]				[5]		
[22]				[32]		
[24]				[0]		
[8]				[1]		
[27]				[38]		
[23]				[17]		
[14]				[25]		
[4]				[30]		
[14]				[4]		
[4]				[20]		
[38]				[2]		
[29]				[22]		
[24]				[33]		
___________________________
Simulation Topology [1:0]
___________________________
From 	  To 		Length
___________________________
  0	 | 	5	 | 	10,82
  0	 | 	14	 | 	32,80
  1	 | 	4	 | 	15,52
  1	 | 	19	 | 	9,43
  2	 | 	8	 | 	6,71
  2	 | 	19	 | 	4,47
  3	 | 	7	 | 	32,53
  3	 | 	9	 | 	29,41
  4	 | 	6	 | 	20,12
  5	 | 	10	 | 	13,34
  6	 | 	13	 | 	23,77
  7	 | 	17	 | 	3,00
  8	 | 	12	 | 	15,03
  9	 | 	11	 | 	38,12
  10	 | 	11	 | 	41,59
  12	 | 	17	 | 	21,21
  13	 | 	16	 | 	11,18
  14	 | 	18	 | 	26,25
  15	 | 	16	 | 	18,87
  15	 | 	18	 | 	23,43
___________________________
Simulation Topology 2
___________________________
[27]				[33]		
[32]				[17]		
[25]				[35]		
[14]				[3]		
[38]				[16]		
[7]				[35]		
[18]				[37]		
[15]				[0]		
[16]				[38]		
[25]				[14]		
[1]				[38]		
[24]				[21]		
[9]				[21]		
[32]				[24]		
[32]				[19]		
[32]				[2]		
[24]				[2]		
[35]				[15]		
[27]				[4]		
[25]				[12]		
___________________________
Simulation Topology [2:0]
___________________________
From 	  To 		Length
___________________________
  15	 | 	18	 | 	5,39
  15	 | 	16	 | 	8,00
  14	 | 	18	 | 	15,81
  13	 | 	16	 | 	23,41
  12	 | 	17	 | 	26,68
  10	 | 	11	 | 	28,60
  9	 | 	11	 | 	7,07
  8	 | 	12	 | 	18,38
  7	 | 	17	 | 	25,00
  6	 | 	13	 | 	19,10
  0	 | 	8	 | 	12,08
  0	 | 	16	 | 	31,14
  1	 | 	5	 | 	30,81
  1	 | 	19	 | 	8,60
  2	 | 	4	 | 	23,02
  2	 | 	14	 | 	17,46
  3	 | 	6	 | 	34,23
  3	 | 	10	 | 	37,34
  4	 | 	5	 | 	36,36
  6	 | 	9	 | 	24,04
  7	 | 	9	 | 	17,20
  7	 | 	11	 | 	22,85
  8	 | 	19	 | 	27,51
  10	 | 	15	 | 	47,51
  11	 | 	12	 | 	15,00
  12	 | 	13	 | 	23,19
  13	 | 	14	 | 	5,00
  15	 | 	17	 | 	13,34
  16	 | 	18	 | 	3,61
  17	 | 	18	 | 	13,60
___________________________
