Simulation Topology 1
___________________________
[28]				[5]		
[26]				[26]		
[2]				[9]		
[39]				[18]		
[29]				[1]		
[23]				[13]		
[16]				[21]		
[7]				[0]		
[23]				[29]		
[37]				[36]		
[14]				[2]		
[15]				[13]		
[3]				[24]		
[4]				[35]		
[22]				[1]		
[26]				[39]		
[30]				[3]		
[30]				[22]		
[26]				[15]		
[33]				[19]		
___________________________
Simulation Topology [1:0]
___________________________
From 	  To 		Length
___________________________
  0	 | 	9	 | 	32,28
  0	 | 	11	 | 	15,26
  1	 | 	6	 | 	11,18
  1	 | 	8	 | 	4,24
  2	 | 	7	 | 	10,30
  2	 | 	15	 | 	38,42
  3	 | 	6	 | 	23,19
  3	 | 	13	 | 	38,91
  4	 | 	10	 | 	15,03
  4	 | 	19	 | 	18,44
  5	 | 	12	 | 	22,83
  5	 | 	18	 | 	3,61
  7	 | 	18	 | 	24,21
  8	 | 	16	 | 	26,93
  9	 | 	15	 | 	11,40
  10	 | 	11	 | 	11,05
  12	 | 	17	 | 	27,07
  13	 | 	19	 | 	33,12
  14	 | 	16	 | 	8,25
  14	 | 	17	 | 	22,47
___________________________
Simulation Topology 2
___________________________
[10]				[30]		
[15]				[29]		
[20]				[19]		
[5]				[33]		
[35]				[8]		
[26]				[6]		
[1]				[8]		
[37]				[27]		
[26]				[38]		
[32]				[4]		
[2]				[3]		
[30]				[14]		
[11]				[1]		
[21]				[24]		
[6]				[29]		
[38]				[31]		
[32]				[26]		
[24]				[24]		
[10]				[23]		
[37]				[22]		
___________________________
Simulation Topology [2:0]
___________________________
From 	  To 		Length
___________________________
  14	 | 	17	 | 	18,68
  14	 | 	16	 | 	26,17
  13	 | 	19	 | 	16,12
  12	 | 	17	 | 	26,42
  10	 | 	11	 | 	30,08
  9	 | 	15	 | 	27,66
  8	 | 	16	 | 	13,42
  7	 | 	18	 | 	27,29
  5	 | 	18	 | 	23,35
  5	 | 	12	 | 	15,81
  0	 | 	15	 | 	28,02
  0	 | 	16	 | 	22,36
  1	 | 	3	 | 	10,77
  1	 | 	15	 | 	23,09
  2	 | 	10	 | 	24,08
  2	 | 	13	 | 	5,10
  3	 | 	8	 | 	21,59
  4	 | 	14	 | 	35,81
  4	 | 	18	 | 	29,15
  5	 | 	9	 | 	6,32
  5	 | 	19	 | 	19,42
  6	 | 	9	 | 	31,26
  6	 | 	11	 | 	29,61
  7	 | 	13	 | 	16,28
  7	 | 	19	 | 	5,00
  8	 | 	14	 | 	21,93
  10	 | 	17	 | 	30,41
  11	 | 	16	 | 	12,17
  12	 | 	18	 | 	22,02
___________________________
