Simulation Topology 1
___________________________
[4]				[38]		
[3]				[33]		
[6]				[9]		
[0]				[30]		
[5]				[32]		
[5]				[34]		
[4]				[12]		
[0]				[1]		
[4]				[30]		
[0]				[24]		
[2]				[24]		
[3]				[10]		
[7]				[34]		
[5]				[24]		
[7]				[15]		
[0]				[28]		
[6]				[39]		
[0]				[37]		
[6]				[30]		
[12]				[31]		
___________________________
Simulation Topology [1:0]
___________________________
From 	  To 		Length
___________________________
  0	 | 	3	 | 	8,94
  0	 | 	12	 | 	5,00
  0	 | 	19	 | 	10,63
  1	 | 	9	 | 	9,49
  1	 | 	16	 | 	6,71
  2	 | 	10	 | 	15,52
  2	 | 	17	 | 	28,64
  3	 | 	8	 | 	4,00
  4	 | 	15	 | 	6,40
  4	 | 	18	 | 	2,24
  5	 | 	7	 | 	33,38
  5	 | 	12	 | 	2,00
  6	 | 	7	 | 	11,70
  6	 | 	10	 | 	12,17
  8	 | 	11	 | 	20,02
  9	 | 	13	 | 	5,00
  11	 | 	14	 | 	6,40
  13	 | 	17	 | 	13,93
  14	 | 	15	 | 	14,76
  16	 | 	18	 | 	9,00
___________________________
Simulation Topology 2
___________________________
[2]				[29]		
[9]				[34]		
[12]				[16]		
[13]				[1]		
[13]				[38]		
[14]				[14]		
[16]				[7]		
[16]				[16]		
[21]				[21]		
[22]				[0]		
[22]				[14]		
[20]				[31]		
[18]				[7]		
[25]				[5]		
[27]				[14]		
[24]				[31]		
[36]				[3]		
[34]				[25]		
[35]				[8]		
[35]				[13]		
___________________________
Simulation Topology [2:0]
___________________________
From 	  To 		Length
___________________________
  16	 | 	18	 | 	5,10
  14	 | 	15	 | 	17,26
  13	 | 	17	 | 	21,93
  11	 | 	14	 | 	18,38
  9	 | 	13	 | 	5,83
  8	 | 	11	 | 	10,05
  6	 | 	10	 | 	9,22
  6	 | 	7	 | 	9,00
  5	 | 	12	 | 	8,06
  5	 | 	7	 | 	2,83
  0	 | 	2	 | 	16,40
  0	 | 	4	 | 	14,21
  0	 | 	19	 | 	36,67
  1	 | 	2	 | 	18,25
  1	 | 	3	 | 	33,24
  3	 | 	4	 | 	37,00
  5	 | 	9	 | 	16,12
  5	 | 	10	 | 	8,00
  6	 | 	9	 | 	9,22
  6	 | 	11	 | 	24,33
  7	 | 	8	 | 	7,07
  7	 | 	11	 | 	15,52
  8	 | 	10	 | 	7,07
  12	 | 	13	 | 	7,28
  12	 | 	14	 | 	11,40
  13	 | 	14	 | 	9,22
  15	 | 	16	 | 	30,46
  15	 | 	17	 | 	11,66
  17	 | 	18	 | 	17,03
___________________________
