Simulation Topology 1
___________________________
[8]				[2]		
[0]				[7]		
[6]				[7]		
[4]				[6]		
[9]				[4]		
[2]				[11]		
[6]				[11]		
[4]				[16]		
[2]				[19]		
[6]				[19]		
[2]				[17]		
[8]				[21]		
[9]				[26]		
[1]				[24]		
[6]				[27]		
[3]				[24]		
[7]				[30]		
[9]				[33]		
[0]				[35]		
[4]				[38]		
___________________________
Simulation Topology [1:3]
___________________________
From 	  To 		Length
___________________________
  0	 | 	1	 | 	9,43
  0	 | 	2	 | 	5,39
  0	 | 	11	 | 	19,00
  1	 | 	3	 | 	4,12
  1	 | 	12	 | 	21,02
  1	 | 	13	 | 	17,03
  2	 | 	3	 | 	2,24
  2	 | 	6	 | 	4,00
  2	 | 	8	 | 	12,65
  3	 | 	5	 | 	5,39
  3	 | 	12	 | 	20,62
  4	 | 	5	 | 	9,90
  4	 | 	6	 | 	7,62
  4	 | 	7	 | 	13,00
  4	 | 	16	 | 	26,08
  5	 | 	10	 | 	6,00
  5	 | 	11	 | 	11,66
  6	 | 	7	 | 	5,39
  6	 | 	8	 | 	8,94
  7	 | 	9	 | 	3,61
  7	 | 	18	 | 	19,42
  8	 | 	9	 | 	4,00
  8	 | 	15	 | 	5,10
  9	 | 	16	 | 	11,05
  9	 | 	18	 | 	17,09
  10	 | 	11	 | 	7,21
  10	 | 	12	 | 	11,40
  10	 | 	19	 | 	21,10
  11	 | 	13	 | 	7,62
  12	 | 	13	 | 	8,25
  13	 | 	17	 | 	12,04
  14	 | 	15	 | 	4,24
  14	 | 	19	 | 	11,18
  15	 | 	19	 | 	14,04
  16	 | 	17	 | 	3,61
  16	 | 	18	 | 	8,60
  17	 | 	18	 | 	9,22
  17	 | 	19	 | 	7,07
___________________________
Simulation Topology 2
___________________________
[7]				[3]		
[0]				[3]		
[5]				[2]		
[2]				[5]		
[4]				[5]		
[7]				[5]		
[8]				[14]		
[6]				[16]		
[1]				[17]		
[1]				[20]		
[2]				[22]		
[4]				[20]		
[9]				[21]		
[4]				[24]		
[1]				[30]		
[2]				[28]		
[8]				[31]		
[7]				[29]		
[2]				[34]		
[9]				[32]		
___________________________
Simulation Topology [2:0]
___________________________
From 	  To 		Length
___________________________
  17	 | 	19	 | 	3,61
  17	 | 	18	 | 	7,07
  16	 | 	18	 | 	6,71
  16	 | 	17	 | 	2,24
  15	 | 	19	 | 	8,06
  14	 | 	19	 | 	8,25
  14	 | 	15	 | 	2,24
  13	 | 	17	 | 	5,83
  12	 | 	13	 | 	5,83
  11	 | 	13	 | 	4,00
  10	 | 	19	 | 	12,21
  10	 | 	12	 | 	7,07
  10	 | 	11	 | 	2,83
  9	 | 	18	 | 	14,04
  9	 | 	16	 | 	13,04
  8	 | 	15	 | 	11,05
  8	 | 	9	 | 	3,00
  7	 | 	18	 | 	18,44
  7	 | 	9	 | 	6,40
  0	 | 	1	 | 	7,00
  0	 | 	2	 | 	2,24
  0	 | 	3	 | 	5,39
  0	 | 	17	 | 	26,00
  1	 | 	2	 | 	5,10
  1	 | 	9	 | 	17,03
  1	 | 	13	 | 	21,38
  2	 | 	8	 | 	15,52
  2	 | 	11	 | 	18,03
  3	 | 	4	 | 	2,00
  3	 | 	5	 | 	5,00
  3	 | 	8	 | 	12,04
  4	 | 	5	 | 	3,00
  4	 | 	13	 | 	19,00
  4	 | 	16	 | 	26,31
  6	 | 	7	 | 	2,83
  6	 | 	18	 | 	20,88
  8	 | 	10	 | 	5,10
  9	 | 	10	 | 	2,24
  9	 | 	11	 | 	3,00
  10	 | 	18	 | 	12,00
  11	 | 	17	 | 	9,49
  12	 | 	14	 | 	12,04
  12	 | 	18	 | 	14,76
  13	 | 	15	 | 	4,47
___________________________
Simulation Topology [2:1]
___________________________
From 	  To 		Length
___________________________
  17	 | 	19	 | 	3,61
  17	 | 	18	 | 	7,07
  16	 | 	18	 | 	6,71
  16	 | 	17	 | 	2,24
  15	 | 	19	 | 	8,06
  14	 | 	19	 | 	8,25
  14	 | 	15	 | 	2,24
  13	 | 	17	 | 	5,83
  12	 | 	13	 | 	5,83
  11	 | 	13	 | 	4,00
  10	 | 	19	 | 	12,21
  10	 | 	12	 | 	7,07
  10	 | 	11	 | 	2,83
  9	 | 	18	 | 	14,04
  9	 | 	16	 | 	13,04
  8	 | 	15	 | 	11,05
  8	 | 	9	 | 	3,00
  7	 | 	18	 | 	18,44
  7	 | 	9	 | 	6,40
  0	 | 	1	 | 	7,00
  0	 | 	2	 | 	2,24
  0	 | 	3	 | 	5,39
  0	 | 	17	 | 	26,00
  1	 | 	2	 | 	5,10
  1	 | 	9	 | 	17,03
  1	 | 	13	 | 	21,38
  2	 | 	8	 | 	15,52
  2	 | 	11	 | 	18,03
  3	 | 	4	 | 	2,00
  3	 | 	5	 | 	5,00
  3	 | 	8	 | 	12,04
  4	 | 	5	 | 	3,00
  4	 | 	13	 | 	19,00
  4	 | 	16	 | 	26,31
  6	 | 	7	 | 	2,83
  6	 | 	18	 | 	20,88
  8	 | 	10	 | 	5,10
  9	 | 	10	 | 	2,24
  9	 | 	11	 | 	3,00
  10	 | 	18	 | 	12,00
  11	 | 	17	 | 	9,49
  12	 | 	14	 | 	12,04
  12	 | 	18	 | 	14,76
  13	 | 	15	 | 	4,47
  5	 | 	19	 | 	27,07
___________________________
Simulation Topology [2:2]
___________________________
From 	  To 		Length
___________________________
  17	 | 	19	 | 	3,61
  17	 | 	18	 | 	7,07
  16	 | 	18	 | 	6,71
  16	 | 	17	 | 	2,24
  15	 | 	19	 | 	8,06
  14	 | 	19	 | 	8,25
  14	 | 	15	 | 	2,24
  13	 | 	17	 | 	5,83
  12	 | 	13	 | 	5,83
  11	 | 	13	 | 	4,00
  10	 | 	19	 | 	12,21
  10	 | 	12	 | 	7,07
  10	 | 	11	 | 	2,83
  9	 | 	18	 | 	14,04
  9	 | 	16	 | 	13,04
  8	 | 	15	 | 	11,05
  8	 | 	9	 | 	3,00
  7	 | 	18	 | 	18,44
  7	 | 	9	 | 	6,40
  0	 | 	1	 | 	7,00
  0	 | 	2	 | 	2,24
  0	 | 	3	 | 	5,39
  0	 | 	17	 | 	26,00
  1	 | 	2	 | 	5,10
  1	 | 	9	 | 	17,03
  1	 | 	13	 | 	21,38
  2	 | 	8	 | 	15,52
  2	 | 	11	 | 	18,03
  3	 | 	4	 | 	2,00
  3	 | 	5	 | 	5,00
  3	 | 	8	 | 	12,04
  4	 | 	5	 | 	3,00
  4	 | 	13	 | 	19,00
  4	 | 	16	 | 	26,31
  6	 | 	7	 | 	2,83
  6	 | 	18	 | 	20,88
  8	 | 	10	 | 	5,10
  9	 | 	10	 | 	2,24
  9	 | 	11	 | 	3,00
  10	 | 	18	 | 	12,00
  11	 | 	17	 | 	9,49
  12	 | 	14	 | 	12,04
  12	 | 	18	 | 	14,76
  13	 | 	15	 | 	4,47
  5	 | 	19	 | 	27,07
  12	 | 	16	 | 	10,05
___________________________
Simulation Topology [2:3]
___________________________
From 	  To 		Length
___________________________
  17	 | 	19	 | 	3,61
  17	 | 	18	 | 	7,07
  16	 | 	18	 | 	6,71
  16	 | 	17	 | 	2,24
  15	 | 	19	 | 	8,06
  14	 | 	19	 | 	8,25
  14	 | 	15	 | 	2,24
  13	 | 	17	 | 	5,83
  12	 | 	13	 | 	5,83
  11	 | 	13	 | 	4,00
  10	 | 	19	 | 	12,21
  10	 | 	12	 | 	7,07
  10	 | 	11	 | 	2,83
  9	 | 	18	 | 	14,04
  9	 | 	16	 | 	13,04
  8	 | 	15	 | 	11,05
  8	 | 	9	 | 	3,00
  7	 | 	18	 | 	18,44
  7	 | 	9	 | 	6,40
  0	 | 	1	 | 	7,00
  0	 | 	2	 | 	2,24
  0	 | 	3	 | 	5,39
  0	 | 	17	 | 	26,00
  1	 | 	2	 | 	5,10
  1	 | 	9	 | 	17,03
  1	 | 	13	 | 	21,38
  2	 | 	8	 | 	15,52
  2	 | 	11	 | 	18,03
  3	 | 	4	 | 	2,00
  3	 | 	5	 | 	5,00
  3	 | 	8	 | 	12,04
  4	 | 	5	 | 	3,00
  4	 | 	13	 | 	19,00
  4	 | 	16	 | 	26,31
  6	 | 	7	 | 	2,83
  6	 | 	18	 | 	20,88
  8	 | 	10	 | 	5,10
  9	 | 	10	 | 	2,24
  9	 | 	11	 | 	3,00
  10	 | 	18	 | 	12,00
  11	 | 	17	 | 	9,49
  12	 | 	14	 | 	12,04
  12	 | 	18	 | 	14,76
  13	 | 	15	 | 	4,47
  5	 | 	19	 | 	27,07
  12	 | 	16	 | 	10,05
  6	 | 	15	 | 	15,23
___________________________
Simulation Topology [2:4]
___________________________
From 	  To 		Length
___________________________
  17	 | 	19	 | 	3,61
  17	 | 	18	 | 	7,07
  16	 | 	18	 | 	6,71
  16	 | 	17	 | 	2,24
  15	 | 	19	 | 	8,06
  14	 | 	19	 | 	8,25
  14	 | 	15	 | 	2,24
  13	 | 	17	 | 	5,83
  12	 | 	13	 | 	5,83
  11	 | 	13	 | 	4,00
  10	 | 	19	 | 	12,21
  10	 | 	12	 | 	7,07
  10	 | 	11	 | 	2,83
  9	 | 	18	 | 	14,04
  9	 | 	16	 | 	13,04
  8	 | 	15	 | 	11,05
  8	 | 	9	 | 	3,00
  7	 | 	18	 | 	18,44
  7	 | 	9	 | 	6,40
  0	 | 	1	 | 	7,00
  0	 | 	2	 | 	2,24
  0	 | 	3	 | 	5,39
  0	 | 	17	 | 	26,00
  1	 | 	2	 | 	5,10
  1	 | 	9	 | 	17,03
  1	 | 	13	 | 	21,38
  2	 | 	8	 | 	15,52
  2	 | 	11	 | 	18,03
  3	 | 	4	 | 	2,00
  3	 | 	5	 | 	5,00
  3	 | 	8	 | 	12,04
  4	 | 	5	 | 	3,00
  4	 | 	13	 | 	19,00
  4	 | 	16	 | 	26,31
  6	 | 	7	 | 	2,83
  6	 | 	18	 | 	20,88
  8	 | 	10	 | 	5,10
  9	 | 	10	 | 	2,24
  9	 | 	11	 | 	3,00
  10	 | 	18	 | 	12,00
  11	 | 	17	 | 	9,49
  12	 | 	14	 | 	12,04
  12	 | 	18	 | 	14,76
  13	 | 	15	 | 	4,47
  5	 | 	19	 | 	27,07
  12	 | 	16	 | 	10,05
  6	 | 	15	 | 	15,23
  7	 | 	17	 | 	13,04
___________________________
Simulation Topology [2:5]
___________________________
From 	  To 		Length
___________________________
  17	 | 	19	 | 	3,61
  17	 | 	18	 | 	7,07
  16	 | 	18	 | 	6,71
  16	 | 	17	 | 	2,24
  15	 | 	19	 | 	8,06
  14	 | 	19	 | 	8,25
  14	 | 	15	 | 	2,24
  13	 | 	17	 | 	5,83
  12	 | 	13	 | 	5,83
  11	 | 	13	 | 	4,00
  10	 | 	19	 | 	12,21
  10	 | 	12	 | 	7,07
  10	 | 	11	 | 	2,83
  9	 | 	18	 | 	14,04
  9	 | 	16	 | 	13,04
  8	 | 	15	 | 	11,05
  8	 | 	9	 | 	3,00
  7	 | 	18	 | 	18,44
  7	 | 	9	 | 	6,40
  0	 | 	1	 | 	7,00
  0	 | 	2	 | 	2,24
  0	 | 	3	 | 	5,39
  0	 | 	17	 | 	26,00
  1	 | 	2	 | 	5,10
  1	 | 	9	 | 	17,03
  1	 | 	13	 | 	21,38
  2	 | 	8	 | 	15,52
  2	 | 	11	 | 	18,03
  3	 | 	4	 | 	2,00
  3	 | 	5	 | 	5,00
  3	 | 	8	 | 	12,04
  4	 | 	5	 | 	3,00
  4	 | 	13	 | 	19,00
  4	 | 	16	 | 	26,31
  6	 | 	7	 | 	2,83
  6	 | 	18	 | 	20,88
  8	 | 	10	 | 	5,10
  9	 | 	10	 | 	2,24
  9	 | 	11	 | 	3,00
  10	 | 	18	 | 	12,00
  11	 | 	17	 | 	9,49
  12	 | 	14	 | 	12,04
  12	 | 	18	 | 	14,76
  13	 | 	15	 | 	4,47
  5	 | 	19	 | 	27,07
  12	 | 	16	 | 	10,05
  6	 | 	15	 | 	15,23
  7	 | 	17	 | 	13,04
  6	 | 	14	 | 	17,46
___________________________
Simulation Topology [2:6]
___________________________
From 	  To 		Length
___________________________
  17	 | 	19	 | 	3,61
  17	 | 	18	 | 	7,07
  16	 | 	18	 | 	6,71
  16	 | 	17	 | 	2,24
  15	 | 	19	 | 	8,06
  14	 | 	19	 | 	8,25
  14	 | 	15	 | 	2,24
  13	 | 	17	 | 	5,83
  12	 | 	13	 | 	5,83
  11	 | 	13	 | 	4,00
  10	 | 	19	 | 	12,21
  10	 | 	12	 | 	7,07
  10	 | 	11	 | 	2,83
  9	 | 	18	 | 	14,04
  9	 | 	16	 | 	13,04
  8	 | 	15	 | 	11,05
  8	 | 	9	 | 	3,00
  7	 | 	18	 | 	18,44
  7	 | 	9	 | 	6,40
  0	 | 	1	 | 	7,00
  0	 | 	2	 | 	2,24
  0	 | 	3	 | 	5,39
  0	 | 	17	 | 	26,00
  1	 | 	2	 | 	5,10
  1	 | 	9	 | 	17,03
  1	 | 	13	 | 	21,38
  2	 | 	8	 | 	15,52
  2	 | 	11	 | 	18,03
  3	 | 	4	 | 	2,00
  3	 | 	5	 | 	5,00
  3	 | 	8	 | 	12,04
  4	 | 	5	 | 	3,00
  4	 | 	13	 | 	19,00
  4	 | 	16	 | 	26,31
  6	 | 	7	 | 	2,83
  6	 | 	18	 | 	20,88
  8	 | 	10	 | 	5,10
  9	 | 	10	 | 	2,24
  9	 | 	11	 | 	3,00
  10	 | 	18	 | 	12,00
  11	 | 	17	 | 	9,49
  12	 | 	14	 | 	12,04
  12	 | 	18	 | 	14,76
  13	 | 	15	 | 	4,47
  5	 | 	19	 | 	27,07
  12	 | 	16	 | 	10,05
  6	 | 	15	 | 	15,23
  7	 | 	17	 | 	13,04
  6	 | 	14	 | 	17,46
___________________________
Simulation Topology [2:7]
___________________________
From 	  To 		Length
___________________________
  17	 | 	19	 | 	3,61
  17	 | 	18	 | 	7,07
  16	 | 	18	 | 	6,71
  16	 | 	17	 | 	2,24
  15	 | 	19	 | 	8,06
  14	 | 	19	 | 	8,25
  14	 | 	15	 | 	2,24
  13	 | 	17	 | 	5,83
  12	 | 	13	 | 	5,83
  11	 | 	13	 | 	4,00
  10	 | 	19	 | 	12,21
  10	 | 	12	 | 	7,07
  10	 | 	11	 | 	2,83
  9	 | 	18	 | 	14,04
  9	 | 	16	 | 	13,04
  8	 | 	15	 | 	11,05
  8	 | 	9	 | 	3,00
  7	 | 	18	 | 	18,44
  7	 | 	9	 | 	6,40
  0	 | 	1	 | 	7,00
  0	 | 	2	 | 	2,24
  0	 | 	3	 | 	5,39
  0	 | 	17	 | 	26,00
  1	 | 	2	 | 	5,10
  1	 | 	9	 | 	17,03
  1	 | 	13	 | 	21,38
  2	 | 	8	 | 	15,52
  2	 | 	11	 | 	18,03
  3	 | 	4	 | 	2,00
  3	 | 	5	 | 	5,00
  3	 | 	8	 | 	12,04
  4	 | 	5	 | 	3,00
  4	 | 	13	 | 	19,00
  4	 | 	16	 | 	26,31
  6	 | 	7	 | 	2,83
  6	 | 	18	 | 	20,88
  8	 | 	10	 | 	5,10
  9	 | 	10	 | 	2,24
  9	 | 	11	 | 	3,00
  10	 | 	18	 | 	12,00
  11	 | 	17	 | 	9,49
  12	 | 	14	 | 	12,04
  12	 | 	18	 | 	14,76
  13	 | 	15	 | 	4,47
  5	 | 	19	 | 	27,07
  12	 | 	16	 | 	10,05
  6	 | 	15	 | 	15,23
  7	 | 	17	 | 	13,04
  6	 | 	14	 | 	17,46
  5	 | 	7	 | 	11,05
___________________________
Simulation Topology [2:8]
___________________________
From 	  To 		Length
___________________________
  17	 | 	19	 | 	3,61
  17	 | 	18	 | 	7,07
  16	 | 	18	 | 	6,71
  16	 | 	17	 | 	2,24
  15	 | 	19	 | 	8,06
  14	 | 	19	 | 	8,25
  14	 | 	15	 | 	2,24
  13	 | 	17	 | 	5,83
  12	 | 	13	 | 	5,83
  11	 | 	13	 | 	4,00
  10	 | 	19	 | 	12,21
  10	 | 	12	 | 	7,07
  10	 | 	11	 | 	2,83
  9	 | 	18	 | 	14,04
  9	 | 	16	 | 	13,04
  8	 | 	15	 | 	11,05
  8	 | 	9	 | 	3,00
  7	 | 	18	 | 	18,44
  7	 | 	9	 | 	6,40
  0	 | 	1	 | 	7,00
  0	 | 	2	 | 	2,24
  0	 | 	3	 | 	5,39
  0	 | 	17	 | 	26,00
  1	 | 	2	 | 	5,10
  1	 | 	9	 | 	17,03
  1	 | 	13	 | 	21,38
  2	 | 	8	 | 	15,52
  2	 | 	11	 | 	18,03
  3	 | 	4	 | 	2,00
  3	 | 	5	 | 	5,00
  3	 | 	8	 | 	12,04
  4	 | 	5	 | 	3,00
  4	 | 	13	 | 	19,00
  4	 | 	16	 | 	26,31
  6	 | 	7	 | 	2,83
  6	 | 	18	 | 	20,88
  8	 | 	10	 | 	5,10
  9	 | 	10	 | 	2,24
  9	 | 	11	 | 	3,00
  10	 | 	18	 | 	12,00
  11	 | 	17	 | 	9,49
  12	 | 	14	 | 	12,04
  12	 | 	18	 | 	14,76
  13	 | 	15	 | 	4,47
  5	 | 	19	 | 	27,07
  12	 | 	16	 | 	10,05
  6	 | 	15	 | 	15,23
  7	 | 	17	 | 	13,04
  6	 | 	14	 | 	17,46
  5	 | 	7	 | 	11,05
  7	 | 	19	 | 	16,28
___________________________
Simulation Topology [2:9]
___________________________
From 	  To 		Length
___________________________
  17	 | 	19	 | 	3,61
  17	 | 	18	 | 	7,07
  16	 | 	18	 | 	6,71
  16	 | 	17	 | 	2,24
  15	 | 	19	 | 	8,06
  14	 | 	19	 | 	8,25
  14	 | 	15	 | 	2,24
  13	 | 	17	 | 	5,83
  12	 | 	13	 | 	5,83
  11	 | 	13	 | 	4,00
  10	 | 	19	 | 	12,21
  10	 | 	12	 | 	7,07
  10	 | 	11	 | 	2,83
  9	 | 	18	 | 	14,04
  9	 | 	16	 | 	13,04
  8	 | 	15	 | 	11,05
  8	 | 	9	 | 	3,00
  7	 | 	18	 | 	18,44
  7	 | 	9	 | 	6,40
  0	 | 	1	 | 	7,00
  0	 | 	2	 | 	2,24
  0	 | 	3	 | 	5,39
  0	 | 	17	 | 	26,00
  1	 | 	2	 | 	5,10
  1	 | 	9	 | 	17,03
  1	 | 	13	 | 	21,38
  2	 | 	8	 | 	15,52
  2	 | 	11	 | 	18,03
  3	 | 	4	 | 	2,00
  3	 | 	5	 | 	5,00
  3	 | 	8	 | 	12,04
  4	 | 	5	 | 	3,00
  4	 | 	13	 | 	19,00
  4	 | 	16	 | 	26,31
  6	 | 	7	 | 	2,83
  6	 | 	18	 | 	20,88
  8	 | 	10	 | 	5,10
  9	 | 	10	 | 	2,24
  9	 | 	11	 | 	3,00
  10	 | 	18	 | 	12,00
  11	 | 	17	 | 	9,49
  12	 | 	14	 | 	12,04
  12	 | 	18	 | 	14,76
  13	 | 	15	 | 	4,47
  5	 | 	19	 | 	27,07
  12	 | 	16	 | 	10,05
  6	 | 	15	 | 	15,23
  7	 | 	17	 | 	13,04
  6	 | 	14	 | 	17,46
  5	 | 	7	 | 	11,05
  7	 | 	19	 | 	16,28
___________________________
