Simulation Topology 1
___________________________
[8]				[13]		
[17]				[38]		
[39]				[4]		
[23]				[32]		
[11]				[34]		
[26]				[35]		
[20]				[7]		
[9]				[4]		
[34]				[8]		
[15]				[33]		
[22]				[17]		
[11]				[29]		
[21]				[30]		
[34]				[20]		
[35]				[11]		
[14]				[37]		
[32]				[16]		
[4]				[21]		
[1]				[31]		
[31]				[23]		
___________________________
Simulation Topology [1:0]
___________________________
From 	  To 		Length
___________________________
  0	 | 	1	 | 	26,57
  0	 | 	2	 | 	32,28
  1	 | 	5	 | 	9,49
  2	 | 	12	 | 	31,62
  3	 | 	6	 | 	25,18
  3	 | 	13	 | 	16,28
  4	 | 	6	 | 	28,46
  4	 | 	9	 | 	4,12
  5	 | 	17	 | 	26,08
  7	 | 	15	 | 	33,38
  7	 | 	18	 | 	28,16
  8	 | 	13	 | 	12,00
  8	 | 	19	 | 	15,30
  9	 | 	10	 | 	17,46
  10	 | 	17	 | 	18,44
  11	 | 	16	 | 	24,70
  11	 | 	18	 | 	10,20
  12	 | 	14	 | 	23,60
  14	 | 	16	 | 	5,83
  15	 | 	19	 | 	22,02
___________________________
Simulation Topology 2
___________________________
[15]				[5]		
[11]				[23]		
[6]				[7]		
[16]				[10]		
[33]				[0]		
[24]				[17]		
[6]				[38]		
[29]				[35]		
[25]				[12]		
[0]				[35]		
[22]				[25]		
[15]				[13]		
[6]				[22]		
[31]				[3]		
[31]				[16]		
[31]				[29]		
[17]				[6]		
[19]				[21]		
[30]				[5]		
[14]				[25]		
___________________________
Simulation Topology [2:0]
___________________________
From 	  To 		Length
___________________________
  15	 | 	19	 | 	17,46
  14	 | 	16	 | 	17,20
  12	 | 	14	 | 	25,71
  11	 | 	18	 | 	17,00
  11	 | 	16	 | 	7,28
  10	 | 	17	 | 	5,00
  9	 | 	10	 | 	24,17
  8	 | 	19	 | 	17,03
  8	 | 	13	 | 	10,82
  7	 | 	18	 | 	30,02
  0	 | 	3	 | 	5,10
  0	 | 	4	 | 	18,68
  1	 | 	8	 | 	17,80
  1	 | 	18	 | 	26,17
  2	 | 	12	 | 	15,00
  2	 | 	14	 | 	26,57
  3	 | 	11	 | 	3,16
  4	 | 	10	 | 	27,31
  5	 | 	9	 | 	30,00
  5	 | 	15	 | 	13,89
  6	 | 	8	 | 	32,20
  6	 | 	18	 | 	40,80
  7	 | 	9	 | 	29,00
  7	 | 	14	 | 	19,10
  10	 | 	12	 | 	16,28
  11	 | 	13	 | 	18,87
  13	 | 	15	 | 	26,00
  16	 | 	17	 | 	15,13
  16	 | 	19	 | 	19,24
  17	 | 	19	 | 	6,40
___________________________
