Simulation Topology 1
___________________________
[27]				[10]		
[5]				[21]		
[16]				[7]		
[37]				[18]		
[0]				[34]		
[29]				[30]		
[20]				[2]		
[5]				[34]		
[37]				[26]		
[31]				[19]		
[1]				[2]		
[22]				[9]		
[7]				[12]		
[24]				[8]		
[8]				[27]		
[10]				[1]		
[31]				[16]		
[14]				[30]		
[2]				[0]		
[6]				[23]		
___________________________
Simulation Topology [1:0]
___________________________
From 	  To 		Length
___________________________
  0	 | 	6	 | 	10,63
  0	 | 	16	 | 	7,21
  1	 | 	4	 | 	13,93
  1	 | 	14	 | 	6,71
  2	 | 	3	 | 	23,71
  2	 | 	9	 | 	19,21
  3	 | 	11	 | 	17,49
  4	 | 	11	 | 	33,30
  5	 | 	10	 | 	39,60
  5	 | 	13	 | 	22,56
  6	 | 	12	 | 	16,40
  7	 | 	9	 | 	30,02
  7	 | 	13	 | 	32,20
  8	 | 	10	 | 	43,27
  8	 | 	16	 | 	11,66
  12	 | 	17	 | 	19,31
  14	 | 	19	 | 	4,47
  15	 | 	17	 | 	29,27
  15	 | 	18	 | 	8,06
  18	 | 	19	 | 	23,35
___________________________
Simulation Topology 2
___________________________
[8]				[20]		
[17]				[33]		
[33]				[25]		
[9]				[25]		
[5]				[19]		
[39]				[21]		
[15]				[20]		
[14]				[30]		
[33]				[17]		
[32]				[1]		
[15]				[25]		
[1]				[39]		
[20]				[28]		
[36]				[36]		
[26]				[28]		
[4]				[14]		
[32]				[37]		
[25]				[10]		
[15]				[7]		
[23]				[23]		
___________________________
Simulation Topology [2:0]
___________________________
From 	  To 		Length
___________________________
  18	 | 	19	 | 	17,89
  15	 | 	18	 | 	13,04
  15	 | 	17	 | 	21,38
  14	 | 	19	 | 	5,83
  12	 | 	17	 | 	18,68
  8	 | 	16	 | 	20,02
  8	 | 	10	 | 	19,70
  7	 | 	13	 | 	22,80
  7	 | 	9	 | 	34,13
  6	 | 	12	 | 	9,43
  0	 | 	10	 | 	8,60
  0	 | 	18	 | 	14,76
  1	 | 	2	 | 	17,89
  1	 | 	3	 | 	11,31
  2	 | 	18	 | 	25,46
  3	 | 	4	 | 	7,21
  4	 | 	14	 | 	22,85
  5	 | 	13	 | 	15,30
  5	 | 	16	 | 	17,46
  6	 | 	7	 | 	10,05
  6	 | 	11	 | 	23,60
  7	 | 	12	 | 	6,32
  8	 | 	19	 | 	11,66
  9	 | 	14	 | 	27,66
  9	 | 	15	 | 	30,87
  10	 | 	13	 | 	23,71
  11	 | 	15	 | 	25,18
  17	 | 	19	 | 	13,15
___________________________
