Simulation Topology 1
___________________________
Simulation Topology 2
___________________________
[2]				[14]		
[14]				[18]		
[4]				[37]		
[7]				[36]		
[33]				[17]		
[6]				[25]		
[21]				[8]		
[37]				[38]		
[11]				[37]		
[2]				[20]		
[38]				[31]		
[2]				[27]		
[15]				[1]		
[15]				[5]		
[35]				[0]		
[27]				[3]		
[29]				[0]		
[11]				[2]		
[11]				[19]		
[12]				[22]		
___________________________
Simulation Topology [2:0]
___________________________
From 	  To 		Length
___________________________
  0	 | 	13	 | 	15,81
  0	 | 	18	 | 	10,30
  1	 | 	3	 | 	19,31
  1	 | 	14	 | 	27,66
  2	 | 	12	 | 	37,64
  2	 | 	19	 | 	17,00
  3	 | 	11	 | 	10,30
  4	 | 	9	 | 	31,14
  4	 | 	16	 | 	17,46
  5	 | 	8	 | 	13,00
  5	 | 	10	 | 	32,56
  6	 | 	8	 | 	30,68
  6	 | 	18	 | 	14,87
  7	 | 	9	 | 	39,36
  7	 | 	11	 | 	36,69
  10	 | 	15	 | 	30,08
  12	 | 	14	 | 	20,02
  13	 | 	16	 | 	14,87
  15	 | 	17	 | 	16,03
  17	 | 	19	 | 	20,02
___________________________
