Simulation Topology 1
___________________________
[27]				[18]		
[2]				[27]		
[37]				[4]		
[8]				[29]		
[32]				[20]		
[34]				[7]		
[19]				[3]		
[13]				[23]		
[19]				[7]		
[31]				[2]		
[9]				[1]		
[22]				[29]		
[18]				[12]		
[8]				[5]		
[12]				[32]		
[15]				[20]		
[36]				[23]		
[26]				[31]		
[11]				[20]		
[15]				[11]		
___________________________
Simulation Topology [1:0]
___________________________
From 	  To 		Length
___________________________
  0	 | 	1	 | 	26,57
  0	 | 	8	 | 	13,60
  1	 | 	12	 | 	21,93
  2	 | 	17	 | 	29,15
  2	 | 	19	 | 	23,09
  3	 | 	8	 | 	24,60
  3	 | 	18	 | 	9,49
  4	 | 	9	 | 	18,03
  4	 | 	14	 | 	23,32
  5	 | 	6	 | 	15,52
  5	 | 	14	 | 	33,30
  6	 | 	19	 | 	8,94
  7	 | 	9	 | 	27,66
  7	 | 	13	 | 	18,68
  10	 | 	12	 | 	14,21
  10	 | 	15	 | 	19,92
  11	 | 	17	 | 	4,47
  11	 | 	18	 | 	14,21
  13	 | 	16	 | 	33,29
  15	 | 	16	 | 	21,21
___________________________
Simulation Topology 2
___________________________
[15]				[9]		
[38]				[29]		
[16]				[27]		
[24]				[31]		
[32]				[27]		
[16]				[34]		
[11]				[7]		
[1]				[22]		
[35]				[38]		
[10]				[34]		
[33]				[31]		
[35]				[0]		
[10]				[37]		
[33]				[11]		
[17]				[20]		
[24]				[18]		
[20]				[12]		
[29]				[2]		
[5]				[21]		
[12]				[9]		
___________________________
Simulation Topology [2:0]
___________________________
From 	  To 		Length
___________________________
  15	 | 	16	 | 	7,21
  13	 | 	16	 | 	13,04
  11	 | 	18	 | 	36,62
  11	 | 	17	 | 	6,32
  10	 | 	15	 | 	15,81
  10	 | 	12	 | 	23,77
  7	 | 	13	 | 	33,84
  7	 | 	9	 | 	15,00
  6	 | 	19	 | 	2,24
  5	 | 	14	 | 	14,04
  0	 | 	11	 | 	21,93
  0	 | 	12	 | 	28,44
  1	 | 	3	 | 	14,14
  1	 | 	5	 | 	22,56
  2	 | 	4	 | 	16,00
  2	 | 	8	 | 	21,95
  3	 | 	13	 | 	21,93
  4	 | 	16	 | 	19,21
  5	 | 	17	 | 	34,54
  6	 | 	15	 | 	17,03
  6	 | 	18	 | 	15,23
  7	 | 	10	 | 	33,24
  7	 | 	19	 | 	17,03
  8	 | 	17	 | 	36,50
  9	 | 	13	 | 	32,53
  9	 | 	14	 | 	15,65
  11	 | 	16	 | 	19,21
  14	 | 	18	 | 	12,04
  15	 | 	19	 | 	15,00
___________________________
