Simulation Topology 1
___________________________
[36]				[12]		
[9]				[11]		
[29]				[24]		
[26]				[15]		
[12]				[33]		
[22]				[11]		
[10]				[21]		
[7]				[16]		
[9]				[36]		
[27]				[18]		
[31]				[39]		
[39]				[29]		
[37]				[38]		
[36]				[10]		
[37]				[27]		
[3]				[29]		
[23]				[32]		
[5]				[18]		
[23]				[5]		
[37]				[7]		
___________________________
Simulation Topology [1:0]
___________________________
From 	  To 		Length
___________________________
  0	 | 	4	 | 	31,89
  0	 | 	12	 | 	26,02
  1	 | 	11	 | 	34,99
  1	 | 	14	 | 	32,25
  2	 | 	16	 | 	10,00
  2	 | 	19	 | 	18,79
  3	 | 	15	 | 	26,93
  3	 | 	17	 | 	21,21
  4	 | 	9	 | 	21,21
  5	 | 	13	 | 	14,04
  5	 | 	15	 | 	26,17
  6	 | 	8	 | 	15,03
  6	 | 	9	 | 	17,26
  7	 | 	13	 | 	29,61
  7	 | 	14	 | 	31,95
  8	 | 	18	 | 	34,01
  10	 | 	12	 | 	6,08
  10	 | 	16	 | 	10,63
  11	 | 	18	 | 	28,84
  17	 | 	19	 | 	33,84
___________________________
Simulation Topology 2
___________________________
[31]				[1]		
[15]				[13]		
[13]				[31]		
[18]				[19]		
[19]				[10]		
[10]				[2]		
[36]				[21]		
[5]				[19]		
[24]				[34]		
[14]				[24]		
[10]				[4]		
[3]				[36]		
[10]				[8]		
[7]				[13]		
[10]				[33]		
[35]				[30]		
[1]				[5]		
[39]				[17]		
[15]				[11]		
[18]				[13]		
___________________________
Simulation Topology [2:0]
___________________________
From 	  To 		Length
___________________________
  17	 | 	19	 | 	21,38
  11	 | 	18	 | 	27,73
  10	 | 	16	 | 	9,06
  10	 | 	12	 | 	4,00
  8	 | 	18	 | 	24,70
  7	 | 	14	 | 	14,87
  7	 | 	13	 | 	6,32
  6	 | 	9	 | 	22,20
  6	 | 	8	 | 	17,69
  5	 | 	15	 | 	37,54
  0	 | 	5	 | 	21,02
  0	 | 	8	 | 	33,73
  1	 | 	9	 | 	11,05
  1	 | 	19	 | 	3,00
  2	 | 	4	 | 	21,84
  2	 | 	11	 | 	11,18
  3	 | 	9	 | 	6,40
  3	 | 	17	 | 	21,10
  4	 | 	6	 | 	20,25
  5	 | 	13	 | 	11,40
  6	 | 	10	 | 	31,06
  7	 | 	11	 | 	17,12
  7	 | 	18	 | 	12,81
  8	 | 	12	 | 	29,53
  13	 | 	15	 | 	32,76
  14	 | 	15	 | 	25,18
  14	 | 	16	 | 	29,41
  16	 | 	17	 | 	39,85
  18	 | 	19	 | 	3,61
___________________________
