Simulation Topology 1
___________________________
[8]				[25]		
[3]				[1]		
[12]				[29]		
[1]				[34]		
[9]				[9]		
___________________________
Simulation Topology [1:0]
___________________________
From 	  To 		Length
___________________________
  0	 | 	3	 | 	11,40
  0	 | 	4	 | 	16,03
  1	 | 	2	 | 	29,41
  1	 | 	4	 | 	10,00
  2	 | 	3	 | 	12,08
___________________________
Simulation Topology 2
___________________________
[34]				[3]		
[35]				[0]		
[34]				[28]		
[12]				[33]		
[32]				[6]		
___________________________
Simulation Topology [2:0]
___________________________
From 	  To 		Length
___________________________
  2	 | 	3	 | 	22,56
  1	 | 	4	 | 	6,71
  0	 | 	3	 | 	37,20
  0	 | 	4	 | 	3,61
  1	 | 	2	 | 	28,02
___________________________
