Simulation Topology 1
___________________________
[16]				[16]		
[26]				[36]		
[8]				[6]		
[0]				[33]		
[24]				[26]		
___________________________
Simulation Topology [1:0]
___________________________
From 	  To 		Length
___________________________
  0	 | 	1	 | 	22,36
  0	 | 	3	 | 	23,35
  1	 | 	2	 | 	34,99
  2	 | 	4	 | 	25,61
  3	 | 	4	 | 	25,00
___________________________
Simulation Topology 2
___________________________
[12]				[38]		
[37]				[29]		
[38]				[32]		
[17]				[10]		
[5]				[21]		
___________________________
Simulation Topology [2:0]
___________________________
From 	  To 		Length
___________________________
  3	 | 	4	 | 	16,28
  2	 | 	4	 | 	34,79
  0	 | 	2	 | 	26,68
  0	 | 	3	 | 	28,44
  1	 | 	2	 | 	3,16
  1	 | 	4	 | 	32,98
___________________________
