Simulation Topology 1
___________________________
[27]				[0]		
[23]				[20]		
[11]				[2]		
[6]				[7]		
[1]				[10]		
[35]				[20]		
[15]				[19]		
[5]				[27]		
[36]				[33]		
[19]				[7]		
[2]				[29]		
[2]				[5]		
[15]				[15]		
[31]				[31]		
[19]				[15]		
[30]				[25]		
[27]				[23]		
[30]				[34]		
[1]				[8]		
[14]				[11]		
___________________________
Simulation Topology [1:0]
___________________________
From 	  To 		Length
___________________________
  0	 | 	11	 | 	25,50
  0	 | 	17	 | 	34,13
  1	 | 	9	 | 	13,60
  1	 | 	13	 | 	13,60
  2	 | 	10	 | 	28,46
  2	 | 	12	 | 	13,60
  3	 | 	6	 | 	15,00
  3	 | 	13	 | 	34,66
  4	 | 	9	 | 	18,25
  4	 | 	16	 | 	29,07
  5	 | 	15	 | 	7,07
  5	 | 	17	 | 	14,87
  6	 | 	8	 | 	25,24
  7	 | 	14	 | 	18,44
  7	 | 	18	 | 	19,42
  8	 | 	14	 | 	24,76
  10	 | 	16	 | 	25,71
  11	 | 	18	 | 	3,16
  12	 | 	19	 | 	4,12
  15	 | 	19	 | 	21,26
___________________________
Simulation Topology 2
___________________________
[11]				[21]		
[13]				[3]		
[2]				[9]		
[34]				[26]		
[34]				[35]		
[7]				[14]		
[5]				[37]		
[15]				[34]		
[39]				[7]		
[6]				[6]		
[39]				[1]		
[20]				[11]		
[8]				[17]		
[4]				[1]		
[38]				[4]		
[17]				[24]		
[24]				[5]		
[21]				[34]		
[37]				[14]		
[26]				[9]		
___________________________
Simulation Topology [2:0]
___________________________
From 	  To 		Length
___________________________
  15	 | 	19	 | 	17,49
  12	 | 	19	 | 	19,70
  11	 | 	18	 | 	17,26
  10	 | 	16	 | 	15,52
  8	 | 	14	 | 	3,16
  7	 | 	18	 | 	29,73
  7	 | 	14	 | 	37,80
  6	 | 	8	 | 	45,34
  5	 | 	17	 | 	24,41
  5	 | 	15	 | 	14,14
  0	 | 	3	 | 	23,54
  0	 | 	15	 | 	6,71
  1	 | 	10	 | 	26,08
  1	 | 	17	 | 	32,02
  2	 | 	8	 | 	37,05
  2	 | 	12	 | 	10,00
  3	 | 	19	 | 	18,79
  4	 | 	7	 | 	19,03
  4	 | 	16	 | 	31,62
  5	 | 	6	 | 	23,09
  6	 | 	11	 | 	30,02
  7	 | 	19	 | 	27,31
  8	 | 	15	 | 	27,80
  9	 | 	14	 | 	32,06
  9	 | 	16	 | 	18,03
  10	 | 	18	 | 	13,15
  11	 | 	14	 | 	19,31
  12	 | 	13	 | 	16,49
  13	 | 	18	 | 	35,47
___________________________
