Simulation Topology 1
___________________________
Simulation Topology 2
___________________________
[6]				[7]		
[10]				[36]		
[9]				[25]		
[16]				[3]		
[17]				[5]		
[2]				[5]		
[0]				[35]		
[15]				[15]		
[17]				[8]		
[17]				[23]		
[13]				[35]		
[2]				[26]		
[0]				[10]		
[5]				[11]		
[16]				[27]		
[4]				[37]		
[13]				[17]		
[5]				[4]		
[10]				[21]		
[24]				[1]		
___________________________
Simulation Topology [2:0]
___________________________
From 	  To 		Length
___________________________
  0	 | 	2	 | 	18,25
  0	 | 	9	 | 	19,42
  0	 | 	13	 | 	4,12
  1	 | 	6	 | 	10,05
  1	 | 	10	 | 	3,16
  3	 | 	15	 | 	36,06
  3	 | 	18	 | 	18,97
  4	 | 	14	 | 	22,02
  4	 | 	17	 | 	12,04
  5	 | 	11	 | 	21,00
  5	 | 	16	 | 	16,28
  6	 | 	7	 | 	25,00
  7	 | 	14	 | 	12,04
  8	 | 	9	 | 	15,00
  8	 | 	12	 | 	17,12
  10	 | 	11	 | 	14,21
  12	 | 	18	 | 	14,87
  13	 | 	17	 | 	7,00
  15	 | 	19	 | 	41,18
  16	 | 	19	 | 	19,42
___________________________
