Simulation Topology 1
___________________________
[8]				[30]		
[7]				[39]		
[3]				[31]		
[5]				[30]		
[0]				[1]		
[0]				[32]		
[6]				[7]		
[4]				[38]		
[12]				[24]		
[9]				[13]		
[7]				[1]		
[2]				[10]		
[10]				[36]		
[4]				[10]		
[3]				[6]		
[7]				[14]		
[8]				[21]		
[10]				[24]		
[5]				[3]		
[0]				[38]		
___________________________
Simulation Topology [1:0]
___________________________
From 	  To 		Length
___________________________
  0	 | 	4	 | 	30,08
  0	 | 	7	 | 	8,94
  1	 | 	5	 | 	9,90
  1	 | 	13	 | 	29,15
  2	 | 	7	 | 	7,07
  2	 | 	15	 | 	17,46
  3	 | 	10	 | 	29,07
  3	 | 	16	 | 	9,49
  4	 | 	17	 | 	25,08
  5	 | 	10	 | 	31,78
  6	 | 	17	 | 	17,46
  6	 | 	19	 | 	31,58
  8	 | 	11	 | 	17,20
  8	 | 	18	 | 	22,14
  9	 | 	11	 | 	7,62
  9	 | 	15	 | 	2,24
  12	 | 	16	 | 	15,13
  12	 | 	18	 | 	33,38
  13	 | 	14	 | 	4,12
  14	 | 	19	 | 	32,14
___________________________
Simulation Topology 2
___________________________
[10]				[11]		
[7]				[27]		
[7]				[12]		
[12]				[29]		
[5]				[26]		
[4]				[14]		
[5]				[12]		
[1]				[33]		
[5]				[6]		
[8]				[22]		
[2]				[20]		
[10]				[36]		
[4]				[38]		
[25]				[18]		
[18]				[19]		
[23]				[37]		
[15]				[19]		
[21]				[15]		
[17]				[34]		
[36]				[12]		
___________________________
Simulation Topology [2:0]
___________________________
From 	  To 		Length
___________________________
  14	 | 	19	 | 	19,31
  13	 | 	14	 | 	7,07
  12	 | 	18	 | 	13,60
  12	 | 	16	 | 	21,95
  9	 | 	15	 | 	21,21
  9	 | 	11	 | 	14,14
  8	 | 	18	 | 	30,46
  8	 | 	11	 | 	30,41
  6	 | 	19	 | 	31,00
  6	 | 	17	 | 	16,28
  0	 | 	6	 | 	5,10
  0	 | 	7	 | 	23,77
  0	 | 	18	 | 	24,04
  1	 | 	9	 | 	5,10
  1	 | 	15	 | 	18,87
  2	 | 	14	 | 	13,04
  2	 | 	18	 | 	24,17
  3	 | 	11	 | 	7,28
  3	 | 	15	 | 	13,60
  4	 | 	8	 | 	20,00
  4	 | 	13	 | 	21,54
  5	 | 	13	 | 	21,38
  5	 | 	16	 | 	12,08
  8	 | 	19	 | 	31,58
  9	 | 	14	 | 	10,44
  10	 | 	11	 | 	17,89
  10	 | 	12	 | 	18,11
  12	 | 	17	 | 	28,60
  16	 | 	19	 | 	22,14
___________________________
