Simulation Topology 1
___________________________
Simulation Topology 2
___________________________
[18]				[27]		
[8]				[30]		
[8]				[22]		
[11]				[22]		
[10]				[18]		
[16]				[18]		
[7]				[15]		
[8]				[39]		
[13]				[14]		
[14]				[10]		
[12]				[7]		
[13]				[31]		
[0]				[10]		
[5]				[21]		
[2]				[15]		
[15]				[30]		
[16]				[23]		
[6]				[12]		
[15]				[14]		
[4]				[7]		
___________________________
Simulation Topology [2:0]
___________________________
From 	  To 		Length
___________________________
  0	 | 	5	 | 	9,22
  0	 | 	11	 | 	6,40
  1	 | 	12	 | 	21,54
  1	 | 	14	 | 	16,16
  2	 | 	4	 | 	4,47
  2	 | 	15	 | 	10,63
  3	 | 	9	 | 	12,37
  3	 | 	18	 | 	8,94
  4	 | 	7	 | 	21,10
  5	 | 	19	 | 	16,28
  6	 | 	11	 | 	17,09
  6	 | 	16	 | 	12,04
  7	 | 	17	 | 	27,07
  8	 | 	10	 | 	7,07
  8	 | 	13	 | 	10,63
  9	 | 	10	 | 	3,61
  12	 | 	16	 | 	20,62
  13	 | 	17	 | 	9,06
  14	 | 	15	 | 	19,85
  18	 | 	19	 | 	13,04
___________________________
