Simulation Topology 1
___________________________
[3]				[0]		
[7]				[3]		
[8]				[6]		
[2]				[6]		
[6]				[7]		
[1]				[15]		
[4]				[15]		
[5]				[17]		
[1]				[24]		
[3]				[24]		
[4]				[26]		
[6]				[30]		
[8]				[33]		
[0]				[32]		
[4]				[35]		
[6]				[32]		
[16]				[2]		
[18]				[3]		
[13]				[1]		
[19]				[4]		
___________________________
Simulation Topology [1:1]
___________________________
From 	  To 		Length
___________________________
  0	 | 	4	 | 	7,62
  0	 | 	12	 | 	33,38
  0	 | 	19	 | 	16,49
  1	 | 	14	 | 	32,14
  1	 | 	15	 | 	29,02
  1	 | 	18	 | 	6,32
  2	 | 	6	 | 	9,85
  2	 | 	7	 | 	11,40
  2	 | 	19	 | 	11,18
  3	 | 	5	 | 	9,06
  3	 | 	16	 | 	14,56
  3	 | 	17	 | 	16,28
  4	 | 	11	 | 	23,00
  4	 | 	13	 | 	25,71
  5	 | 	17	 | 	20,81
  6	 | 	7	 | 	2,24
  6	 | 	8	 | 	9,49
  7	 | 	11	 | 	13,04
  8	 | 	9	 | 	2,00
  8	 | 	12	 | 	11,40
  9	 | 	16	 | 	25,55
  10	 | 	13	 | 	7,21
  10	 | 	16	 | 	26,83
  10	 | 	17	 | 	26,93
  11	 | 	19	 | 	29,07
  12	 | 	18	 | 	32,39
  13	 | 	14	 | 	5,00
  14	 | 	15	 | 	3,61
___________________________
Simulation Topology [1:2]
___________________________
From 	  To 		Length
___________________________
  0	 | 	4	 | 	7,62
  0	 | 	12	 | 	33,38
  0	 | 	19	 | 	16,49
  1	 | 	14	 | 	32,14
  1	 | 	15	 | 	29,02
  1	 | 	18	 | 	6,32
  2	 | 	6	 | 	9,85
  2	 | 	7	 | 	11,40
  2	 | 	19	 | 	11,18
  3	 | 	5	 | 	9,06
  3	 | 	16	 | 	14,56
  3	 | 	17	 | 	16,28
  4	 | 	11	 | 	23,00
  4	 | 	13	 | 	25,71
  5	 | 	17	 | 	20,81
  6	 | 	7	 | 	2,24
  6	 | 	8	 | 	9,49
  7	 | 	11	 | 	13,04
  8	 | 	9	 | 	2,00
  8	 | 	12	 | 	11,40
  9	 | 	16	 | 	25,55
  10	 | 	13	 | 	7,21
  10	 | 	16	 | 	26,83
  10	 | 	17	 | 	26,93
  11	 | 	19	 | 	29,07
  12	 | 	18	 | 	32,39
  13	 | 	14	 | 	5,00
  14	 | 	15	 | 	3,61
  9	 | 	18	 | 	25,08
___________________________
Simulation Topology [1:3]
___________________________
From 	  To 		Length
___________________________
  0	 | 	4	 | 	7,62
  0	 | 	12	 | 	33,38
  0	 | 	19	 | 	16,49
  1	 | 	14	 | 	32,14
  1	 | 	15	 | 	29,02
  1	 | 	18	 | 	6,32
  2	 | 	6	 | 	9,85
  2	 | 	7	 | 	11,40
  2	 | 	19	 | 	11,18
  3	 | 	5	 | 	9,06
  3	 | 	16	 | 	14,56
  3	 | 	17	 | 	16,28
  4	 | 	11	 | 	23,00
  4	 | 	13	 | 	25,71
  5	 | 	17	 | 	20,81
  6	 | 	7	 | 	2,24
  6	 | 	8	 | 	9,49
  7	 | 	11	 | 	13,04
  8	 | 	9	 | 	2,00
  8	 | 	12	 | 	11,40
  9	 | 	16	 | 	25,55
  10	 | 	13	 | 	7,21
  10	 | 	16	 | 	26,83
  10	 | 	17	 | 	26,93
  11	 | 	19	 | 	29,07
  12	 | 	18	 | 	32,39
  13	 | 	14	 | 	5,00
  14	 | 	15	 | 	3,61
  9	 | 	18	 | 	25,08
  5	 | 	15	 | 	17,72
___________________________
Simulation Topology [1:4]
___________________________
From 	  To 		Length
___________________________
  0	 | 	4	 | 	7,62
  0	 | 	12	 | 	33,38
  0	 | 	19	 | 	16,49
  1	 | 	14	 | 	32,14
  1	 | 	15	 | 	29,02
  1	 | 	18	 | 	6,32
  2	 | 	6	 | 	9,85
  2	 | 	7	 | 	11,40
  2	 | 	19	 | 	11,18
  3	 | 	5	 | 	9,06
  3	 | 	16	 | 	14,56
  3	 | 	17	 | 	16,28
  4	 | 	11	 | 	23,00
  4	 | 	13	 | 	25,71
  5	 | 	17	 | 	20,81
  6	 | 	7	 | 	2,24
  6	 | 	8	 | 	9,49
  7	 | 	11	 | 	13,04
  8	 | 	9	 | 	2,00
  8	 | 	12	 | 	11,40
  9	 | 	16	 | 	25,55
  10	 | 	13	 | 	7,21
  10	 | 	16	 | 	26,83
  10	 | 	17	 | 	26,93
  11	 | 	19	 | 	29,07
  12	 | 	18	 | 	32,39
  13	 | 	14	 | 	5,00
  14	 | 	15	 | 	3,61
  9	 | 	18	 | 	25,08
  5	 | 	15	 | 	17,72
___________________________
Simulation Topology 2
___________________________
[3]				[2]		
[2]				[0]		
[8]				[2]		
[6]				[1]		
[5]				[9]		
[6]				[14]		
[3]				[15]		
[0]				[12]		
[1]				[19]		
[0]				[22]		
[9]				[23]		
[9]				[20]		
[2]				[21]		
[4]				[25]		
[9]				[26]		
[6]				[29]		
[2]				[28]		
[4]				[31]		
[0]				[31]		
[0]				[34]		
___________________________
Simulation Topology [2:0]
___________________________
From 	  To 		Length
___________________________
  5	 | 	15	 | 	15,00
  9	 | 	18	 | 	9,00
  14	 | 	15	 | 	4,24
  13	 | 	14	 | 	5,10
  12	 | 	18	 | 	10,20
  11	 | 	19	 | 	16,64
  10	 | 	17	 | 	9,43
  10	 | 	16	 | 	8,60
  10	 | 	13	 | 	5,39
  9	 | 	16	 | 	6,32
  8	 | 	12	 | 	2,24
  8	 | 	9	 | 	3,16
  7	 | 	11	 | 	12,04
  6	 | 	8	 | 	4,47
  6	 | 	7	 | 	4,24
  0	 | 	6	 | 	13,00
  0	 | 	13	 | 	23,02
  0	 | 	14	 | 	24,74
  1	 | 	12	 | 	21,00
  1	 | 	18	 | 	31,06
  1	 | 	19	 | 	34,06
  2	 | 	11	 | 	18,03
  2	 | 	13	 | 	23,35
  2	 | 	15	 | 	27,07
  3	 | 	5	 | 	13,00
  3	 | 	10	 | 	22,20
  3	 | 	16	 | 	27,29
  4	 | 	5	 | 	5,10
  4	 | 	8	 | 	10,77
  4	 | 	16	 | 	19,24
  5	 | 	12	 | 	8,06
  6	 | 	11	 | 	7,81
  7	 | 	10	 | 	14,21
  7	 | 	19	 | 	22,00
  8	 | 	14	 | 	10,63
  9	 | 	19	 | 	12,00
  11	 | 	14	 | 	6,00
  13	 | 	17	 | 	6,00
  15	 | 	17	 | 	2,83
___________________________
Simulation Topology [2:1]
___________________________
From 	  To 		Length
___________________________
  5	 | 	15	 | 	15,00
  9	 | 	18	 | 	9,00
  14	 | 	15	 | 	4,24
  13	 | 	14	 | 	5,10
  12	 | 	18	 | 	10,20
  11	 | 	19	 | 	16,64
  10	 | 	17	 | 	9,43
  10	 | 	16	 | 	8,60
  10	 | 	13	 | 	5,39
  9	 | 	16	 | 	6,32
  8	 | 	12	 | 	2,24
  8	 | 	9	 | 	3,16
  7	 | 	11	 | 	12,04
  6	 | 	8	 | 	4,47
  6	 | 	7	 | 	4,24
  0	 | 	6	 | 	13,00
  0	 | 	13	 | 	23,02
  0	 | 	14	 | 	24,74
  1	 | 	12	 | 	21,00
  1	 | 	18	 | 	31,06
  1	 | 	19	 | 	34,06
  2	 | 	11	 | 	18,03
  2	 | 	13	 | 	23,35
  2	 | 	15	 | 	27,07
  3	 | 	5	 | 	13,00
  3	 | 	10	 | 	22,20
  3	 | 	16	 | 	27,29
  4	 | 	5	 | 	5,10
  4	 | 	8	 | 	10,77
  4	 | 	16	 | 	19,24
  5	 | 	12	 | 	8,06
  6	 | 	11	 | 	7,81
  7	 | 	10	 | 	14,21
  7	 | 	19	 | 	22,00
  8	 | 	14	 | 	10,63
  9	 | 	19	 | 	12,00
  11	 | 	14	 | 	6,00
  13	 | 	17	 | 	6,00
  15	 | 	17	 | 	2,83
  10	 | 	15	 | 	6,71
___________________________
Simulation Topology [2:2]
___________________________
From 	  To 		Length
___________________________
  5	 | 	15	 | 	15,00
  9	 | 	18	 | 	9,00
  14	 | 	15	 | 	4,24
  13	 | 	14	 | 	5,10
  12	 | 	18	 | 	10,20
  11	 | 	19	 | 	16,64
  10	 | 	17	 | 	9,43
  10	 | 	16	 | 	8,60
  10	 | 	13	 | 	5,39
  9	 | 	16	 | 	6,32
  8	 | 	12	 | 	2,24
  8	 | 	9	 | 	3,16
  7	 | 	11	 | 	12,04
  6	 | 	8	 | 	4,47
  6	 | 	7	 | 	4,24
  0	 | 	6	 | 	13,00
  0	 | 	13	 | 	23,02
  0	 | 	14	 | 	24,74
  1	 | 	12	 | 	21,00
  1	 | 	18	 | 	31,06
  1	 | 	19	 | 	34,06
  2	 | 	11	 | 	18,03
  2	 | 	13	 | 	23,35
  2	 | 	15	 | 	27,07
  3	 | 	5	 | 	13,00
  3	 | 	10	 | 	22,20
  3	 | 	16	 | 	27,29
  4	 | 	5	 | 	5,10
  4	 | 	8	 | 	10,77
  4	 | 	16	 | 	19,24
  5	 | 	12	 | 	8,06
  6	 | 	11	 | 	7,81
  7	 | 	10	 | 	14,21
  7	 | 	19	 | 	22,00
  8	 | 	14	 | 	10,63
  9	 | 	19	 | 	12,00
  11	 | 	14	 | 	6,00
  13	 | 	17	 | 	6,00
  15	 | 	17	 | 	2,83
  10	 | 	15	 | 	6,71
  17	 | 	18	 | 	4,00
___________________________
Simulation Topology [2:3]
___________________________
From 	  To 		Length
___________________________
  5	 | 	15	 | 	15,00
  9	 | 	18	 | 	9,00
  14	 | 	15	 | 	4,24
  13	 | 	14	 | 	5,10
  12	 | 	18	 | 	10,20
  11	 | 	19	 | 	16,64
  10	 | 	17	 | 	9,43
  10	 | 	16	 | 	8,60
  10	 | 	13	 | 	5,39
  9	 | 	16	 | 	6,32
  8	 | 	12	 | 	2,24
  8	 | 	9	 | 	3,16
  7	 | 	11	 | 	12,04
  6	 | 	8	 | 	4,47
  6	 | 	7	 | 	4,24
  0	 | 	6	 | 	13,00
  0	 | 	13	 | 	23,02
  0	 | 	14	 | 	24,74
  1	 | 	12	 | 	21,00
  1	 | 	18	 | 	31,06
  1	 | 	19	 | 	34,06
  2	 | 	11	 | 	18,03
  2	 | 	13	 | 	23,35
  2	 | 	15	 | 	27,07
  3	 | 	5	 | 	13,00
  3	 | 	10	 | 	22,20
  3	 | 	16	 | 	27,29
  4	 | 	5	 | 	5,10
  4	 | 	8	 | 	10,77
  4	 | 	16	 | 	19,24
  5	 | 	12	 | 	8,06
  6	 | 	11	 | 	7,81
  7	 | 	10	 | 	14,21
  7	 | 	19	 | 	22,00
  8	 | 	14	 | 	10,63
  9	 | 	19	 | 	12,00
  11	 | 	14	 | 	6,00
  13	 | 	17	 | 	6,00
  15	 | 	17	 | 	2,83
  10	 | 	15	 | 	6,71
  17	 | 	18	 | 	4,00
___________________________
Simulation Topology [2:4]
___________________________
From 	  To 		Length
___________________________
  5	 | 	15	 | 	15,00
  9	 | 	18	 | 	9,00
  14	 | 	15	 | 	4,24
  13	 | 	14	 | 	5,10
  12	 | 	18	 | 	10,20
  11	 | 	19	 | 	16,64
  10	 | 	17	 | 	9,43
  10	 | 	16	 | 	8,60
  10	 | 	13	 | 	5,39
  9	 | 	16	 | 	6,32
  8	 | 	12	 | 	2,24
  8	 | 	9	 | 	3,16
  7	 | 	11	 | 	12,04
  6	 | 	8	 | 	4,47
  6	 | 	7	 | 	4,24
  0	 | 	6	 | 	13,00
  0	 | 	13	 | 	23,02
  0	 | 	14	 | 	24,74
  1	 | 	12	 | 	21,00
  1	 | 	18	 | 	31,06
  1	 | 	19	 | 	34,06
  2	 | 	11	 | 	18,03
  2	 | 	13	 | 	23,35
  2	 | 	15	 | 	27,07
  3	 | 	5	 | 	13,00
  3	 | 	10	 | 	22,20
  3	 | 	16	 | 	27,29
  4	 | 	5	 | 	5,10
  4	 | 	8	 | 	10,77
  4	 | 	16	 | 	19,24
  5	 | 	12	 | 	8,06
  6	 | 	11	 | 	7,81
  7	 | 	10	 | 	14,21
  7	 | 	19	 | 	22,00
  8	 | 	14	 | 	10,63
  9	 | 	19	 | 	12,00
  11	 | 	14	 | 	6,00
  13	 | 	17	 | 	6,00
  15	 | 	17	 | 	2,83
  10	 | 	15	 | 	6,71
  17	 | 	18	 | 	4,00
___________________________
