Simulation Topology 1
___________________________
[14]				[22]		
[29]				[25]		
[11]				[11]		
[0]				[19]		
[10]				[21]		
[13]				[34]		
[20]				[11]		
[34]				[21]		
[11]				[34]		
[20]				[16]		
[4]				[32]		
[0]				[37]		
[21]				[25]		
[0]				[33]		
[0]				[3]		
[10]				[25]		
[28]				[11]		
[3]				[18]		
[37]				[4]		
[15]				[10]		
___________________________
Simulation Topology [1:0]
___________________________
From 	  To 		Length
___________________________
  0	 | 	9	 | 	8,49
  0	 | 	11	 | 	20,52
  1	 | 	8	 | 	20,12
  1	 | 	10	 | 	25,96
  2	 | 	14	 | 	13,60
  2	 | 	15	 | 	14,04
  3	 | 	14	 | 	16,00
  3	 | 	16	 | 	29,12
  4	 | 	7	 | 	24,00
  4	 | 	11	 | 	18,87
  5	 | 	6	 | 	24,04
  5	 | 	15	 | 	9,49
  6	 | 	19	 | 	5,10
  7	 | 	19	 | 	21,95
  8	 | 	13	 | 	11,05
  9	 | 	13	 | 	26,25
  10	 | 	12	 | 	18,38
  12	 | 	18	 | 	26,40
  16	 | 	17	 | 	25,96
  17	 | 	18	 | 	36,77
___________________________
Simulation Topology 2
___________________________
[20]				[34]		
[19]				[16]		
[33]				[0]		
[24]				[10]		
[5]				[7]		
[28]				[30]		
[38]				[24]		
[1]				[13]		
[13]				[6]		
[35]				[19]		
[16]				[26]		
[9]				[15]		
[12]				[1]		
[36]				[31]		
[26]				[38]		
[5]				[20]		
[27]				[3]		
[25]				[3]		
[35]				[10]		
[11]				[3]		
___________________________
Simulation Topology [2:0]
___________________________
From 	  To 		Length
___________________________
  17	 | 	18	 | 	12,21
  16	 | 	17	 | 	2,00
  12	 | 	18	 | 	24,70
  10	 | 	12	 | 	25,32
  9	 | 	13	 | 	12,04
  8	 | 	13	 | 	33,97
  7	 | 	19	 | 	14,14
  6	 | 	19	 | 	34,21
  5	 | 	15	 | 	25,08
  5	 | 	6	 | 	11,66
  0	 | 	3	 | 	24,33
  0	 | 	11	 | 	21,95
  1	 | 	11	 | 	10,05
  1	 | 	13	 | 	22,67
  2	 | 	8	 | 	20,88
  2	 | 	10	 | 	31,06
  3	 | 	16	 | 	7,62
  4	 | 	10	 | 	21,95
  4	 | 	18	 | 	30,15
  5	 | 	14	 | 	8,25
  5	 | 	17	 | 	27,17
  6	 | 	7	 | 	38,60
  6	 | 	18	 | 	14,32
  7	 | 	12	 | 	16,28
  8	 | 	19	 | 	3,61
  9	 | 	15	 | 	30,02
  12	 | 	14	 | 	39,56
  15	 | 	17	 | 	26,25
  16	 | 	19	 | 	16,00
___________________________
