Simulation Topology 1
___________________________
[39]				[16]		
[34]				[36]		
[15]				[35]		
[23]				[16]		
[20]				[6]		
[31]				[33]		
[13]				[19]		
[10]				[11]		
[3]				[6]		
[12]				[7]		
[19]				[2]		
[26]				[18]		
[0]				[11]		
[19]				[31]		
[27]				[23]		
[13]				[16]		
[1]				[3]		
[32]				[6]		
[12]				[14]		
[10]				[8]		
___________________________
Simulation Topology [1:0]
___________________________
From 	  To 		Length
___________________________
  0	 | 	11	 | 	13,15
  0	 | 	13	 | 	25,00
  1	 | 	5	 | 	4,24
  1	 | 	12	 | 	42,20
  2	 | 	10	 | 	33,24
  2	 | 	14	 | 	16,97
  3	 | 	7	 | 	13,93
  3	 | 	19	 | 	15,26
  4	 | 	6	 | 	14,76
  4	 | 	19	 | 	10,20
  5	 | 	8	 | 	38,90
  6	 | 	10	 | 	18,03
  7	 | 	9	 | 	4,47
  8	 | 	17	 | 	29,00
  9	 | 	13	 | 	25,00
  11	 | 	17	 | 	13,42
  12	 | 	18	 | 	12,37
  14	 | 	16	 | 	32,80
  15	 | 	16	 | 	17,69
  15	 | 	18	 | 	2,24
___________________________
Simulation Topology 2
___________________________
[36]				[37]		
[23]				[0]		
[13]				[13]		
[16]				[0]		
[27]				[2]		
[10]				[6]		
[1]				[5]		
[37]				[13]		
[11]				[30]		
[16]				[24]		
[3]				[35]		
[15]				[3]		
[29]				[12]		
[19]				[17]		
[8]				[25]		
[22]				[26]		
[38]				[16]		
[5]				[36]		
[26]				[13]		
[0]				[28]		
___________________________
Simulation Topology [2:0]
___________________________
From 	  To 		Length
___________________________
  15	 | 	18	 | 	13,60
  15	 | 	16	 | 	18,87
  14	 | 	16	 | 	31,32
  12	 | 	18	 | 	3,16
  11	 | 	17	 | 	34,48
  9	 | 	13	 | 	7,62
  8	 | 	17	 | 	8,49
  7	 | 	9	 | 	23,71
  6	 | 	10	 | 	30,07
  5	 | 	8	 | 	24,02
  0	 | 	8	 | 	25,96
  0	 | 	10	 | 	33,06
  1	 | 	10	 | 	40,31
  1	 | 	13	 | 	17,46
  2	 | 	6	 | 	14,42
  2	 | 	14	 | 	13,00
  3	 | 	14	 | 	26,25
  3	 | 	19	 | 	32,25
  4	 | 	11	 | 	12,04
  4	 | 	12	 | 	10,20
  5	 | 	11	 | 	5,83
  5	 | 	15	 | 	23,32
  6	 | 	18	 | 	26,25
  7	 | 	15	 | 	19,85
  7	 | 	17	 | 	39,41
  9	 | 	16	 | 	23,41
  9	 | 	18	 | 	14,87
  12	 | 	16	 | 	9,85
  13	 | 	19	 | 	21,95
___________________________
