Simulation Topology 1
___________________________
[3]				[38]		
[8]				[21]		
[11]				[32]		
[2]				[27]		
[8]				[31]		
[8]				[17]		
[4]				[1]		
[5]				[14]		
[11]				[16]		
[8]				[0]		
[8]				[3]		
[5]				[4]		
[5]				[27]		
[5]				[34]		
[9]				[23]		
[7]				[36]		
[1]				[11]		
[8]				[15]		
[12]				[6]		
[15]				[8]		
___________________________
Simulation Topology [1:0]
___________________________
From 	  To 		Length
___________________________
  0	 | 	11	 | 	34,06
  0	 | 	15	 | 	4,47
  0	 | 	17	 | 	23,54
  1	 | 	5	 | 	4,00
  1	 | 	7	 | 	7,62
  2	 | 	16	 | 	23,26
  2	 | 	19	 | 	24,33
  3	 | 	4	 | 	7,21
  3	 | 	18	 | 	23,26
  4	 | 	6	 | 	30,27
  5	 | 	9	 | 	17,00
  6	 | 	7	 | 	13,04
  8	 | 	12	 | 	12,53
  8	 | 	15	 | 	20,40
  9	 | 	10	 | 	3,00
  10	 | 	19	 | 	8,60
  11	 | 	16	 | 	8,06
  12	 | 	14	 | 	5,66
  13	 | 	14	 | 	11,70
  13	 | 	18	 | 	28,86
___________________________
Simulation Topology 2
___________________________
