Simulation Topology 1
___________________________
[29]				[22]		
[17]				[25]		
[20]				[13]		
[20]				[37]		
[27]				[31]		
[0]				[6]		
[34]				[11]		
[10]				[20]		
[10]				[7]		
[11]				[0]		
[21]				[10]		
[6]				[37]		
[33]				[39]		
[0]				[37]		
[32]				[33]		
[33]				[27]		
[1]				[9]		
[34]				[3]		
[5]				[18]		
[35]				[14]		
___________________________
Simulation Topology [1:0]
___________________________
From 	  To 		Length
___________________________
  0	 | 	10	 | 	14,42
  0	 | 	19	 | 	10,00
  1	 | 	13	 | 	20,81
  1	 | 	15	 | 	16,12
  2	 | 	7	 | 	12,21
  2	 | 	9	 | 	15,81
  3	 | 	6	 | 	29,53
  3	 | 	14	 | 	12,65
  4	 | 	17	 | 	28,86
  4	 | 	18	 | 	25,55
  5	 | 	12	 | 	46,67
  5	 | 	19	 | 	35,90
  6	 | 	11	 | 	38,21
  7	 | 	15	 | 	24,04
  8	 | 	9	 | 	7,07
  8	 | 	12	 | 	39,41
  10	 | 	14	 | 	25,50
  11	 | 	18	 | 	19,03
  13	 | 	16	 | 	28,02
  16	 | 	17	 | 	33,54
___________________________
Simulation Topology 2
___________________________
[14]				[15]		
[23]				[12]		
[12]				[9]		
[15]				[24]		
[5]				[38]		
[9]				[9]		
[2]				[0]		
[13]				[31]		
[5]				[7]		
[4]				[0]		
[1]				[18]		
[6]				[35]		
[9]				[32]		
[18]				[25]		
[34]				[35]		
[34]				[6]		
[36]				[5]		
[13]				[12]		
[19]				[33]		
[39]				[30]		
___________________________
Simulation Topology [2:0]
___________________________
From 	  To 		Length
___________________________
  16	 | 	17	 | 	24,04
  13	 | 	16	 | 	26,91
  11	 | 	18	 | 	13,15
  10	 | 	14	 | 	37,12
  8	 | 	12	 | 	25,32
  8	 | 	9	 | 	7,07
  7	 | 	15	 | 	32,65
  6	 | 	11	 | 	35,23
  5	 | 	19	 | 	36,62
  5	 | 	12	 | 	23,00
  0	 | 	2	 | 	6,32
  0	 | 	19	 | 	29,15
  1	 | 	2	 | 	11,40
  1	 | 	9	 | 	22,47
  3	 | 	5	 | 	16,16
  3	 | 	7	 | 	7,28
  4	 | 	10	 | 	20,40
  4	 | 	12	 | 	7,21
  5	 | 	14	 | 	36,07
  6	 | 	13	 | 	29,68
  6	 | 	18	 | 	37,12
  7	 | 	16	 | 	34,71
  8	 | 	16	 | 	31,06
  8	 | 	19	 | 	41,05
  9	 | 	11	 | 	35,06
  10	 | 	17	 | 	13,42
  11	 | 	12	 | 	4,24
  13	 | 	14	 | 	18,87
  15	 | 	17	 | 	21,84
  15	 | 	18	 | 	30,89
___________________________
