Simulation Topology 1
___________________________
[8]				[2]		
[14]				[26]		
[4]				[10]		
[26]				[31]		
[6]				[3]		
[14]				[36]		
[1]				[30]		
[32]				[28]		
[28]				[37]		
[9]				[32]		
[1]				[16]		
[25]				[25]		
[7]				[12]		
[31]				[23]		
[35]				[0]		
[25]				[27]		
[10]				[34]		
[37]				[12]		
[24]				[31]		
[34]				[6]		
___________________________
Simulation Topology [1:0]
___________________________
From 	  To 		Length
___________________________
  0	 | 	6	 | 	28,86
  0	 | 	9	 | 	30,02
  1	 | 	10	 | 	16,40
  1	 | 	15	 | 	11,05
  2	 | 	15	 | 	27,02
  2	 | 	19	 | 	30,27
  3	 | 	17	 | 	21,95
  3	 | 	18	 | 	2,00
  4	 | 	5	 | 	33,96
  4	 | 	12	 | 	9,06
  5	 | 	13	 | 	21,40
  6	 | 	14	 | 	45,34
  7	 | 	9	 | 	23,35
  7	 | 	13	 | 	5,10
  8	 | 	11	 | 	12,37
  8	 | 	17	 | 	26,57
  10	 | 	11	 | 	25,63
  12	 | 	19	 | 	27,66
  14	 | 	16	 | 	42,20
  16	 | 	18	 | 	14,32
___________________________
Simulation Topology 2
___________________________
[0]				[25]		
[19]				[22]		
[16]				[26]		
[25]				[16]		
[14]				[32]		
[23]				[34]		
[35]				[24]		
[2]				[1]		
[22]				[23]		
[17]				[3]		
[36]				[13]		
[8]				[1]		
[28]				[32]		
[28]				[20]		
[26]				[5]		
[6]				[23]		
[9]				[16]		
[8]				[36]		
[25]				[23]		
[24]				[31]		
___________________________
Simulation Topology [2:0]
___________________________
From 	  To 		Length
___________________________
  16	 | 	18	 | 	17,46
  14	 | 	16	 | 	20,25
  12	 | 	19	 | 	4,12
  10	 | 	11	 | 	30,46
  8	 | 	17	 | 	19,10
  8	 | 	11	 | 	26,08
  7	 | 	13	 | 	32,20
  7	 | 	9	 | 	15,13
  6	 | 	14	 | 	21,02
  5	 | 	13	 | 	14,87
  0	 | 	4	 | 	15,65
  0	 | 	5	 | 	24,70
  1	 | 	3	 | 	8,49
  1	 | 	6	 | 	16,12
  2	 | 	9	 | 	23,02
  2	 | 	17	 | 	12,81
  3	 | 	7	 | 	27,46
  4	 | 	16	 | 	16,76
  6	 | 	18	 | 	10,05
  7	 | 	14	 | 	24,33
  8	 | 	15	 | 	16,00
  8	 | 	19	 | 	8,25
  9	 | 	11	 | 	9,22
  10	 | 	12	 | 	20,62
  10	 | 	13	 | 	10,63
  11	 | 	16	 | 	15,03
  12	 | 	18	 | 	9,49
  14	 | 	19	 | 	26,08
  15	 | 	17	 | 	13,15
___________________________
