Simulation Topology 1
___________________________
[0]				[10]		
[2]				[12]		
[2]				[17]		
[12]				[35]		
[12]				[29]		
[31]				[13]		
[39]				[24]		
[4]				[10]		
[35]				[33]		
[19]				[14]		
[8]				[22]		
[28]				[0]		
[39]				[11]		
[8]				[13]		
[26]				[8]		
[9]				[27]		
[10]				[10]		
[10]				[23]		
[22]				[13]		
[11]				[13]		
___________________________
Simulation Topology [1:0]
___________________________
From 	  To 		Length
___________________________
  0	 | 	1	 | 	2,83
  0	 | 	5	 | 	31,14
  1	 | 	14	 | 	24,33
  2	 | 	3	 | 	20,59
  2	 | 	7	 | 	7,28
  3	 | 	15	 | 	8,54
  4	 | 	10	 | 	8,06
  4	 | 	11	 | 	33,12
  5	 | 	6	 | 	13,60
  5	 | 	7	 | 	27,17
  6	 | 	18	 | 	20,25
  7	 | 	12	 | 	35,01
  8	 | 	11	 | 	33,73
  8	 | 	16	 | 	33,97
  9	 | 	18	 | 	3,16
  9	 | 	19	 | 	8,06
  10	 | 	19	 | 	9,49
  12	 | 	13	 | 	31,06
  13	 | 	17	 | 	10,20
  14	 | 	17	 | 	21,93
  15	 | 	16	 | 	17,03
___________________________
Simulation Topology [1:1]
___________________________
From 	  To 		Length
___________________________
  0	 | 	1	 | 	2,83
  0	 | 	5	 | 	31,14
  1	 | 	14	 | 	24,33
  2	 | 	3	 | 	20,59
  2	 | 	7	 | 	7,28
  3	 | 	15	 | 	8,54
  4	 | 	10	 | 	8,06
  4	 | 	11	 | 	33,12
  5	 | 	6	 | 	13,60
  5	 | 	7	 | 	27,17
  6	 | 	18	 | 	20,25
  7	 | 	12	 | 	35,01
  8	 | 	11	 | 	33,73
  8	 | 	16	 | 	33,97
  9	 | 	18	 | 	3,16
  9	 | 	19	 | 	8,06
  10	 | 	19	 | 	9,49
  12	 | 	13	 | 	31,06
  13	 | 	17	 | 	10,20
  14	 | 	17	 | 	21,93
  15	 | 	16	 | 	17,03
  2	 | 	9	 | 	17,26
___________________________
Simulation Topology [1:2]
___________________________
From 	  To 		Length
___________________________
  0	 | 	1	 | 	2,83
  0	 | 	5	 | 	31,14
  1	 | 	14	 | 	24,33
  2	 | 	3	 | 	20,59
  2	 | 	7	 | 	7,28
  3	 | 	15	 | 	8,54
  4	 | 	10	 | 	8,06
  4	 | 	11	 | 	33,12
  5	 | 	6	 | 	13,60
  5	 | 	7	 | 	27,17
  6	 | 	18	 | 	20,25
  7	 | 	12	 | 	35,01
  8	 | 	11	 | 	33,73
  8	 | 	16	 | 	33,97
  9	 | 	18	 | 	3,16
  9	 | 	19	 | 	8,06
  10	 | 	19	 | 	9,49
  12	 | 	13	 | 	31,06
  13	 | 	17	 | 	10,20
  14	 | 	17	 | 	21,93
  15	 | 	16	 | 	17,03
  2	 | 	9	 | 	17,26
  0	 | 	11	 | 	29,73
___________________________
Simulation Topology [1:3]
___________________________
From 	  To 		Length
___________________________
  0	 | 	1	 | 	2,83
  0	 | 	5	 | 	31,14
  1	 | 	14	 | 	24,33
  2	 | 	3	 | 	20,59
  2	 | 	7	 | 	7,28
  3	 | 	15	 | 	8,54
  4	 | 	10	 | 	8,06
  4	 | 	11	 | 	33,12
  5	 | 	6	 | 	13,60
  5	 | 	7	 | 	27,17
  6	 | 	18	 | 	20,25
  7	 | 	12	 | 	35,01
  8	 | 	11	 | 	33,73
  8	 | 	16	 | 	33,97
  9	 | 	18	 | 	3,16
  9	 | 	19	 | 	8,06
  10	 | 	19	 | 	9,49
  12	 | 	13	 | 	31,06
  13	 | 	17	 | 	10,20
  14	 | 	17	 | 	21,93
  15	 | 	16	 | 	17,03
  2	 | 	9	 | 	17,26
  0	 | 	11	 | 	29,73
  8	 | 	18	 | 	23,85
___________________________
Simulation Topology [1:4]
___________________________
From 	  To 		Length
___________________________
  0	 | 	1	 | 	2,83
  0	 | 	5	 | 	31,14
  1	 | 	14	 | 	24,33
  2	 | 	3	 | 	20,59
  2	 | 	7	 | 	7,28
  3	 | 	15	 | 	8,54
  4	 | 	10	 | 	8,06
  4	 | 	11	 | 	33,12
  5	 | 	6	 | 	13,60
  5	 | 	7	 | 	27,17
  6	 | 	18	 | 	20,25
  7	 | 	12	 | 	35,01
  8	 | 	11	 | 	33,73
  8	 | 	16	 | 	33,97
  9	 | 	18	 | 	3,16
  9	 | 	19	 | 	8,06
  10	 | 	19	 | 	9,49
  12	 | 	13	 | 	31,06
  13	 | 	17	 | 	10,20
  14	 | 	17	 | 	21,93
  15	 | 	16	 | 	17,03
  2	 | 	9	 | 	17,26
  0	 | 	11	 | 	29,73
  8	 | 	18	 | 	23,85
  0	 | 	3	 | 	27,73
___________________________
Simulation Topology [1:5]
___________________________
From 	  To 		Length
___________________________
  0	 | 	1	 | 	2,83
  0	 | 	5	 | 	31,14
  1	 | 	14	 | 	24,33
  2	 | 	3	 | 	20,59
  2	 | 	7	 | 	7,28
  3	 | 	15	 | 	8,54
  4	 | 	10	 | 	8,06
  4	 | 	11	 | 	33,12
  5	 | 	6	 | 	13,60
  5	 | 	7	 | 	27,17
  6	 | 	18	 | 	20,25
  7	 | 	12	 | 	35,01
  8	 | 	11	 | 	33,73
  8	 | 	16	 | 	33,97
  9	 | 	18	 | 	3,16
  9	 | 	19	 | 	8,06
  10	 | 	19	 | 	9,49
  12	 | 	13	 | 	31,06
  13	 | 	17	 | 	10,20
  14	 | 	17	 | 	21,93
  15	 | 	16	 | 	17,03
  2	 | 	9	 | 	17,26
  0	 | 	11	 | 	29,73
  8	 | 	18	 | 	23,85
  0	 | 	3	 | 	27,73
  9	 | 	13	 | 	11,05
___________________________
Simulation Topology [1:6]
___________________________
From 	  To 		Length
___________________________
  0	 | 	1	 | 	2,83
  0	 | 	5	 | 	31,14
  1	 | 	14	 | 	24,33
  2	 | 	3	 | 	20,59
  2	 | 	7	 | 	7,28
  3	 | 	15	 | 	8,54
  4	 | 	10	 | 	8,06
  4	 | 	11	 | 	33,12
  5	 | 	6	 | 	13,60
  5	 | 	7	 | 	27,17
  6	 | 	18	 | 	20,25
  7	 | 	12	 | 	35,01
  8	 | 	11	 | 	33,73
  8	 | 	16	 | 	33,97
  9	 | 	18	 | 	3,16
  9	 | 	19	 | 	8,06
  10	 | 	19	 | 	9,49
  12	 | 	13	 | 	31,06
  13	 | 	17	 | 	10,20
  14	 | 	17	 | 	21,93
  15	 | 	16	 | 	17,03
  2	 | 	9	 | 	17,26
  0	 | 	11	 | 	29,73
  8	 | 	18	 | 	23,85
  0	 | 	3	 | 	27,73
  9	 | 	13	 | 	11,05
  4	 | 	8	 | 	23,35
___________________________
Simulation Topology [1:7]
___________________________
From 	  To 		Length
___________________________
  0	 | 	1	 | 	2,83
  0	 | 	5	 | 	31,14
  1	 | 	14	 | 	24,33
  2	 | 	3	 | 	20,59
  2	 | 	7	 | 	7,28
  3	 | 	15	 | 	8,54
  4	 | 	10	 | 	8,06
  4	 | 	11	 | 	33,12
  5	 | 	6	 | 	13,60
  5	 | 	7	 | 	27,17
  6	 | 	18	 | 	20,25
  7	 | 	12	 | 	35,01
  8	 | 	11	 | 	33,73
  8	 | 	16	 | 	33,97
  9	 | 	18	 | 	3,16
  9	 | 	19	 | 	8,06
  10	 | 	19	 | 	9,49
  12	 | 	13	 | 	31,06
  13	 | 	17	 | 	10,20
  14	 | 	17	 | 	21,93
  15	 | 	16	 | 	17,03
  2	 | 	9	 | 	17,26
  0	 | 	11	 | 	29,73
  8	 | 	18	 | 	23,85
  0	 | 	3	 | 	27,73
  9	 | 	13	 | 	11,05
  4	 | 	8	 | 	23,35
  12	 | 	19	 | 	28,07
___________________________
Simulation Topology [1:8]
___________________________
From 	  To 		Length
___________________________
  0	 | 	1	 | 	2,83
  0	 | 	5	 | 	31,14
  1	 | 	14	 | 	24,33
  2	 | 	3	 | 	20,59
  2	 | 	7	 | 	7,28
  3	 | 	15	 | 	8,54
  4	 | 	10	 | 	8,06
  4	 | 	11	 | 	33,12
  5	 | 	6	 | 	13,60
  5	 | 	7	 | 	27,17
  6	 | 	18	 | 	20,25
  7	 | 	12	 | 	35,01
  8	 | 	11	 | 	33,73
  8	 | 	16	 | 	33,97
  9	 | 	18	 | 	3,16
  9	 | 	19	 | 	8,06
  10	 | 	19	 | 	9,49
  12	 | 	13	 | 	31,06
  13	 | 	17	 | 	10,20
  14	 | 	17	 | 	21,93
  15	 | 	16	 | 	17,03
  2	 | 	9	 | 	17,26
  0	 | 	11	 | 	29,73
  8	 | 	18	 | 	23,85
  0	 | 	3	 | 	27,73
  9	 | 	13	 | 	11,05
  4	 | 	8	 | 	23,35
  12	 | 	19	 | 	28,07
  3	 | 	19	 | 	22,02
___________________________
Simulation Topology [1:9]
___________________________
From 	  To 		Length
___________________________
  0	 | 	1	 | 	2,83
  0	 | 	5	 | 	31,14
  1	 | 	14	 | 	24,33
  2	 | 	3	 | 	20,59
  2	 | 	7	 | 	7,28
  3	 | 	15	 | 	8,54
  4	 | 	10	 | 	8,06
  4	 | 	11	 | 	33,12
  5	 | 	6	 | 	13,60
  5	 | 	7	 | 	27,17
  6	 | 	18	 | 	20,25
  7	 | 	12	 | 	35,01
  8	 | 	11	 | 	33,73
  8	 | 	16	 | 	33,97
  9	 | 	18	 | 	3,16
  9	 | 	19	 | 	8,06
  10	 | 	19	 | 	9,49
  12	 | 	13	 | 	31,06
  13	 | 	17	 | 	10,20
  14	 | 	17	 | 	21,93
  15	 | 	16	 | 	17,03
  2	 | 	9	 | 	17,26
  0	 | 	11	 | 	29,73
  8	 | 	18	 | 	23,85
  0	 | 	3	 | 	27,73
  9	 | 	13	 | 	11,05
  4	 | 	8	 | 	23,35
  12	 | 	19	 | 	28,07
  3	 | 	19	 | 	22,02
  2	 | 	14	 | 	25,63
___________________________
Simulation Topology 2
___________________________
[10]				[5]		
[29]				[5]		
[18]				[7]		
[34]				[32]		
[37]				[15]		
[24]				[33]		
[36]				[11]		
[8]				[6]		
[38]				[4]		
[14]				[20]		
[12]				[24]		
[16]				[20]		
[1]				[27]		
[0]				[29]		
[24]				[1]		
[32]				[13]		
[19]				[9]		
[7]				[24]		
[15]				[25]		
[15]				[10]		
___________________________
Simulation Topology [2:0]
___________________________
From 	  To 		Length
___________________________
  2	 | 	14	 | 	8,49
  3	 | 	19	 | 	29,07
  12	 | 	19	 | 	22,02
  4	 | 	8	 | 	11,05
  9	 | 	13	 | 	16,64
  0	 | 	3	 | 	36,12
  8	 | 	18	 | 	31,14
  0	 | 	11	 | 	16,16
  2	 | 	9	 | 	13,60
  15	 | 	16	 | 	13,60
  14	 | 	17	 | 	28,60
  13	 | 	17	 | 	8,60
  12	 | 	13	 | 	2,24
  10	 | 	19	 | 	14,32
  9	 | 	19	 | 	10,05
  0	 | 	8	 | 	28,02
  0	 | 	16	 | 	9,85
  0	 | 	17	 | 	19,24
  1	 | 	3	 | 	27,46
  1	 | 	15	 | 	8,54
  2	 | 	11	 | 	13,15
  2	 | 	18	 | 	18,25
  3	 | 	17	 | 	28,16
  4	 | 	6	 | 	4,12
  5	 | 	12	 | 	23,77
  5	 | 	13	 | 	24,33
  6	 | 	15	 | 	4,47
  7	 | 	13	 | 	24,35
  7	 | 	14	 | 	16,76
  9	 | 	11	 | 	2,00
  9	 | 	12	 | 	14,76
  10	 | 	17	 | 	5,00
  14	 | 	19	 | 	12,73
  16	 | 	18	 | 	16,49
___________________________
Simulation Topology [2:1]
___________________________
From 	  To 		Length
___________________________
  2	 | 	14	 | 	8,49
  3	 | 	19	 | 	29,07
  12	 | 	19	 | 	22,02
  4	 | 	8	 | 	11,05
  9	 | 	13	 | 	16,64
  0	 | 	3	 | 	36,12
  8	 | 	18	 | 	31,14
  0	 | 	11	 | 	16,16
  2	 | 	9	 | 	13,60
  15	 | 	16	 | 	13,60
  14	 | 	17	 | 	28,60
  13	 | 	17	 | 	8,60
  12	 | 	13	 | 	2,24
  10	 | 	19	 | 	14,32
  9	 | 	19	 | 	10,05
  0	 | 	8	 | 	28,02
  0	 | 	16	 | 	9,85
  0	 | 	17	 | 	19,24
  1	 | 	3	 | 	27,46
  1	 | 	15	 | 	8,54
  2	 | 	11	 | 	13,15
  2	 | 	18	 | 	18,25
  3	 | 	17	 | 	28,16
  4	 | 	6	 | 	4,12
  5	 | 	12	 | 	23,77
  5	 | 	13	 | 	24,33
  6	 | 	15	 | 	4,47
  7	 | 	13	 | 	24,35
  7	 | 	14	 | 	16,76
  9	 | 	11	 | 	2,00
  9	 | 	12	 | 	14,76
  10	 | 	17	 | 	5,00
  14	 | 	19	 | 	12,73
  16	 | 	18	 | 	16,49
  0	 | 	18	 | 	20,62
___________________________
Simulation Topology [2:2]
___________________________
From 	  To 		Length
___________________________
  2	 | 	14	 | 	8,49
  3	 | 	19	 | 	29,07
  12	 | 	19	 | 	22,02
  4	 | 	8	 | 	11,05
  9	 | 	13	 | 	16,64
  0	 | 	3	 | 	36,12
  8	 | 	18	 | 	31,14
  0	 | 	11	 | 	16,16
  2	 | 	9	 | 	13,60
  15	 | 	16	 | 	13,60
  14	 | 	17	 | 	28,60
  13	 | 	17	 | 	8,60
  12	 | 	13	 | 	2,24
  10	 | 	19	 | 	14,32
  9	 | 	19	 | 	10,05
  0	 | 	8	 | 	28,02
  0	 | 	16	 | 	9,85
  0	 | 	17	 | 	19,24
  1	 | 	3	 | 	27,46
  1	 | 	15	 | 	8,54
  2	 | 	11	 | 	13,15
  2	 | 	18	 | 	18,25
  3	 | 	17	 | 	28,16
  4	 | 	6	 | 	4,12
  5	 | 	12	 | 	23,77
  5	 | 	13	 | 	24,33
  6	 | 	15	 | 	4,47
  7	 | 	13	 | 	24,35
  7	 | 	14	 | 	16,76
  9	 | 	11	 | 	2,00
  9	 | 	12	 | 	14,76
  10	 | 	17	 | 	5,00
  14	 | 	19	 | 	12,73
  16	 | 	18	 | 	16,49
  0	 | 	18	 | 	20,62
  9	 | 	18	 | 	5,10
___________________________
Simulation Topology [2:3]
___________________________
From 	  To 		Length
___________________________
  2	 | 	14	 | 	8,49
  3	 | 	19	 | 	29,07
  12	 | 	19	 | 	22,02
  4	 | 	8	 | 	11,05
  9	 | 	13	 | 	16,64
  0	 | 	3	 | 	36,12
  8	 | 	18	 | 	31,14
  0	 | 	11	 | 	16,16
  2	 | 	9	 | 	13,60
  15	 | 	16	 | 	13,60
  14	 | 	17	 | 	28,60
  13	 | 	17	 | 	8,60
  12	 | 	13	 | 	2,24
  10	 | 	19	 | 	14,32
  9	 | 	19	 | 	10,05
  0	 | 	8	 | 	28,02
  0	 | 	16	 | 	9,85
  0	 | 	17	 | 	19,24
  1	 | 	3	 | 	27,46
  1	 | 	15	 | 	8,54
  2	 | 	11	 | 	13,15
  2	 | 	18	 | 	18,25
  3	 | 	17	 | 	28,16
  4	 | 	6	 | 	4,12
  5	 | 	12	 | 	23,77
  5	 | 	13	 | 	24,33
  6	 | 	15	 | 	4,47
  7	 | 	13	 | 	24,35
  7	 | 	14	 | 	16,76
  9	 | 	11	 | 	2,00
  9	 | 	12	 | 	14,76
  10	 | 	17	 | 	5,00
  14	 | 	19	 | 	12,73
  16	 | 	18	 | 	16,49
  0	 | 	18	 | 	20,62
  9	 | 	18	 | 	5,10
  11	 | 	14	 | 	20,62
___________________________
Simulation Topology [2:4]
___________________________
From 	  To 		Length
___________________________
  2	 | 	14	 | 	8,49
  3	 | 	19	 | 	29,07
  12	 | 	19	 | 	22,02
  4	 | 	8	 | 	11,05
  9	 | 	13	 | 	16,64
  0	 | 	3	 | 	36,12
  8	 | 	18	 | 	31,14
  0	 | 	11	 | 	16,16
  2	 | 	9	 | 	13,60
  15	 | 	16	 | 	13,60
  14	 | 	17	 | 	28,60
  13	 | 	17	 | 	8,60
  12	 | 	13	 | 	2,24
  10	 | 	19	 | 	14,32
  9	 | 	19	 | 	10,05
  0	 | 	8	 | 	28,02
  0	 | 	16	 | 	9,85
  0	 | 	17	 | 	19,24
  1	 | 	3	 | 	27,46
  1	 | 	15	 | 	8,54
  2	 | 	11	 | 	13,15
  2	 | 	18	 | 	18,25
  3	 | 	17	 | 	28,16
  4	 | 	6	 | 	4,12
  5	 | 	12	 | 	23,77
  5	 | 	13	 | 	24,33
  6	 | 	15	 | 	4,47
  7	 | 	13	 | 	24,35
  7	 | 	14	 | 	16,76
  9	 | 	11	 | 	2,00
  9	 | 	12	 | 	14,76
  10	 | 	17	 | 	5,00
  14	 | 	19	 | 	12,73
  16	 | 	18	 | 	16,49
  0	 | 	18	 | 	20,62
  9	 | 	18	 | 	5,10
  11	 | 	14	 | 	20,62
  6	 | 	13	 | 	40,25
___________________________
Simulation Topology [2:5]
___________________________
From 	  To 		Length
___________________________
  2	 | 	14	 | 	8,49
  3	 | 	19	 | 	29,07
  12	 | 	19	 | 	22,02
  4	 | 	8	 | 	11,05
  9	 | 	13	 | 	16,64
  0	 | 	3	 | 	36,12
  8	 | 	18	 | 	31,14
  0	 | 	11	 | 	16,16
  2	 | 	9	 | 	13,60
  15	 | 	16	 | 	13,60
  14	 | 	17	 | 	28,60
  13	 | 	17	 | 	8,60
  12	 | 	13	 | 	2,24
  10	 | 	19	 | 	14,32
  9	 | 	19	 | 	10,05
  0	 | 	8	 | 	28,02
  0	 | 	16	 | 	9,85
  0	 | 	17	 | 	19,24
  1	 | 	3	 | 	27,46
  1	 | 	15	 | 	8,54
  2	 | 	11	 | 	13,15
  2	 | 	18	 | 	18,25
  3	 | 	17	 | 	28,16
  4	 | 	6	 | 	4,12
  5	 | 	12	 | 	23,77
  5	 | 	13	 | 	24,33
  6	 | 	15	 | 	4,47
  7	 | 	13	 | 	24,35
  7	 | 	14	 | 	16,76
  9	 | 	11	 | 	2,00
  9	 | 	12	 | 	14,76
  10	 | 	17	 | 	5,00
  14	 | 	19	 | 	12,73
  16	 | 	18	 | 	16,49
  0	 | 	18	 | 	20,62
  9	 | 	18	 | 	5,10
  11	 | 	14	 | 	20,62
  6	 | 	13	 | 	40,25
  11	 | 	16	 | 	11,40
___________________________
Simulation Topology [2:6]
___________________________
From 	  To 		Length
___________________________
  2	 | 	14	 | 	8,49
  3	 | 	19	 | 	29,07
  12	 | 	19	 | 	22,02
  4	 | 	8	 | 	11,05
  9	 | 	13	 | 	16,64
  0	 | 	3	 | 	36,12
  8	 | 	18	 | 	31,14
  0	 | 	11	 | 	16,16
  2	 | 	9	 | 	13,60
  15	 | 	16	 | 	13,60
  14	 | 	17	 | 	28,60
  13	 | 	17	 | 	8,60
  12	 | 	13	 | 	2,24
  10	 | 	19	 | 	14,32
  9	 | 	19	 | 	10,05
  0	 | 	8	 | 	28,02
  0	 | 	16	 | 	9,85
  0	 | 	17	 | 	19,24
  1	 | 	3	 | 	27,46
  1	 | 	15	 | 	8,54
  2	 | 	11	 | 	13,15
  2	 | 	18	 | 	18,25
  3	 | 	17	 | 	28,16
  4	 | 	6	 | 	4,12
  5	 | 	12	 | 	23,77
  5	 | 	13	 | 	24,33
  6	 | 	15	 | 	4,47
  7	 | 	13	 | 	24,35
  7	 | 	14	 | 	16,76
  9	 | 	11	 | 	2,00
  9	 | 	12	 | 	14,76
  10	 | 	17	 | 	5,00
  14	 | 	19	 | 	12,73
  16	 | 	18	 | 	16,49
  0	 | 	18	 | 	20,62
  9	 | 	18	 | 	5,10
  11	 | 	14	 | 	20,62
  6	 | 	13	 | 	40,25
  11	 | 	16	 | 	11,40
  16	 | 	17	 | 	19,21
___________________________
Simulation Topology [2:7]
___________________________
From 	  To 		Length
___________________________
  2	 | 	14	 | 	8,49
  3	 | 	19	 | 	29,07
  12	 | 	19	 | 	22,02
  4	 | 	8	 | 	11,05
  9	 | 	13	 | 	16,64
  0	 | 	3	 | 	36,12
  8	 | 	18	 | 	31,14
  0	 | 	11	 | 	16,16
  2	 | 	9	 | 	13,60
  15	 | 	16	 | 	13,60
  14	 | 	17	 | 	28,60
  13	 | 	17	 | 	8,60
  12	 | 	13	 | 	2,24
  10	 | 	19	 | 	14,32
  9	 | 	19	 | 	10,05
  0	 | 	8	 | 	28,02
  0	 | 	16	 | 	9,85
  0	 | 	17	 | 	19,24
  1	 | 	3	 | 	27,46
  1	 | 	15	 | 	8,54
  2	 | 	11	 | 	13,15
  2	 | 	18	 | 	18,25
  3	 | 	17	 | 	28,16
  4	 | 	6	 | 	4,12
  5	 | 	12	 | 	23,77
  5	 | 	13	 | 	24,33
  6	 | 	15	 | 	4,47
  7	 | 	13	 | 	24,35
  7	 | 	14	 | 	16,76
  9	 | 	11	 | 	2,00
  9	 | 	12	 | 	14,76
  10	 | 	17	 | 	5,00
  14	 | 	19	 | 	12,73
  16	 | 	18	 | 	16,49
  0	 | 	18	 | 	20,62
  9	 | 	18	 | 	5,10
  11	 | 	14	 | 	20,62
  6	 | 	13	 | 	40,25
  11	 | 	16	 | 	11,40
  16	 | 	17	 | 	19,21
  9	 | 	15	 | 	19,31
___________________________
Simulation Topology [2:8]
___________________________
From 	  To 		Length
___________________________
  2	 | 	14	 | 	8,49
  3	 | 	19	 | 	29,07
  12	 | 	19	 | 	22,02
  4	 | 	8	 | 	11,05
  9	 | 	13	 | 	16,64
  0	 | 	3	 | 	36,12
  8	 | 	18	 | 	31,14
  0	 | 	11	 | 	16,16
  2	 | 	9	 | 	13,60
  15	 | 	16	 | 	13,60
  14	 | 	17	 | 	28,60
  13	 | 	17	 | 	8,60
  12	 | 	13	 | 	2,24
  10	 | 	19	 | 	14,32
  9	 | 	19	 | 	10,05
  0	 | 	8	 | 	28,02
  0	 | 	16	 | 	9,85
  0	 | 	17	 | 	19,24
  1	 | 	3	 | 	27,46
  1	 | 	15	 | 	8,54
  2	 | 	11	 | 	13,15
  2	 | 	18	 | 	18,25
  3	 | 	17	 | 	28,16
  4	 | 	6	 | 	4,12
  5	 | 	12	 | 	23,77
  5	 | 	13	 | 	24,33
  6	 | 	15	 | 	4,47
  7	 | 	13	 | 	24,35
  7	 | 	14	 | 	16,76
  9	 | 	11	 | 	2,00
  9	 | 	12	 | 	14,76
  10	 | 	17	 | 	5,00
  14	 | 	19	 | 	12,73
  16	 | 	18	 | 	16,49
  0	 | 	18	 | 	20,62
  9	 | 	18	 | 	5,10
  11	 | 	14	 | 	20,62
  6	 | 	13	 | 	40,25
  11	 | 	16	 | 	11,40
  16	 | 	17	 | 	19,21
  9	 | 	15	 | 	19,31
  8	 | 	12	 | 	43,57
___________________________
Simulation Topology [2:9]
___________________________
From 	  To 		Length
___________________________
  2	 | 	14	 | 	8,49
  3	 | 	19	 | 	29,07
  12	 | 	19	 | 	22,02
  4	 | 	8	 | 	11,05
  9	 | 	13	 | 	16,64
  0	 | 	3	 | 	36,12
  8	 | 	18	 | 	31,14
  0	 | 	11	 | 	16,16
  2	 | 	9	 | 	13,60
  15	 | 	16	 | 	13,60
  14	 | 	17	 | 	28,60
  13	 | 	17	 | 	8,60
  12	 | 	13	 | 	2,24
  10	 | 	19	 | 	14,32
  9	 | 	19	 | 	10,05
  0	 | 	8	 | 	28,02
  0	 | 	16	 | 	9,85
  0	 | 	17	 | 	19,24
  1	 | 	3	 | 	27,46
  1	 | 	15	 | 	8,54
  2	 | 	11	 | 	13,15
  2	 | 	18	 | 	18,25
  3	 | 	17	 | 	28,16
  4	 | 	6	 | 	4,12
  5	 | 	12	 | 	23,77
  5	 | 	13	 | 	24,33
  6	 | 	15	 | 	4,47
  7	 | 	13	 | 	24,35
  7	 | 	14	 | 	16,76
  9	 | 	11	 | 	2,00
  9	 | 	12	 | 	14,76
  10	 | 	17	 | 	5,00
  14	 | 	19	 | 	12,73
  16	 | 	18	 | 	16,49
  0	 | 	18	 | 	20,62
  9	 | 	18	 | 	5,10
  11	 | 	14	 | 	20,62
  6	 | 	13	 | 	40,25
  11	 | 	16	 | 	11,40
  16	 | 	17	 | 	19,21
  9	 | 	15	 | 	19,31
  8	 | 	12	 | 	43,57
  1	 | 	12	 | 	35,61
___________________________
