Simulation Topology 1
___________________________
[20]				[24]		
[11]				[11]		
[26]				[20]		
[6]				[39]		
[25]				[13]		
[17]				[14]		
[15]				[27]		
[0]				[9]		
[17]				[20]		
[16]				[0]		
[37]				[5]		
[26]				[27]		
[4]				[20]		
[31]				[9]		
[5]				[7]		
[22]				[30]		
[18]				[18]		
[28]				[36]		
[1]				[24]		
[21]				[8]		
___________________________
Simulation Topology [1:0]
___________________________
From 	  To 		Length
___________________________
  0	 | 	1	 | 	15,81
  0	 | 	15	 | 	6,32
  1	 | 	5	 | 	6,71
  2	 | 	3	 | 	27,59
  2	 | 	18	 | 	25,32
  3	 | 	10	 | 	46,01
  4	 | 	6	 | 	17,20
  4	 | 	11	 | 	14,04
  5	 | 	7	 | 	17,72
  6	 | 	19	 | 	19,92
  7	 | 	14	 | 	5,39
  8	 | 	12	 | 	13,00
  8	 | 	14	 | 	17,69
  9	 | 	12	 | 	23,32
  9	 | 	16	 | 	18,11
  10	 | 	13	 | 	7,21
  11	 | 	18	 | 	25,18
  13	 | 	15	 | 	22,85
  16	 | 	17	 | 	20,59
  17	 | 	19	 | 	28,86
___________________________
Simulation Topology 2
___________________________
[38]				[2]		
[23]				[20]		
[8]				[22]		
[13]				[28]		
[21]				[0]		
[28]				[35]		
[0]				[30]		
[36]				[39]		
[6]				[38]		
[39]				[14]		
[0]				[9]		
[9]				[2]		
[18]				[8]		
[33]				[35]		
[14]				[32]		
[3]				[30]		
[5]				[20]		
[21]				[11]		
[13]				[14]		
[11]				[14]		
___________________________
Simulation Topology [2:0]
___________________________
From 	  To 		Length
___________________________
  17	 | 	19	 | 	10,44
  16	 | 	17	 | 	18,36
  13	 | 	15	 | 	30,41
  11	 | 	18	 | 	12,65
  10	 | 	13	 | 	42,01
  9	 | 	16	 | 	34,53
  9	 | 	12	 | 	21,84
  8	 | 	14	 | 	10,00
  8	 | 	12	 | 	32,31
  7	 | 	14	 | 	23,09
  0	 | 	2	 | 	36,06
  0	 | 	17	 | 	19,24
  1	 | 	12	 | 	13,00
  1	 | 	17	 | 	9,22
  2	 | 	3	 | 	7,81
  3	 | 	10	 | 	23,02
  4	 | 	11	 | 	12,17
  4	 | 	12	 | 	8,54
  5	 | 	14	 | 	14,32
  5	 | 	15	 | 	25,50
  6	 | 	18	 | 	20,62
  6	 | 	19	 | 	19,42
  7	 | 	8	 | 	30,02
  7	 | 	11	 | 	45,80
  8	 | 	9	 | 	40,80
  9	 | 	14	 | 	30,81
  13	 | 	18	 | 	29,00
  15	 | 	16	 | 	10,20
  16	 | 	19	 | 	8,49
___________________________
