Simulation Topology 1
___________________________
[39]				[15]		
[32]				[28]		
[2]				[38]		
[26]				[39]		
[1]				[5]		
[6]				[10]		
[18]				[8]		
[32]				[16]		
[39]				[11]		
[35]				[22]		
[32]				[26]		
[4]				[35]		
[33]				[2]		
[35]				[24]		
[33]				[18]		
[7]				[38]		
[3]				[19]		
[33]				[14]		
[31]				[37]		
[0]				[39]		
___________________________
Simulation Topology [1:0]
___________________________
From 	  To 		Length
___________________________
  0	 | 	10	 | 	13,04
  0	 | 	12	 | 	14,32
  1	 | 	13	 | 	5,00
  1	 | 	14	 | 	10,05
  2	 | 	5	 | 	28,28
  2	 | 	6	 | 	34,00
  3	 | 	5	 | 	35,23
  3	 | 	17	 | 	25,96
  4	 | 	7	 | 	32,89
  4	 | 	12	 | 	32,14
  6	 | 	15	 | 	31,95
  7	 | 	11	 | 	33,84
  8	 | 	18	 | 	27,20
  8	 | 	19	 | 	48,01
  9	 | 	13	 | 	2,00
  9	 | 	16	 | 	32,14
  10	 | 	17	 | 	12,04
  11	 | 	16	 | 	16,03
  14	 | 	19	 | 	39,12
  15	 | 	18	 | 	24,02
___________________________
Simulation Topology 2
___________________________
[22]				[29]		
[21]				[10]		
[24]				[32]		
[32]				[31]		
[31]				[35]		
[6]				[18]		
[10]				[2]		
[23]				[19]		
[5]				[25]		
[5]				[31]		
[39]				[0]		
[34]				[27]		
[35]				[34]		
[30]				[18]		
[32]				[37]		
[38]				[36]		
[2]				[24]		
[19]				[38]		
[7]				[20]		
[20]				[7]		
___________________________
Simulation Topology [2:0]
___________________________
From 	  To 		Length
___________________________
  15	 | 	18	 | 	34,89
  14	 | 	19	 | 	32,31
  11	 | 	16	 | 	32,14
  10	 | 	17	 | 	42,94
  9	 | 	16	 | 	7,62
  9	 | 	13	 | 	28,18
  8	 | 	19	 | 	23,43
  8	 | 	18	 | 	5,39
  7	 | 	11	 | 	13,60
  6	 | 	15	 | 	44,05
  0	 | 	12	 | 	13,93
  0	 | 	18	 | 	17,49
  1	 | 	9	 | 	26,40
  1	 | 	15	 | 	31,06
  2	 | 	6	 | 	33,11
  2	 | 	10	 | 	35,34
  3	 | 	8	 | 	27,66
  3	 | 	16	 | 	30,81
  4	 | 	8	 | 	27,86
  4	 | 	18	 | 	28,30
  5	 | 	7	 | 	17,03
  5	 | 	14	 | 	32,20
  6	 | 	13	 | 	25,61
  7	 | 	12	 | 	19,21
  9	 | 	19	 | 	28,30
  10	 | 	15	 | 	36,01
  11	 | 	14	 | 	10,20
  11	 | 	19	 | 	24,41
  13	 | 	17	 | 	22,83
  16	 | 	17	 | 	22,02
___________________________
