Simulation Topology 1
___________________________
Simulation Topology 2
___________________________
[7]				[7]		
[2]				[5]		
[9]				[11]		
[9]				[13]		
[6]				[13]		
[7]				[19]		
[7]				[16]		
[3]				[17]		
[7]				[27]		
[5]				[27]		
[6]				[25]		
[5]				[28]		
[3]				[31]		
[9]				[31]		
[3]				[35]		
[7]				[36]		
[4]				[39]		
[0]				[37]		
[7]				[38]		
[18]				[3]		
___________________________
Simulation Topology [2:2]
___________________________
From 	  To 		Length
___________________________
  0	 | 	8	 | 	20,00
  0	 | 	12	 | 	24,33
  1	 | 	2	 | 	9,22
  1	 | 	11	 | 	23,19
  1	 | 	13	 | 	26,93
  2	 | 	7	 | 	8,49
  2	 | 	17	 | 	27,51
  3	 | 	5	 | 	6,32
  3	 | 	8	 | 	14,14
  3	 | 	19	 | 	13,45
  4	 | 	6	 | 	3,16
  4	 | 	10	 | 	12,00
  4	 | 	19	 | 	15,62
  5	 | 	8	 | 	8,00
  5	 | 	17	 | 	19,31
  6	 | 	19	 | 	17,03
  7	 | 	17	 | 	20,22
  9	 | 	10	 | 	2,24
  9	 | 	11	 | 	1,00
  9	 | 	13	 | 	5,66
  10	 | 	12	 | 	6,71
  12	 | 	16	 | 	8,06
  13	 | 	18	 | 	7,28
  14	 | 	16	 | 	4,12
  14	 | 	18	 | 	5,00
  15	 | 	18	 | 	2,00
___________________________
Simulation Topology [2:3]
___________________________
From 	  To 		Length
___________________________
  0	 | 	8	 | 	20,00
  0	 | 	12	 | 	24,33
  1	 | 	2	 | 	9,22
  1	 | 	11	 | 	23,19
  1	 | 	13	 | 	26,93
  2	 | 	7	 | 	8,49
  2	 | 	17	 | 	27,51
  3	 | 	5	 | 	6,32
  3	 | 	8	 | 	14,14
  3	 | 	19	 | 	13,45
  4	 | 	6	 | 	3,16
  4	 | 	10	 | 	12,00
  4	 | 	19	 | 	15,62
  5	 | 	8	 | 	8,00
  5	 | 	17	 | 	19,31
  6	 | 	19	 | 	17,03
  7	 | 	17	 | 	20,22
  9	 | 	10	 | 	2,24
  9	 | 	11	 | 	1,00
  9	 | 	13	 | 	5,66
  10	 | 	12	 | 	6,71
  12	 | 	16	 | 	8,06
  13	 | 	18	 | 	7,28
  14	 | 	16	 | 	4,12
  14	 | 	18	 | 	5,00
  15	 | 	18	 | 	2,00
  7	 | 	15	 | 	19,42
___________________________
Simulation Topology [2:4]
___________________________
From 	  To 		Length
___________________________
  0	 | 	8	 | 	20,00
  0	 | 	12	 | 	24,33
  1	 | 	2	 | 	9,22
  1	 | 	11	 | 	23,19
  1	 | 	13	 | 	26,93
  2	 | 	7	 | 	8,49
  2	 | 	17	 | 	27,51
  3	 | 	5	 | 	6,32
  3	 | 	8	 | 	14,14
  3	 | 	19	 | 	13,45
  4	 | 	6	 | 	3,16
  4	 | 	10	 | 	12,00
  4	 | 	19	 | 	15,62
  5	 | 	8	 | 	8,00
  5	 | 	17	 | 	19,31
  6	 | 	19	 | 	17,03
  7	 | 	17	 | 	20,22
  9	 | 	10	 | 	2,24
  9	 | 	11	 | 	1,00
  9	 | 	13	 | 	5,66
  10	 | 	12	 | 	6,71
  12	 | 	16	 | 	8,06
  13	 | 	18	 | 	7,28
  14	 | 	16	 | 	4,12
  14	 | 	18	 | 	5,00
  15	 | 	18	 | 	2,00
  7	 | 	15	 | 	19,42
  6	 | 	16	 | 	23,19
___________________________
