Simulation Topology 1
___________________________
[9]				[9]		
[0]				[9]		
[2]				[4]		
[6]				[5]		
[8]				[5]		
___________________________
Simulation Topology [1:0]
___________________________
From 	  To 		Length
___________________________
  0	 | 	2	 | 	8,60
  0	 | 	3	 | 	5,00
  1	 | 	2	 | 	5,39
  1	 | 	4	 | 	8,94
  3	 | 	4	 | 	2,00
___________________________
Simulation Topology 2
___________________________
[9]				[1]		
[1]				[1]		
[1]				[7]		
[4]				[4]		
[1]				[4]		
___________________________
Simulation Topology [2:0]
___________________________
From 	  To 		Length
___________________________
  3	 | 	4	 | 	3,00
  1	 | 	4	 | 	3,00
  0	 | 	2	 | 	10,00
  0	 | 	4	 | 	8,54
  1	 | 	2	 | 	6,00
  1	 | 	3	 | 	4,24
___________________________
