Simulation Topology 1
___________________________
[5]				[5]		
[25]				[34]		
[10]				[4]		
[11]				[31]		
[19]				[6]		
[15]				[39]		
[14]				[20]		
[3]				[7]		
[34]				[37]		
[6]				[16]		
[30]				[22]		
[31]				[35]		
[26]				[24]		
[1]				[15]		
[20]				[34]		
[2]				[0]		
[2]				[29]		
[11]				[16]		
[29]				[24]		
[30]				[15]		
___________________________
Simulation Topology [1:0]
___________________________
From 	  To 		Length
___________________________
  0	 | 	4	 | 	14,04
  0	 | 	15	 | 	5,83
  1	 | 	9	 | 	26,17
  1	 | 	14	 | 	5,00
  2	 | 	6	 | 	16,49
  2	 | 	14	 | 	31,62
  3	 | 	7	 | 	25,30
  3	 | 	17	 | 	15,00
  4	 | 	12	 | 	19,31
  5	 | 	8	 | 	19,10
  5	 | 	18	 | 	20,52
  6	 | 	15	 | 	23,32
  7	 | 	16	 | 	22,02
  8	 | 	11	 | 	3,61
  9	 | 	16	 | 	13,60
  10	 | 	11	 | 	13,04
  10	 | 	12	 | 	4,47
  13	 | 	17	 | 	10,05
  13	 | 	19	 | 	29,00
  18	 | 	19	 | 	9,06
___________________________
Simulation Topology 2
___________________________
[5]				[22]		
[0]				[32]		
[26]				[26]		
[8]				[9]		
[22]				[27]		
[12]				[7]		
[12]				[31]		
[10]				[39]		
[1]				[15]		
[20]				[21]		
[33]				[38]		
[11]				[29]		
[20]				[25]		
[24]				[38]		
[39]				[22]		
[18]				[31]		
[2]				[7]		
[11]				[21]		
[9]				[23]		
[29]				[20]		
___________________________
Simulation Topology [2:0]
___________________________
From 	  To 		Length
___________________________
  18	 | 	19	 | 	20,22
  13	 | 	19	 | 	18,68
  13	 | 	17	 | 	21,40
  10	 | 	12	 | 	18,38
  10	 | 	11	 | 	23,77
  9	 | 	16	 | 	22,80
  8	 | 	11	 | 	17,20
  7	 | 	16	 | 	32,98
  6	 | 	15	 | 	6,00
  5	 | 	18	 | 	16,28
  0	 | 	4	 | 	17,72
  0	 | 	12	 | 	15,30
  1	 | 	2	 | 	26,68
  1	 | 	7	 | 	12,21
  2	 | 	17	 | 	15,81
  3	 | 	10	 | 	38,29
  3	 | 	16	 | 	6,32
  4	 | 	7	 | 	16,97
  5	 | 	6	 | 	24,00
  5	 | 	10	 | 	37,44
  6	 | 	12	 | 	10,00
  8	 | 	15	 | 	23,35
  8	 | 	18	 | 	11,31
  9	 | 	14	 | 	19,03
  9	 | 	15	 | 	10,20
  11	 | 	16	 | 	23,77
  11	 | 	19	 | 	20,12
  13	 | 	18	 | 	21,21
  14	 | 	19	 | 	10,20
___________________________
