Simulation Topology 1
___________________________
[2]				[12]		
[36]				[9]		
[1]				[31]		
[1]				[34]		
[0]				[25]		
[26]				[14]		
[19]				[34]		
[29]				[21]		
[25]				[19]		
[21]				[5]		
[32]				[25]		
[31]				[31]		
[17]				[17]		
[24]				[38]		
[38]				[17]		
[8]				[15]		
[25]				[28]		
[9]				[25]		
[16]				[37]		
[32]				[33]		
___________________________
Simulation Topology [1:0]
___________________________
From 	  To 		Length
___________________________
  0	 | 	6	 | 	27,80
  0	 | 	12	 | 	15,81
  1	 | 	3	 | 	43,01
  1	 | 	19	 | 	24,33
  2	 | 	15	 | 	17,46
  2	 | 	19	 | 	31,06
  3	 | 	16	 | 	24,74
  4	 | 	11	 | 	31,58
  4	 | 	18	 | 	20,00
  5	 | 	7	 | 	7,62
  5	 | 	13	 | 	24,08
  6	 | 	18	 | 	4,24
  7	 | 	17	 | 	20,40
  8	 | 	9	 | 	14,56
  8	 | 	15	 | 	17,46
  9	 | 	10	 | 	22,83
  10	 | 	13	 | 	15,26
  11	 | 	14	 | 	15,65
  12	 | 	16	 | 	13,60
  14	 | 	17	 | 	30,08
___________________________
Simulation Topology 2
___________________________
[9]				[18]		
[13]				[32]		
[36]				[33]		
[28]				[30]		
[13]				[30]		
[22]				[14]		
[12]				[1]		
[6]				[7]		
[36]				[13]		
[12]				[27]		
[15]				[27]		
[32]				[30]		
[0]				[34]		
[9]				[14]		
[8]				[32]		
[28]				[7]		
[32]				[10]		
[26]				[2]		
[27]				[20]		
[39]				[12]		
___________________________
Simulation Topology [2:0]
___________________________
From 	  To 		Length
___________________________
  14	 | 	17	 | 	34,99
  12	 | 	16	 | 	40,00
  11	 | 	14	 | 	24,08
  10	 | 	13	 | 	14,32
  9	 | 	10	 | 	3,00
  8	 | 	15	 | 	10,00
  8	 | 	9	 | 	27,78
  7	 | 	17	 | 	20,62
  6	 | 	18	 | 	24,21
  5	 | 	13	 | 	13,00
  0	 | 	3	 | 	22,47
  0	 | 	14	 | 	14,04
  1	 | 	13	 | 	18,44
  1	 | 	18	 | 	18,44
  2	 | 	6	 | 	40,00
  2	 | 	15	 | 	27,20
  3	 | 	9	 | 	16,28
  4	 | 	9	 | 	3,16
  4	 | 	11	 | 	19,00
  5	 | 	7	 | 	17,46
  5	 | 	19	 | 	17,12
  6	 | 	8	 | 	26,83
  7	 | 	15	 | 	22,00
  8	 | 	17	 | 	14,87
  10	 | 	12	 | 	16,55
  10	 | 	16	 | 	24,04
  11	 | 	18	 | 	11,18
  12	 | 	14	 | 	8,25
  13	 | 	17	 | 	20,81
  16	 | 	19	 | 	7,28
___________________________
