Simulation Topology 1
___________________________
[8]				[3]		
[5]				[0]		
[0]				[5]		
[6]				[6]		
[3]				[6]		
[9]				[6]		
[4]				[8]		
[8]				[9]		
[2]				[9]		
[2]				[13]		
[7]				[13]		
[7]				[15]		
[8]				[20]		
[7]				[36]		
[4]				[36]		
[0]				[36]		
[11]				[2]		
[14]				[1]		
[16]				[3]		
[18]				[9]		
___________________________
Simulation Topology [1:4]
___________________________
From 	  To 		Length
___________________________
  0	 | 	1	 | 	4,24
  0	 | 	9	 | 	11,66
  0	 | 	14	 | 	33,24
  1	 | 	5	 | 	7,21
  1	 | 	15	 | 	36,35
  2	 | 	4	 | 	3,16
  2	 | 	9	 | 	8,25
  2	 | 	18	 | 	16,12
  3	 | 	5	 | 	3,00
  3	 | 	15	 | 	30,59
  3	 | 	16	 | 	6,40
  4	 | 	14	 | 	30,02
  4	 | 	19	 | 	15,30
  5	 | 	8	 | 	7,62
  6	 | 	8	 | 	2,24
  6	 | 	11	 | 	7,62
  6	 | 	17	 | 	12,21
  7	 | 	13	 | 	27,02
  7	 | 	15	 | 	28,16
  7	 | 	16	 | 	7,62
  8	 | 	11	 | 	7,81
  9	 | 	18	 | 	17,20
  10	 | 	12	 | 	7,07
  10	 | 	19	 | 	11,70
  11	 | 	18	 | 	15,00
  12	 | 	13	 | 	16,03
  12	 | 	17	 | 	19,92
  13	 | 	16	 | 	34,23
  14	 | 	19	 | 	30,41
___________________________
Simulation Topology [1:5]
___________________________
From 	  To 		Length
___________________________
  0	 | 	1	 | 	4,24
  0	 | 	9	 | 	11,66
  0	 | 	14	 | 	33,24
  1	 | 	5	 | 	7,21
  1	 | 	15	 | 	36,35
  2	 | 	4	 | 	3,16
  2	 | 	9	 | 	8,25
  2	 | 	18	 | 	16,12
  3	 | 	5	 | 	3,00
  3	 | 	15	 | 	30,59
  3	 | 	16	 | 	6,40
  4	 | 	14	 | 	30,02
  4	 | 	19	 | 	15,30
  5	 | 	8	 | 	7,62
  6	 | 	8	 | 	2,24
  6	 | 	11	 | 	7,62
  6	 | 	17	 | 	12,21
  7	 | 	13	 | 	27,02
  7	 | 	15	 | 	28,16
  7	 | 	16	 | 	7,62
  8	 | 	11	 | 	7,81
  9	 | 	18	 | 	17,20
  10	 | 	12	 | 	7,07
  10	 | 	19	 | 	11,70
  11	 | 	18	 | 	15,00
  12	 | 	13	 | 	16,03
  12	 | 	17	 | 	19,92
  13	 | 	16	 | 	34,23
  14	 | 	19	 | 	30,41
___________________________
Simulation Topology 2
___________________________
[3]				[1]		
[6]				[1]		
[1]				[1]		
[5]				[6]		
[6]				[8]		
[8]				[10]		
[4]				[10]		
[3]				[15]		
[7]				[12]		
[6]				[23]		
[8]				[26]		
[7]				[28]		
[4]				[31]		
[7]				[35]		
[4]				[37]		
[16]				[3]		
[11]				[3]		
[11]				[0]		
[14]				[6]		
[18]				[16]		
___________________________
Simulation Topology [2:0]
___________________________
From 	  To 		Length
___________________________
  14	 | 	19	 | 	25,24
  13	 | 	16	 | 	32,25
  12	 | 	17	 | 	31,78
  12	 | 	13	 | 	5,00
  11	 | 	18	 | 	23,09
  10	 | 	19	 | 	14,14
  10	 | 	12	 | 	6,40
  9	 | 	18	 | 	18,79
  8	 | 	11	 | 	16,00
  7	 | 	16	 | 	14,42
  7	 | 	15	 | 	17,69
  7	 | 	13	 | 	20,40
  6	 | 	17	 | 	12,21
  6	 | 	11	 | 	18,25
  0	 | 	1	 | 	3,00
  0	 | 	6	 | 	9,06
  0	 | 	18	 | 	12,08
  1	 | 	6	 | 	9,22
  1	 | 	8	 | 	11,05
  2	 | 	4	 | 	8,60
  2	 | 	13	 | 	34,53
  3	 | 	7	 | 	9,22
  3	 | 	15	 | 	11,40
  3	 | 	18	 | 	9,00
  4	 | 	13	 | 	27,02
  4	 | 	15	 | 	11,18
  5	 | 	17	 | 	10,44
  5	 | 	18	 | 	7,21
  7	 | 	9	 | 	8,54
  7	 | 	11	 | 	13,60
  8	 | 	9	 | 	11,05
  8	 | 	19	 | 	11,70
  9	 | 	19	 | 	13,89
  10	 | 	11	 | 	2,24
  10	 | 	15	 | 	24,35
  11	 | 	12	 | 	4,24
  12	 | 	14	 | 	6,00
  13	 | 	17	 | 	35,23
  14	 | 	16	 | 	34,71
  16	 | 	17	 | 	3,00
___________________________
Simulation Topology [2:1]
___________________________
From 	  To 		Length
___________________________
  14	 | 	19	 | 	25,24
  13	 | 	16	 | 	32,25
  12	 | 	17	 | 	31,78
  12	 | 	13	 | 	5,00
  11	 | 	18	 | 	23,09
  10	 | 	19	 | 	14,14
  10	 | 	12	 | 	6,40
  9	 | 	18	 | 	18,79
  8	 | 	11	 | 	16,00
  7	 | 	16	 | 	14,42
  7	 | 	15	 | 	17,69
  7	 | 	13	 | 	20,40
  6	 | 	17	 | 	12,21
  6	 | 	11	 | 	18,25
  0	 | 	1	 | 	3,00
  0	 | 	6	 | 	9,06
  0	 | 	18	 | 	12,08
  1	 | 	6	 | 	9,22
  1	 | 	8	 | 	11,05
  2	 | 	4	 | 	8,60
  2	 | 	13	 | 	34,53
  3	 | 	7	 | 	9,22
  3	 | 	15	 | 	11,40
  3	 | 	18	 | 	9,00
  4	 | 	13	 | 	27,02
  4	 | 	15	 | 	11,18
  5	 | 	17	 | 	10,44
  5	 | 	18	 | 	7,21
  7	 | 	9	 | 	8,54
  7	 | 	11	 | 	13,60
  8	 | 	9	 | 	11,05
  8	 | 	19	 | 	11,70
  9	 | 	19	 | 	13,89
  10	 | 	11	 | 	2,24
  10	 | 	15	 | 	24,35
  11	 | 	12	 | 	4,24
  12	 | 	14	 | 	6,00
  13	 | 	17	 | 	35,23
  14	 | 	16	 | 	34,71
  16	 | 	17	 | 	3,00
  6	 | 	14	 | 	27,00
___________________________
Simulation Topology [2:2]
___________________________
From 	  To 		Length
___________________________
  14	 | 	19	 | 	25,24
  13	 | 	16	 | 	32,25
  12	 | 	17	 | 	31,78
  12	 | 	13	 | 	5,00
  11	 | 	18	 | 	23,09
  10	 | 	19	 | 	14,14
  10	 | 	12	 | 	6,40
  9	 | 	18	 | 	18,79
  8	 | 	11	 | 	16,00
  7	 | 	16	 | 	14,42
  7	 | 	15	 | 	17,69
  7	 | 	13	 | 	20,40
  6	 | 	17	 | 	12,21
  6	 | 	11	 | 	18,25
  0	 | 	1	 | 	3,00
  0	 | 	6	 | 	9,06
  0	 | 	18	 | 	12,08
  1	 | 	6	 | 	9,22
  1	 | 	8	 | 	11,05
  2	 | 	4	 | 	8,60
  2	 | 	13	 | 	34,53
  3	 | 	7	 | 	9,22
  3	 | 	15	 | 	11,40
  3	 | 	18	 | 	9,00
  4	 | 	13	 | 	27,02
  4	 | 	15	 | 	11,18
  5	 | 	17	 | 	10,44
  5	 | 	18	 | 	7,21
  7	 | 	9	 | 	8,54
  7	 | 	11	 | 	13,60
  8	 | 	9	 | 	11,05
  8	 | 	19	 | 	11,70
  9	 | 	19	 | 	13,89
  10	 | 	11	 | 	2,24
  10	 | 	15	 | 	24,35
  11	 | 	12	 | 	4,24
  12	 | 	14	 | 	6,00
  13	 | 	17	 | 	35,23
  14	 | 	16	 | 	34,71
  16	 | 	17	 | 	3,00
  6	 | 	14	 | 	27,00
  2	 | 	16	 | 	10,20
___________________________
Simulation Topology [2:3]
___________________________
From 	  To 		Length
___________________________
  14	 | 	19	 | 	25,24
  13	 | 	16	 | 	32,25
  12	 | 	17	 | 	31,78
  12	 | 	13	 | 	5,00
  11	 | 	18	 | 	23,09
  10	 | 	19	 | 	14,14
  10	 | 	12	 | 	6,40
  9	 | 	18	 | 	18,79
  8	 | 	11	 | 	16,00
  7	 | 	16	 | 	14,42
  7	 | 	15	 | 	17,69
  7	 | 	13	 | 	20,40
  6	 | 	17	 | 	12,21
  6	 | 	11	 | 	18,25
  0	 | 	1	 | 	3,00
  0	 | 	6	 | 	9,06
  0	 | 	18	 | 	12,08
  1	 | 	6	 | 	9,22
  1	 | 	8	 | 	11,05
  2	 | 	4	 | 	8,60
  2	 | 	13	 | 	34,53
  3	 | 	7	 | 	9,22
  3	 | 	15	 | 	11,40
  3	 | 	18	 | 	9,00
  4	 | 	13	 | 	27,02
  4	 | 	15	 | 	11,18
  5	 | 	17	 | 	10,44
  5	 | 	18	 | 	7,21
  7	 | 	9	 | 	8,54
  7	 | 	11	 | 	13,60
  8	 | 	9	 | 	11,05
  8	 | 	19	 | 	11,70
  9	 | 	19	 | 	13,89
  10	 | 	11	 | 	2,24
  10	 | 	15	 | 	24,35
  11	 | 	12	 | 	4,24
  12	 | 	14	 | 	6,00
  13	 | 	17	 | 	35,23
  14	 | 	16	 | 	34,71
  16	 | 	17	 | 	3,00
  6	 | 	14	 | 	27,00
  2	 | 	16	 | 	10,20
  5	 | 	19	 | 	11,66
___________________________
Simulation Topology [2:4]
___________________________
From 	  To 		Length
___________________________
  14	 | 	19	 | 	25,24
  13	 | 	16	 | 	32,25
  12	 | 	17	 | 	31,78
  12	 | 	13	 | 	5,00
  11	 | 	18	 | 	23,09
  10	 | 	19	 | 	14,14
  10	 | 	12	 | 	6,40
  9	 | 	18	 | 	18,79
  8	 | 	11	 | 	16,00
  7	 | 	16	 | 	14,42
  7	 | 	15	 | 	17,69
  7	 | 	13	 | 	20,40
  6	 | 	17	 | 	12,21
  6	 | 	11	 | 	18,25
  0	 | 	1	 | 	3,00
  0	 | 	6	 | 	9,06
  0	 | 	18	 | 	12,08
  1	 | 	6	 | 	9,22
  1	 | 	8	 | 	11,05
  2	 | 	4	 | 	8,60
  2	 | 	13	 | 	34,53
  3	 | 	7	 | 	9,22
  3	 | 	15	 | 	11,40
  3	 | 	18	 | 	9,00
  4	 | 	13	 | 	27,02
  4	 | 	15	 | 	11,18
  5	 | 	17	 | 	10,44
  5	 | 	18	 | 	7,21
  7	 | 	9	 | 	8,54
  7	 | 	11	 | 	13,60
  8	 | 	9	 | 	11,05
  8	 | 	19	 | 	11,70
  9	 | 	19	 | 	13,89
  10	 | 	11	 | 	2,24
  10	 | 	15	 | 	24,35
  11	 | 	12	 | 	4,24
  12	 | 	14	 | 	6,00
  13	 | 	17	 | 	35,23
  14	 | 	16	 | 	34,71
  16	 | 	17	 | 	3,00
  6	 | 	14	 | 	27,00
  2	 | 	16	 | 	10,20
  5	 | 	19	 | 	11,66
___________________________
