Simulation Topology 1
___________________________
[32]				[21]		
[5]				[34]		
[9]				[18]		
[5]				[1]		
[36]				[32]		
[8]				[35]		
[30]				[28]		
[25]				[29]		
[2]				[31]		
[5]				[23]		
[23]				[27]		
[16]				[35]		
[19]				[35]		
[17]				[6]		
[5]				[30]		
[28]				[26]		
[13]				[30]		
[3]				[25]		
[8]				[30]		
[8]				[8]		
___________________________
Simulation Topology [1:0]
___________________________
From 	  To 		Length
___________________________
  0	 | 	2	 | 	23,19
  0	 | 	4	 | 	11,70
  1	 | 	9	 | 	11,00
  1	 | 	18	 | 	5,00
  2	 | 	11	 | 	18,38
  3	 | 	12	 | 	36,77
  3	 | 	17	 | 	24,08
  4	 | 	13	 | 	32,20
  5	 | 	12	 | 	11,00
  5	 | 	15	 | 	21,93
  6	 | 	14	 | 	25,08
  6	 | 	16	 | 	17,12
  7	 | 	8	 | 	23,09
  7	 | 	13	 | 	24,35
  8	 | 	18	 | 	6,08
  9	 | 	15	 | 	23,19
  10	 | 	17	 | 	20,10
  10	 | 	19	 | 	24,21
  11	 | 	16	 | 	5,83
  14	 | 	19	 | 	22,20
___________________________
Simulation Topology 2
___________________________
[28]				[19]		
[32]				[30]		
[12]				[25]		
[22]				[26]		
[11]				[19]		
[7]				[38]		
[12]				[34]		
[25]				[11]		
[11]				[3]		
[29]				[16]		
[2]				[17]		
[31]				[33]		
[29]				[30]		
[17]				[3]		
[25]				[16]		
[10]				[24]		
[4]				[36]		
[39]				[3]		
[15]				[7]		
[4]				[27]		
___________________________
Simulation Topology [2:0]
___________________________
From 	  To 		Length
___________________________
  14	 | 	19	 | 	23,71
  11	 | 	16	 | 	27,17
  10	 | 	19	 | 	10,20
  10	 | 	17	 | 	39,56
  9	 | 	15	 | 	20,62
  8	 | 	18	 | 	5,66
  7	 | 	13	 | 	11,31
  7	 | 	8	 | 	16,12
  6	 | 	16	 | 	8,25
  6	 | 	14	 | 	22,20
  0	 | 	1	 | 	11,70
  0	 | 	19	 | 	25,30
  1	 | 	9	 | 	14,32
  2	 | 	11	 | 	20,62
  2	 | 	16	 | 	13,60
  3	 | 	10	 | 	21,93
  3	 | 	16	 | 	20,59
  4	 | 	8	 | 	16,00
  4	 | 	15	 | 	5,10
  5	 | 	9	 | 	31,11
  5	 | 	13	 | 	36,40
  6	 | 	7	 | 	26,42
  10	 | 	18	 | 	16,40
  11	 | 	19	 | 	27,66
  12	 | 	15	 | 	19,92
  12	 | 	17	 | 	28,79
  14	 | 	17	 | 	19,10
___________________________
