Simulation Topology 1
___________________________
[7]				[21]		
[15]				[2]		
[7]				[2]		
[6]				[4]		
[30]				[4]		
[34]				[36]		
[32]				[9]		
[36]				[33]		
[2]				[4]		
[11]				[2]		
[28]				[11]		
[25]				[9]		
[3]				[17]		
[3]				[23]		
[20]				[23]		
[33]				[15]		
[38]				[38]		
[28]				[8]		
[10]				[22]		
[33]				[19]		
___________________________
Simulation Topology [1:0]
___________________________
From 	  To 		Length
___________________________
  0	 | 	3	 | 	17,03
  0	 | 	9	 | 	19,42
  1	 | 	5	 | 	38,95
  1	 | 	15	 | 	22,20
  2	 | 	10	 | 	22,85
  2	 | 	18	 | 	20,22
  3	 | 	4	 | 	24,00
  4	 | 	7	 | 	29,61
  5	 | 	12	 | 	36,36
  6	 | 	8	 | 	30,41
  6	 | 	10	 | 	4,47
  7	 | 	14	 | 	18,87
  8	 | 	11	 | 	23,54
  9	 | 	17	 | 	18,03
  11	 | 	13	 | 	26,08
  12	 | 	19	 | 	30,07
  13	 | 	17	 | 	29,15
  14	 | 	15	 | 	15,26
  16	 | 	18	 | 	32,25
  16	 | 	19	 | 	19,65
___________________________
Simulation Topology 2
___________________________
[31]				[28]		
[2]				[34]		
[11]				[12]		
[39]				[12]		
[39]				[1]		
[29]				[34]		
[7]				[35]		
[38]				[18]		
[20]				[29]		
[24]				[15]		
[7]				[9]		
[18]				[8]		
[8]				[22]		
[26]				[14]		
[35]				[36]		
[37]				[1]		
[18]				[3]		
[23]				[11]		
[8]				[16]		
[26]				[34]		
___________________________
Simulation Topology [2:0]
___________________________
From 	  To 		Length
___________________________
  16	 | 	19	 | 	32,02
  16	 | 	18	 | 	16,40
  14	 | 	15	 | 	35,06
  13	 | 	17	 | 	4,24
  12	 | 	19	 | 	21,63
  11	 | 	13	 | 	10,00
  9	 | 	17	 | 	4,12
  8	 | 	11	 | 	21,10
  7	 | 	14	 | 	18,25
  6	 | 	10	 | 	26,00
  0	 | 	2	 | 	25,61
  0	 | 	12	 | 	23,77
  1	 | 	11	 | 	30,53
  1	 | 	19	 | 	24,00
  2	 | 	5	 | 	28,43
  3	 | 	8	 | 	25,50
  3	 | 	9	 | 	15,30
  4	 | 	6	 | 	46,69
  4	 | 	18	 | 	34,44
  5	 | 	18	 | 	27,66
  6	 | 	15	 | 	45,34
  7	 | 	11	 | 	22,36
  7	 | 	13	 | 	12,65
  8	 | 	14	 | 	16,55
  9	 | 	10	 | 	18,03
  10	 | 	17	 | 	16,12
  12	 | 	16	 | 	21,47
  13	 | 	15	 | 	17,03
  14	 | 	16	 | 	37,12
  17	 | 	19	 | 	23,19
___________________________
