Simulation Topology 1
___________________________
[4]				[34]		
[31]				[1]		
[0]				[15]		
[4]				[39]		
[28]				[26]		
[1]				[39]		
[35]				[17]		
[22]				[32]		
[39]				[9]		
[0]				[9]		
[11]				[37]		
[14]				[31]		
[10]				[12]		
[38]				[36]		
[22]				[1]		
[21]				[6]		
[14]				[14]		
[29]				[20]		
[20]				[25]		
[36]				[32]		
___________________________
Simulation Topology [1:0]
___________________________
From 	  To 		Length
___________________________
  0	 | 	4	 | 	25,30
  0	 | 	8	 | 	43,01
  1	 | 	3	 | 	46,62
  1	 | 	15	 | 	11,18
  2	 | 	7	 | 	27,80
  2	 | 	12	 | 	10,44
  3	 | 	8	 | 	46,10
  4	 | 	17	 | 	6,08
  5	 | 	6	 | 	40,50
  5	 | 	14	 | 	43,42
  6	 | 	12	 | 	25,50
  7	 | 	19	 | 	14,00
  9	 | 	10	 | 	30,08
  9	 | 	16	 | 	14,87
  10	 | 	13	 | 	27,02
  11	 | 	18	 | 	8,49
  11	 | 	19	 | 	22,02
  13	 | 	18	 | 	21,10
  14	 | 	17	 | 	20,25
  15	 | 	16	 | 	10,63
___________________________
Simulation Topology 2
___________________________
[29]				[16]		
[21]				[24]		
[22]				[0]		
[26]				[35]		
[0]				[17]		
[29]				[23]		
[6]				[22]		
[34]				[1]		
[22]				[31]		
[8]				[2]		
[7]				[27]		
[33]				[38]		
[0]				[24]		
[26]				[24]		
[15]				[11]		
[0]				[8]		
[21]				[16]		
[33]				[31]		
[12]				[16]		
[7]				[29]		
___________________________
Simulation Topology [2:0]
___________________________
From 	  To 		Length
___________________________
  15	 | 	16	 | 	22,47
  14	 | 	17	 | 	26,91
  13	 | 	18	 | 	16,12
  11	 | 	19	 | 	27,51
  11	 | 	18	 | 	30,41
  10	 | 	13	 | 	19,24
  9	 | 	16	 | 	19,10
  9	 | 	10	 | 	25,02
  7	 | 	19	 | 	38,90
  6	 | 	12	 | 	6,32
  0	 | 	7	 | 	15,81
  0	 | 	10	 | 	24,60
  1	 | 	7	 | 	26,42
  1	 | 	9	 | 	25,55
  2	 | 	3	 | 	35,23
  2	 | 	5	 | 	24,04
  3	 | 	16	 | 	19,65
  4	 | 	12	 | 	7,00
  4	 | 	18	 | 	12,04
  5	 | 	11	 | 	15,52
  6	 | 	15	 | 	15,23
  6	 | 	16	 | 	16,16
  8	 | 	13	 | 	8,06
  8	 | 	14	 | 	21,19
  9	 | 	18	 | 	14,56
  10	 | 	15	 | 	20,25
  11	 | 	14	 | 	32,45
  12	 | 	17	 | 	33,73
  13	 | 	19	 | 	19,65
  17	 | 	19	 | 	26,08
___________________________
