Simulation Topology 1
___________________________
[4]				[7]		
[6]				[23]		
[4]				[37]		
[1]				[16]		
[1]				[27]		
[9]				[39]		
[1]				[35]		
[8]				[18]		
[10]				[16]		
[1]				[5]		
[4]				[32]		
[5]				[35]		
[6]				[2]		
[9]				[0]		
[9]				[33]		
[2]				[0]		
[6]				[4]		
[5]				[18]		
[9]				[35]		
[25]				[5]		
___________________________
Simulation Topology [1:0]
___________________________
From 	  To 		Length
___________________________
  0	 | 	3	 | 	9,49
  0	 | 	8	 | 	10,82
  0	 | 	19	 | 	21,10
  1	 | 	2	 | 	14,14
  1	 | 	18	 | 	12,37
  2	 | 	11	 | 	2,24
  3	 | 	16	 | 	13,00
  4	 | 	6	 | 	8,00
  4	 | 	9	 | 	22,00
  5	 | 	8	 | 	23,02
  5	 | 	13	 | 	39,00
  6	 | 	16	 | 	31,40
  7	 | 	10	 | 	14,56
  7	 | 	18	 | 	17,03
  9	 | 	14	 | 	29,12
  10	 | 	15	 | 	32,06
  11	 | 	12	 | 	33,02
  12	 | 	17	 | 	16,03
  13	 | 	17	 | 	18,44
  14	 | 	15	 | 	33,73
___________________________
Simulation Topology 2
___________________________
