Simulation Topology 1
___________________________
[1]				[10]		
[5]				[8]		
[7]				[9]		
[9]				[9]		
[3]				[13]		
[8]				[13]		
[5]				[19]		
[3]				[16]		
[5]				[22]		
[0]				[22]		
[3]				[23]		
[1]				[26]		
[8]				[24]		
[1]				[24]		
[4]				[25]		
[6]				[30]		
[2]				[30]		
[4]				[35]		
[6]				[34]		
[8]				[33]		
___________________________
Simulation Topology [1:3]
___________________________
From 	  To 		Length
___________________________
  0	 | 	4	 | 	3,61
  0	 | 	5	 | 	7,62
  0	 | 	7	 | 	6,32
  1	 | 	2	 | 	2,24
  1	 | 	3	 | 	4,12
  1	 | 	7	 | 	8,25
  2	 | 	3	 | 	2,00
  3	 | 	13	 | 	17,00
  4	 | 	6	 | 	6,32
  4	 | 	7	 | 	3,00
  5	 | 	10	 | 	11,18
  5	 | 	19	 | 	20,00
  6	 | 	8	 | 	3,00
  6	 | 	12	 | 	5,83
  8	 | 	14	 | 	3,16
  9	 | 	10	 | 	3,16
  9	 | 	13	 | 	2,24
  9	 | 	15	 | 	10,00
  10	 | 	11	 | 	3,61
  11	 | 	12	 | 	7,28
  11	 | 	13	 | 	2,00
  12	 | 	14	 | 	4,12
  14	 | 	19	 | 	8,94
  15	 | 	17	 | 	5,39
  15	 | 	18	 | 	4,00
  16	 | 	18	 | 	5,66
  16	 | 	19	 | 	6,71
  17	 | 	18	 | 	2,24
___________________________
Simulation Topology [1:4]
___________________________
From 	  To 		Length
___________________________
  0	 | 	4	 | 	3,61
  0	 | 	5	 | 	7,62
  0	 | 	7	 | 	6,32
  1	 | 	2	 | 	2,24
  1	 | 	3	 | 	4,12
  1	 | 	7	 | 	8,25
  2	 | 	3	 | 	2,00
  3	 | 	13	 | 	17,00
  4	 | 	6	 | 	6,32
  4	 | 	7	 | 	3,00
  5	 | 	10	 | 	11,18
  5	 | 	19	 | 	20,00
  6	 | 	8	 | 	3,00
  6	 | 	12	 | 	5,83
  8	 | 	14	 | 	3,16
  9	 | 	10	 | 	3,16
  9	 | 	13	 | 	2,24
  9	 | 	15	 | 	10,00
  10	 | 	11	 | 	3,61
  11	 | 	12	 | 	7,28
  11	 | 	13	 | 	2,00
  12	 | 	14	 | 	4,12
  14	 | 	19	 | 	8,94
  15	 | 	17	 | 	5,39
  15	 | 	18	 | 	4,00
  16	 | 	18	 | 	5,66
  16	 | 	19	 | 	6,71
  17	 | 	18	 | 	2,24
  8	 | 	16	 | 	8,54
___________________________
Simulation Topology [1:5]
___________________________
From 	  To 		Length
___________________________
  0	 | 	4	 | 	3,61
  0	 | 	5	 | 	7,62
  0	 | 	7	 | 	6,32
  1	 | 	2	 | 	2,24
  1	 | 	3	 | 	4,12
  1	 | 	7	 | 	8,25
  2	 | 	3	 | 	2,00
  3	 | 	13	 | 	17,00
  4	 | 	6	 | 	6,32
  4	 | 	7	 | 	3,00
  5	 | 	10	 | 	11,18
  5	 | 	19	 | 	20,00
  6	 | 	8	 | 	3,00
  6	 | 	12	 | 	5,83
  8	 | 	14	 | 	3,16
  9	 | 	10	 | 	3,16
  9	 | 	13	 | 	2,24
  9	 | 	15	 | 	10,00
  10	 | 	11	 | 	3,61
  11	 | 	12	 | 	7,28
  11	 | 	13	 | 	2,00
  12	 | 	14	 | 	4,12
  14	 | 	19	 | 	8,94
  15	 | 	17	 | 	5,39
  15	 | 	18	 | 	4,00
  16	 | 	18	 | 	5,66
  16	 | 	19	 | 	6,71
  17	 | 	18	 | 	2,24
  8	 | 	16	 | 	8,54
  2	 | 	17	 | 	26,17
___________________________
Simulation Topology [1:6]
___________________________
From 	  To 		Length
___________________________
  0	 | 	4	 | 	3,61
  0	 | 	5	 | 	7,62
  0	 | 	7	 | 	6,32
  1	 | 	2	 | 	2,24
  1	 | 	3	 | 	4,12
  1	 | 	7	 | 	8,25
  2	 | 	3	 | 	2,00
  3	 | 	13	 | 	17,00
  4	 | 	6	 | 	6,32
  4	 | 	7	 | 	3,00
  5	 | 	10	 | 	11,18
  5	 | 	19	 | 	20,00
  6	 | 	8	 | 	3,00
  6	 | 	12	 | 	5,83
  8	 | 	14	 | 	3,16
  9	 | 	10	 | 	3,16
  9	 | 	13	 | 	2,24
  9	 | 	15	 | 	10,00
  10	 | 	11	 | 	3,61
  11	 | 	12	 | 	7,28
  11	 | 	13	 | 	2,00
  12	 | 	14	 | 	4,12
  14	 | 	19	 | 	8,94
  15	 | 	17	 | 	5,39
  15	 | 	18	 | 	4,00
  16	 | 	18	 | 	5,66
  16	 | 	19	 | 	6,71
  17	 | 	18	 | 	2,24
  8	 | 	16	 | 	8,54
  2	 | 	17	 | 	26,17
___________________________
Simulation Topology 2
___________________________
[6]				[3]		
[3]				[1]		
[6]				[13]		
[1]				[15]		
[4]				[14]		
[3]				[18]		
[7]				[19]		
[0]				[19]		
[8]				[16]		
[4]				[20]		
[4]				[22]		
[7]				[22]		
[4]				[25]		
[4]				[27]		
[8]				[26]		
[3]				[29]		
[9]				[30]		
[5]				[29]		
[3]				[34]		
[8]				[38]		
___________________________
Simulation Topology [2:2]
___________________________
From 	  To 		Length
___________________________
  2	 | 	17	 | 	16,03
  8	 | 	16	 | 	14,04
  17	 | 	18	 | 	5,39
  16	 | 	19	 | 	8,06
  16	 | 	18	 | 	7,21
  15	 | 	18	 | 	5,00
  15	 | 	17	 | 	2,00
  14	 | 	19	 | 	12,00
  12	 | 	14	 | 	4,12
  11	 | 	13	 | 	5,83
  11	 | 	12	 | 	4,24
  10	 | 	11	 | 	3,00
  9	 | 	15	 | 	9,06
  9	 | 	13	 | 	7,00
  9	 | 	10	 | 	2,00
  0	 | 	1	 | 	3,61
  0	 | 	3	 | 	13,00
  0	 | 	17	 | 	26,02
  1	 | 	4	 | 	13,04
  1	 | 	14	 | 	25,50
  2	 | 	4	 | 	2,24
  2	 | 	6	 | 	6,08
  2	 | 	8	 | 	3,61
  3	 | 	5	 | 	3,61
  3	 | 	7	 | 	4,12
  4	 | 	6	 | 	5,83
  5	 | 	7	 | 	3,16
  5	 | 	16	 | 	13,42
  7	 | 	8	 | 	8,54
  8	 | 	9	 | 	5,66
  10	 | 	12	 | 	3,00
  11	 | 	17	 | 	7,28
  11	 | 	19	 | 	16,03
  13	 | 	15	 | 	2,24
  13	 | 	17	 | 	2,24
  14	 | 	15	 | 	5,83
  18	 | 	19	 | 	6,40
___________________________
Simulation Topology [2:3]
___________________________
From 	  To 		Length
___________________________
  2	 | 	17	 | 	16,03
  8	 | 	16	 | 	14,04
  17	 | 	18	 | 	5,39
  16	 | 	19	 | 	8,06
  16	 | 	18	 | 	7,21
  15	 | 	18	 | 	5,00
  15	 | 	17	 | 	2,00
  14	 | 	19	 | 	12,00
  12	 | 	14	 | 	4,12
  11	 | 	13	 | 	5,83
  11	 | 	12	 | 	4,24
  10	 | 	11	 | 	3,00
  9	 | 	15	 | 	9,06
  9	 | 	13	 | 	7,00
  9	 | 	10	 | 	2,00
  0	 | 	1	 | 	3,61
  0	 | 	3	 | 	13,00
  0	 | 	17	 | 	26,02
  1	 | 	4	 | 	13,04
  1	 | 	14	 | 	25,50
  2	 | 	4	 | 	2,24
  2	 | 	6	 | 	6,08
  2	 | 	8	 | 	3,61
  3	 | 	5	 | 	3,61
  3	 | 	7	 | 	4,12
  4	 | 	6	 | 	5,83
  5	 | 	7	 | 	3,16
  5	 | 	16	 | 	13,42
  7	 | 	8	 | 	8,54
  8	 | 	9	 | 	5,66
  10	 | 	12	 | 	3,00
  11	 | 	17	 | 	7,28
  11	 | 	19	 | 	16,03
  13	 | 	15	 | 	2,24
  13	 | 	17	 | 	2,24
  14	 | 	15	 | 	5,83
  18	 | 	19	 | 	6,40
  10	 | 	18	 | 	12,04
___________________________
Simulation Topology [2:4]
___________________________
From 	  To 		Length
___________________________
  2	 | 	17	 | 	16,03
  8	 | 	16	 | 	14,04
  17	 | 	18	 | 	5,39
  16	 | 	19	 | 	8,06
  16	 | 	18	 | 	7,21
  15	 | 	18	 | 	5,00
  15	 | 	17	 | 	2,00
  14	 | 	19	 | 	12,00
  12	 | 	14	 | 	4,12
  11	 | 	13	 | 	5,83
  11	 | 	12	 | 	4,24
  10	 | 	11	 | 	3,00
  9	 | 	15	 | 	9,06
  9	 | 	13	 | 	7,00
  9	 | 	10	 | 	2,00
  0	 | 	1	 | 	3,61
  0	 | 	3	 | 	13,00
  0	 | 	17	 | 	26,02
  1	 | 	4	 | 	13,04
  1	 | 	14	 | 	25,50
  2	 | 	4	 | 	2,24
  2	 | 	6	 | 	6,08
  2	 | 	8	 | 	3,61
  3	 | 	5	 | 	3,61
  3	 | 	7	 | 	4,12
  4	 | 	6	 | 	5,83
  5	 | 	7	 | 	3,16
  5	 | 	16	 | 	13,42
  7	 | 	8	 | 	8,54
  8	 | 	9	 | 	5,66
  10	 | 	12	 | 	3,00
  11	 | 	17	 | 	7,28
  11	 | 	19	 | 	16,03
  13	 | 	15	 | 	2,24
  13	 | 	17	 | 	2,24
  14	 | 	15	 | 	5,83
  18	 | 	19	 | 	6,40
  10	 | 	18	 | 	12,04
  6	 | 	16	 | 	11,18
___________________________
Simulation Topology [2:5]
___________________________
From 	  To 		Length
___________________________
  2	 | 	17	 | 	16,03
  8	 | 	16	 | 	14,04
  17	 | 	18	 | 	5,39
  16	 | 	19	 | 	8,06
  16	 | 	18	 | 	7,21
  15	 | 	18	 | 	5,00
  15	 | 	17	 | 	2,00
  14	 | 	19	 | 	12,00
  12	 | 	14	 | 	4,12
  11	 | 	13	 | 	5,83
  11	 | 	12	 | 	4,24
  10	 | 	11	 | 	3,00
  9	 | 	15	 | 	9,06
  9	 | 	13	 | 	7,00
  9	 | 	10	 | 	2,00
  0	 | 	1	 | 	3,61
  0	 | 	3	 | 	13,00
  0	 | 	17	 | 	26,02
  1	 | 	4	 | 	13,04
  1	 | 	14	 | 	25,50
  2	 | 	4	 | 	2,24
  2	 | 	6	 | 	6,08
  2	 | 	8	 | 	3,61
  3	 | 	5	 | 	3,61
  3	 | 	7	 | 	4,12
  4	 | 	6	 | 	5,83
  5	 | 	7	 | 	3,16
  5	 | 	16	 | 	13,42
  7	 | 	8	 | 	8,54
  8	 | 	9	 | 	5,66
  10	 | 	12	 | 	3,00
  11	 | 	17	 | 	7,28
  11	 | 	19	 | 	16,03
  13	 | 	15	 | 	2,24
  13	 | 	17	 | 	2,24
  14	 | 	15	 | 	5,83
  18	 | 	19	 | 	6,40
  10	 | 	18	 | 	12,04
  6	 | 	16	 | 	11,18
___________________________
