Simulation Topology 1
___________________________
[2]				[2]		
[7]				[6]		
[7]				[4]		
[9]				[8]		
[4]				[13]		
[1]				[13]		
[3]				[18]		
[8]				[19]		
[5]				[17]		
[7]				[22]		
[4]				[22]		
[9]				[23]		
[7]				[24]		
[3]				[31]		
[7]				[31]		
[2]				[35]		
[0]				[34]		
[2]				[37]		
[1]				[39]		
[8]				[39]		
___________________________
Simulation Topology [1:6]
___________________________
From 	  To 		Length
___________________________
  0	 | 	1	 | 	6,40
  0	 | 	17	 | 	35,00
  1	 | 	2	 | 	2,00
  1	 | 	3	 | 	2,83
  2	 | 	3	 | 	4,47
  2	 | 	9	 | 	18,00
  3	 | 	7	 | 	11,05
  4	 | 	5	 | 	3,00
  4	 | 	6	 | 	5,10
  4	 | 	8	 | 	4,12
  5	 | 	6	 | 	5,39
  5	 | 	11	 | 	12,81
  6	 | 	8	 | 	2,24
  7	 | 	11	 | 	4,12
  7	 | 	12	 | 	5,10
  8	 | 	10	 | 	5,10
  9	 | 	10	 | 	3,00
  9	 | 	11	 | 	2,24
  10	 | 	12	 | 	3,61
  12	 | 	14	 | 	7,00
  13	 | 	14	 | 	4,00
  13	 | 	18	 | 	8,25
  14	 | 	15	 | 	6,40
  15	 | 	16	 | 	2,24
  15	 | 	19	 | 	7,21
  16	 | 	17	 | 	3,61
  16	 | 	18	 | 	5,10
  17	 | 	19	 | 	6,32
  18	 | 	19	 | 	7,00
___________________________
Simulation Topology [1:7]
___________________________
From 	  To 		Length
___________________________
  0	 | 	1	 | 	6,40
  0	 | 	17	 | 	35,00
  1	 | 	2	 | 	2,00
  1	 | 	3	 | 	2,83
  2	 | 	3	 | 	4,47
  2	 | 	9	 | 	18,00
  3	 | 	7	 | 	11,05
  4	 | 	5	 | 	3,00
  4	 | 	6	 | 	5,10
  4	 | 	8	 | 	4,12
  5	 | 	6	 | 	5,39
  5	 | 	11	 | 	12,81
  6	 | 	8	 | 	2,24
  7	 | 	11	 | 	4,12
  7	 | 	12	 | 	5,10
  8	 | 	10	 | 	5,10
  9	 | 	10	 | 	3,00
  9	 | 	11	 | 	2,24
  10	 | 	12	 | 	3,61
  12	 | 	14	 | 	7,00
  13	 | 	14	 | 	4,00
  13	 | 	18	 | 	8,25
  14	 | 	15	 | 	6,40
  15	 | 	16	 | 	2,24
  15	 | 	19	 | 	7,21
  16	 | 	17	 | 	3,61
  16	 | 	18	 | 	5,10
  17	 | 	19	 | 	6,32
  18	 | 	19	 | 	7,00
  0	 | 	13	 | 	29,02
___________________________
Simulation Topology [1:8]
___________________________
From 	  To 		Length
___________________________
  0	 | 	1	 | 	6,40
  0	 | 	17	 | 	35,00
  1	 | 	2	 | 	2,00
  1	 | 	3	 | 	2,83
  2	 | 	3	 | 	4,47
  2	 | 	9	 | 	18,00
  3	 | 	7	 | 	11,05
  4	 | 	5	 | 	3,00
  4	 | 	6	 | 	5,10
  4	 | 	8	 | 	4,12
  5	 | 	6	 | 	5,39
  5	 | 	11	 | 	12,81
  6	 | 	8	 | 	2,24
  7	 | 	11	 | 	4,12
  7	 | 	12	 | 	5,10
  8	 | 	10	 | 	5,10
  9	 | 	10	 | 	3,00
  9	 | 	11	 | 	2,24
  10	 | 	12	 | 	3,61
  12	 | 	14	 | 	7,00
  13	 | 	14	 | 	4,00
  13	 | 	18	 | 	8,25
  14	 | 	15	 | 	6,40
  15	 | 	16	 | 	2,24
  15	 | 	19	 | 	7,21
  16	 | 	17	 | 	3,61
  16	 | 	18	 | 	5,10
  17	 | 	19	 | 	6,32
  18	 | 	19	 | 	7,00
  0	 | 	13	 | 	29,02
___________________________
Simulation Topology 2
___________________________
[6]				[3]		
[3]				[0]		
[8]				[4]		
[1]				[18]		
[5]				[23]		
[8]				[20]		
[2]				[20]		
[3]				[23]		
[6]				[26]		
[5]				[24]		
[1]				[26]		
[9]				[29]		
[5]				[28]		
[6]				[32]		
[8]				[32]		
[11]				[2]		
[14]				[1]		
[13]				[3]		
[18]				[4]		
[15]				[5]		
___________________________
Simulation Topology [2:0]
___________________________
From 	  To 		Length
___________________________
  0	 | 	13	 | 	29,00
  18	 | 	19	 | 	3,16
  17	 | 	19	 | 	2,83
  16	 | 	18	 | 	5,00
  16	 | 	17	 | 	2,24
  15	 | 	19	 | 	5,00
  15	 | 	16	 | 	3,16
  14	 | 	15	 | 	30,15
  13	 | 	18	 | 	30,46
  13	 | 	14	 | 	2,00
  12	 | 	14	 | 	5,00
  10	 | 	12	 | 	4,47
  9	 | 	11	 | 	6,40
  9	 | 	10	 | 	4,47
  8	 | 	10	 | 	5,00
  0	 | 	2	 | 	2,24
  0	 | 	16	 | 	8,25
  1	 | 	13	 | 	32,14
  1	 | 	17	 | 	10,44
  1	 | 	18	 | 	15,52
  2	 | 	15	 | 	3,61
  3	 | 	6	 | 	2,24
  3	 | 	7	 | 	5,39
  4	 | 	7	 | 	2,00
  4	 | 	12	 | 	5,00
  5	 | 	9	 | 	5,00
  5	 | 	11	 | 	9,06
  5	 | 	14	 | 	12,00
  6	 | 	10	 | 	6,08
  7	 | 	10	 | 	3,61
  8	 | 	12	 | 	2,24
  8	 | 	19	 | 	22,85
  11	 | 	13	 | 	4,24
  11	 | 	14	 | 	3,16
  14	 | 	19	 | 	27,89
  15	 | 	17	 | 	2,24
___________________________
Simulation Topology [2:1]
___________________________
From 	  To 		Length
___________________________
  0	 | 	13	 | 	29,00
  18	 | 	19	 | 	3,16
  17	 | 	19	 | 	2,83
  16	 | 	18	 | 	5,00
  16	 | 	17	 | 	2,24
  15	 | 	19	 | 	5,00
  15	 | 	16	 | 	3,16
  14	 | 	15	 | 	30,15
  13	 | 	18	 | 	30,46
  13	 | 	14	 | 	2,00
  12	 | 	14	 | 	5,00
  10	 | 	12	 | 	4,47
  9	 | 	11	 | 	6,40
  9	 | 	10	 | 	4,47
  8	 | 	10	 | 	5,00
  0	 | 	2	 | 	2,24
  0	 | 	16	 | 	8,25
  1	 | 	13	 | 	32,14
  1	 | 	17	 | 	10,44
  1	 | 	18	 | 	15,52
  2	 | 	15	 | 	3,61
  3	 | 	6	 | 	2,24
  3	 | 	7	 | 	5,39
  4	 | 	7	 | 	2,00
  4	 | 	12	 | 	5,00
  5	 | 	9	 | 	5,00
  5	 | 	11	 | 	9,06
  5	 | 	14	 | 	12,00
  6	 | 	10	 | 	6,08
  7	 | 	10	 | 	3,61
  8	 | 	12	 | 	2,24
  8	 | 	19	 | 	22,85
  11	 | 	13	 | 	4,24
  11	 | 	14	 | 	3,16
  14	 | 	19	 | 	27,89
  15	 | 	17	 | 	2,24
  8	 | 	16	 | 	26,25
___________________________
Simulation Topology [2:2]
___________________________
From 	  To 		Length
___________________________
  0	 | 	13	 | 	29,00
  18	 | 	19	 | 	3,16
  17	 | 	19	 | 	2,83
  16	 | 	18	 | 	5,00
  16	 | 	17	 | 	2,24
  15	 | 	19	 | 	5,00
  15	 | 	16	 | 	3,16
  14	 | 	15	 | 	30,15
  13	 | 	18	 | 	30,46
  13	 | 	14	 | 	2,00
  12	 | 	14	 | 	5,00
  10	 | 	12	 | 	4,47
  9	 | 	11	 | 	6,40
  9	 | 	10	 | 	4,47
  8	 | 	10	 | 	5,00
  0	 | 	2	 | 	2,24
  0	 | 	16	 | 	8,25
  1	 | 	13	 | 	32,14
  1	 | 	17	 | 	10,44
  1	 | 	18	 | 	15,52
  2	 | 	15	 | 	3,61
  3	 | 	6	 | 	2,24
  3	 | 	7	 | 	5,39
  4	 | 	7	 | 	2,00
  4	 | 	12	 | 	5,00
  5	 | 	9	 | 	5,00
  5	 | 	11	 | 	9,06
  5	 | 	14	 | 	12,00
  6	 | 	10	 | 	6,08
  7	 | 	10	 | 	3,61
  8	 | 	12	 | 	2,24
  8	 | 	19	 | 	22,85
  11	 | 	13	 | 	4,24
  11	 | 	14	 | 	3,16
  14	 | 	19	 | 	27,89
  15	 | 	17	 | 	2,24
  8	 | 	16	 | 	26,25
  9	 | 	18	 | 	23,85
___________________________
Simulation Topology [2:3]
___________________________
From 	  To 		Length
___________________________
  0	 | 	13	 | 	29,00
  18	 | 	19	 | 	3,16
  17	 | 	19	 | 	2,83
  16	 | 	18	 | 	5,00
  16	 | 	17	 | 	2,24
  15	 | 	19	 | 	5,00
  15	 | 	16	 | 	3,16
  14	 | 	15	 | 	30,15
  13	 | 	18	 | 	30,46
  13	 | 	14	 | 	2,00
  12	 | 	14	 | 	5,00
  10	 | 	12	 | 	4,47
  9	 | 	11	 | 	6,40
  9	 | 	10	 | 	4,47
  8	 | 	10	 | 	5,00
  0	 | 	2	 | 	2,24
  0	 | 	16	 | 	8,25
  1	 | 	13	 | 	32,14
  1	 | 	17	 | 	10,44
  1	 | 	18	 | 	15,52
  2	 | 	15	 | 	3,61
  3	 | 	6	 | 	2,24
  3	 | 	7	 | 	5,39
  4	 | 	7	 | 	2,00
  4	 | 	12	 | 	5,00
  5	 | 	9	 | 	5,00
  5	 | 	11	 | 	9,06
  5	 | 	14	 | 	12,00
  6	 | 	10	 | 	6,08
  7	 | 	10	 | 	3,61
  8	 | 	12	 | 	2,24
  8	 | 	19	 | 	22,85
  11	 | 	13	 | 	4,24
  11	 | 	14	 | 	3,16
  14	 | 	19	 | 	27,89
  15	 | 	17	 | 	2,24
  8	 | 	16	 | 	26,25
  9	 | 	18	 | 	23,85
  6	 | 	15	 | 	20,12
___________________________
Simulation Topology [2:4]
___________________________
From 	  To 		Length
___________________________
  0	 | 	13	 | 	29,00
  18	 | 	19	 | 	3,16
  17	 | 	19	 | 	2,83
  16	 | 	18	 | 	5,00
  16	 | 	17	 | 	2,24
  15	 | 	19	 | 	5,00
  15	 | 	16	 | 	3,16
  14	 | 	15	 | 	30,15
  13	 | 	18	 | 	30,46
  13	 | 	14	 | 	2,00
  12	 | 	14	 | 	5,00
  10	 | 	12	 | 	4,47
  9	 | 	11	 | 	6,40
  9	 | 	10	 | 	4,47
  8	 | 	10	 | 	5,00
  0	 | 	2	 | 	2,24
  0	 | 	16	 | 	8,25
  1	 | 	13	 | 	32,14
  1	 | 	17	 | 	10,44
  1	 | 	18	 | 	15,52
  2	 | 	15	 | 	3,61
  3	 | 	6	 | 	2,24
  3	 | 	7	 | 	5,39
  4	 | 	7	 | 	2,00
  4	 | 	12	 | 	5,00
  5	 | 	9	 | 	5,00
  5	 | 	11	 | 	9,06
  5	 | 	14	 | 	12,00
  6	 | 	10	 | 	6,08
  7	 | 	10	 | 	3,61
  8	 | 	12	 | 	2,24
  8	 | 	19	 | 	22,85
  11	 | 	13	 | 	4,24
  11	 | 	14	 | 	3,16
  14	 | 	19	 | 	27,89
  15	 | 	17	 | 	2,24
  8	 | 	16	 | 	26,25
  9	 | 	18	 | 	23,85
  6	 | 	15	 | 	20,12
  2	 | 	12	 | 	24,19
___________________________
Simulation Topology [2:5]
___________________________
From 	  To 		Length
___________________________
  0	 | 	13	 | 	29,00
  18	 | 	19	 | 	3,16
  17	 | 	19	 | 	2,83
  16	 | 	18	 | 	5,00
  16	 | 	17	 | 	2,24
  15	 | 	19	 | 	5,00
  15	 | 	16	 | 	3,16
  14	 | 	15	 | 	30,15
  13	 | 	18	 | 	30,46
  13	 | 	14	 | 	2,00
  12	 | 	14	 | 	5,00
  10	 | 	12	 | 	4,47
  9	 | 	11	 | 	6,40
  9	 | 	10	 | 	4,47
  8	 | 	10	 | 	5,00
  0	 | 	2	 | 	2,24
  0	 | 	16	 | 	8,25
  1	 | 	13	 | 	32,14
  1	 | 	17	 | 	10,44
  1	 | 	18	 | 	15,52
  2	 | 	15	 | 	3,61
  3	 | 	6	 | 	2,24
  3	 | 	7	 | 	5,39
  4	 | 	7	 | 	2,00
  4	 | 	12	 | 	5,00
  5	 | 	9	 | 	5,00
  5	 | 	11	 | 	9,06
  5	 | 	14	 | 	12,00
  6	 | 	10	 | 	6,08
  7	 | 	10	 | 	3,61
  8	 | 	12	 | 	2,24
  8	 | 	19	 | 	22,85
  11	 | 	13	 | 	4,24
  11	 | 	14	 | 	3,16
  14	 | 	19	 | 	27,89
  15	 | 	17	 | 	2,24
  8	 | 	16	 | 	26,25
  9	 | 	18	 | 	23,85
  6	 | 	15	 | 	20,12
  2	 | 	12	 | 	24,19
  3	 | 	4	 | 	6,40
___________________________
Simulation Topology [2:6]
___________________________
From 	  To 		Length
___________________________
  0	 | 	13	 | 	29,00
  18	 | 	19	 | 	3,16
  17	 | 	19	 | 	2,83
  16	 | 	18	 | 	5,00
  16	 | 	17	 | 	2,24
  15	 | 	19	 | 	5,00
  15	 | 	16	 | 	3,16
  14	 | 	15	 | 	30,15
  13	 | 	18	 | 	30,46
  13	 | 	14	 | 	2,00
  12	 | 	14	 | 	5,00
  10	 | 	12	 | 	4,47
  9	 | 	11	 | 	6,40
  9	 | 	10	 | 	4,47
  8	 | 	10	 | 	5,00
  0	 | 	2	 | 	2,24
  0	 | 	16	 | 	8,25
  1	 | 	13	 | 	32,14
  1	 | 	17	 | 	10,44
  1	 | 	18	 | 	15,52
  2	 | 	15	 | 	3,61
  3	 | 	6	 | 	2,24
  3	 | 	7	 | 	5,39
  4	 | 	7	 | 	2,00
  4	 | 	12	 | 	5,00
  5	 | 	9	 | 	5,00
  5	 | 	11	 | 	9,06
  5	 | 	14	 | 	12,00
  6	 | 	10	 | 	6,08
  7	 | 	10	 | 	3,61
  8	 | 	12	 | 	2,24
  8	 | 	19	 | 	22,85
  11	 | 	13	 | 	4,24
  11	 | 	14	 | 	3,16
  14	 | 	19	 | 	27,89
  15	 | 	17	 | 	2,24
  8	 | 	16	 | 	26,25
  9	 | 	18	 | 	23,85
  6	 | 	15	 | 	20,12
  2	 | 	12	 | 	24,19
  3	 | 	4	 | 	6,40
___________________________
