Simulation Topology 1
___________________________
[27]				[38]		
[9]				[21]		
[28]				[24]		
[35]				[38]		
[25]				[39]		
[16]				[33]		
[13]				[24]		
[36]				[21]		
[10]				[7]		
[21]				[21]		
[18]				[3]		
[36]				[15]		
[4]				[31]		
[31]				[18]		
[36]				[9]		
[30]				[13]		
[6]				[18]		
[30]				[24]		
[32]				[3]		
[3]				[25]		
___________________________
Simulation Topology [1:0]
___________________________
From 	  To 		Length
___________________________
  0	 | 	6	 | 	19,80
  0	 | 	12	 | 	24,04
  0	 | 	13	 | 	20,40
  1	 | 	14	 | 	29,55
  1	 | 	18	 | 	29,21
  2	 | 	3	 | 	15,65
  2	 | 	18	 | 	21,38
  3	 | 	8	 | 	39,82
  4	 | 	5	 | 	10,82
  4	 | 	14	 | 	31,95
  5	 | 	13	 | 	21,21
  6	 | 	7	 | 	23,19
  7	 | 	9	 | 	15,00
  8	 | 	17	 | 	26,25
  9	 | 	10	 | 	18,25
  10	 | 	11	 | 	21,63
  11	 | 	16	 | 	30,15
  15	 | 	16	 | 	24,52
  15	 | 	19	 | 	29,55
  17	 | 	19	 | 	27,02
___________________________
Simulation Topology 2
___________________________
[10]				[38]		
[11]				[33]		
[4]				[30]		
[38]				[20]		
[2]				[3]		
[4]				[15]		
[4]				[12]		
[7]				[16]		
[13]				[27]		
[16]				[2]		
[36]				[30]		
[22]				[16]		
[23]				[30]		
[14]				[36]		
[33]				[4]		
[8]				[26]		
[11]				[18]		
[19]				[34]		
[28]				[38]		
[6]				[6]		
___________________________
Simulation Topology [2:0]
___________________________
From 	  To 		Length
___________________________
  17	 | 	19	 | 	30,87
  15	 | 	19	 | 	20,10
  15	 | 	16	 | 	8,54
  11	 | 	16	 | 	11,18
  10	 | 	11	 | 	19,80
  9	 | 	10	 | 	34,41
  8	 | 	17	 | 	9,22
  7	 | 	9	 | 	16,64
  6	 | 	7	 | 	5,00
  5	 | 	13	 | 	23,26
  0	 | 	4	 | 	35,90
  0	 | 	11	 | 	25,06
  1	 | 	14	 | 	36,40
  1	 | 	19	 | 	27,46
  2	 | 	3	 | 	35,44
  2	 | 	6	 | 	18,00
  3	 | 	10	 | 	10,20
  4	 | 	7	 | 	13,93
  5	 | 	9	 | 	17,69
  5	 | 	10	 | 	35,34
  6	 | 	15	 | 	14,56
  7	 | 	11	 | 	15,00
  8	 | 	16	 | 	9,22
  8	 | 	18	 | 	18,60
  9	 | 	18	 | 	37,95
  12	 | 	13	 | 	10,82
  12	 | 	17	 | 	5,66
  13	 | 	19	 | 	31,05
  14	 | 	17	 | 	33,11
___________________________
