Simulation Topology 1
___________________________
Simulation Topology 2
___________________________
[3]				[26]		
[3]				[22]		
[7]				[32]		
[38]				[2]		
[13]				[26]		
[10]				[29]		
[0]				[20]		
[23]				[27]		
[12]				[28]		
[23]				[18]		
[6]				[8]		
[10]				[3]		
[34]				[16]		
[4]				[35]		
[13]				[35]		
[22]				[29]		
[1]				[29]		
[19]				[17]		
[3]				[10]		
[7]				[23]		
___________________________
Simulation Topology [2:0]
___________________________
From 	  To 		Length
___________________________
  0	 | 	14	 | 	13,45
  0	 | 	19	 | 	5,00
  1	 | 	5	 | 	9,90
  1	 | 	6	 | 	3,61
  2	 | 	10	 | 	24,02
  2	 | 	13	 | 	4,24
  3	 | 	9	 | 	21,93
  3	 | 	10	 | 	32,56
  4	 | 	15	 | 	9,49
  4	 | 	17	 | 	10,82
  5	 | 	7	 | 	13,15
  6	 | 	18	 | 	10,44
  7	 | 	15	 | 	2,24
  8	 | 	11	 | 	25,08
  8	 | 	12	 | 	25,06
  9	 | 	17	 | 	4,12
  11	 | 	18	 | 	9,90
  12	 | 	16	 | 	35,47
  13	 | 	14	 | 	9,00
  16	 | 	19	 | 	8,49
___________________________
