Simulation Topology 1
___________________________
[8]				[2]		
[6]				[3]		
[8]				[6]		
[4]				[6]		
[0]				[11]		
[0]				[18]		
[7]				[19]		
[6]				[28]		
[8]				[29]		
[2]				[30]		
[2]				[35]		
[9]				[33]		
[3]				[39]		
[9]				[39]		
[7]				[38]		
[6]				[36]		
[17]				[0]		
[10]				[2]		
[18]				[2]		
[14]				[2]		
___________________________
Simulation Topology [1:2]
___________________________
From 	  To 		Length
___________________________
  0	 | 	15	 | 	34,06
  0	 | 	16	 | 	9,22
  0	 | 	18	 | 	10,00
  1	 | 	2	 | 	3,61
  1	 | 	12	 | 	36,12
  1	 | 	16	 | 	11,40
  2	 | 	13	 | 	33,02
  2	 | 	15	 | 	30,07
  3	 | 	9	 | 	24,08
  3	 | 	17	 | 	7,21
  3	 | 	19	 | 	10,77
  4	 | 	7	 | 	18,03
  4	 | 	9	 | 	19,10
  4	 | 	10	 | 	24,08
  5	 | 	8	 | 	13,60
  5	 | 	14	 | 	21,19
  6	 | 	8	 | 	10,05
  6	 | 	11	 | 	14,14
  6	 | 	14	 | 	19,00
  7	 | 	9	 | 	4,47
  7	 | 	10	 | 	8,06
  8	 | 	17	 | 	27,07
  10	 | 	15	 | 	4,12
  11	 | 	12	 | 	8,49
  12	 | 	18	 | 	39,92
  13	 | 	14	 | 	2,24
  13	 | 	19	 | 	37,34
  17	 | 	19	 | 	4,00
___________________________
Simulation Topology [1:3]
___________________________
From 	  To 		Length
___________________________
  0	 | 	15	 | 	34,06
  0	 | 	16	 | 	9,22
  0	 | 	18	 | 	10,00
  1	 | 	2	 | 	3,61
  1	 | 	12	 | 	36,12
  1	 | 	16	 | 	11,40
  2	 | 	13	 | 	33,02
  2	 | 	15	 | 	30,07
  3	 | 	9	 | 	24,08
  3	 | 	17	 | 	7,21
  3	 | 	19	 | 	10,77
  4	 | 	7	 | 	18,03
  4	 | 	9	 | 	19,10
  4	 | 	10	 | 	24,08
  5	 | 	8	 | 	13,60
  5	 | 	14	 | 	21,19
  6	 | 	8	 | 	10,05
  6	 | 	11	 | 	14,14
  6	 | 	14	 | 	19,00
  7	 | 	9	 | 	4,47
  7	 | 	10	 | 	8,06
  8	 | 	17	 | 	27,07
  10	 | 	15	 | 	4,12
  11	 | 	12	 | 	8,49
  12	 | 	18	 | 	39,92
  13	 | 	14	 | 	2,24
  13	 | 	19	 | 	37,34
  17	 | 	19	 | 	4,00
  5	 | 	11	 | 	17,49
___________________________
Simulation Topology [1:4]
___________________________
From 	  To 		Length
___________________________
  0	 | 	15	 | 	34,06
  0	 | 	16	 | 	9,22
  0	 | 	18	 | 	10,00
  1	 | 	2	 | 	3,61
  1	 | 	12	 | 	36,12
  1	 | 	16	 | 	11,40
  2	 | 	13	 | 	33,02
  2	 | 	15	 | 	30,07
  3	 | 	9	 | 	24,08
  3	 | 	17	 | 	7,21
  3	 | 	19	 | 	10,77
  4	 | 	7	 | 	18,03
  4	 | 	9	 | 	19,10
  4	 | 	10	 | 	24,08
  5	 | 	8	 | 	13,60
  5	 | 	14	 | 	21,19
  6	 | 	8	 | 	10,05
  6	 | 	11	 | 	14,14
  6	 | 	14	 | 	19,00
  7	 | 	9	 | 	4,47
  7	 | 	10	 | 	8,06
  8	 | 	17	 | 	27,07
  10	 | 	15	 | 	4,12
  11	 | 	12	 | 	8,49
  12	 | 	18	 | 	39,92
  13	 | 	14	 | 	2,24
  13	 | 	19	 | 	37,34
  17	 | 	19	 | 	4,00
  5	 | 	11	 | 	17,49
  16	 | 	18	 | 	2,24
___________________________
Simulation Topology [1:5]
___________________________
From 	  To 		Length
___________________________
  0	 | 	15	 | 	34,06
  0	 | 	16	 | 	9,22
  0	 | 	18	 | 	10,00
  1	 | 	2	 | 	3,61
  1	 | 	12	 | 	36,12
  1	 | 	16	 | 	11,40
  2	 | 	13	 | 	33,02
  2	 | 	15	 | 	30,07
  3	 | 	9	 | 	24,08
  3	 | 	17	 | 	7,21
  3	 | 	19	 | 	10,77
  4	 | 	7	 | 	18,03
  4	 | 	9	 | 	19,10
  4	 | 	10	 | 	24,08
  5	 | 	8	 | 	13,60
  5	 | 	14	 | 	21,19
  6	 | 	8	 | 	10,05
  6	 | 	11	 | 	14,14
  6	 | 	14	 | 	19,00
  7	 | 	9	 | 	4,47
  7	 | 	10	 | 	8,06
  8	 | 	17	 | 	27,07
  10	 | 	15	 | 	4,12
  11	 | 	12	 | 	8,49
  12	 | 	18	 | 	39,92
  13	 | 	14	 | 	2,24
  13	 | 	19	 | 	37,34
  17	 | 	19	 | 	4,00
  5	 | 	11	 | 	17,49
  16	 | 	18	 | 	2,24
___________________________
Simulation Topology 2
___________________________
[7]				[0]		
[5]				[3]		
[5]				[1]		
[1]				[1]		
[8]				[4]		
[9]				[7]		
[0]				[6]		
[1]				[8]		
[4]				[9]		
[0]				[11]		
[8]				[13]		
[2]				[19]		
[1]				[17]		
[5]				[18]		
[4]				[16]		
[8]				[22]		
[3]				[23]		
[7]				[20]		
[1]				[25]		
[2]				[31]		
___________________________
Simulation Topology [2:0]
___________________________
From 	  To 		Length
___________________________
  16	 | 	18	 | 	2,83
  5	 | 	11	 | 	13,89
  17	 | 	19	 | 	12,08
  13	 | 	19	 | 	13,34
  13	 | 	14	 | 	2,24
  12	 | 	18	 | 	8,00
  11	 | 	12	 | 	2,24
  10	 | 	15	 | 	9,00
  8	 | 	17	 | 	11,40
  7	 | 	10	 | 	8,60
  7	 | 	9	 | 	3,16
  6	 | 	14	 | 	10,77
  6	 | 	11	 | 	13,15
  6	 | 	8	 | 	5,00
  5	 | 	14	 | 	10,30
  0	 | 	8	 | 	9,49
  0	 | 	12	 | 	18,03
  0	 | 	15	 | 	22,02
  1	 | 	6	 | 	5,83
  1	 | 	7	 | 	6,40
  2	 | 	5	 | 	7,21
  2	 | 	13	 | 	17,00
  3	 | 	4	 | 	7,62
  3	 | 	19	 | 	30,02
  4	 | 	10	 | 	9,00
  5	 | 	13	 | 	11,70
  6	 | 	7	 | 	2,24
  8	 | 	12	 | 	8,54
  8	 | 	18	 | 	16,28
  9	 | 	11	 | 	8,25
  9	 | 	14	 | 	6,40
  9	 | 	17	 | 	11,40
  10	 | 	19	 | 	18,97
  11	 | 	14	 | 	3,61
  11	 | 	16	 | 	4,12
  14	 | 	17	 | 	5,00
  15	 | 	17	 | 	2,24
  15	 | 	18	 | 	7,62
  16	 | 	19	 | 	8,06
___________________________
Simulation Topology [2:1]
___________________________
From 	  To 		Length
___________________________
  16	 | 	18	 | 	2,83
  5	 | 	11	 | 	13,89
  17	 | 	19	 | 	12,08
  13	 | 	19	 | 	13,34
  13	 | 	14	 | 	2,24
  12	 | 	18	 | 	8,00
  11	 | 	12	 | 	2,24
  10	 | 	15	 | 	9,00
  8	 | 	17	 | 	11,40
  7	 | 	10	 | 	8,60
  7	 | 	9	 | 	3,16
  6	 | 	14	 | 	10,77
  6	 | 	11	 | 	13,15
  6	 | 	8	 | 	5,00
  5	 | 	14	 | 	10,30
  0	 | 	8	 | 	9,49
  0	 | 	12	 | 	18,03
  0	 | 	15	 | 	22,02
  1	 | 	6	 | 	5,83
  1	 | 	7	 | 	6,40
  2	 | 	5	 | 	7,21
  2	 | 	13	 | 	17,00
  3	 | 	4	 | 	7,62
  3	 | 	19	 | 	30,02
  4	 | 	10	 | 	9,00
  5	 | 	13	 | 	11,70
  6	 | 	7	 | 	2,24
  8	 | 	12	 | 	8,54
  8	 | 	18	 | 	16,28
  9	 | 	11	 | 	8,25
  9	 | 	14	 | 	6,40
  9	 | 	17	 | 	11,40
  10	 | 	19	 | 	18,97
  11	 | 	14	 | 	3,61
  11	 | 	16	 | 	4,12
  14	 | 	17	 | 	5,00
  15	 | 	17	 | 	2,24
  15	 | 	18	 | 	7,62
  16	 | 	19	 | 	8,06
  10	 | 	18	 | 	13,89
___________________________
Simulation Topology [2:2]
___________________________
From 	  To 		Length
___________________________
  16	 | 	18	 | 	2,83
  5	 | 	11	 | 	13,89
  17	 | 	19	 | 	12,08
  13	 | 	19	 | 	13,34
  13	 | 	14	 | 	2,24
  12	 | 	18	 | 	8,00
  11	 | 	12	 | 	2,24
  10	 | 	15	 | 	9,00
  8	 | 	17	 | 	11,40
  7	 | 	10	 | 	8,60
  7	 | 	9	 | 	3,16
  6	 | 	14	 | 	10,77
  6	 | 	11	 | 	13,15
  6	 | 	8	 | 	5,00
  5	 | 	14	 | 	10,30
  0	 | 	8	 | 	9,49
  0	 | 	12	 | 	18,03
  0	 | 	15	 | 	22,02
  1	 | 	6	 | 	5,83
  1	 | 	7	 | 	6,40
  2	 | 	5	 | 	7,21
  2	 | 	13	 | 	17,00
  3	 | 	4	 | 	7,62
  3	 | 	19	 | 	30,02
  4	 | 	10	 | 	9,00
  5	 | 	13	 | 	11,70
  6	 | 	7	 | 	2,24
  8	 | 	12	 | 	8,54
  8	 | 	18	 | 	16,28
  9	 | 	11	 | 	8,25
  9	 | 	14	 | 	6,40
  9	 | 	17	 | 	11,40
  10	 | 	19	 | 	18,97
  11	 | 	14	 | 	3,61
  11	 | 	16	 | 	4,12
  14	 | 	17	 | 	5,00
  15	 | 	17	 | 	2,24
  15	 | 	18	 | 	7,62
  16	 | 	19	 | 	8,06
  10	 | 	18	 | 	13,89
  1	 | 	5	 | 	5,66
___________________________
Simulation Topology [2:3]
___________________________
From 	  To 		Length
___________________________
  16	 | 	18	 | 	2,83
  5	 | 	11	 | 	13,89
  17	 | 	19	 | 	12,08
  13	 | 	19	 | 	13,34
  13	 | 	14	 | 	2,24
  12	 | 	18	 | 	8,00
  11	 | 	12	 | 	2,24
  10	 | 	15	 | 	9,00
  8	 | 	17	 | 	11,40
  7	 | 	10	 | 	8,60
  7	 | 	9	 | 	3,16
  6	 | 	14	 | 	10,77
  6	 | 	11	 | 	13,15
  6	 | 	8	 | 	5,00
  5	 | 	14	 | 	10,30
  0	 | 	8	 | 	9,49
  0	 | 	12	 | 	18,03
  0	 | 	15	 | 	22,02
  1	 | 	6	 | 	5,83
  1	 | 	7	 | 	6,40
  2	 | 	5	 | 	7,21
  2	 | 	13	 | 	17,00
  3	 | 	4	 | 	7,62
  3	 | 	19	 | 	30,02
  4	 | 	10	 | 	9,00
  5	 | 	13	 | 	11,70
  6	 | 	7	 | 	2,24
  8	 | 	12	 | 	8,54
  8	 | 	18	 | 	16,28
  9	 | 	11	 | 	8,25
  9	 | 	14	 | 	6,40
  9	 | 	17	 | 	11,40
  10	 | 	19	 | 	18,97
  11	 | 	14	 | 	3,61
  11	 | 	16	 | 	4,12
  14	 | 	17	 | 	5,00
  15	 | 	17	 | 	2,24
  15	 | 	18	 | 	7,62
  16	 | 	19	 | 	8,06
  10	 | 	18	 | 	13,89
  1	 | 	5	 | 	5,66
  4	 | 	12	 | 	14,76
___________________________
Simulation Topology [2:4]
___________________________
From 	  To 		Length
___________________________
  16	 | 	18	 | 	2,83
  5	 | 	11	 | 	13,89
  17	 | 	19	 | 	12,08
  13	 | 	19	 | 	13,34
  13	 | 	14	 | 	2,24
  12	 | 	18	 | 	8,00
  11	 | 	12	 | 	2,24
  10	 | 	15	 | 	9,00
  8	 | 	17	 | 	11,40
  7	 | 	10	 | 	8,60
  7	 | 	9	 | 	3,16
  6	 | 	14	 | 	10,77
  6	 | 	11	 | 	13,15
  6	 | 	8	 | 	5,00
  5	 | 	14	 | 	10,30
  0	 | 	8	 | 	9,49
  0	 | 	12	 | 	18,03
  0	 | 	15	 | 	22,02
  1	 | 	6	 | 	5,83
  1	 | 	7	 | 	6,40
  2	 | 	5	 | 	7,21
  2	 | 	13	 | 	17,00
  3	 | 	4	 | 	7,62
  3	 | 	19	 | 	30,02
  4	 | 	10	 | 	9,00
  5	 | 	13	 | 	11,70
  6	 | 	7	 | 	2,24
  8	 | 	12	 | 	8,54
  8	 | 	18	 | 	16,28
  9	 | 	11	 | 	8,25
  9	 | 	14	 | 	6,40
  9	 | 	17	 | 	11,40
  10	 | 	19	 | 	18,97
  11	 | 	14	 | 	3,61
  11	 | 	16	 | 	4,12
  14	 | 	17	 | 	5,00
  15	 | 	17	 | 	2,24
  15	 | 	18	 | 	7,62
  16	 | 	19	 | 	8,06
  10	 | 	18	 | 	13,89
  1	 | 	5	 | 	5,66
  4	 | 	12	 | 	14,76
  2	 | 	6	 | 	7,07
___________________________
Simulation Topology [2:5]
___________________________
From 	  To 		Length
___________________________
  16	 | 	18	 | 	2,83
  5	 | 	11	 | 	13,89
  17	 | 	19	 | 	12,08
  13	 | 	19	 | 	13,34
  13	 | 	14	 | 	2,24
  12	 | 	18	 | 	8,00
  11	 | 	12	 | 	2,24
  10	 | 	15	 | 	9,00
  8	 | 	17	 | 	11,40
  7	 | 	10	 | 	8,60
  7	 | 	9	 | 	3,16
  6	 | 	14	 | 	10,77
  6	 | 	11	 | 	13,15
  6	 | 	8	 | 	5,00
  5	 | 	14	 | 	10,30
  0	 | 	8	 | 	9,49
  0	 | 	12	 | 	18,03
  0	 | 	15	 | 	22,02
  1	 | 	6	 | 	5,83
  1	 | 	7	 | 	6,40
  2	 | 	5	 | 	7,21
  2	 | 	13	 | 	17,00
  3	 | 	4	 | 	7,62
  3	 | 	19	 | 	30,02
  4	 | 	10	 | 	9,00
  5	 | 	13	 | 	11,70
  6	 | 	7	 | 	2,24
  8	 | 	12	 | 	8,54
  8	 | 	18	 | 	16,28
  9	 | 	11	 | 	8,25
  9	 | 	14	 | 	6,40
  9	 | 	17	 | 	11,40
  10	 | 	19	 | 	18,97
  11	 | 	14	 | 	3,61
  11	 | 	16	 | 	4,12
  14	 | 	17	 | 	5,00
  15	 | 	17	 | 	2,24
  15	 | 	18	 | 	7,62
  16	 | 	19	 | 	8,06
  10	 | 	18	 | 	13,89
  1	 | 	5	 | 	5,66
  4	 | 	12	 | 	14,76
  2	 | 	6	 | 	7,07
  3	 | 	16	 | 	22,09
___________________________
Simulation Topology [2:6]
___________________________
From 	  To 		Length
___________________________
  16	 | 	18	 | 	2,83
  5	 | 	11	 | 	13,89
  17	 | 	19	 | 	12,08
  13	 | 	19	 | 	13,34
  13	 | 	14	 | 	2,24
  12	 | 	18	 | 	8,00
  11	 | 	12	 | 	2,24
  10	 | 	15	 | 	9,00
  8	 | 	17	 | 	11,40
  7	 | 	10	 | 	8,60
  7	 | 	9	 | 	3,16
  6	 | 	14	 | 	10,77
  6	 | 	11	 | 	13,15
  6	 | 	8	 | 	5,00
  5	 | 	14	 | 	10,30
  0	 | 	8	 | 	9,49
  0	 | 	12	 | 	18,03
  0	 | 	15	 | 	22,02
  1	 | 	6	 | 	5,83
  1	 | 	7	 | 	6,40
  2	 | 	5	 | 	7,21
  2	 | 	13	 | 	17,00
  3	 | 	4	 | 	7,62
  3	 | 	19	 | 	30,02
  4	 | 	10	 | 	9,00
  5	 | 	13	 | 	11,70
  6	 | 	7	 | 	2,24
  8	 | 	12	 | 	8,54
  8	 | 	18	 | 	16,28
  9	 | 	11	 | 	8,25
  9	 | 	14	 | 	6,40
  9	 | 	17	 | 	11,40
  10	 | 	19	 | 	18,97
  11	 | 	14	 | 	3,61
  11	 | 	16	 | 	4,12
  14	 | 	17	 | 	5,00
  15	 | 	17	 | 	2,24
  15	 | 	18	 | 	7,62
  16	 | 	19	 | 	8,06
  10	 | 	18	 | 	13,89
  1	 | 	5	 | 	5,66
  4	 | 	12	 | 	14,76
  2	 | 	6	 | 	7,07
  3	 | 	16	 | 	22,09
  7	 | 	13	 | 	10,77
___________________________
Simulation Topology [2:7]
___________________________
From 	  To 		Length
___________________________
  16	 | 	18	 | 	2,83
  5	 | 	11	 | 	13,89
  17	 | 	19	 | 	12,08
  13	 | 	19	 | 	13,34
  13	 | 	14	 | 	2,24
  12	 | 	18	 | 	8,00
  11	 | 	12	 | 	2,24
  10	 | 	15	 | 	9,00
  8	 | 	17	 | 	11,40
  7	 | 	10	 | 	8,60
  7	 | 	9	 | 	3,16
  6	 | 	14	 | 	10,77
  6	 | 	11	 | 	13,15
  6	 | 	8	 | 	5,00
  5	 | 	14	 | 	10,30
  0	 | 	8	 | 	9,49
  0	 | 	12	 | 	18,03
  0	 | 	15	 | 	22,02
  1	 | 	6	 | 	5,83
  1	 | 	7	 | 	6,40
  2	 | 	5	 | 	7,21
  2	 | 	13	 | 	17,00
  3	 | 	4	 | 	7,62
  3	 | 	19	 | 	30,02
  4	 | 	10	 | 	9,00
  5	 | 	13	 | 	11,70
  6	 | 	7	 | 	2,24
  8	 | 	12	 | 	8,54
  8	 | 	18	 | 	16,28
  9	 | 	11	 | 	8,25
  9	 | 	14	 | 	6,40
  9	 | 	17	 | 	11,40
  10	 | 	19	 | 	18,97
  11	 | 	14	 | 	3,61
  11	 | 	16	 | 	4,12
  14	 | 	17	 | 	5,00
  15	 | 	17	 | 	2,24
  15	 | 	18	 | 	7,62
  16	 | 	19	 | 	8,06
  10	 | 	18	 | 	13,89
  1	 | 	5	 | 	5,66
  4	 | 	12	 | 	14,76
  2	 | 	6	 | 	7,07
  3	 | 	16	 | 	22,09
  7	 | 	13	 | 	10,77
___________________________
