Simulation Topology 1
___________________________
[9]				[13]		
[5]				[8]		
[15]				[18]		
[6]				[28]		
[26]				[24]		
[17]				[18]		
[25]				[1]		
[38]				[11]		
[21]				[31]		
[12]				[16]		
[17]				[27]		
[12]				[8]		
[15]				[31]		
[12]				[0]		
[35]				[8]		
[21]				[6]		
[30]				[7]		
[33]				[3]		
[39]				[5]		
[35]				[24]		
___________________________
Simulation Topology [1:0]
___________________________
From 	  To 		Length
___________________________
  0	 | 	2	 | 	7,81
  0	 | 	13	 | 	13,34
  1	 | 	16	 | 	25,02
  1	 | 	17	 | 	28,44
  2	 | 	15	 | 	13,42
  3	 | 	4	 | 	20,40
  3	 | 	19	 | 	29,27
  4	 | 	9	 | 	16,12
  5	 | 	8	 | 	13,60
  5	 | 	17	 | 	21,93
  6	 | 	7	 | 	16,40
  6	 | 	12	 | 	31,62
  7	 | 	13	 | 	28,23
  8	 | 	10	 | 	5,66
  9	 | 	18	 | 	29,15
  10	 | 	14	 | 	26,17
  11	 | 	12	 | 	23,19
  11	 | 	18	 | 	27,17
  14	 | 	15	 | 	14,14
  16	 | 	19	 | 	17,72
___________________________
Simulation Topology 2
___________________________
[32]				[27]		
[17]				[36]		
[24]				[15]		
[8]				[5]		
[22]				[21]		
[29]				[27]		
[20]				[5]		
[39]				[2]		
[22]				[9]		
[3]				[28]		
[22]				[23]		
[15]				[1]		
[20]				[10]		
[35]				[8]		
[25]				[29]		
[13]				[5]		
[5]				[19]		
[25]				[23]		
[22]				[28]		
[35]				[33]		
___________________________
Simulation Topology [2:0]
___________________________
From 	  To 		Length
___________________________
  16	 | 	19	 | 	33,11
  14	 | 	15	 | 	26,83
  11	 | 	18	 | 	27,89
  11	 | 	12	 | 	10,30
  10	 | 	14	 | 	6,71
  9	 | 	18	 | 	19,00
  8	 | 	10	 | 	14,00
  7	 | 	13	 | 	7,21
  6	 | 	12	 | 	5,00
  6	 | 	7	 | 	19,24
  0	 | 	5	 | 	3,00
  0	 | 	9	 | 	29,02
  1	 | 	7	 | 	40,50
  1	 | 	9	 | 	16,12
  2	 | 	4	 | 	6,32
  2	 | 	14	 | 	14,04
  3	 | 	13	 | 	27,17
  3	 | 	15	 | 	5,00
  4	 | 	10	 | 	2,00
  5	 | 	8	 | 	19,31
  6	 | 	17	 | 	18,68
  6	 | 	19	 | 	31,76
  7	 | 	11	 | 	24,02
  8	 | 	12	 | 	2,24
  10	 | 	17	 | 	3,00
  11	 | 	14	 | 	29,73
  12	 | 	16	 | 	17,49
  13	 | 	19	 | 	25,00
  15	 | 	18	 | 	24,70
  16	 | 	18	 | 	19,24
___________________________
