Simulation Topology 1
___________________________
[2]				[3]		
[7]				[4]		
[4]				[4]		
[9]				[6]		
[2]				[7]		
[8]				[11]		
[4]				[10]		
[7]				[13]		
[1]				[14]		
[8]				[18]		
___________________________
Simulation Topology [1:0]
___________________________
From 	  To 		Length
___________________________
  0	 | 	5	 | 	10,00
  0	 | 	9	 | 	16,16
  1	 | 	4	 | 	5,83
  1	 | 	5	 | 	7,07
  1	 | 	9	 | 	14,04
  2	 | 	3	 | 	5,39
  2	 | 	4	 | 	3,61
  3	 | 	8	 | 	11,31
  4	 | 	6	 | 	3,61
  6	 | 	7	 | 	4,24
  6	 | 	8	 | 	5,00
  7	 | 	8	 | 	6,08
  7	 | 	9	 | 	5,10
___________________________
Simulation Topology [1:1]
___________________________
From 	  To 		Length
___________________________
  0	 | 	5	 | 	10,00
  0	 | 	9	 | 	16,16
  1	 | 	4	 | 	5,83
  1	 | 	5	 | 	7,07
  1	 | 	9	 | 	14,04
  2	 | 	3	 | 	5,39
  2	 | 	4	 | 	3,61
  3	 | 	8	 | 	11,31
  4	 | 	6	 | 	3,61
  6	 | 	7	 | 	4,24
  6	 | 	8	 | 	5,00
  7	 | 	8	 | 	6,08
  7	 | 	9	 | 	5,10
  2	 | 	5	 | 	8,06
___________________________
Simulation Topology 2
___________________________
