Simulation Topology 1
___________________________
Simulation Topology 2
___________________________
[17]				[12]		
[9]				[24]		
[39]				[18]		
[11]				[1]		
[4]				[0]		
[21]				[31]		
[25]				[4]		
[6]				[13]		
[18]				[33]		
[7]				[32]		
[23]				[31]		
[25]				[2]		
[4]				[4]		
[35]				[18]		
[5]				[33]		
[19]				[18]		
[11]				[29]		
[31]				[34]		
[26]				[17]		
[18]				[30]		
___________________________
Simulation Topology [2:0]
___________________________
From 	  To 		Length
___________________________
  0	 | 	10	 | 	19,92
  0	 | 	12	 | 	15,26
  0	 | 	13	 | 	18,97
  1	 | 	3	 | 	23,09
  1	 | 	16	 | 	5,39
  2	 | 	11	 | 	21,26
  2	 | 	19	 | 	24,19
  3	 | 	7	 | 	13,00
  4	 | 	5	 | 	35,36
  4	 | 	18	 | 	27,80
  5	 | 	14	 | 	16,12
  6	 | 	15	 | 	15,23
  6	 | 	19	 | 	26,93
  7	 | 	8	 | 	23,32
  8	 | 	14	 | 	13,00
  9	 | 	16	 | 	5,00
  9	 | 	17	 | 	24,08
  10	 | 	17	 | 	8,54
  11	 | 	13	 | 	18,87
  15	 | 	18	 | 	7,07
___________________________
