Simulation Topology 1
___________________________
[8]				[4]		
[9]				[17]		
[7]				[18]		
[7]				[24]		
[0]				[29]		
[4]				[36]		
[13]				[1]		
[10]				[1]		
[13]				[4]		
[15]				[5]		
___________________________
Simulation Topology [1:0]
___________________________
From 	  To 		Length
___________________________
  0	 | 	3	 | 	20,02
  0	 | 	4	 | 	26,25
  1	 | 	2	 | 	2,24
  1	 | 	5	 | 	19,65
  2	 | 	8	 | 	15,23
  3	 | 	9	 | 	20,62
  4	 | 	5	 | 	8,06
  6	 | 	7	 | 	3,00
  6	 | 	8	 | 	3,00
  7	 | 	9	 | 	6,40
___________________________
Simulation Topology 2
___________________________
[5]				[0]		
[7]				[1]		
[9]				[2]		
[1]				[2]		
[7]				[4]		
[1]				[6]		
[5]				[6]		
[3]				[12]		
[8]				[14]		
[8]				[17]		
___________________________
Simulation Topology [2:0]
___________________________
From 	  To 		Length
___________________________
  7	 | 	9	 | 	7,07
  6	 | 	8	 | 	8,54
  6	 | 	7	 | 	6,32
  4	 | 	5	 | 	6,32
  3	 | 	9	 | 	16,55
  0	 | 	3	 | 	4,47
  0	 | 	7	 | 	12,17
  1	 | 	2	 | 	2,24
  1	 | 	8	 | 	13,04
  2	 | 	8	 | 	12,04
  4	 | 	6	 | 	2,83
  5	 | 	6	 | 	4,00
___________________________
