Simulation Topology 1
___________________________
[8]				[2]		
[6]				[2]		
[4]				[3]		
[7]				[7]		
[6]				[5]		
[4]				[9]		
[6]				[9]		
[7]				[12]		
[2]				[13]		
[0]				[13]		
___________________________
Simulation Topology [1:4]
___________________________
From 	  To 		Length
___________________________
  0	 | 	1	 | 	2,00
  0	 | 	8	 | 	12,53
  0	 | 	9	 | 	13,60
  1	 | 	4	 | 	3,00
  1	 | 	8	 | 	11,70
  2	 | 	3	 | 	5,00
  2	 | 	4	 | 	2,83
  2	 | 	6	 | 	6,32
  3	 | 	5	 | 	3,61
  3	 | 	6	 | 	2,24
  4	 | 	6	 | 	4,00
  5	 | 	7	 | 	4,24
  5	 | 	9	 | 	5,66
  7	 | 	8	 | 	5,10
  7	 | 	9	 | 	7,07
___________________________
Simulation Topology 2
___________________________
[6]				[2]		
[4]				[3]		
[9]				[0]		
[0]				[0]		
[9]				[5]		
[4]				[6]		
[9]				[11]		
[4]				[10]		
[1]				[11]		
[3]				[12]		
___________________________
Simulation Topology [2:0]
___________________________
From 	  To 		Length
___________________________
  7	 | 	9	 | 	2,24
  7	 | 	8	 | 	3,16
  5	 | 	9	 | 	6,08
  5	 | 	7	 | 	4,00
  4	 | 	6	 | 	6,00
  3	 | 	6	 | 	14,21
  3	 | 	5	 | 	7,21
  0	 | 	3	 | 	6,32
  0	 | 	6	 | 	9,49
  0	 | 	8	 | 	10,30
  1	 | 	2	 | 	5,83
  1	 | 	3	 | 	5,00
  1	 | 	5	 | 	3,00
  2	 | 	7	 | 	11,18
  2	 | 	8	 | 	13,60
  4	 | 	7	 | 	7,07
  4	 | 	9	 | 	9,22
  6	 | 	9	 | 	6,08
  8	 | 	9	 | 	2,24
___________________________
Simulation Topology [2:1]
___________________________
From 	  To 		Length
___________________________
  7	 | 	9	 | 	2,24
  7	 | 	8	 | 	3,16
  5	 | 	9	 | 	6,08
  5	 | 	7	 | 	4,00
  4	 | 	6	 | 	6,00
  3	 | 	6	 | 	14,21
  3	 | 	5	 | 	7,21
  0	 | 	3	 | 	6,32
  0	 | 	6	 | 	9,49
  0	 | 	8	 | 	10,30
  1	 | 	2	 | 	5,83
  1	 | 	3	 | 	5,00
  1	 | 	5	 | 	3,00
  2	 | 	7	 | 	11,18
  2	 | 	8	 | 	13,60
  4	 | 	7	 | 	7,07
  4	 | 	9	 | 	9,22
  6	 | 	9	 | 	6,08
  8	 | 	9	 | 	2,24
___________________________
