Simulation Topology 1
___________________________
Simulation Topology 2
___________________________
[33]				[23]		
[17]				[19]		
[37]				[3]		
[14]				[5]		
[34]				[29]		
[35]				[6]		
[24]				[8]		
[8]				[3]		
[13]				[20]		
[34]				[11]		
[11]				[4]		
[24]				[4]		
[34]				[26]		
[29]				[6]		
[31]				[1]		
[30]				[31]		
[33]				[1]		
[1]				[25]		
[12]				[23]		
[31]				[16]		
___________________________
Simulation Topology [2:0]
___________________________
From 	  To 		Length
___________________________
  0	 | 	3	 | 	26,17
  0	 | 	8	 | 	20,22
  0	 | 	17	 | 	32,06
  1	 | 	15	 | 	17,69
  1	 | 	18	 | 	6,40
  2	 | 	6	 | 	13,93
  2	 | 	13	 | 	8,54
  3	 | 	11	 | 	10,05
  4	 | 	11	 | 	26,93
  4	 | 	12	 | 	3,00
  5	 | 	9	 | 	5,10
  5	 | 	19	 | 	10,77
  6	 | 	15	 | 	23,77
  7	 | 	9	 | 	27,20
  7	 | 	12	 | 	34,71
  8	 | 	16	 | 	27,59
  10	 | 	14	 | 	20,22
  10	 | 	18	 | 	19,03
  13	 | 	16	 | 	6,40
  14	 | 	19	 | 	15,00
___________________________
