Simulation Topology 1
___________________________
[4]				[6]		
[6]				[6]		
[9]				[9]		
[3]				[2]		
[5]				[3]		
___________________________
Simulation Topology [1:0]
___________________________
From 	  To 		Length
___________________________
  0	 | 	1	 | 	2,00
  0	 | 	3	 | 	4,12
  1	 | 	2	 | 	4,24
  2	 | 	4	 | 	7,21
  3	 | 	4	 | 	2,24
___________________________
Simulation Topology 2
___________________________
[9]				[4]		
[4]				[0]		
[7]				[9]		
[6]				[3]		
[2]				[2]		
___________________________
Simulation Topology [2:0]
___________________________
From 	  To 		Length
___________________________
  3	 | 	4	 | 	4,12
  2	 | 	4	 | 	8,60
  0	 | 	1	 | 	6,40
  0	 | 	2	 | 	5,39
  1	 | 	4	 | 	2,83
  2	 | 	3	 | 	6,08
___________________________
