Simulation Topology 1
___________________________
Simulation Topology 2
___________________________
[0]				[17]		
[5]				[10]		
[33]				[30]		
[29]				[0]		
[4]				[17]		
[21]				[17]		
[22]				[15]		
[35]				[24]		
[34]				[34]		
[17]				[3]		
[15]				[16]		
[35]				[5]		
[34]				[9]		
[13]				[19]		
[2]				[3]		
[3]				[37]		
[38]				[8]		
[33]				[15]		
[16]				[0]		
[5]				[26]		
___________________________
Simulation Topology [2:0]
___________________________
From 	  To 		Length
___________________________
  0	 | 	6	 | 	22,09
  0	 | 	8	 | 	38,01
  1	 | 	6	 | 	17,72
  1	 | 	16	 | 	33,06
  2	 | 	11	 | 	25,08
  2	 | 	12	 | 	21,02
  3	 | 	7	 | 	24,74
  3	 | 	10	 | 	21,26
  4	 | 	5	 | 	17,00
  4	 | 	8	 | 	34,48
  5	 | 	19	 | 	18,36
  7	 | 	17	 | 	9,22
  9	 | 	12	 | 	18,03
  9	 | 	13	 | 	16,49
  10	 | 	19	 | 	14,14
  11	 | 	17	 | 	10,20
  13	 | 	14	 | 	19,42
  14	 | 	15	 | 	34,01
  15	 | 	18	 | 	39,22
  16	 | 	18	 | 	23,41
___________________________
