Simulation Topology 1
___________________________
Simulation Topology 2
___________________________
[9]				[30]		
[12]				[39]		
[5]				[33]		
[30]				[20]		
[20]				[34]		
[17]				[30]		
[31]				[29]		
[36]				[16]		
[36]				[5]		
[15]				[20]		
[17]				[33]		
[22]				[34]		
[20]				[20]		
[23]				[31]		
[25]				[37]		
[2]				[33]		
[17]				[9]		
[34]				[24]		
[35]				[18]		
[4]				[5]		
___________________________
Simulation Topology [2:0]
___________________________
From 	  To 		Length
___________________________
  0	 | 	3	 | 	23,26
  0	 | 	18	 | 	28,64
  1	 | 	2	 | 	9,22
  1	 | 	11	 | 	11,18
  2	 | 	12	 | 	19,85
  3	 | 	17	 | 	5,66
  4	 | 	9	 | 	14,87
  4	 | 	15	 | 	18,03
  5	 | 	7	 | 	23,60
  5	 | 	19	 | 	28,18
  6	 | 	10	 | 	14,56
  6	 | 	13	 | 	8,25
  7	 | 	18	 | 	2,24
  8	 | 	9	 | 	25,81
  8	 | 	10	 | 	33,84
  11	 | 	14	 | 	4,24
  12	 | 	19	 | 	21,93
  13	 | 	17	 | 	13,04
  14	 | 	16	 | 	29,12
  15	 | 	16	 | 	28,30
___________________________
