Simulation Topology 1
___________________________
[28]				[5]		
[12]				[18]		
[19]				[11]		
[3]				[30]		
[37]				[33]		
[15]				[10]		
[35]				[2]		
[18]				[15]		
[25]				[20]		
[30]				[35]		
[38]				[12]		
[6]				[34]		
[6]				[24]		
[19]				[24]		
[36]				[7]		
[23]				[16]		
[14]				[15]		
[32]				[34]		
[0]				[9]		
[0]				[3]		
___________________________
Simulation Topology [1:0]
___________________________
From 	  To 		Length
___________________________
  0	 | 	3	 | 	35,36
  0	 | 	4	 | 	29,41
  1	 | 	17	 | 	25,61
  1	 | 	19	 | 	19,21
  2	 | 	12	 | 	18,38
  2	 | 	18	 | 	19,10
  3	 | 	12	 | 	6,71
  4	 | 	6	 | 	31,06
  5	 | 	8	 | 	14,14
  5	 | 	14	 | 	21,21
  6	 | 	13	 | 	27,20
  7	 | 	11	 | 	22,47
  7	 | 	13	 | 	9,06
  8	 | 	10	 | 	15,26
  9	 | 	14	 | 	28,64
  9	 | 	15	 | 	20,25
  10	 | 	17	 | 	22,80
  11	 | 	16	 | 	20,62
  15	 | 	16	 | 	9,06
  18	 | 	19	 | 	6,00
___________________________
Simulation Topology 2
___________________________
[12]				[27]		
[9]				[38]		
[28]				[20]		
[11]				[32]		
[4]				[0]		
[38]				[21]		
[3]				[18]		
[30]				[30]		
[23]				[24]		
[13]				[23]		
[0]				[12]		
[16]				[35]		
[9]				[9]		
[15]				[4]		
[1]				[36]		
[27]				[16]		
[16]				[10]		
[7]				[2]		
[14]				[17]		
[28]				[29]		
___________________________
Simulation Topology [2:0]
___________________________
From 	  To 		Length
___________________________
  18	 | 	19	 | 	18,44
  15	 | 	16	 | 	12,53
  11	 | 	16	 | 	25,00
  10	 | 	17	 | 	12,21
  9	 | 	15	 | 	15,65
  9	 | 	14	 | 	17,69
  8	 | 	10	 | 	25,94
  7	 | 	13	 | 	30,02
  7	 | 	11	 | 	14,87
  6	 | 	13	 | 	18,44
  0	 | 	9	 | 	4,12
  0	 | 	17	 | 	25,50
  1	 | 	2	 | 	26,17
  1	 | 	12	 | 	29,00
  2	 | 	18	 | 	14,32
  3	 | 	11	 | 	5,83
  3	 | 	16	 | 	22,56
  4	 | 	13	 | 	11,70
  4	 | 	17	 | 	3,61
  5	 | 	6	 | 	35,13
  5	 | 	19	 | 	12,81
  6	 | 	11	 | 	21,40
  7	 | 	9	 | 	18,38
  7	 | 	14	 | 	29,61
  8	 | 	16	 | 	15,65
  10	 | 	14	 | 	24,02
  12	 | 	19	 | 	27,59
  13	 | 	15	 | 	16,97
  15	 | 	18	 | 	13,04
___________________________
