Simulation Topology 1
___________________________
[4]				[9]		
[8]				[8]		
[39]				[33]		
[12]				[22]		
[5]				[21]		
[28]				[20]		
[0]				[15]		
[30]				[16]		
[12]				[18]		
[16]				[5]		
[39]				[17]		
[31]				[32]		
[20]				[7]		
[36]				[5]		
[18]				[6]		
[6]				[11]		
[4]				[27]		
[20]				[15]		
[25]				[5]		
[22]				[8]		
___________________________
Simulation Topology [1:0]
___________________________
From 	  To 		Length
___________________________
  0	 | 	1	 | 	4,12
  0	 | 	15	 | 	2,83
  1	 | 	12	 | 	12,04
  2	 | 	10	 | 	16,00
  2	 | 	13	 | 	28,16
  3	 | 	11	 | 	21,47
  3	 | 	16	 | 	9,43
  4	 | 	6	 | 	7,81
  4	 | 	16	 | 	6,08
  5	 | 	8	 | 	16,12
  5	 | 	10	 | 	11,40
  6	 | 	8	 | 	12,37
  7	 | 	9	 | 	17,80
  7	 | 	11	 | 	16,03
  9	 | 	19	 | 	6,71
  12	 | 	18	 | 	5,39
  13	 | 	15	 | 	30,59
  14	 | 	17	 | 	9,22
  14	 | 	18	 | 	7,07
  17	 | 	19	 | 	7,28
___________________________
Simulation Topology 2
___________________________
[24]				[9]		
[2]				[4]		
[22]				[33]		
[17]				[22]		
[8]				[21]		
[13]				[34]		
[32]				[17]		
[36]				[18]		
[14]				[38]		
[11]				[18]		
[22]				[10]		
[10]				[27]		
[12]				[38]		
[10]				[24]		
[33]				[28]		
[3]				[13]		
[13]				[14]		
[7]				[9]		
[32]				[22]		
[17]				[6]		
___________________________
Simulation Topology [2:0]
___________________________
From 	  To 		Length
___________________________
  17	 | 	19	 | 	10,44
  14	 | 	18	 | 	6,08
  14	 | 	17	 | 	32,20
  13	 | 	15	 | 	13,04
  12	 | 	18	 | 	25,61
  9	 | 	19	 | 	13,42
  7	 | 	11	 | 	27,51
  7	 | 	9	 | 	25,00
  6	 | 	8	 | 	27,66
  5	 | 	10	 | 	25,63
  0	 | 	5	 | 	27,31
  0	 | 	14	 | 	21,02
  1	 | 	6	 | 	32,70
  1	 | 	19	 | 	15,13
  2	 | 	3	 | 	12,08
  2	 | 	12	 | 	11,18
  3	 | 	10	 | 	13,00
  4	 | 	13	 | 	3,61
  4	 | 	15	 | 	9,43
  5	 | 	17	 | 	25,71
  6	 | 	7	 | 	4,12
  7	 | 	18	 | 	5,66
  8	 | 	11	 | 	11,70
  8	 | 	12	 | 	2,00
  9	 | 	11	 | 	9,06
  9	 | 	16	 | 	4,47
  10	 | 	19	 | 	6,40
  13	 | 	17	 | 	15,30
  15	 | 	16	 | 	10,05
___________________________
