Simulation Topology 1
___________________________
[9]				[0]		
[2]				[2]		
[8]				[2]		
[4]				[21]		
[6]				[22]		
[2]				[20]		
[9]				[21]		
[3]				[24]		
[9]				[24]		
[9]				[27]		
[5]				[28]		
[5]				[30]		
[9]				[31]		
[8]				[35]		
[3]				[32]		
[12]				[0]		
[10]				[5]		
[12]				[5]		
[17]				[7]		
[12]				[15]		
___________________________
Simulation Topology [1:2]
___________________________
From 	  To 		Length
___________________________
  0	 | 	2	 | 	2,24
  0	 | 	16	 | 	5,10
  0	 | 	17	 | 	5,83
  1	 | 	4	 | 	20,40
  1	 | 	15	 | 	10,20
  1	 | 	16	 | 	8,54
  2	 | 	16	 | 	3,61
  3	 | 	4	 | 	2,24
  3	 | 	10	 | 	7,07
  4	 | 	10	 | 	6,08
  5	 | 	7	 | 	4,12
  5	 | 	19	 | 	11,18
  6	 | 	8	 | 	3,00
  6	 | 	9	 | 	6,00
  6	 | 	19	 | 	6,71
  7	 | 	8	 | 	6,00
  7	 | 	13	 | 	12,08
  8	 | 	9	 | 	3,00
  10	 | 	14	 | 	4,47
  11	 | 	12	 | 	4,12
  11	 | 	13	 | 	5,83
  11	 | 	14	 | 	2,83
  12	 | 	13	 | 	4,12
  12	 | 	14	 | 	6,08
  15	 | 	17	 | 	5,00
  15	 | 	18	 | 	8,60
  17	 | 	18	 | 	5,39
  18	 | 	19	 | 	9,43
___________________________
Simulation Topology [1:3]
___________________________
From 	  To 		Length
___________________________
  0	 | 	2	 | 	2,24
  0	 | 	16	 | 	5,10
  0	 | 	17	 | 	5,83
  1	 | 	4	 | 	20,40
  1	 | 	15	 | 	10,20
  1	 | 	16	 | 	8,54
  2	 | 	16	 | 	3,61
  3	 | 	4	 | 	2,24
  3	 | 	10	 | 	7,07
  4	 | 	10	 | 	6,08
  5	 | 	7	 | 	4,12
  5	 | 	19	 | 	11,18
  6	 | 	8	 | 	3,00
  6	 | 	9	 | 	6,00
  6	 | 	19	 | 	6,71
  7	 | 	8	 | 	6,00
  7	 | 	13	 | 	12,08
  8	 | 	9	 | 	3,00
  10	 | 	14	 | 	4,47
  11	 | 	12	 | 	4,12
  11	 | 	13	 | 	5,83
  11	 | 	14	 | 	2,83
  12	 | 	13	 | 	4,12
  12	 | 	14	 | 	6,08
  15	 | 	17	 | 	5,00
  15	 | 	18	 | 	8,60
  17	 | 	18	 | 	5,39
  18	 | 	19	 | 	9,43
  2	 | 	5	 | 	18,97
___________________________
Simulation Topology [1:4]
___________________________
From 	  To 		Length
___________________________
  0	 | 	2	 | 	2,24
  0	 | 	16	 | 	5,10
  0	 | 	17	 | 	5,83
  1	 | 	4	 | 	20,40
  1	 | 	15	 | 	10,20
  1	 | 	16	 | 	8,54
  2	 | 	16	 | 	3,61
  3	 | 	4	 | 	2,24
  3	 | 	10	 | 	7,07
  4	 | 	10	 | 	6,08
  5	 | 	7	 | 	4,12
  5	 | 	19	 | 	11,18
  6	 | 	8	 | 	3,00
  6	 | 	9	 | 	6,00
  6	 | 	19	 | 	6,71
  7	 | 	8	 | 	6,00
  7	 | 	13	 | 	12,08
  8	 | 	9	 | 	3,00
  10	 | 	14	 | 	4,47
  11	 | 	12	 | 	4,12
  11	 | 	13	 | 	5,83
  11	 | 	14	 | 	2,83
  12	 | 	13	 | 	4,12
  12	 | 	14	 | 	6,08
  15	 | 	17	 | 	5,00
  15	 | 	18	 | 	8,60
  17	 | 	18	 | 	5,39
  18	 | 	19	 | 	9,43
  2	 | 	5	 | 	18,97
  3	 | 	9	 | 	7,81
___________________________
Simulation Topology [1:5]
___________________________
From 	  To 		Length
___________________________
  0	 | 	2	 | 	2,24
  0	 | 	16	 | 	5,10
  0	 | 	17	 | 	5,83
  1	 | 	4	 | 	20,40
  1	 | 	15	 | 	10,20
  1	 | 	16	 | 	8,54
  2	 | 	16	 | 	3,61
  3	 | 	4	 | 	2,24
  3	 | 	10	 | 	7,07
  4	 | 	10	 | 	6,08
  5	 | 	7	 | 	4,12
  5	 | 	19	 | 	11,18
  6	 | 	8	 | 	3,00
  6	 | 	9	 | 	6,00
  6	 | 	19	 | 	6,71
  7	 | 	8	 | 	6,00
  7	 | 	13	 | 	12,08
  8	 | 	9	 | 	3,00
  10	 | 	14	 | 	4,47
  11	 | 	12	 | 	4,12
  11	 | 	13	 | 	5,83
  11	 | 	14	 | 	2,83
  12	 | 	13	 | 	4,12
  12	 | 	14	 | 	6,08
  15	 | 	17	 | 	5,00
  15	 | 	18	 | 	8,60
  17	 | 	18	 | 	5,39
  18	 | 	19	 | 	9,43
  2	 | 	5	 | 	18,97
  3	 | 	9	 | 	7,81
___________________________
Simulation Topology 2
___________________________
[1]				[0]		
[0]				[2]		
[8]				[9]		
[1]				[10]		
[6]				[14]		
[8]				[12]		
[1]				[14]		
[9]				[14]		
[7]				[21]		
[4]				[23]		
[0]				[36]		
[2]				[36]		
[6]				[39]		
[0]				[38]		
[14]				[4]		
[17]				[9]		
[18]				[11]		
[14]				[13]		
[14]				[19]		
[18]				[16]		
___________________________
Simulation Topology [2:0]
___________________________
From 	  To 		Length
___________________________
  3	 | 	9	 | 	13,34
  2	 | 	5	 | 	3,00
  18	 | 	19	 | 	5,00
  17	 | 	18	 | 	6,00
  15	 | 	18	 | 	10,44
  15	 | 	17	 | 	5,00
  12	 | 	14	 | 	35,90
  12	 | 	13	 | 	6,08
  11	 | 	14	 | 	34,18
  11	 | 	13	 | 	2,83
  11	 | 	12	 | 	5,00
  10	 | 	14	 | 	34,93
  8	 | 	9	 | 	3,61
  7	 | 	13	 | 	25,63
  7	 | 	8	 | 	7,28
  0	 | 	1	 | 	2,24
  0	 | 	2	 | 	11,40
  0	 | 	3	 | 	10,00
  1	 | 	17	 | 	17,80
  3	 | 	6	 | 	4,00
  4	 | 	6	 | 	5,00
  4	 | 	7	 | 	3,00
  4	 | 	8	 | 	7,07
  5	 | 	7	 | 	2,24
  6	 | 	15	 | 	16,76
  9	 | 	18	 | 	10,77
  10	 | 	11	 | 	2,00
  10	 | 	12	 | 	6,71
  10	 | 	13	 | 	2,00
  14	 | 	15	 | 	5,83
  14	 | 	19	 | 	12,65
  15	 | 	16	 | 	2,24
  16	 | 	17	 | 	4,47
  16	 | 	19	 | 	5,00
___________________________
Simulation Topology [2:1]
___________________________
From 	  To 		Length
___________________________
  3	 | 	9	 | 	13,34
  2	 | 	5	 | 	3,00
  18	 | 	19	 | 	5,00
  17	 | 	18	 | 	6,00
  15	 | 	18	 | 	10,44
  15	 | 	17	 | 	5,00
  12	 | 	14	 | 	35,90
  12	 | 	13	 | 	6,08
  11	 | 	14	 | 	34,18
  11	 | 	13	 | 	2,83
  11	 | 	12	 | 	5,00
  10	 | 	14	 | 	34,93
  8	 | 	9	 | 	3,61
  7	 | 	13	 | 	25,63
  7	 | 	8	 | 	7,28
  0	 | 	1	 | 	2,24
  0	 | 	2	 | 	11,40
  0	 | 	3	 | 	10,00
  1	 | 	17	 | 	17,80
  3	 | 	6	 | 	4,00
  4	 | 	6	 | 	5,00
  4	 | 	7	 | 	3,00
  4	 | 	8	 | 	7,07
  5	 | 	7	 | 	2,24
  6	 | 	15	 | 	16,76
  9	 | 	18	 | 	10,77
  10	 | 	11	 | 	2,00
  10	 | 	12	 | 	6,71
  10	 | 	13	 | 	2,00
  14	 | 	15	 | 	5,83
  14	 | 	19	 | 	12,65
  15	 | 	16	 | 	2,24
  16	 | 	17	 | 	4,47
  16	 | 	19	 | 	5,00
  5	 | 	11	 | 	24,74
___________________________
Simulation Topology [2:2]
___________________________
From 	  To 		Length
___________________________
  3	 | 	9	 | 	13,34
  2	 | 	5	 | 	3,00
  18	 | 	19	 | 	5,00
  17	 | 	18	 | 	6,00
  15	 | 	18	 | 	10,44
  15	 | 	17	 | 	5,00
  12	 | 	14	 | 	35,90
  12	 | 	13	 | 	6,08
  11	 | 	14	 | 	34,18
  11	 | 	13	 | 	2,83
  11	 | 	12	 | 	5,00
  10	 | 	14	 | 	34,93
  8	 | 	9	 | 	3,61
  7	 | 	13	 | 	25,63
  7	 | 	8	 | 	7,28
  0	 | 	1	 | 	2,24
  0	 | 	2	 | 	11,40
  0	 | 	3	 | 	10,00
  1	 | 	17	 | 	17,80
  3	 | 	6	 | 	4,00
  4	 | 	6	 | 	5,00
  4	 | 	7	 | 	3,00
  4	 | 	8	 | 	7,07
  5	 | 	7	 | 	2,24
  6	 | 	15	 | 	16,76
  9	 | 	18	 | 	10,77
  10	 | 	11	 | 	2,00
  10	 | 	12	 | 	6,71
  10	 | 	13	 | 	2,00
  14	 | 	15	 | 	5,83
  14	 | 	19	 | 	12,65
  15	 | 	16	 | 	2,24
  16	 | 	17	 | 	4,47
  16	 | 	19	 | 	5,00
  5	 | 	11	 | 	24,74
  2	 | 	12	 | 	30,07
___________________________
Simulation Topology [2:3]
___________________________
From 	  To 		Length
___________________________
  3	 | 	9	 | 	13,34
  2	 | 	5	 | 	3,00
  18	 | 	19	 | 	5,00
  17	 | 	18	 | 	6,00
  15	 | 	18	 | 	10,44
  15	 | 	17	 | 	5,00
  12	 | 	14	 | 	35,90
  12	 | 	13	 | 	6,08
  11	 | 	14	 | 	34,18
  11	 | 	13	 | 	2,83
  11	 | 	12	 | 	5,00
  10	 | 	14	 | 	34,93
  8	 | 	9	 | 	3,61
  7	 | 	13	 | 	25,63
  7	 | 	8	 | 	7,28
  0	 | 	1	 | 	2,24
  0	 | 	2	 | 	11,40
  0	 | 	3	 | 	10,00
  1	 | 	17	 | 	17,80
  3	 | 	6	 | 	4,00
  4	 | 	6	 | 	5,00
  4	 | 	7	 | 	3,00
  4	 | 	8	 | 	7,07
  5	 | 	7	 | 	2,24
  6	 | 	15	 | 	16,76
  9	 | 	18	 | 	10,77
  10	 | 	11	 | 	2,00
  10	 | 	12	 | 	6,71
  10	 | 	13	 | 	2,00
  14	 | 	15	 | 	5,83
  14	 | 	19	 | 	12,65
  15	 | 	16	 | 	2,24
  16	 | 	17	 | 	4,47
  16	 | 	19	 | 	5,00
  5	 | 	11	 | 	24,74
  2	 | 	12	 | 	30,07
  8	 | 	14	 | 	18,38
___________________________
Simulation Topology [2:4]
___________________________
From 	  To 		Length
___________________________
  3	 | 	9	 | 	13,34
  2	 | 	5	 | 	3,00
  18	 | 	19	 | 	5,00
  17	 | 	18	 | 	6,00
  15	 | 	18	 | 	10,44
  15	 | 	17	 | 	5,00
  12	 | 	14	 | 	35,90
  12	 | 	13	 | 	6,08
  11	 | 	14	 | 	34,18
  11	 | 	13	 | 	2,83
  11	 | 	12	 | 	5,00
  10	 | 	14	 | 	34,93
  8	 | 	9	 | 	3,61
  7	 | 	13	 | 	25,63
  7	 | 	8	 | 	7,28
  0	 | 	1	 | 	2,24
  0	 | 	2	 | 	11,40
  0	 | 	3	 | 	10,00
  1	 | 	17	 | 	17,80
  3	 | 	6	 | 	4,00
  4	 | 	6	 | 	5,00
  4	 | 	7	 | 	3,00
  4	 | 	8	 | 	7,07
  5	 | 	7	 | 	2,24
  6	 | 	15	 | 	16,76
  9	 | 	18	 | 	10,77
  10	 | 	11	 | 	2,00
  10	 | 	12	 | 	6,71
  10	 | 	13	 | 	2,00
  14	 | 	15	 | 	5,83
  14	 | 	19	 | 	12,65
  15	 | 	16	 | 	2,24
  16	 | 	17	 | 	4,47
  16	 | 	19	 | 	5,00
  5	 | 	11	 | 	24,74
  2	 | 	12	 | 	30,07
  8	 | 	14	 | 	18,38
  1	 | 	7	 | 	15,00
___________________________
Simulation Topology [2:5]
___________________________
From 	  To 		Length
___________________________
  3	 | 	9	 | 	13,34
  2	 | 	5	 | 	3,00
  18	 | 	19	 | 	5,00
  17	 | 	18	 | 	6,00
  15	 | 	18	 | 	10,44
  15	 | 	17	 | 	5,00
  12	 | 	14	 | 	35,90
  12	 | 	13	 | 	6,08
  11	 | 	14	 | 	34,18
  11	 | 	13	 | 	2,83
  11	 | 	12	 | 	5,00
  10	 | 	14	 | 	34,93
  8	 | 	9	 | 	3,61
  7	 | 	13	 | 	25,63
  7	 | 	8	 | 	7,28
  0	 | 	1	 | 	2,24
  0	 | 	2	 | 	11,40
  0	 | 	3	 | 	10,00
  1	 | 	17	 | 	17,80
  3	 | 	6	 | 	4,00
  4	 | 	6	 | 	5,00
  4	 | 	7	 | 	3,00
  4	 | 	8	 | 	7,07
  5	 | 	7	 | 	2,24
  6	 | 	15	 | 	16,76
  9	 | 	18	 | 	10,77
  10	 | 	11	 | 	2,00
  10	 | 	12	 | 	6,71
  10	 | 	13	 | 	2,00
  14	 | 	15	 | 	5,83
  14	 | 	19	 | 	12,65
  15	 | 	16	 | 	2,24
  16	 | 	17	 | 	4,47
  16	 | 	19	 | 	5,00
  5	 | 	11	 | 	24,74
  2	 | 	12	 | 	30,07
  8	 | 	14	 | 	18,38
  1	 | 	7	 | 	15,00
___________________________
Simulation Topology [2:6]
___________________________
From 	  To 		Length
___________________________
  3	 | 	9	 | 	13,34
  2	 | 	5	 | 	3,00
  18	 | 	19	 | 	5,00
  17	 | 	18	 | 	6,00
  15	 | 	18	 | 	10,44
  15	 | 	17	 | 	5,00
  12	 | 	14	 | 	35,90
  12	 | 	13	 | 	6,08
  11	 | 	14	 | 	34,18
  11	 | 	13	 | 	2,83
  11	 | 	12	 | 	5,00
  10	 | 	14	 | 	34,93
  8	 | 	9	 | 	3,61
  7	 | 	13	 | 	25,63
  7	 | 	8	 | 	7,28
  0	 | 	1	 | 	2,24
  0	 | 	2	 | 	11,40
  0	 | 	3	 | 	10,00
  1	 | 	17	 | 	17,80
  3	 | 	6	 | 	4,00
  4	 | 	6	 | 	5,00
  4	 | 	7	 | 	3,00
  4	 | 	8	 | 	7,07
  5	 | 	7	 | 	2,24
  6	 | 	15	 | 	16,76
  9	 | 	18	 | 	10,77
  10	 | 	11	 | 	2,00
  10	 | 	12	 | 	6,71
  10	 | 	13	 | 	2,00
  14	 | 	15	 | 	5,83
  14	 | 	19	 | 	12,65
  15	 | 	16	 | 	2,24
  16	 | 	17	 | 	4,47
  16	 | 	19	 | 	5,00
  5	 | 	11	 | 	24,74
  2	 | 	12	 | 	30,07
  8	 | 	14	 | 	18,38
  1	 | 	7	 | 	15,00
___________________________
