Simulation Topology 1
___________________________
Simulation Topology 2
___________________________
[45]				[26]		
[25]				[47]		
[18]				[26]		
[25]				[20]		
[6]				[40]		
[12]				[17]		
[6]				[57]		
[5]				[18]		
[23]				[3]		
[23]				[19]		
[8]				[23]		
[33]				[18]		
[33]				[40]		
[16]				[5]		
[40]				[48]		
[3]				[33]		
[45]				[53]		
[23]				[52]		
[31]				[20]		
[3]				[50]		
[55]				[18]		
[50]				[6]		
[28]				[41]		
[18]				[4]		
[29]				[59]		
[26]				[30]		
[33]				[0]		
[56]				[37]		
[43]				[35]		
[13]				[31]		
___________________________
Simulation Topology [2:0]
___________________________
From 	  To 		Length
___________________________
  0	 | 	3	 | 	20,88
  0	 | 	23	 | 	34,83
  1	 | 	11	 | 	30,08
  1	 | 	17	 | 	5,39
  2	 | 	21	 | 	37,74
  2	 | 	24	 | 	34,79
  3	 | 	7	 | 	20,10
  4	 | 	10	 | 	17,12
  4	 | 	15	 | 	7,62
  5	 | 	7	 | 	7,07
  5	 | 	12	 | 	31,14
  6	 | 	14	 | 	35,17
  6	 | 	25	 | 	33,60
  8	 | 	13	 | 	7,28
  8	 | 	25	 | 	27,17
  9	 | 	11	 | 	10,05
  9	 | 	14	 | 	33,62
  10	 | 	29	 | 	9,43
  12	 | 	19	 | 	31,62
  13	 | 	19	 | 	46,84
  15	 | 	16	 | 	46,52
  16	 | 	24	 | 	17,09
  17	 | 	28	 | 	26,25
  18	 | 	20	 | 	24,08
  18	 | 	27	 | 	30,23
  20	 | 	22	 | 	35,47
  21	 | 	23	 | 	32,06
  22	 | 	26	 | 	41,30
  26	 | 	28	 | 	36,40
  27	 | 	29	 | 	43,42
___________________________
