Simulation Topology 1
___________________________
Simulation Topology 2
___________________________
[5]				[22]		
[15]				[12]		
[8]				[35]		
[1]				[5]		
[14]				[14]		
[12]				[37]		
[1]				[3]		
[22]				[15]		
[36]				[11]		
[10]				[29]		
[35]				[25]		
[19]				[8]		
[34]				[28]		
[26]				[34]		
[28]				[18]		
[33]				[20]		
[39]				[3]		
[11]				[26]		
[7]				[30]		
[31]				[28]		
___________________________
Simulation Topology [2:0]
___________________________
From 	  To 		Length
___________________________
  0	 | 	7	 | 	18,38
  0	 | 	9	 | 	8,60
  0	 | 	12	 | 	29,61
  1	 | 	15	 | 	19,70
  1	 | 	16	 | 	25,63
  2	 | 	4	 | 	21,84
  2	 | 	19	 | 	24,04
  3	 | 	13	 | 	38,29
  3	 | 	14	 | 	29,97
  4	 | 	5	 | 	23,09
  5	 | 	18	 | 	8,60
  6	 | 	11	 | 	18,68
  6	 | 	17	 | 	25,08
  7	 | 	15	 | 	12,08
  8	 | 	11	 | 	17,26
  8	 | 	18	 | 	34,67
  9	 | 	13	 | 	16,76
  10	 | 	16	 | 	22,36
  10	 | 	17	 | 	24,02
  14	 | 	19	 | 	10,44
___________________________
