Simulation Topology 1
___________________________
Simulation Topology 2
___________________________
[2]				[0]		
[0]				[1]		
[2]				[2]		
[4]				[3]		
[2]				[4]		
___________________________
Simulation Topology [2:0]
___________________________
From 	  To 		Length
___________________________
  0	 | 	1	 | 	2,24
  0	 | 	3	 | 	3,61
  1	 | 	2	 | 	2,24
  1	 | 	4	 | 	3,61
  2	 | 	3	 | 	2,24
  2	 | 	4	 | 	2,00
___________________________
Simulation Topology [2:1]
___________________________
From 	  To 		Length
___________________________
  0	 | 	1	 | 	2,24
  0	 | 	3	 | 	3,61
  1	 | 	2	 | 	2,24
  1	 | 	4	 | 	3,61
  2	 | 	3	 | 	2,24
  2	 | 	4	 | 	2,00
  0	 | 	4	 | 	4,00
___________________________
