Simulation Topology 1
___________________________
[1]				[1]		
[4]				[1]		
[4]				[3]		
[0]				[3]		
[4]				[5]		
___________________________
Simulation Topology [1:0]
___________________________
From 	  To 		Length
___________________________
  0	 | 	1	 | 	3,00
  0	 | 	2	 | 	3,61
  0	 | 	4	 | 	5,00
  1	 | 	2	 | 	2,00
  1	 | 	3	 | 	4,47
  2	 | 	3	 | 	4,00
  3	 | 	4	 | 	4,47
___________________________
Simulation Topology [1:1]
___________________________
From 	  To 		Length
___________________________
  0	 | 	1	 | 	3,00
  0	 | 	2	 | 	3,61
  0	 | 	4	 | 	5,00
  1	 | 	2	 | 	2,00
  1	 | 	3	 | 	4,47
  2	 | 	3	 | 	4,00
  3	 | 	4	 | 	4,47
___________________________
Simulation Topology 2
___________________________
[4]				[1]		
[0]				[1]		
[2]				[3]		
[0]				[3]		
[2]				[5]		
___________________________
Simulation Topology [2:0]
___________________________
From 	  To 		Length
___________________________
  3	 | 	4	 | 	2,83
  2	 | 	3	 | 	2,00
  1	 | 	3	 | 	2,00
  0	 | 	2	 | 	2,83
  0	 | 	3	 | 	4,47
  0	 | 	4	 | 	4,47
  1	 | 	2	 | 	2,83
  1	 | 	4	 | 	4,47
___________________________
Simulation Topology [2:1]
___________________________
From 	  To 		Length
___________________________
  3	 | 	4	 | 	2,83
  2	 | 	3	 | 	2,00
  1	 | 	3	 | 	2,00
  0	 | 	2	 | 	2,83
  0	 | 	3	 | 	4,47
  0	 | 	4	 | 	4,47
  1	 | 	2	 | 	2,83
  1	 | 	4	 | 	4,47
___________________________
