Simulation Topology 1
___________________________
[9]				[8]		
[2]				[8]		
[0]				[8]		
[5]				[1]		
[5]				[6]		
___________________________
Simulation Topology [1:0]
___________________________
From 	  To 		Length
___________________________
  0	 | 	1	 | 	7,00
  0	 | 	3	 | 	8,06
  1	 | 	2	 | 	2,00
  2	 | 	4	 | 	5,39
  3	 | 	4	 | 	5,00
___________________________
Simulation Topology 2
___________________________
[5]				[2]		
[2]				[2]		
[0]				[0]		
[2]				[0]		
[3]				[9]		
___________________________
Simulation Topology [2:0]
___________________________
From 	  To 		Length
___________________________
  3	 | 	4	 | 	9,06
  2	 | 	4	 | 	9,49
  0	 | 	3	 | 	3,61
  0	 | 	4	 | 	7,28
  1	 | 	2	 | 	2,83
  1	 | 	4	 | 	7,07
  2	 | 	3	 | 	2,00
___________________________
