Simulation Topology 1
___________________________
[24]				[1]		
[3]				[26]		
[35]				[31]		
[17]				[16]		
[33]				[11]		
[20]				[37]		
[1]				[39]		
[8]				[4]		
[35]				[6]		
[2]				[18]		
[21]				[14]		
[11]				[12]		
[32]				[9]		
[27]				[26]		
[8]				[11]		
[24]				[20]		
[4]				[3]		
[19]				[18]		
[12]				[20]		
[33]				[0]		
___________________________
Simulation Topology [1:0]
___________________________
From 	  To 		Length
___________________________
  0	 | 	9	 | 	27,80
  0	 | 	10	 | 	13,34
  0	 | 	17	 | 	17,72
  1	 | 	3	 | 	17,20
  1	 | 	13	 | 	24,00
  2	 | 	4	 | 	20,10
  2	 | 	15	 | 	15,56
  3	 | 	17	 | 	2,83
  4	 | 	5	 | 	29,07
  5	 | 	16	 | 	37,58
  6	 | 	7	 | 	35,69
  6	 | 	8	 | 	47,38
  7	 | 	14	 | 	7,00
  8	 | 	19	 | 	6,32
  9	 | 	14	 | 	9,22
  11	 | 	12	 | 	21,21
  11	 | 	13	 | 	21,26
  12	 | 	16	 | 	28,64
  15	 | 	18	 | 	12,00
  18	 | 	19	 | 	29,00
___________________________
Simulation Topology 2
___________________________
[6]				[27]		
[17]				[0]		
[10]				[28]		
[17]				[24]		
[24]				[21]		
[0]				[16]		
[30]				[11]		
[23]				[34]		
[10]				[11]		
[34]				[8]		
[36]				[3]		
[21]				[13]		
[1]				[38]		
[25]				[29]		
[0]				[4]		
[32]				[13]		
[25]				[39]		
[24]				[12]		
[7]				[14]		
[19]				[13]		
___________________________
Simulation Topology [2:0]
___________________________
From 	  To 		Length
___________________________
  18	 | 	19	 | 	12,04
  15	 | 	18	 | 	25,02
  12	 | 	16	 | 	24,02
  11	 | 	13	 | 	16,49
  11	 | 	12	 | 	32,02
  9	 | 	14	 | 	34,23
  8	 | 	19	 | 	9,22
  7	 | 	14	 | 	37,80
  6	 | 	8	 | 	20,00
  6	 | 	7	 | 	24,04
  0	 | 	8	 | 	16,49
  0	 | 	12	 | 	12,08
  1	 | 	7	 | 	34,53
  1	 | 	18	 | 	17,20
  2	 | 	6	 | 	26,25
  2	 | 	17	 | 	21,26
  3	 | 	8	 | 	14,76
  3	 | 	11	 | 	11,70
  4	 | 	9	 | 	16,40
  4	 | 	19	 | 	9,43
  5	 | 	11	 | 	21,21
  5	 | 	16	 | 	33,97
  6	 | 	10	 | 	10,00
  7	 | 	13	 | 	5,39
  9	 | 	13	 | 	22,85
  10	 | 	14	 | 	36,01
  12	 | 	15	 | 	39,82
  14	 | 	19	 | 	21,02
  15	 | 	16	 | 	26,93
  17	 | 	18	 | 	17,12
___________________________
