Simulation Topology 1
___________________________
[22]				[3]		
[19]				[11]		
[8]				[14]		
[9]				[9]		
[30]				[20]		
[32]				[16]		
[5]				[22]		
[39]				[8]		
[7]				[7]		
[30]				[35]		
[37]				[12]		
[16]				[7]		
[9]				[4]		
[21]				[11]		
[6]				[9]		
[10]				[24]		
[10]				[39]		
[16]				[30]		
[37]				[37]		
[0]				[14]		
___________________________
Simulation Topology [1:0]
___________________________
From 	  To 		Length
___________________________
  0	 | 	6	 | 	25,50
  0	 | 	12	 | 	13,04
  1	 | 	2	 | 	11,40
  1	 | 	15	 | 	15,81
  2	 | 	7	 | 	31,58
  3	 | 	10	 | 	28,16
  3	 | 	19	 | 	10,30
  4	 | 	13	 | 	12,73
  4	 | 	17	 | 	17,20
  5	 | 	9	 | 	19,10
  5	 | 	19	 | 	32,06
  6	 | 	15	 | 	5,39
  7	 | 	16	 | 	42,45
  8	 | 	10	 | 	30,41
  8	 | 	18	 | 	42,43
  9	 | 	14	 | 	35,38
  11	 | 	17	 | 	23,00
  11	 | 	18	 | 	36,62
  12	 | 	13	 | 	13,89
  14	 | 	16	 | 	30,27
___________________________
Simulation Topology 2
___________________________
[27]				[9]		
[2]				[15]		
[17]				[19]		
[27]				[22]		
[26]				[27]		
[36]				[5]		
[38]				[9]		
[34]				[2]		
[5]				[16]		
[31]				[13]		
[6]				[29]		
[31]				[39]		
[29]				[32]		
[28]				[26]		
[10]				[7]		
[21]				[29]		
[3]				[20]		
[14]				[32]		
[21]				[38]		
[7]				[11]		
___________________________
Simulation Topology [2:0]
___________________________
From 	  To 		Length
___________________________
  14	 | 	16	 | 	14,76
  12	 | 	13	 | 	6,08
  11	 | 	18	 | 	10,05
  11	 | 	17	 | 	18,38
  9	 | 	14	 | 	21,84
  8	 | 	18	 | 	27,20
  8	 | 	10	 | 	13,04
  7	 | 	16	 | 	35,85
  6	 | 	15	 | 	26,25
  5	 | 	19	 | 	29,61
  0	 | 	2	 | 	14,14
  0	 | 	18	 | 	29,61
  1	 | 	6	 | 	36,50
  1	 | 	9	 | 	29,07
  2	 | 	14	 | 	13,89
  3	 | 	7	 | 	21,19
  3	 | 	18	 | 	17,09
  4	 | 	11	 | 	13,00
  4	 | 	12	 | 	5,83
  5	 | 	10	 | 	38,42
  5	 | 	14	 | 	26,08
  6	 | 	16	 | 	36,69
  7	 | 	15	 | 	29,97
  8	 | 	13	 | 	25,08
  8	 | 	19	 | 	5,39
  9	 | 	19	 | 	24,08
  10	 | 	13	 | 	22,20
  12	 | 	16	 | 	28,64
  15	 | 	17	 | 	7,62
___________________________
