Simulation Topology 1
___________________________
[6]				[3]		
[9]				[0]		
[2]				[6]		
[2]				[4]		
[8]				[7]		
[4]				[12]		
[4]				[14]		
[0]				[19]		
[6]				[18]		
[2]				[18]		
___________________________
Simulation Topology [1:0]
___________________________
From 	  To 		Length
___________________________
  0	 | 	1	 | 	4,24
  0	 | 	5	 | 	9,22
  0	 | 	7	 | 	17,09
  1	 | 	3	 | 	8,06
  1	 | 	5	 | 	13,00
  2	 | 	3	 | 	2,00
  2	 | 	4	 | 	6,08
  2	 | 	8	 | 	12,65
  3	 | 	6	 | 	10,20
  4	 | 	8	 | 	11,18
  4	 | 	9	 | 	12,53
  6	 | 	7	 | 	6,40
  6	 | 	9	 | 	4,47
  8	 | 	9	 | 	4,00
___________________________
Simulation Topology [1:1]
___________________________
From 	  To 		Length
___________________________
  0	 | 	1	 | 	4,24
  0	 | 	5	 | 	9,22
  0	 | 	7	 | 	17,09
  1	 | 	3	 | 	8,06
  1	 | 	5	 | 	13,00
  2	 | 	3	 | 	2,00
  2	 | 	4	 | 	6,08
  2	 | 	8	 | 	12,65
  3	 | 	6	 | 	10,20
  4	 | 	8	 | 	11,18
  4	 | 	9	 | 	12,53
  6	 | 	7	 | 	6,40
  6	 | 	9	 | 	4,47
  8	 | 	9	 | 	4,00
  5	 | 	7	 | 	8,06
___________________________
Simulation Topology [1:2]
___________________________
From 	  To 		Length
___________________________
  0	 | 	1	 | 	4,24
  0	 | 	5	 | 	9,22
  0	 | 	7	 | 	17,09
  1	 | 	3	 | 	8,06
  1	 | 	5	 | 	13,00
  2	 | 	3	 | 	2,00
  2	 | 	4	 | 	6,08
  2	 | 	8	 | 	12,65
  3	 | 	6	 | 	10,20
  4	 | 	8	 | 	11,18
  4	 | 	9	 | 	12,53
  6	 | 	7	 | 	6,40
  6	 | 	9	 | 	4,47
  8	 | 	9	 | 	4,00
  5	 | 	7	 | 	8,06
___________________________
Simulation Topology 2
___________________________
