Simulation Topology 1
___________________________
[32]				[12]		
[14]				[32]		
[16]				[29]		
[32]				[38]		
[18]				[30]		
[27]				[14]		
[2]				[33]		
[30]				[20]		
[28]				[9]		
[7]				[13]		
[30]				[33]		
[2]				[1]		
[10]				[24]		
[36]				[6]		
[28]				[20]		
[36]				[12]		
[22]				[16]		
[34]				[19]		
[3]				[35]		
[9]				[36]		
___________________________
Simulation Topology [1:0]
___________________________
From 	  To 		Length
___________________________
  0	 | 	3	 | 	26,00
  0	 | 	14	 | 	8,94
  1	 | 	13	 | 	34,06
  1	 | 	18	 | 	11,40
  2	 | 	5	 | 	18,60
  2	 | 	12	 | 	7,81
  3	 | 	9	 | 	35,36
  4	 | 	11	 | 	33,12
  4	 | 	18	 | 	15,81
  5	 | 	10	 | 	19,24
  6	 | 	7	 | 	30,87
  6	 | 	10	 | 	28,00
  7	 | 	16	 | 	8,94
  8	 | 	15	 | 	8,54
  8	 | 	17	 | 	11,66
  9	 | 	19	 | 	23,09
  11	 | 	16	 | 	25,00
  12	 | 	19	 | 	12,04
  13	 | 	15	 | 	6,00
  14	 | 	17	 | 	6,08
___________________________
Simulation Topology 2
___________________________
[20]				[10]		
[14]				[35]		
[24]				[38]		
[21]				[31]		
[30]				[20]		
[6]				[0]		
[7]				[33]		
[1]				[28]		
[4]				[31]		
[10]				[21]		
[38]				[32]		
[20]				[2]		
[14]				[7]		
[17]				[17]		
[15]				[22]		
[12]				[8]		
[36]				[30]		
[28]				[29]		
[27]				[5]		
[6]				[4]		
___________________________
Simulation Topology [2:0]
___________________________
From 	  To 		Length
___________________________
  14	 | 	17	 | 	14,76
  13	 | 	15	 | 	10,30
  12	 | 	19	 | 	8,54
  11	 | 	16	 | 	32,25
  9	 | 	19	 | 	17,46
  8	 | 	17	 | 	24,08
  8	 | 	15	 | 	24,35
  7	 | 	16	 | 	35,06
  6	 | 	10	 | 	31,02
  6	 | 	7	 | 	7,81
  0	 | 	7	 | 	26,17
  0	 | 	8	 | 	26,40
  1	 | 	10	 | 	24,19
  1	 | 	15	 | 	27,07
  2	 | 	5	 | 	42,05
  2	 | 	16	 | 	14,42
  3	 | 	9	 | 	14,87
  3	 | 	17	 | 	7,28
  4	 | 	10	 | 	14,42
  4	 | 	17	 | 	9,22
  5	 | 	18	 | 	21,59
  6	 | 	8	 | 	3,61
  6	 | 	12	 | 	26,93
  7	 | 	13	 | 	19,42
  9	 | 	15	 | 	13,15
  11	 | 	18	 | 	7,62
  11	 | 	19	 | 	14,14
  12	 | 	16	 | 	31,83
  13	 | 	14	 | 	5,39
  14	 | 	19	 | 	20,12
___________________________
