Simulation Topology 1
___________________________
[21]				[25]		
[31]				[37]		
[11]				[9]		
[2]				[4]		
[6]				[30]		
[9]				[18]		
[2]				[38]		
[26]				[34]		
[7]				[18]		
[33]				[24]		
[22]				[38]		
[31]				[12]		
[6]				[23]		
[27]				[17]		
[10]				[4]		
[32]				[18]		
[18]				[34]		
[26]				[21]		
[25]				[37]		
[2]				[11]		
___________________________
Simulation Topology [1:0]
___________________________
From 	  To 		Length
___________________________
  0	 | 	2	 | 	18,87
  0	 | 	5	 | 	13,89
  1	 | 	4	 | 	25,96
  1	 | 	16	 | 	13,34
  2	 | 	18	 | 	31,30
  3	 | 	9	 | 	36,89
  3	 | 	11	 | 	30,08
  4	 | 	14	 | 	26,31
  5	 | 	15	 | 	23,00
  6	 | 	17	 | 	29,41
  6	 | 	19	 | 	27,00
  7	 | 	8	 | 	24,84
  7	 | 	12	 | 	22,83
  8	 | 	10	 | 	25,00
  9	 | 	16	 | 	18,03
  10	 | 	17	 | 	17,46
  11	 | 	15	 | 	6,08
  12	 | 	13	 | 	21,84
  13	 | 	18	 | 	20,10
  14	 | 	19	 | 	10,63
___________________________
Simulation Topology 2
___________________________
[23]				[15]		
[19]				[37]		
[27]				[15]		
[26]				[2]		
[16]				[0]		
[33]				[24]		
[15]				[31]		
[10]				[7]		
[19]				[22]		
[15]				[10]		
[15]				[25]		
[21]				[32]		
[9]				[23]		
[20]				[20]		
[23]				[33]		
[8]				[9]		
[0]				[6]		
[17]				[14]		
[29]				[34]		
[28]				[39]		
___________________________
Simulation Topology [2:0]
___________________________
From 	  To 		Length
___________________________
  14	 | 	19	 | 	7,81
  13	 | 	18	 | 	16,64
  12	 | 	13	 | 	11,40
  11	 | 	15	 | 	26,42
  10	 | 	17	 | 	11,18
  9	 | 	16	 | 	15,52
  8	 | 	10	 | 	5,00
  7	 | 	12	 | 	16,03
  7	 | 	8	 | 	17,49
  6	 | 	19	 | 	15,26
  0	 | 	8	 | 	8,06
  0	 | 	19	 | 	24,52
  1	 | 	7	 | 	31,32
  1	 | 	10	 | 	12,65
  2	 | 	11	 | 	18,03
  2	 | 	17	 | 	10,05
  3	 | 	4	 | 	10,20
  3	 | 	5	 | 	23,09
  4	 | 	16	 | 	17,09
  5	 | 	13	 | 	13,60
  6	 | 	8	 | 	9,85
  6	 | 	17	 | 	17,12
  7	 | 	16	 | 	10,05
  9	 | 	10	 | 	15,00
  9	 | 	11	 | 	22,80
  12	 | 	14	 | 	17,20
  12	 | 	19	 | 	24,84
  14	 | 	15	 | 	28,30
  15	 | 	18	 | 	32,65
___________________________
