Simulation Topology 1
___________________________
[0]				[0]		
[1]				[2]		
[0]				[8]		
[0]				[6]		
[3]				[0]		
___________________________
Simulation Topology [1:0]
___________________________
From 	  To 		Length
___________________________
  0	 | 	3	 | 	6,00
  0	 | 	4	 | 	3,00
  1	 | 	2	 | 	6,08
  1	 | 	4	 | 	2,83
  2	 | 	3	 | 	2,00
  2	 | 	4	 | 	8,54
___________________________
Simulation Topology [1:1]
___________________________
From 	  To 		Length
___________________________
  0	 | 	3	 | 	6,00
  0	 | 	4	 | 	3,00
  1	 | 	2	 | 	6,08
  1	 | 	4	 | 	2,83
  2	 | 	3	 | 	2,00
  2	 | 	4	 | 	8,54
  0	 | 	1	 | 	2,24
___________________________
Simulation Topology 2
___________________________
[1]				[3]		
[0]				[1]		
[1]				[6]		
[1]				[9]		
[3]				[3]		
___________________________
Simulation Topology [2:0]
___________________________
From 	  To 		Length
___________________________
  0	 | 	1	 | 	2,24
  2	 | 	4	 | 	3,61
  2	 | 	3	 | 	3,00
  0	 | 	2	 | 	3,00
  0	 | 	4	 | 	2,00
  1	 | 	2	 | 	5,10
  1	 | 	4	 | 	3,61
  3	 | 	4	 | 	6,32
___________________________
Simulation Topology [2:1]
___________________________
From 	  To 		Length
___________________________
  0	 | 	1	 | 	2,24
  2	 | 	4	 | 	3,61
  2	 | 	3	 | 	3,00
  0	 | 	2	 | 	3,00
  0	 | 	4	 | 	2,00
  1	 | 	2	 | 	5,10
  1	 | 	4	 | 	3,61
  3	 | 	4	 | 	6,32
___________________________
