Simulation Topology 1
___________________________
[8]				[0]		
[3]				[0]		
[1]				[1]		
[3]				[3]		
[2]				[8]		
[6]				[9]		
[4]				[8]		
[8]				[10]		
[7]				[15]		
[8]				[19]		
___________________________
Simulation Topology [1:0]
___________________________
From 	  To 		Length
___________________________
  0	 | 	3	 | 	5,83
  0	 | 	4	 | 	10,00
  0	 | 	6	 | 	8,94
  1	 | 	6	 | 	8,06
  1	 | 	7	 | 	11,18
  1	 | 	8	 | 	15,52
  2	 | 	4	 | 	7,07
  2	 | 	5	 | 	9,43
  2	 | 	9	 | 	19,31
  3	 | 	9	 | 	16,76
  4	 | 	9	 | 	12,53
  5	 | 	7	 | 	2,24
  5	 | 	8	 | 	6,08
  7	 | 	8	 | 	5,10
___________________________
Simulation Topology 2
___________________________
[0]				[9]		
[2]				[11]		
[4]				[10]		
[4]				[15]		
[6]				[13]		
[9]				[15]		
[0]				[21]		
[5]				[20]		
[8]				[23]		
[5]				[26]		
___________________________
Simulation Topology [2:1]
___________________________
From 	  To 		Length
___________________________
  7	 | 	8	 | 	4,24
  5	 | 	8	 | 	8,06
  5	 | 	7	 | 	6,40
  4	 | 	9	 | 	13,04
  3	 | 	9	 | 	11,05
  2	 | 	9	 | 	16,03
  2	 | 	5	 | 	7,07
  0	 | 	1	 | 	2,83
  0	 | 	5	 | 	10,82
  0	 | 	9	 | 	17,72
  1	 | 	5	 | 	8,06
  1	 | 	6	 | 	10,20
  2	 | 	3	 | 	5,00
  2	 | 	4	 | 	3,61
  4	 | 	7	 | 	7,07
  4	 | 	8	 | 	10,20
  6	 | 	8	 | 	8,25
___________________________
