Simulation Topology 1
___________________________
Simulation Topology 2
___________________________
[9]				[3]		
[0]				[8]		
[9]				[14]		
[4]				[15]		
[7]				[13]		
[0]				[12]		
[0]				[19]		
[8]				[20]		
[2]				[21]		
[6]				[21]		
[4]				[20]		
[8]				[26]		
[1]				[31]		
[3]				[31]		
[8]				[29]		
[2]				[29]		
[8]				[34]		
[9]				[37]		
[16]				[10]		
[10]				[10]		
___________________________
Simulation Topology [2:0]
___________________________
From 	  To 		Length
___________________________
  0	 | 	1	 | 	10,30
  0	 | 	18	 | 	9,90
  1	 | 	5	 | 	4,00
  2	 | 	7	 | 	6,08
  2	 | 	19	 | 	4,12
  3	 | 	4	 | 	3,61
  3	 | 	6	 | 	5,66
  4	 | 	19	 | 	4,24
  5	 | 	6	 | 	7,00
  7	 | 	11	 | 	6,00
  8	 | 	10	 | 	2,24
  8	 | 	15	 | 	8,00
  9	 | 	10	 | 	2,24
  9	 | 	18	 | 	14,87
  11	 | 	14	 | 	3,00
  12	 | 	13	 | 	2,00
  12	 | 	16	 | 	7,62
  13	 | 	15	 | 	2,24
  14	 | 	17	 | 	8,06
  16	 | 	17	 | 	3,16
___________________________
