Simulation Topology 1
___________________________
[4]				[3]		
[9]				[9]		
[3]				[0]		
[5]				[9]		
[7]				[6]		
___________________________
Simulation Topology [1:0]
___________________________
From 	  To 		Length
___________________________
  0	 | 	1	 | 	7,81
  0	 | 	2	 | 	3,16
  1	 | 	4	 | 	3,61
  2	 | 	3	 | 	9,22
  3	 | 	4	 | 	3,61
___________________________
Simulation Topology 2
___________________________
[2]				[0]		
[2]				[5]		
[0]				[5]		
[7]				[8]		
[2]				[7]		
___________________________
Simulation Topology [2:0]
___________________________
From 	  To 		Length
___________________________
  3	 | 	4	 | 	5,10
  2	 | 	3	 | 	7,62
  0	 | 	2	 | 	5,39
  0	 | 	3	 | 	9,43
  1	 | 	2	 | 	2,00
  1	 | 	4	 | 	2,00
___________________________
