Simulation Topology 1
___________________________
[0]				[18]		
[1]				[36]		
[6]				[16]		
[9]				[37]		
[7]				[23]		
[6]				[26]		
[7]				[39]		
[0]				[16]		
[10]				[12]		
[25]				[34]		
___________________________
Simulation Topology [1:0]
___________________________
From 	  To 		Length
___________________________
  0	 | 	2	 | 	6,32
  0	 | 	3	 | 	21,02
  0	 | 	5	 | 	10,00
  1	 | 	5	 | 	11,18
  1	 | 	6	 | 	6,71
  1	 | 	8	 | 	25,63
  2	 | 	9	 | 	26,17
  3	 | 	7	 | 	22,85
  4	 | 	5	 | 	3,16
  4	 | 	8	 | 	11,40
  6	 | 	9	 | 	18,68
  7	 | 	9	 | 	30,81
___________________________
Simulation Topology [1:1]
___________________________
From 	  To 		Length
___________________________
  0	 | 	2	 | 	6,32
  0	 | 	3	 | 	21,02
  0	 | 	5	 | 	10,00
  1	 | 	5	 | 	11,18
  1	 | 	6	 | 	6,71
  1	 | 	8	 | 	25,63
  2	 | 	9	 | 	26,17
  3	 | 	7	 | 	22,85
  4	 | 	5	 | 	3,16
  4	 | 	8	 | 	11,40
  6	 | 	9	 | 	18,68
  7	 | 	9	 | 	30,81
  3	 | 	4	 | 	14,14
___________________________
Simulation Topology [1:2]
___________________________
From 	  To 		Length
___________________________
  0	 | 	2	 | 	6,32
  0	 | 	3	 | 	21,02
  0	 | 	5	 | 	10,00
  1	 | 	5	 | 	11,18
  1	 | 	6	 | 	6,71
  1	 | 	8	 | 	25,63
  2	 | 	9	 | 	26,17
  3	 | 	7	 | 	22,85
  4	 | 	5	 | 	3,16
  4	 | 	8	 | 	11,40
  6	 | 	9	 | 	18,68
  7	 | 	9	 | 	30,81
  3	 | 	4	 | 	14,14
  6	 | 	7	 | 	24,04
___________________________
Simulation Topology 2
___________________________
[3]				[33]		
[1]				[11]		
[8]				[6]		
[11]				[4]		
[4]				[28]		
[11]				[39]		
[7]				[21]		
[1]				[35]		
[36]				[5]		
[26]				[17]		
___________________________
Simulation Topology [2:0]
___________________________
From 	  To 		Length
___________________________
  6	 | 	7	 | 	15,23
  3	 | 	4	 | 	25,00
  7	 | 	9	 | 	30,81
  6	 | 	9	 | 	19,42
  4	 | 	8	 | 	39,41
  4	 | 	5	 | 	13,04
  3	 | 	7	 | 	32,57
  0	 | 	2	 | 	27,46
  0	 | 	4	 | 	5,10
  0	 | 	9	 | 	28,02
  1	 | 	6	 | 	11,66
  1	 | 	7	 | 	24,00
  2	 | 	3	 | 	3,61
  2	 | 	5	 | 	33,14
  3	 | 	5	 | 	35,00
  8	 | 	9	 | 	15,62
___________________________
Simulation Topology [2:1]
___________________________
From 	  To 		Length
___________________________
  6	 | 	7	 | 	15,23
  3	 | 	4	 | 	25,00
  7	 | 	9	 | 	30,81
  6	 | 	9	 | 	19,42
  4	 | 	8	 | 	39,41
  4	 | 	5	 | 	13,04
  3	 | 	7	 | 	32,57
  0	 | 	2	 | 	27,46
  0	 | 	4	 | 	5,10
  0	 | 	9	 | 	28,02
  1	 | 	6	 | 	11,66
  1	 | 	7	 | 	24,00
  2	 | 	3	 | 	3,61
  2	 | 	5	 | 	33,14
  3	 | 	5	 | 	35,00
  8	 | 	9	 | 	15,62
  6	 | 	8	 | 	33,12
___________________________
Simulation Topology [2:2]
___________________________
From 	  To 		Length
___________________________
  6	 | 	7	 | 	15,23
  3	 | 	4	 | 	25,00
  7	 | 	9	 | 	30,81
  6	 | 	9	 | 	19,42
  4	 | 	8	 | 	39,41
  4	 | 	5	 | 	13,04
  3	 | 	7	 | 	32,57
  0	 | 	2	 | 	27,46
  0	 | 	4	 | 	5,10
  0	 | 	9	 | 	28,02
  1	 | 	6	 | 	11,66
  1	 | 	7	 | 	24,00
  2	 | 	3	 | 	3,61
  2	 | 	5	 | 	33,14
  3	 | 	5	 | 	35,00
  8	 | 	9	 | 	15,62
  6	 | 	8	 | 	33,12
  1	 | 	4	 | 	17,26
___________________________
Simulation Topology [2:3]
___________________________
From 	  To 		Length
___________________________
  6	 | 	7	 | 	15,23
  3	 | 	4	 | 	25,00
  7	 | 	9	 | 	30,81
  6	 | 	9	 | 	19,42
  4	 | 	8	 | 	39,41
  4	 | 	5	 | 	13,04
  3	 | 	7	 | 	32,57
  0	 | 	2	 | 	27,46
  0	 | 	4	 | 	5,10
  0	 | 	9	 | 	28,02
  1	 | 	6	 | 	11,66
  1	 | 	7	 | 	24,00
  2	 | 	3	 | 	3,61
  2	 | 	5	 | 	33,14
  3	 | 	5	 | 	35,00
  8	 | 	9	 | 	15,62
  6	 | 	8	 | 	33,12
  1	 | 	4	 | 	17,26
  5	 | 	7	 | 	10,77
___________________________
Simulation Topology [2:4]
___________________________
From 	  To 		Length
___________________________
  6	 | 	7	 | 	15,23
  3	 | 	4	 | 	25,00
  7	 | 	9	 | 	30,81
  6	 | 	9	 | 	19,42
  4	 | 	8	 | 	39,41
  4	 | 	5	 | 	13,04
  3	 | 	7	 | 	32,57
  0	 | 	2	 | 	27,46
  0	 | 	4	 | 	5,10
  0	 | 	9	 | 	28,02
  1	 | 	6	 | 	11,66
  1	 | 	7	 | 	24,00
  2	 | 	3	 | 	3,61
  2	 | 	5	 | 	33,14
  3	 | 	5	 | 	35,00
  8	 | 	9	 | 	15,62
  6	 | 	8	 | 	33,12
  1	 | 	4	 | 	17,26
  5	 | 	7	 | 	10,77
___________________________
