Simulation Topology 1
___________________________
[9]				[0]		
[5]				[2]		
[4]				[5]		
[8]				[6]		
[1]				[7]		
[2]				[9]		
[4]				[12]		
[0]				[12]		
[8]				[16]		
[6]				[16]		
[4]				[19]		
[8]				[18]		
[0]				[22]		
[4]				[21]		
[1]				[26]		
[6]				[31]		
[1]				[30]		
[8]				[31]		
[4]				[29]		
[0]				[34]		
___________________________
Simulation Topology [1:4]
___________________________
From 	  To 		Length
___________________________
  0	 | 	1	 | 	4,47
  0	 | 	15	 | 	31,14
  0	 | 	19	 | 	35,17
  1	 | 	3	 | 	5,00
  1	 | 	5	 | 	7,62
  2	 | 	11	 | 	13,60
  2	 | 	13	 | 	16,00
  3	 | 	7	 | 	10,00
  3	 | 	18	 | 	23,35
  4	 | 	6	 | 	5,83
  4	 | 	10	 | 	12,37
  4	 | 	17	 | 	25,00
  5	 | 	9	 | 	8,06
  5	 | 	17	 | 	22,80
  6	 | 	8	 | 	5,66
  6	 | 	15	 | 	19,10
  7	 | 	9	 | 	7,21
  7	 | 	14	 | 	14,04
  8	 | 	9	 | 	2,00
  8	 | 	10	 | 	5,00
  10	 | 	16	 | 	11,40
  11	 | 	13	 | 	5,00
  11	 | 	18	 | 	11,70
  12	 | 	13	 | 	4,12
  12	 | 	16	 | 	8,06
  12	 | 	19	 | 	12,00
  14	 | 	16	 | 	4,00
  14	 | 	18	 | 	4,24
  15	 | 	17	 | 	2,00
___________________________
Simulation Topology [1:5]
___________________________
From 	  To 		Length
___________________________
  0	 | 	1	 | 	4,47
  0	 | 	15	 | 	31,14
  0	 | 	19	 | 	35,17
  1	 | 	3	 | 	5,00
  1	 | 	5	 | 	7,62
  2	 | 	11	 | 	13,60
  2	 | 	13	 | 	16,00
  3	 | 	7	 | 	10,00
  3	 | 	18	 | 	23,35
  4	 | 	6	 | 	5,83
  4	 | 	10	 | 	12,37
  4	 | 	17	 | 	25,00
  5	 | 	9	 | 	8,06
  5	 | 	17	 | 	22,80
  6	 | 	8	 | 	5,66
  6	 | 	15	 | 	19,10
  7	 | 	9	 | 	7,21
  7	 | 	14	 | 	14,04
  8	 | 	9	 | 	2,00
  8	 | 	10	 | 	5,00
  10	 | 	16	 | 	11,40
  11	 | 	13	 | 	5,00
  11	 | 	18	 | 	11,70
  12	 | 	13	 | 	4,12
  12	 | 	16	 | 	8,06
  12	 | 	19	 | 	12,00
  14	 | 	16	 | 	4,00
  14	 | 	18	 | 	4,24
  15	 | 	17	 | 	2,00
  2	 | 	19	 | 	29,27
___________________________
Simulation Topology [1:6]
___________________________
From 	  To 		Length
___________________________
  0	 | 	1	 | 	4,47
  0	 | 	15	 | 	31,14
  0	 | 	19	 | 	35,17
  1	 | 	3	 | 	5,00
  1	 | 	5	 | 	7,62
  2	 | 	11	 | 	13,60
  2	 | 	13	 | 	16,00
  3	 | 	7	 | 	10,00
  3	 | 	18	 | 	23,35
  4	 | 	6	 | 	5,83
  4	 | 	10	 | 	12,37
  4	 | 	17	 | 	25,00
  5	 | 	9	 | 	8,06
  5	 | 	17	 | 	22,80
  6	 | 	8	 | 	5,66
  6	 | 	15	 | 	19,10
  7	 | 	9	 | 	7,21
  7	 | 	14	 | 	14,04
  8	 | 	9	 | 	2,00
  8	 | 	10	 | 	5,00
  10	 | 	16	 | 	11,40
  11	 | 	13	 | 	5,00
  11	 | 	18	 | 	11,70
  12	 | 	13	 | 	4,12
  12	 | 	16	 | 	8,06
  12	 | 	19	 | 	12,00
  14	 | 	16	 | 	4,00
  14	 | 	18	 | 	4,24
  15	 | 	17	 | 	2,00
  2	 | 	19	 | 	29,27
___________________________
Simulation Topology 2
___________________________
[0]				[3]		
[8]				[3]		
[1]				[8]		
[0]				[11]		
[5]				[11]		
[0]				[16]		
[9]				[16]		
[7]				[18]		
[0]				[20]		
[7]				[22]		
[5]				[23]		
[1]				[22]		
[9]				[25]		
[0]				[26]		
[7]				[26]		
[15]				[2]		
[13]				[1]		
[10]				[1]		
[10]				[3]		
[14]				[6]		
___________________________
Simulation Topology [2:0]
___________________________
From 	  To 		Length
___________________________
  2	 | 	19	 | 	13,15
  15	 | 	17	 | 	5,10
  14	 | 	18	 | 	23,19
  14	 | 	16	 | 	25,71
  12	 | 	19	 | 	19,65
  12	 | 	16	 | 	24,33
  12	 | 	13	 | 	9,06
  11	 | 	18	 | 	21,02
  11	 | 	13	 | 	4,12
  10	 | 	16	 | 	23,41
  8	 | 	10	 | 	5,83
  8	 | 	9	 | 	7,28
  7	 | 	14	 | 	8,00
  7	 | 	9	 | 	4,00
  6	 | 	15	 | 	15,23
  0	 | 	4	 | 	9,43
  0	 | 	12	 | 	23,77
  0	 | 	15	 | 	15,03
  1	 | 	5	 | 	15,26
  1	 | 	6	 | 	13,04
  1	 | 	9	 | 	19,03
  2	 | 	7	 | 	11,66
  2	 | 	10	 | 	15,52
  2	 | 	17	 | 	11,40
  3	 | 	11	 | 	11,05
  3	 | 	12	 | 	16,64
  3	 | 	16	 | 	16,40
  4	 | 	12	 | 	14,56
  5	 | 	6	 | 	9,00
  7	 | 	13	 | 	10,63
  7	 | 	17	 | 	17,26
  8	 | 	18	 | 	19,72
  8	 | 	19	 | 	19,80
  11	 | 	14	 | 	7,21
  11	 | 	15	 | 	24,41
  13	 | 	19	 | 	24,41
  14	 | 	19	 | 	21,19
  15	 | 	16	 | 	2,24
___________________________
Simulation Topology [2:1]
___________________________
From 	  To 		Length
___________________________
  2	 | 	19	 | 	13,15
  15	 | 	17	 | 	5,10
  14	 | 	18	 | 	23,19
  14	 | 	16	 | 	25,71
  12	 | 	19	 | 	19,65
  12	 | 	16	 | 	24,33
  12	 | 	13	 | 	9,06
  11	 | 	18	 | 	21,02
  11	 | 	13	 | 	4,12
  10	 | 	16	 | 	23,41
  8	 | 	10	 | 	5,83
  8	 | 	9	 | 	7,28
  7	 | 	14	 | 	8,00
  7	 | 	9	 | 	4,00
  6	 | 	15	 | 	15,23
  0	 | 	4	 | 	9,43
  0	 | 	12	 | 	23,77
  0	 | 	15	 | 	15,03
  1	 | 	5	 | 	15,26
  1	 | 	6	 | 	13,04
  1	 | 	9	 | 	19,03
  2	 | 	7	 | 	11,66
  2	 | 	10	 | 	15,52
  2	 | 	17	 | 	11,40
  3	 | 	11	 | 	11,05
  3	 | 	12	 | 	16,64
  3	 | 	16	 | 	16,40
  4	 | 	12	 | 	14,56
  5	 | 	6	 | 	9,00
  7	 | 	13	 | 	10,63
  7	 | 	17	 | 	17,26
  8	 | 	18	 | 	19,72
  8	 | 	19	 | 	19,80
  11	 | 	14	 | 	7,21
  11	 | 	15	 | 	24,41
  13	 | 	19	 | 	24,41
  14	 | 	19	 | 	21,19
  15	 | 	16	 | 	2,24
  6	 | 	9	 | 	6,32
___________________________
Simulation Topology [2:2]
___________________________
From 	  To 		Length
___________________________
  2	 | 	19	 | 	13,15
  15	 | 	17	 | 	5,10
  14	 | 	18	 | 	23,19
  14	 | 	16	 | 	25,71
  12	 | 	19	 | 	19,65
  12	 | 	16	 | 	24,33
  12	 | 	13	 | 	9,06
  11	 | 	18	 | 	21,02
  11	 | 	13	 | 	4,12
  10	 | 	16	 | 	23,41
  8	 | 	10	 | 	5,83
  8	 | 	9	 | 	7,28
  7	 | 	14	 | 	8,00
  7	 | 	9	 | 	4,00
  6	 | 	15	 | 	15,23
  0	 | 	4	 | 	9,43
  0	 | 	12	 | 	23,77
  0	 | 	15	 | 	15,03
  1	 | 	5	 | 	15,26
  1	 | 	6	 | 	13,04
  1	 | 	9	 | 	19,03
  2	 | 	7	 | 	11,66
  2	 | 	10	 | 	15,52
  2	 | 	17	 | 	11,40
  3	 | 	11	 | 	11,05
  3	 | 	12	 | 	16,64
  3	 | 	16	 | 	16,40
  4	 | 	12	 | 	14,56
  5	 | 	6	 | 	9,00
  7	 | 	13	 | 	10,63
  7	 | 	17	 | 	17,26
  8	 | 	18	 | 	19,72
  8	 | 	19	 | 	19,80
  11	 | 	14	 | 	7,21
  11	 | 	15	 | 	24,41
  13	 | 	19	 | 	24,41
  14	 | 	19	 | 	21,19
  15	 | 	16	 | 	2,24
  6	 | 	9	 | 	6,32
  17	 | 	18	 | 	2,00
___________________________
Simulation Topology [2:3]
___________________________
From 	  To 		Length
___________________________
  2	 | 	19	 | 	13,15
  15	 | 	17	 | 	5,10
  14	 | 	18	 | 	23,19
  14	 | 	16	 | 	25,71
  12	 | 	19	 | 	19,65
  12	 | 	16	 | 	24,33
  12	 | 	13	 | 	9,06
  11	 | 	18	 | 	21,02
  11	 | 	13	 | 	4,12
  10	 | 	16	 | 	23,41
  8	 | 	10	 | 	5,83
  8	 | 	9	 | 	7,28
  7	 | 	14	 | 	8,00
  7	 | 	9	 | 	4,00
  6	 | 	15	 | 	15,23
  0	 | 	4	 | 	9,43
  0	 | 	12	 | 	23,77
  0	 | 	15	 | 	15,03
  1	 | 	5	 | 	15,26
  1	 | 	6	 | 	13,04
  1	 | 	9	 | 	19,03
  2	 | 	7	 | 	11,66
  2	 | 	10	 | 	15,52
  2	 | 	17	 | 	11,40
  3	 | 	11	 | 	11,05
  3	 | 	12	 | 	16,64
  3	 | 	16	 | 	16,40
  4	 | 	12	 | 	14,56
  5	 | 	6	 | 	9,00
  7	 | 	13	 | 	10,63
  7	 | 	17	 | 	17,26
  8	 | 	18	 | 	19,72
  8	 | 	19	 | 	19,80
  11	 | 	14	 | 	7,21
  11	 | 	15	 | 	24,41
  13	 | 	19	 | 	24,41
  14	 | 	19	 | 	21,19
  15	 | 	16	 | 	2,24
  6	 | 	9	 | 	6,32
  17	 | 	18	 | 	2,00
  8	 | 	13	 | 	6,00
___________________________
Simulation Topology [2:4]
___________________________
From 	  To 		Length
___________________________
  2	 | 	19	 | 	13,15
  15	 | 	17	 | 	5,10
  14	 | 	18	 | 	23,19
  14	 | 	16	 | 	25,71
  12	 | 	19	 | 	19,65
  12	 | 	16	 | 	24,33
  12	 | 	13	 | 	9,06
  11	 | 	18	 | 	21,02
  11	 | 	13	 | 	4,12
  10	 | 	16	 | 	23,41
  8	 | 	10	 | 	5,83
  8	 | 	9	 | 	7,28
  7	 | 	14	 | 	8,00
  7	 | 	9	 | 	4,00
  6	 | 	15	 | 	15,23
  0	 | 	4	 | 	9,43
  0	 | 	12	 | 	23,77
  0	 | 	15	 | 	15,03
  1	 | 	5	 | 	15,26
  1	 | 	6	 | 	13,04
  1	 | 	9	 | 	19,03
  2	 | 	7	 | 	11,66
  2	 | 	10	 | 	15,52
  2	 | 	17	 | 	11,40
  3	 | 	11	 | 	11,05
  3	 | 	12	 | 	16,64
  3	 | 	16	 | 	16,40
  4	 | 	12	 | 	14,56
  5	 | 	6	 | 	9,00
  7	 | 	13	 | 	10,63
  7	 | 	17	 | 	17,26
  8	 | 	18	 | 	19,72
  8	 | 	19	 | 	19,80
  11	 | 	14	 | 	7,21
  11	 | 	15	 | 	24,41
  13	 | 	19	 | 	24,41
  14	 | 	19	 | 	21,19
  15	 | 	16	 | 	2,24
  6	 | 	9	 | 	6,32
  17	 | 	18	 | 	2,00
  8	 | 	13	 | 	6,00
  4	 | 	5	 | 	7,07
___________________________
Simulation Topology [2:5]
___________________________
From 	  To 		Length
___________________________
  2	 | 	19	 | 	13,15
  15	 | 	17	 | 	5,10
  14	 | 	18	 | 	23,19
  14	 | 	16	 | 	25,71
  12	 | 	19	 | 	19,65
  12	 | 	16	 | 	24,33
  12	 | 	13	 | 	9,06
  11	 | 	18	 | 	21,02
  11	 | 	13	 | 	4,12
  10	 | 	16	 | 	23,41
  8	 | 	10	 | 	5,83
  8	 | 	9	 | 	7,28
  7	 | 	14	 | 	8,00
  7	 | 	9	 | 	4,00
  6	 | 	15	 | 	15,23
  0	 | 	4	 | 	9,43
  0	 | 	12	 | 	23,77
  0	 | 	15	 | 	15,03
  1	 | 	5	 | 	15,26
  1	 | 	6	 | 	13,04
  1	 | 	9	 | 	19,03
  2	 | 	7	 | 	11,66
  2	 | 	10	 | 	15,52
  2	 | 	17	 | 	11,40
  3	 | 	11	 | 	11,05
  3	 | 	12	 | 	16,64
  3	 | 	16	 | 	16,40
  4	 | 	12	 | 	14,56
  5	 | 	6	 | 	9,00
  7	 | 	13	 | 	10,63
  7	 | 	17	 | 	17,26
  8	 | 	18	 | 	19,72
  8	 | 	19	 | 	19,80
  11	 | 	14	 | 	7,21
  11	 | 	15	 | 	24,41
  13	 | 	19	 | 	24,41
  14	 | 	19	 | 	21,19
  15	 | 	16	 | 	2,24
  6	 | 	9	 | 	6,32
  17	 | 	18	 | 	2,00
  8	 | 	13	 | 	6,00
  4	 | 	5	 | 	7,07
___________________________
