Simulation Topology 1
___________________________
Simulation Topology 2
___________________________
[88]				[42]		
[56]				[63]		
[93]				[68]		
[53]				[32]		
[56]				[37]		
[15]				[8]		
[38]				[3]		
[5]				[81]		
[5]				[41]		
[28]				[41]		
[98]				[87]		
[1]				[8]		
[7]				[3]		
[72]				[39]		
[85]				[78]		
[44]				[77]		
[48]				[32]		
[5]				[36]		
[86]				[10]		
[73]				[24]		
[57]				[58]		
[40]				[45]		
[14]				[17]		
[15]				[98]		
[5]				[31]		
[58]				[22]		
[78]				[24]		
[96]				[20]		
[72]				[87]		
[58]				[9]		
[65]				[84]		
[76]				[42]		
[88]				[93]		
[31]				[88]		
[52]				[89]		
[30]				[84]		
[29]				[48]		
[71]				[29]		
[60]				[33]		
[5]				[66]		
[49]				[63]		
[54]				[58]		
[61]				[81]		
[26]				[28]		
[75]				[68]		
[39]				[25]		
[14]				[38]		
[46]				[36]		
[48]				[81]		
[17]				[97]		
___________________________
Simulation Topology [2:0]
___________________________
From 	  To 		Length
___________________________
  0	 | 	8	 | 	83,01
  0	 | 	30	 | 	47,89
  1	 | 	10	 | 	48,37
  1	 | 	29	 | 	54,04
  2	 | 	9	 | 	70,38
  2	 | 	13	 | 	35,81
  3	 | 	4	 | 	5,83
  3	 | 	35	 | 	56,86
  4	 | 	24	 | 	51,35
  5	 | 	18	 | 	71,03
  5	 | 	42	 | 	86,28
  6	 | 	7	 | 	84,69
  6	 | 	49	 | 	96,32
  7	 | 	11	 | 	73,11
  8	 | 	15	 | 	53,08
  9	 | 	33	 | 	47,10
  10	 | 	40	 | 	54,56
  11	 | 	34	 | 	95,72
  12	 | 	16	 | 	50,22
  12	 | 	48	 | 	88,12
  13	 | 	48	 | 	48,37
  14	 | 	26	 | 	54,45
  14	 | 	27	 | 	59,03
  15	 | 	25	 | 	56,75
  16	 | 	47	 | 	4,47
  17	 | 	20	 | 	56,46
  17	 | 	32	 | 	100,69
  18	 | 	43	 | 	62,64
  19	 | 	31	 | 	18,25
  19	 | 	38	 | 	15,81
  20	 | 	36	 | 	29,73
  21	 | 	35	 | 	40,26
  21	 | 	41	 | 	19,10
  22	 | 	41	 | 	57,28
  22	 | 	46	 | 	21,00
  23	 | 	36	 | 	51,92
  23	 | 	39	 | 	33,53
  24	 | 	49	 | 	67,08
  25	 | 	46	 | 	46,82
  26	 | 	34	 | 	70,01
  27	 | 	40	 | 	63,70
  28	 | 	43	 | 	74,81
  28	 | 	44	 | 	19,24
  29	 | 	37	 | 	23,85
  30	 | 	45	 | 	64,47
  31	 | 	39	 | 	74,95
  32	 | 	37	 | 	66,22
  33	 | 	45	 | 	63,51
  38	 | 	42	 | 	48,01
  44	 | 	47	 | 	43,19
___________________________
