Simulation Topology 1
___________________________
[21]				[8]		
[10]				[8]		
[4]				[1]		
[12]				[13]		
[17]				[7]		
[29]				[9]		
[5]				[12]		
[35]				[2]		
[23]				[24]		
[34]				[20]		
[37]				[16]		
[19]				[6]		
[0]				[39]		
[12]				[7]		
[3]				[6]		
[15]				[17]		
[38]				[22]		
[9]				[38]		
[27]				[24]		
[9]				[13]		
___________________________
Simulation Topology [1:0]
___________________________
From 	  To 		Length
___________________________
  0	 | 	6	 | 	16,49
  0	 | 	11	 | 	2,83
  1	 | 	12	 | 	32,57
  1	 | 	18	 | 	23,35
  2	 | 	9	 | 	35,51
  2	 | 	15	 | 	19,42
  3	 | 	5	 | 	17,46
  3	 | 	8	 | 	15,56
  4	 | 	10	 | 	21,93
  4	 | 	13	 | 	5,00
  5	 | 	19	 | 	20,40
  6	 | 	9	 | 	30,08
  7	 | 	13	 | 	23,54
  7	 | 	16	 | 	20,22
  8	 | 	11	 | 	18,44
  10	 | 	18	 | 	12,81
  12	 | 	14	 | 	33,14
  14	 | 	19	 | 	9,22
  15	 | 	17	 | 	21,84
  16	 | 	17	 | 	33,12
___________________________
Simulation Topology 2
___________________________
[21]				[2]		
[14]				[7]		
[4]				[10]		
[18]				[32]		
[15]				[12]		
[8]				[33]		
[28]				[27]		
[11]				[5]		
[9]				[21]		
[9]				[18]		
[14]				[26]		
[0]				[29]		
[28]				[20]		
[18]				[0]		
[29]				[31]		
[5]				[29]		
[2]				[15]		
[36]				[14]		
[11]				[29]		
[1]				[6]		
___________________________
Simulation Topology [2:0]
___________________________
From 	  To 		Length
___________________________
  16	 | 	17	 | 	34,01
  15	 | 	17	 | 	34,44
  14	 | 	19	 | 	37,54
  12	 | 	14	 | 	11,05
  10	 | 	18	 | 	4,24
  8	 | 	11	 | 	12,04
  7	 | 	16	 | 	13,45
  7	 | 	13	 | 	8,60
  6	 | 	9	 | 	21,02
  5	 | 	19	 | 	27,89
  0	 | 	1	 | 	8,60
  0	 | 	6	 | 	25,96
  1	 | 	19	 | 	13,04
  2	 | 	11	 | 	19,42
  2	 | 	16	 | 	5,39
  3	 | 	8	 | 	14,21
  3	 | 	9	 | 	16,64
  4	 | 	5	 | 	22,14
  4	 | 	14	 | 	23,60
  5	 | 	10	 | 	9,22
  6	 | 	10	 | 	14,04
  7	 | 	8	 | 	16,12
  9	 | 	18	 | 	11,18
  11	 | 	17	 | 	39,00
  12	 | 	17	 | 	10,00
  12	 | 	19	 | 	30,41
  13	 | 	16	 | 	21,93
  14	 | 	15	 | 	24,08
  15	 | 	18	 | 	6,00
___________________________
