Simulation Topology 1
___________________________
[9]				[0]		
[2]				[1]		
[9]				[12]		
[5]				[20]		
[3]				[12]		
[1]				[26]		
[8]				[45]		
[4]				[32]		
[5]				[53]		
[0]				[38]		
[2]				[37]		
[7]				[39]		
[8]				[31]		
[7]				[55]		
[0]				[50]		
[0]				[59]		
[5]				[36]		
[1]				[45]		
[3]				[52]		
[2]				[84]		
[1]				[67]		
[3]				[89]		
[9]				[79]		
[8]				[66]		
[4]				[84]		
[3]				[69]		
[1]				[69]		
[0]				[76]		
[3]				[87]		
[7]				[89]		
[6]				[62]		
[1]				[71]		
[3]				[79]		
[1]				[116]		
[7]				[119]		
[1]				[102]		
[2]				[99]		
[6]				[115]		
[4]				[97]		
[9]				[113]		
[5]				[94]		
[3]				[91]		
[7]				[105]		
[0]				[91]		
[1]				[111]		
[8]				[93]		
[3]				[114]		
[1]				[105]		
[2]				[96]		
[5]				[109]		
[4]				[107]		
[7]				[100]		
[7]				[112]		
[1]				[109]		
[2]				[93]		
[0]				[107]		
[4]				[102]		
[4]				[99]		
[0]				[134]		
[5]				[128]		
[3]				[140]		
[7]				[148]		
[5]				[149]		
[4]				[120]		
[9]				[145]		
[8]				[124]		
[1]				[130]		
[3]				[137]		
[7]				[138]		
[6]				[133]		
[3]				[148]		
[9]				[141]		
[4]				[124]		
[4]				[145]		
[0]				[136]		
[2]				[127]		
[4]				[142]		
[3]				[132]		
[8]				[135]		
[0]				[149]		
[9]				[149]		
[5]				[138]		
[4]				[171]		
[3]				[162]		
[1]				[155]		
[4]				[159]		
[8]				[168]		
[1]				[166]		
[6]				[166]		
[4]				[169]		
[2]				[178]		
[2]				[168]		
[1]				[153]		
[7]				[150]		
[3]				[176]		
[9]				[170]		
[5]				[173]		
[5]				[152]		
[2]				[164]		
[8]				[161]		
___________________________
Simulation Topology [1:18]
___________________________
From 	  To 		Length
___________________________
  0	 | 	1	 | 	7,07
  0	 | 	15	 | 	59,68
  0	 | 	80	 | 	149,00
  0	 | 	95	 | 	170,00
  1	 | 	49	 | 	108,04
  2	 | 	4	 | 	6,00
  2	 | 	69	 | 	121,04
  2	 | 	79	 | 	137,30
  3	 | 	5	 | 	7,21
  3	 | 	64	 | 	125,06
  4	 | 	8	 | 	41,05
  4	 | 	10	 | 	25,02
  5	 | 	66	 | 	104,00
  6	 | 	17	 | 	7,00
  6	 | 	90	 | 	133,14
  7	 | 	10	 | 	5,39
  7	 | 	12	 | 	4,12
  8	 | 	13	 | 	2,83
  8	 | 	14	 | 	5,83
  9	 | 	10	 | 	2,24
  9	 | 	11	 | 	7,07
  11	 | 	16	 | 	3,61
  12	 | 	16	 | 	5,83
  12	 | 	41	 | 	60,21
  12	 | 	72	 | 	93,09
  13	 | 	15	 | 	8,06
  14	 | 	18	 | 	3,61
  14	 | 	97	 | 	102,12
  15	 | 	18	 | 	7,62
  15	 | 	32	 | 	20,22
  17	 | 	61	 | 	103,17
  19	 | 	21	 | 	5,10
  19	 | 	29	 | 	7,07
  20	 | 	26	 | 	2,00
  20	 | 	30	 | 	7,07
  21	 | 	28	 | 	2,00
  21	 | 	76	 | 	53,01
  22	 | 	27	 | 	9,49
  22	 | 	31	 | 	11,31
  22	 | 	77	 | 	53,34
  23	 | 	25	 | 	5,83
  23	 | 	30	 | 	4,47
  24	 | 	28	 | 	3,16
  24	 | 	29	 | 	5,83
  25	 | 	26	 | 	2,00
  26	 | 	72	 | 	55,08
  27	 | 	32	 | 	4,24
  28	 | 	87	 | 	79,03
  31	 | 	32	 | 	8,25
  31	 | 	62	 | 	78,10
  33	 | 	37	 | 	5,10
  33	 | 	44	 | 	5,00
  34	 | 	44	 | 	10,00
  34	 | 	46	 | 	6,40
  35	 | 	51	 | 	6,32
  35	 | 	56	 | 	3,00
  36	 | 	48	 | 	3,00
  36	 | 	57	 | 	2,00
  37	 | 	52	 | 	3,16
  37	 | 	93	 | 	35,01
  38	 | 	43	 | 	7,21
  38	 | 	57	 | 	2,00
  39	 | 	46	 | 	6,08
  39	 | 	52	 | 	2,24
  39	 | 	82	 | 	58,22
  40	 | 	41	 | 	3,61
  40	 | 	54	 | 	3,16
  41	 | 	48	 | 	5,10
  42	 | 	49	 | 	4,47
  42	 | 	55	 | 	7,28
  43	 | 	45	 | 	8,25
  44	 | 	64	 | 	34,93
  45	 | 	54	 | 	6,00
  47	 | 	48	 | 	9,06
  47	 | 	50	 | 	3,61
  47	 | 	55	 | 	2,24
  48	 | 	73	 | 	49,04
  49	 | 	56	 | 	7,07
  50	 | 	53	 | 	3,61
  51	 | 	53	 | 	10,82
  54	 | 	95	 | 	77,32
  57	 | 	90	 | 	79,03
  58	 | 	67	 | 	4,24
  58	 | 	74	 | 	2,00
  58	 | 	97	 | 	18,68
  59	 | 	63	 | 	8,06
  59	 | 	72	 | 	4,12
  60	 | 	76	 | 	2,24
  60	 | 	80	 | 	10,82
  61	 | 	62	 | 	2,24
  61	 | 	80	 | 	2,24
  62	 | 	73	 | 	4,12
  63	 | 	75	 | 	7,28
  64	 | 	71	 | 	4,00
  64	 | 	79	 | 	9,85
  65	 | 	72	 | 	4,00
  65	 | 	75	 | 	6,71
  66	 | 	67	 | 	7,28
  66	 | 	78	 | 	8,60
  68	 | 	69	 | 	5,10
  68	 | 	74	 | 	7,28
  69	 | 	81	 | 	5,10
  70	 | 	76	 | 	6,08
  70	 | 	79	 | 	3,16
  71	 | 	73	 | 	6,40
  77	 | 	78	 | 	5,83
  77	 | 	81	 | 	6,32
  82	 | 	90	 | 	7,28
  82	 | 	95	 | 	5,10
  83	 | 	91	 | 	6,08
  83	 | 	98	 | 	2,24
  84	 | 	85	 | 	5,00
  84	 | 	92	 | 	2,00
  85	 | 	93	 | 	9,49
  86	 | 	88	 | 	2,83
  86	 | 	99	 | 	7,00
  87	 | 	89	 | 	4,24
  87	 | 	99	 | 	8,60
  88	 | 	98	 | 	4,47
  89	 | 	91	 | 	2,24
  90	 | 	96	 | 	5,83
  92	 | 	97	 | 	4,12
  93	 | 	97	 | 	2,83
  94	 | 	95	 | 	8,49
  94	 | 	96	 | 	3,61
___________________________
Simulation Topology [1:19]
___________________________
From 	  To 		Length
___________________________
  0	 | 	1	 | 	7,07
  0	 | 	15	 | 	59,68
  0	 | 	80	 | 	149,00
  0	 | 	95	 | 	170,00
  1	 | 	49	 | 	108,04
  2	 | 	4	 | 	6,00
  2	 | 	69	 | 	121,04
  2	 | 	79	 | 	137,30
  3	 | 	5	 | 	7,21
  3	 | 	64	 | 	125,06
  4	 | 	8	 | 	41,05
  4	 | 	10	 | 	25,02
  5	 | 	66	 | 	104,00
  6	 | 	17	 | 	7,00
  6	 | 	90	 | 	133,14
  7	 | 	10	 | 	5,39
  7	 | 	12	 | 	4,12
  8	 | 	13	 | 	2,83
  8	 | 	14	 | 	5,83
  9	 | 	10	 | 	2,24
  9	 | 	11	 | 	7,07
  11	 | 	16	 | 	3,61
  12	 | 	16	 | 	5,83
  12	 | 	41	 | 	60,21
  12	 | 	72	 | 	93,09
  13	 | 	15	 | 	8,06
  14	 | 	18	 | 	3,61
  14	 | 	97	 | 	102,12
  15	 | 	18	 | 	7,62
  15	 | 	32	 | 	20,22
  17	 | 	61	 | 	103,17
  19	 | 	21	 | 	5,10
  19	 | 	29	 | 	7,07
  20	 | 	26	 | 	2,00
  20	 | 	30	 | 	7,07
  21	 | 	28	 | 	2,00
  21	 | 	76	 | 	53,01
  22	 | 	27	 | 	9,49
  22	 | 	31	 | 	11,31
  22	 | 	77	 | 	53,34
  23	 | 	25	 | 	5,83
  23	 | 	30	 | 	4,47
  24	 | 	28	 | 	3,16
  24	 | 	29	 | 	5,83
  25	 | 	26	 | 	2,00
  26	 | 	72	 | 	55,08
  27	 | 	32	 | 	4,24
  28	 | 	87	 | 	79,03
  31	 | 	32	 | 	8,25
  31	 | 	62	 | 	78,10
  33	 | 	37	 | 	5,10
  33	 | 	44	 | 	5,00
  34	 | 	44	 | 	10,00
  34	 | 	46	 | 	6,40
  35	 | 	51	 | 	6,32
  35	 | 	56	 | 	3,00
  36	 | 	48	 | 	3,00
  36	 | 	57	 | 	2,00
  37	 | 	52	 | 	3,16
  37	 | 	93	 | 	35,01
  38	 | 	43	 | 	7,21
  38	 | 	57	 | 	2,00
  39	 | 	46	 | 	6,08
  39	 | 	52	 | 	2,24
  39	 | 	82	 | 	58,22
  40	 | 	41	 | 	3,61
  40	 | 	54	 | 	3,16
  41	 | 	48	 | 	5,10
  42	 | 	49	 | 	4,47
  42	 | 	55	 | 	7,28
  43	 | 	45	 | 	8,25
  44	 | 	64	 | 	34,93
  45	 | 	54	 | 	6,00
  47	 | 	48	 | 	9,06
  47	 | 	50	 | 	3,61
  47	 | 	55	 | 	2,24
  48	 | 	73	 | 	49,04
  49	 | 	56	 | 	7,07
  50	 | 	53	 | 	3,61
  51	 | 	53	 | 	10,82
  54	 | 	95	 | 	77,32
  57	 | 	90	 | 	79,03
  58	 | 	67	 | 	4,24
  58	 | 	74	 | 	2,00
  58	 | 	97	 | 	18,68
  59	 | 	63	 | 	8,06
  59	 | 	72	 | 	4,12
  60	 | 	76	 | 	2,24
  60	 | 	80	 | 	10,82
  61	 | 	62	 | 	2,24
  61	 | 	80	 | 	2,24
  62	 | 	73	 | 	4,12
  63	 | 	75	 | 	7,28
  64	 | 	71	 | 	4,00
  64	 | 	79	 | 	9,85
  65	 | 	72	 | 	4,00
  65	 | 	75	 | 	6,71
  66	 | 	67	 | 	7,28
  66	 | 	78	 | 	8,60
  68	 | 	69	 | 	5,10
  68	 | 	74	 | 	7,28
  69	 | 	81	 | 	5,10
  70	 | 	76	 | 	6,08
  70	 | 	79	 | 	3,16
  71	 | 	73	 | 	6,40
  77	 | 	78	 | 	5,83
  77	 | 	81	 | 	6,32
  82	 | 	90	 | 	7,28
  82	 | 	95	 | 	5,10
  83	 | 	91	 | 	6,08
  83	 | 	98	 | 	2,24
  84	 | 	85	 | 	5,00
  84	 | 	92	 | 	2,00
  85	 | 	93	 | 	9,49
  86	 | 	88	 | 	2,83
  86	 | 	99	 | 	7,00
  87	 | 	89	 | 	4,24
  87	 | 	99	 | 	8,60
  88	 | 	98	 | 	4,47
  89	 | 	91	 | 	2,24
  90	 | 	96	 | 	5,83
  92	 | 	97	 | 	4,12
  93	 | 	97	 | 	2,83
  94	 | 	95	 | 	8,49
  94	 | 	96	 | 	3,61
  18	 | 	56	 | 	50,01
___________________________
Simulation Topology [1:20]
___________________________
From 	  To 		Length
___________________________
  0	 | 	1	 | 	7,07
  0	 | 	15	 | 	59,68
  0	 | 	80	 | 	149,00
  0	 | 	95	 | 	170,00
  1	 | 	49	 | 	108,04
  2	 | 	4	 | 	6,00
  2	 | 	69	 | 	121,04
  2	 | 	79	 | 	137,30
  3	 | 	5	 | 	7,21
  3	 | 	64	 | 	125,06
  4	 | 	8	 | 	41,05
  4	 | 	10	 | 	25,02
  5	 | 	66	 | 	104,00
  6	 | 	17	 | 	7,00
  6	 | 	90	 | 	133,14
  7	 | 	10	 | 	5,39
  7	 | 	12	 | 	4,12
  8	 | 	13	 | 	2,83
  8	 | 	14	 | 	5,83
  9	 | 	10	 | 	2,24
  9	 | 	11	 | 	7,07
  11	 | 	16	 | 	3,61
  12	 | 	16	 | 	5,83
  12	 | 	41	 | 	60,21
  12	 | 	72	 | 	93,09
  13	 | 	15	 | 	8,06
  14	 | 	18	 | 	3,61
  14	 | 	97	 | 	102,12
  15	 | 	18	 | 	7,62
  15	 | 	32	 | 	20,22
  17	 | 	61	 | 	103,17
  19	 | 	21	 | 	5,10
  19	 | 	29	 | 	7,07
  20	 | 	26	 | 	2,00
  20	 | 	30	 | 	7,07
  21	 | 	28	 | 	2,00
  21	 | 	76	 | 	53,01
  22	 | 	27	 | 	9,49
  22	 | 	31	 | 	11,31
  22	 | 	77	 | 	53,34
  23	 | 	25	 | 	5,83
  23	 | 	30	 | 	4,47
  24	 | 	28	 | 	3,16
  24	 | 	29	 | 	5,83
  25	 | 	26	 | 	2,00
  26	 | 	72	 | 	55,08
  27	 | 	32	 | 	4,24
  28	 | 	87	 | 	79,03
  31	 | 	32	 | 	8,25
  31	 | 	62	 | 	78,10
  33	 | 	37	 | 	5,10
  33	 | 	44	 | 	5,00
  34	 | 	44	 | 	10,00
  34	 | 	46	 | 	6,40
  35	 | 	51	 | 	6,32
  35	 | 	56	 | 	3,00
  36	 | 	48	 | 	3,00
  36	 | 	57	 | 	2,00
  37	 | 	52	 | 	3,16
  37	 | 	93	 | 	35,01
  38	 | 	43	 | 	7,21
  38	 | 	57	 | 	2,00
  39	 | 	46	 | 	6,08
  39	 | 	52	 | 	2,24
  39	 | 	82	 | 	58,22
  40	 | 	41	 | 	3,61
  40	 | 	54	 | 	3,16
  41	 | 	48	 | 	5,10
  42	 | 	49	 | 	4,47
  42	 | 	55	 | 	7,28
  43	 | 	45	 | 	8,25
  44	 | 	64	 | 	34,93
  45	 | 	54	 | 	6,00
  47	 | 	48	 | 	9,06
  47	 | 	50	 | 	3,61
  47	 | 	55	 | 	2,24
  48	 | 	73	 | 	49,04
  49	 | 	56	 | 	7,07
  50	 | 	53	 | 	3,61
  51	 | 	53	 | 	10,82
  54	 | 	95	 | 	77,32
  57	 | 	90	 | 	79,03
  58	 | 	67	 | 	4,24
  58	 | 	74	 | 	2,00
  58	 | 	97	 | 	18,68
  59	 | 	63	 | 	8,06
  59	 | 	72	 | 	4,12
  60	 | 	76	 | 	2,24
  60	 | 	80	 | 	10,82
  61	 | 	62	 | 	2,24
  61	 | 	80	 | 	2,24
  62	 | 	73	 | 	4,12
  63	 | 	75	 | 	7,28
  64	 | 	71	 | 	4,00
  64	 | 	79	 | 	9,85
  65	 | 	72	 | 	4,00
  65	 | 	75	 | 	6,71
  66	 | 	67	 | 	7,28
  66	 | 	78	 | 	8,60
  68	 | 	69	 | 	5,10
  68	 | 	74	 | 	7,28
  69	 | 	81	 | 	5,10
  70	 | 	76	 | 	6,08
  70	 | 	79	 | 	3,16
  71	 | 	73	 | 	6,40
  77	 | 	78	 | 	5,83
  77	 | 	81	 | 	6,32
  82	 | 	90	 | 	7,28
  82	 | 	95	 | 	5,10
  83	 | 	91	 | 	6,08
  83	 | 	98	 | 	2,24
  84	 | 	85	 | 	5,00
  84	 | 	92	 | 	2,00
  85	 | 	93	 | 	9,49
  86	 | 	88	 | 	2,83
  86	 | 	99	 | 	7,00
  87	 | 	89	 | 	4,24
  87	 | 	99	 | 	8,60
  88	 | 	98	 | 	4,47
  89	 | 	91	 | 	2,24
  90	 | 	96	 | 	5,83
  92	 | 	97	 | 	4,12
  93	 | 	97	 | 	2,83
  94	 | 	95	 | 	8,49
  94	 | 	96	 | 	3,61
  18	 | 	56	 | 	50,01
  57	 | 	94	 | 	77,01
___________________________
