Simulation Topology 1
___________________________
[1]				[0]		
[3]				[1]		
[1]				[2]		
[4]				[3]		
[2]				[4]		
___________________________
Simulation Topology [1:0]
___________________________
From 	  To 		Length
___________________________
  0	 | 	1	 | 	2,24
  0	 | 	2	 | 	2,00
  0	 | 	4	 | 	4,12
  1	 | 	2	 | 	2,24
  1	 | 	3	 | 	2,24
  2	 | 	3	 | 	3,16
  3	 | 	4	 | 	2,24
___________________________
Simulation Topology [1:1]
___________________________
From 	  To 		Length
___________________________
  0	 | 	1	 | 	2,24
  0	 | 	2	 | 	2,00
  0	 | 	4	 | 	4,12
  1	 | 	2	 | 	2,24
  1	 | 	3	 | 	2,24
  2	 | 	3	 | 	3,16
  3	 | 	4	 | 	2,24
___________________________
Simulation Topology 2
___________________________
[1]				[0]		
[3]				[0]		
[0]				[2]		
[2]				[2]		
[3]				[5]		
___________________________
Simulation Topology [2:0]
___________________________
From 	  To 		Length
___________________________
  3	 | 	4	 | 	3,16
  2	 | 	3	 | 	2,00
  1	 | 	3	 | 	2,24
  0	 | 	2	 | 	2,24
  0	 | 	3	 | 	2,24
  0	 | 	4	 | 	5,39
  1	 | 	2	 | 	3,61
  1	 | 	4	 | 	5,00
___________________________
Simulation Topology [2:1]
___________________________
From 	  To 		Length
___________________________
  3	 | 	4	 | 	3,16
  2	 | 	3	 | 	2,00
  1	 | 	3	 | 	2,24
  0	 | 	2	 | 	2,24
  0	 | 	3	 | 	2,24
  0	 | 	4	 | 	5,39
  1	 | 	2	 | 	3,61
  1	 | 	4	 | 	5,00
___________________________
