Simulation Topology 1
___________________________
[1]				[1]		
[1]				[6]		
[9]				[7]		
[5]				[9]		
[1]				[8]		
[2]				[14]		
[7]				[15]		
[5]				[15]		
[6]				[17]		
[4]				[27]		
[4]				[25]		
[2]				[24]		
[8]				[24]		
[3]				[34]		
[8]				[34]		
[6]				[35]		
[3]				[36]		
[14]				[3]		
[18]				[0]		
[11]				[0]		
___________________________
Simulation Topology [1:1]
___________________________
From 	  To 		Length
___________________________
  0	 | 	6	 | 	15,23
  0	 | 	7	 | 	14,56
  0	 | 	17	 | 	13,15
  1	 | 	4	 | 	2,00
  1	 | 	6	 | 	10,82
  1	 | 	16	 | 	30,07
  2	 | 	10	 | 	18,68
  2	 | 	12	 | 	17,03
  3	 | 	8	 | 	8,06
  3	 | 	17	 | 	10,82
  3	 | 	19	 | 	10,82
  4	 | 	7	 | 	8,06
  4	 | 	18	 | 	18,79
  5	 | 	8	 | 	5,00
  5	 | 	11	 | 	10,00
  5	 | 	15	 | 	21,38
  6	 | 	16	 | 	21,38
  7	 | 	13	 | 	19,10
  8	 | 	11	 | 	8,06
  9	 | 	17	 | 	26,00
  9	 | 	19	 | 	27,89
  10	 | 	12	 | 	4,12
  10	 | 	14	 | 	9,85
  12	 | 	13	 | 	11,18
  13	 | 	15	 | 	3,16
  14	 | 	18	 | 	35,44
___________________________
Simulation Topology [1:2]
___________________________
From 	  To 		Length
___________________________
  0	 | 	6	 | 	15,23
  0	 | 	7	 | 	14,56
  0	 | 	17	 | 	13,15
  1	 | 	4	 | 	2,00
  1	 | 	6	 | 	10,82
  1	 | 	16	 | 	30,07
  2	 | 	10	 | 	18,68
  2	 | 	12	 | 	17,03
  3	 | 	8	 | 	8,06
  3	 | 	17	 | 	10,82
  3	 | 	19	 | 	10,82
  4	 | 	7	 | 	8,06
  4	 | 	18	 | 	18,79
  5	 | 	8	 | 	5,00
  5	 | 	11	 | 	10,00
  5	 | 	15	 | 	21,38
  6	 | 	16	 | 	21,38
  7	 | 	13	 | 	19,10
  8	 | 	11	 | 	8,06
  9	 | 	17	 | 	26,00
  9	 | 	19	 | 	27,89
  10	 | 	12	 | 	4,12
  10	 | 	14	 | 	9,85
  12	 | 	13	 | 	11,18
  13	 | 	15	 | 	3,16
  14	 | 	18	 | 	35,44
  18	 | 	19	 | 	7,00
___________________________
Simulation Topology [1:3]
___________________________
From 	  To 		Length
___________________________
  0	 | 	6	 | 	15,23
  0	 | 	7	 | 	14,56
  0	 | 	17	 | 	13,15
  1	 | 	4	 | 	2,00
  1	 | 	6	 | 	10,82
  1	 | 	16	 | 	30,07
  2	 | 	10	 | 	18,68
  2	 | 	12	 | 	17,03
  3	 | 	8	 | 	8,06
  3	 | 	17	 | 	10,82
  3	 | 	19	 | 	10,82
  4	 | 	7	 | 	8,06
  4	 | 	18	 | 	18,79
  5	 | 	8	 | 	5,00
  5	 | 	11	 | 	10,00
  5	 | 	15	 | 	21,38
  6	 | 	16	 | 	21,38
  7	 | 	13	 | 	19,10
  8	 | 	11	 | 	8,06
  9	 | 	17	 | 	26,00
  9	 | 	19	 | 	27,89
  10	 | 	12	 | 	4,12
  10	 | 	14	 | 	9,85
  12	 | 	13	 | 	11,18
  13	 | 	15	 | 	3,16
  14	 | 	18	 | 	35,44
  18	 | 	19	 | 	7,00
  9	 | 	11	 | 	3,61
___________________________
Simulation Topology [1:4]
___________________________
From 	  To 		Length
___________________________
  0	 | 	6	 | 	15,23
  0	 | 	7	 | 	14,56
  0	 | 	17	 | 	13,15
  1	 | 	4	 | 	2,00
  1	 | 	6	 | 	10,82
  1	 | 	16	 | 	30,07
  2	 | 	10	 | 	18,68
  2	 | 	12	 | 	17,03
  3	 | 	8	 | 	8,06
  3	 | 	17	 | 	10,82
  3	 | 	19	 | 	10,82
  4	 | 	7	 | 	8,06
  4	 | 	18	 | 	18,79
  5	 | 	8	 | 	5,00
  5	 | 	11	 | 	10,00
  5	 | 	15	 | 	21,38
  6	 | 	16	 | 	21,38
  7	 | 	13	 | 	19,10
  8	 | 	11	 | 	8,06
  9	 | 	17	 | 	26,00
  9	 | 	19	 | 	27,89
  10	 | 	12	 | 	4,12
  10	 | 	14	 | 	9,85
  12	 | 	13	 | 	11,18
  13	 | 	15	 | 	3,16
  14	 | 	18	 | 	35,44
  18	 | 	19	 | 	7,00
  9	 | 	11	 | 	3,61
  14	 | 	15	 | 	2,24
___________________________
Simulation Topology [1:5]
___________________________
From 	  To 		Length
___________________________
  0	 | 	6	 | 	15,23
  0	 | 	7	 | 	14,56
  0	 | 	17	 | 	13,15
  1	 | 	4	 | 	2,00
  1	 | 	6	 | 	10,82
  1	 | 	16	 | 	30,07
  2	 | 	10	 | 	18,68
  2	 | 	12	 | 	17,03
  3	 | 	8	 | 	8,06
  3	 | 	17	 | 	10,82
  3	 | 	19	 | 	10,82
  4	 | 	7	 | 	8,06
  4	 | 	18	 | 	18,79
  5	 | 	8	 | 	5,00
  5	 | 	11	 | 	10,00
  5	 | 	15	 | 	21,38
  6	 | 	16	 | 	21,38
  7	 | 	13	 | 	19,10
  8	 | 	11	 | 	8,06
  9	 | 	17	 | 	26,00
  9	 | 	19	 | 	27,89
  10	 | 	12	 | 	4,12
  10	 | 	14	 | 	9,85
  12	 | 	13	 | 	11,18
  13	 | 	15	 | 	3,16
  14	 | 	18	 | 	35,44
  18	 | 	19	 | 	7,00
  9	 | 	11	 | 	3,61
  14	 | 	15	 | 	2,24
  2	 | 	16	 | 	29,61
___________________________
Simulation Topology [1:6]
___________________________
From 	  To 		Length
___________________________
  0	 | 	6	 | 	15,23
  0	 | 	7	 | 	14,56
  0	 | 	17	 | 	13,15
  1	 | 	4	 | 	2,00
  1	 | 	6	 | 	10,82
  1	 | 	16	 | 	30,07
  2	 | 	10	 | 	18,68
  2	 | 	12	 | 	17,03
  3	 | 	8	 | 	8,06
  3	 | 	17	 | 	10,82
  3	 | 	19	 | 	10,82
  4	 | 	7	 | 	8,06
  4	 | 	18	 | 	18,79
  5	 | 	8	 | 	5,00
  5	 | 	11	 | 	10,00
  5	 | 	15	 | 	21,38
  6	 | 	16	 | 	21,38
  7	 | 	13	 | 	19,10
  8	 | 	11	 | 	8,06
  9	 | 	17	 | 	26,00
  9	 | 	19	 | 	27,89
  10	 | 	12	 | 	4,12
  10	 | 	14	 | 	9,85
  12	 | 	13	 | 	11,18
  13	 | 	15	 | 	3,16
  14	 | 	18	 | 	35,44
  18	 | 	19	 | 	7,00
  9	 | 	11	 | 	3,61
  14	 | 	15	 | 	2,24
  2	 | 	16	 | 	29,61
___________________________
Simulation Topology 2
___________________________
[2]				[2]		
[5]				[3]		
[4]				[1]		
[4]				[5]		
[8]				[4]		
[4]				[8]		
[4]				[11]		
[6]				[11]		
[8]				[8]		
[9]				[16]		
[5]				[18]		
[0]				[19]		
[6]				[39]		
[2]				[37]		
[3]				[39]		
[15]				[2]		
[13]				[1]		
[18]				[0]		
[13]				[3]		
[11]				[10]		
___________________________
Simulation Topology [2:0]
___________________________
From 	  To 		Length
___________________________
  2	 | 	16	 | 	9,00
  14	 | 	15	 | 	38,90
  9	 | 	11	 | 	9,49
  18	 | 	19	 | 	7,28
  14	 | 	18	 | 	37,36
  13	 | 	15	 | 	37,34
  12	 | 	13	 | 	4,47
  10	 | 	14	 | 	21,10
  10	 | 	12	 | 	21,02
  9	 | 	19	 | 	6,32
  9	 | 	17	 | 	18,36
  8	 | 	11	 | 	13,60
  7	 | 	13	 | 	26,31
  6	 | 	16	 | 	13,45
  5	 | 	15	 | 	12,53
  0	 | 	1	 | 	3,16
  0	 | 	13	 | 	35,00
  0	 | 	14	 | 	37,01
  1	 | 	14	 | 	36,06
  2	 | 	4	 | 	5,00
  2	 | 	11	 | 	18,44
  2	 | 	13	 | 	36,06
  3	 | 	7	 | 	6,32
  3	 | 	8	 | 	5,00
  3	 | 	10	 | 	13,04
  4	 | 	13	 | 	33,54
  4	 | 	18	 | 	5,10
  5	 | 	16	 | 	11,40
  6	 | 	12	 | 	28,07
  6	 | 	17	 | 	17,80
  6	 | 	18	 | 	12,04
  7	 | 	8	 | 	3,61
  7	 | 	19	 | 	5,10
  8	 | 	9	 | 	8,06
  9	 | 	10	 | 	4,47
  10	 | 	19	 | 	10,00
  11	 | 	12	 | 	20,88
  11	 | 	17	 | 	26,17
  15	 | 	16	 | 	2,24
___________________________
Simulation Topology [2:1]
___________________________
From 	  To 		Length
___________________________
  2	 | 	16	 | 	9,00
  14	 | 	15	 | 	38,90
  9	 | 	11	 | 	9,49
  18	 | 	19	 | 	7,28
  14	 | 	18	 | 	37,36
  13	 | 	15	 | 	37,34
  12	 | 	13	 | 	4,47
  10	 | 	14	 | 	21,10
  10	 | 	12	 | 	21,02
  9	 | 	19	 | 	6,32
  9	 | 	17	 | 	18,36
  8	 | 	11	 | 	13,60
  7	 | 	13	 | 	26,31
  6	 | 	16	 | 	13,45
  5	 | 	15	 | 	12,53
  0	 | 	1	 | 	3,16
  0	 | 	13	 | 	35,00
  0	 | 	14	 | 	37,01
  1	 | 	14	 | 	36,06
  2	 | 	4	 | 	5,00
  2	 | 	11	 | 	18,44
  2	 | 	13	 | 	36,06
  3	 | 	7	 | 	6,32
  3	 | 	8	 | 	5,00
  3	 | 	10	 | 	13,04
  4	 | 	13	 | 	33,54
  4	 | 	18	 | 	5,10
  5	 | 	16	 | 	11,40
  6	 | 	12	 | 	28,07
  6	 | 	17	 | 	17,80
  6	 | 	18	 | 	12,04
  7	 | 	8	 | 	3,61
  7	 | 	19	 | 	5,10
  8	 | 	9	 | 	8,06
  9	 | 	10	 | 	4,47
  10	 | 	19	 | 	10,00
  11	 | 	12	 | 	20,88
  11	 | 	17	 | 	26,17
  15	 | 	16	 | 	2,24
  5	 | 	12	 | 	31,06
___________________________
Simulation Topology [2:2]
___________________________
From 	  To 		Length
___________________________
  2	 | 	16	 | 	9,00
  14	 | 	15	 | 	38,90
  9	 | 	11	 | 	9,49
  18	 | 	19	 | 	7,28
  14	 | 	18	 | 	37,36
  13	 | 	15	 | 	37,34
  12	 | 	13	 | 	4,47
  10	 | 	14	 | 	21,10
  10	 | 	12	 | 	21,02
  9	 | 	19	 | 	6,32
  9	 | 	17	 | 	18,36
  8	 | 	11	 | 	13,60
  7	 | 	13	 | 	26,31
  6	 | 	16	 | 	13,45
  5	 | 	15	 | 	12,53
  0	 | 	1	 | 	3,16
  0	 | 	13	 | 	35,00
  0	 | 	14	 | 	37,01
  1	 | 	14	 | 	36,06
  2	 | 	4	 | 	5,00
  2	 | 	11	 | 	18,44
  2	 | 	13	 | 	36,06
  3	 | 	7	 | 	6,32
  3	 | 	8	 | 	5,00
  3	 | 	10	 | 	13,04
  4	 | 	13	 | 	33,54
  4	 | 	18	 | 	5,10
  5	 | 	16	 | 	11,40
  6	 | 	12	 | 	28,07
  6	 | 	17	 | 	17,80
  6	 | 	18	 | 	12,04
  7	 | 	8	 | 	3,61
  7	 | 	19	 | 	5,10
  8	 | 	9	 | 	8,06
  9	 | 	10	 | 	4,47
  10	 | 	19	 | 	10,00
  11	 | 	12	 | 	20,88
  11	 | 	17	 | 	26,17
  15	 | 	16	 | 	2,24
  5	 | 	12	 | 	31,06
  9	 | 	15	 | 	15,23
___________________________
Simulation Topology [2:3]
___________________________
From 	  To 		Length
___________________________
  2	 | 	16	 | 	9,00
  14	 | 	15	 | 	38,90
  9	 | 	11	 | 	9,49
  18	 | 	19	 | 	7,28
  14	 | 	18	 | 	37,36
  13	 | 	15	 | 	37,34
  12	 | 	13	 | 	4,47
  10	 | 	14	 | 	21,10
  10	 | 	12	 | 	21,02
  9	 | 	19	 | 	6,32
  9	 | 	17	 | 	18,36
  8	 | 	11	 | 	13,60
  7	 | 	13	 | 	26,31
  6	 | 	16	 | 	13,45
  5	 | 	15	 | 	12,53
  0	 | 	1	 | 	3,16
  0	 | 	13	 | 	35,00
  0	 | 	14	 | 	37,01
  1	 | 	14	 | 	36,06
  2	 | 	4	 | 	5,00
  2	 | 	11	 | 	18,44
  2	 | 	13	 | 	36,06
  3	 | 	7	 | 	6,32
  3	 | 	8	 | 	5,00
  3	 | 	10	 | 	13,04
  4	 | 	13	 | 	33,54
  4	 | 	18	 | 	5,10
  5	 | 	16	 | 	11,40
  6	 | 	12	 | 	28,07
  6	 | 	17	 | 	17,80
  6	 | 	18	 | 	12,04
  7	 | 	8	 | 	3,61
  7	 | 	19	 | 	5,10
  8	 | 	9	 | 	8,06
  9	 | 	10	 | 	4,47
  10	 | 	19	 | 	10,00
  11	 | 	12	 | 	20,88
  11	 | 	17	 | 	26,17
  15	 | 	16	 | 	2,24
  5	 | 	12	 | 	31,06
  9	 | 	15	 | 	15,23
___________________________
Simulation Topology [2:4]
___________________________
From 	  To 		Length
___________________________
  2	 | 	16	 | 	9,00
  14	 | 	15	 | 	38,90
  9	 | 	11	 | 	9,49
  18	 | 	19	 | 	7,28
  14	 | 	18	 | 	37,36
  13	 | 	15	 | 	37,34
  12	 | 	13	 | 	4,47
  10	 | 	14	 | 	21,10
  10	 | 	12	 | 	21,02
  9	 | 	19	 | 	6,32
  9	 | 	17	 | 	18,36
  8	 | 	11	 | 	13,60
  7	 | 	13	 | 	26,31
  6	 | 	16	 | 	13,45
  5	 | 	15	 | 	12,53
  0	 | 	1	 | 	3,16
  0	 | 	13	 | 	35,00
  0	 | 	14	 | 	37,01
  1	 | 	14	 | 	36,06
  2	 | 	4	 | 	5,00
  2	 | 	11	 | 	18,44
  2	 | 	13	 | 	36,06
  3	 | 	7	 | 	6,32
  3	 | 	8	 | 	5,00
  3	 | 	10	 | 	13,04
  4	 | 	13	 | 	33,54
  4	 | 	18	 | 	5,10
  5	 | 	16	 | 	11,40
  6	 | 	12	 | 	28,07
  6	 | 	17	 | 	17,80
  6	 | 	18	 | 	12,04
  7	 | 	8	 | 	3,61
  7	 | 	19	 | 	5,10
  8	 | 	9	 | 	8,06
  9	 | 	10	 | 	4,47
  10	 | 	19	 | 	10,00
  11	 | 	12	 | 	20,88
  11	 | 	17	 | 	26,17
  15	 | 	16	 | 	2,24
  5	 | 	12	 | 	31,06
  9	 | 	15	 | 	15,23
  1	 | 	17	 | 	13,34
___________________________
Simulation Topology [2:5]
___________________________
From 	  To 		Length
___________________________
  2	 | 	16	 | 	9,00
  14	 | 	15	 | 	38,90
  9	 | 	11	 | 	9,49
  18	 | 	19	 | 	7,28
  14	 | 	18	 | 	37,36
  13	 | 	15	 | 	37,34
  12	 | 	13	 | 	4,47
  10	 | 	14	 | 	21,10
  10	 | 	12	 | 	21,02
  9	 | 	19	 | 	6,32
  9	 | 	17	 | 	18,36
  8	 | 	11	 | 	13,60
  7	 | 	13	 | 	26,31
  6	 | 	16	 | 	13,45
  5	 | 	15	 | 	12,53
  0	 | 	1	 | 	3,16
  0	 | 	13	 | 	35,00
  0	 | 	14	 | 	37,01
  1	 | 	14	 | 	36,06
  2	 | 	4	 | 	5,00
  2	 | 	11	 | 	18,44
  2	 | 	13	 | 	36,06
  3	 | 	7	 | 	6,32
  3	 | 	8	 | 	5,00
  3	 | 	10	 | 	13,04
  4	 | 	13	 | 	33,54
  4	 | 	18	 | 	5,10
  5	 | 	16	 | 	11,40
  6	 | 	12	 | 	28,07
  6	 | 	17	 | 	17,80
  6	 | 	18	 | 	12,04
  7	 | 	8	 | 	3,61
  7	 | 	19	 | 	5,10
  8	 | 	9	 | 	8,06
  9	 | 	10	 | 	4,47
  10	 | 	19	 | 	10,00
  11	 | 	12	 | 	20,88
  11	 | 	17	 | 	26,17
  15	 | 	16	 | 	2,24
  5	 | 	12	 | 	31,06
  9	 | 	15	 | 	15,23
  1	 | 	17	 | 	13,34
  14	 | 	16	 | 	39,29
___________________________
Simulation Topology [2:6]
___________________________
From 	  To 		Length
___________________________
  2	 | 	16	 | 	9,00
  14	 | 	15	 | 	38,90
  9	 | 	11	 | 	9,49
  18	 | 	19	 | 	7,28
  14	 | 	18	 | 	37,36
  13	 | 	15	 | 	37,34
  12	 | 	13	 | 	4,47
  10	 | 	14	 | 	21,10
  10	 | 	12	 | 	21,02
  9	 | 	19	 | 	6,32
  9	 | 	17	 | 	18,36
  8	 | 	11	 | 	13,60
  7	 | 	13	 | 	26,31
  6	 | 	16	 | 	13,45
  5	 | 	15	 | 	12,53
  0	 | 	1	 | 	3,16
  0	 | 	13	 | 	35,00
  0	 | 	14	 | 	37,01
  1	 | 	14	 | 	36,06
  2	 | 	4	 | 	5,00
  2	 | 	11	 | 	18,44
  2	 | 	13	 | 	36,06
  3	 | 	7	 | 	6,32
  3	 | 	8	 | 	5,00
  3	 | 	10	 | 	13,04
  4	 | 	13	 | 	33,54
  4	 | 	18	 | 	5,10
  5	 | 	16	 | 	11,40
  6	 | 	12	 | 	28,07
  6	 | 	17	 | 	17,80
  6	 | 	18	 | 	12,04
  7	 | 	8	 | 	3,61
  7	 | 	19	 | 	5,10
  8	 | 	9	 | 	8,06
  9	 | 	10	 | 	4,47
  10	 | 	19	 | 	10,00
  11	 | 	12	 | 	20,88
  11	 | 	17	 | 	26,17
  15	 | 	16	 | 	2,24
  5	 | 	12	 | 	31,06
  9	 | 	15	 | 	15,23
  1	 | 	17	 | 	13,34
  14	 | 	16	 | 	39,29
___________________________
