Simulation Topology 1
___________________________
[5]				[7]		
[6]				[5]		
[5]				[10]		
[2]				[10]		
[7]				[11]		
[7]				[14]		
[9]				[15]		
[4]				[17]		
[7]				[17]		
[8]				[21]		
___________________________
Simulation Topology [1:2]
___________________________
From 	  To 		Length
___________________________
  0	 | 	2	 | 	3,00
  0	 | 	9	 | 	14,32
  1	 | 	2	 | 	5,10
  1	 | 	7	 | 	12,17
  1	 | 	9	 | 	16,12
  2	 | 	8	 | 	7,28
  3	 | 	4	 | 	5,10
  3	 | 	6	 | 	8,60
  3	 | 	8	 | 	8,60
  4	 | 	5	 | 	3,00
  4	 | 	7	 | 	6,71
  5	 | 	6	 | 	2,24
  6	 | 	8	 | 	2,83
  7	 | 	9	 | 	5,66
___________________________
Simulation Topology [1:3]
___________________________
From 	  To 		Length
___________________________
  0	 | 	2	 | 	3,00
  0	 | 	9	 | 	14,32
  1	 | 	2	 | 	5,10
  1	 | 	7	 | 	12,17
  1	 | 	9	 | 	16,12
  2	 | 	8	 | 	7,28
  3	 | 	4	 | 	5,10
  3	 | 	6	 | 	8,60
  3	 | 	8	 | 	8,60
  4	 | 	5	 | 	3,00
  4	 | 	7	 | 	6,71
  5	 | 	6	 | 	2,24
  6	 | 	8	 | 	2,83
  7	 | 	9	 | 	5,66
___________________________
Simulation Topology 2
___________________________
[9]				[0]		
[1]				[3]		
[8]				[2]		
[8]				[6]		
[3]				[5]		
[0]				[9]		
[6]				[11]		
[7]				[8]		
[9]				[10]		
[9]				[13]		
___________________________
Simulation Topology [2:1]
___________________________
From 	  To 		Length
___________________________
  7	 | 	9	 | 	5,39
  6	 | 	8	 | 	3,16
  5	 | 	6	 | 	6,32
  4	 | 	7	 | 	5,00
  4	 | 	5	 | 	5,00
  3	 | 	8	 | 	4,12
  3	 | 	6	 | 	5,39
  0	 | 	1	 | 	8,54
  0	 | 	5	 | 	12,73
  0	 | 	8	 | 	10,00
  0	 | 	9	 | 	13,00
  1	 | 	3	 | 	7,62
  1	 | 	6	 | 	9,43
  2	 | 	3	 | 	4,00
  2	 | 	6	 | 	9,22
  2	 | 	8	 | 	8,06
  3	 | 	4	 | 	5,10
  4	 | 	6	 | 	6,71
  5	 | 	7	 | 	7,07
  8	 | 	9	 | 	3,00
___________________________
Simulation Topology [2:2]
___________________________
From 	  To 		Length
___________________________
  7	 | 	9	 | 	5,39
  6	 | 	8	 | 	3,16
  5	 | 	6	 | 	6,32
  4	 | 	7	 | 	5,00
  4	 | 	5	 | 	5,00
  3	 | 	8	 | 	4,12
  3	 | 	6	 | 	5,39
  0	 | 	1	 | 	8,54
  0	 | 	5	 | 	12,73
  0	 | 	8	 | 	10,00
  0	 | 	9	 | 	13,00
  1	 | 	3	 | 	7,62
  1	 | 	6	 | 	9,43
  2	 | 	3	 | 	4,00
  2	 | 	6	 | 	9,22
  2	 | 	8	 | 	8,06
  3	 | 	4	 | 	5,10
  4	 | 	6	 | 	6,71
  5	 | 	7	 | 	7,07
  8	 | 	9	 | 	3,00
___________________________
