Simulation Topology 1
___________________________
[9]				[3]		
[0]				[0]		
[7]				[7]		
[9]				[8]		
[7]				[10]		
[1]				[11]		
[4]				[8]		
[1]				[14]		
[5]				[13]		
[7]				[13]		
___________________________
Simulation Topology [1:1]
___________________________
From 	  To 		Length
___________________________
  0	 | 	1	 | 	9,49
  0	 | 	4	 | 	7,28
  0	 | 	6	 | 	7,07
  1	 | 	5	 | 	11,05
  1	 | 	8	 | 	13,93
  2	 | 	6	 | 	3,16
  2	 | 	7	 | 	9,22
  2	 | 	9	 | 	6,00
  3	 | 	4	 | 	2,83
  3	 | 	7	 | 	10,00
  3	 | 	8	 | 	6,40
  5	 | 	9	 | 	6,32
  6	 | 	8	 | 	5,10
  7	 | 	9	 | 	6,08
___________________________
Simulation Topology [1:2]
___________________________
From 	  To 		Length
___________________________
  0	 | 	1	 | 	9,49
  0	 | 	4	 | 	7,28
  0	 | 	6	 | 	7,07
  1	 | 	5	 | 	11,05
  1	 | 	8	 | 	13,93
  2	 | 	6	 | 	3,16
  2	 | 	7	 | 	9,22
  2	 | 	9	 | 	6,00
  3	 | 	4	 | 	2,83
  3	 | 	7	 | 	10,00
  3	 | 	8	 | 	6,40
  5	 | 	9	 | 	6,32
  6	 | 	8	 | 	5,10
  7	 | 	9	 | 	6,08
___________________________
Simulation Topology 2
___________________________
[9]				[0]		
[1]				[7]		
[4]				[5]		
[3]				[11]		
[7]				[8]		
[4]				[14]		
[2]				[19]		
[4]				[16]		
[0]				[21]		
[0]				[23]		
___________________________
Simulation Topology [2:0]
___________________________
From 	  To 		Length
___________________________
  7	 | 	9	 | 	8,06
  6	 | 	8	 | 	2,83
  5	 | 	9	 | 	9,85
  3	 | 	8	 | 	10,44
  3	 | 	7	 | 	5,10
  3	 | 	4	 | 	5,00
  2	 | 	9	 | 	18,44
  0	 | 	3	 | 	12,53
  0	 | 	4	 | 	8,25
  1	 | 	3	 | 	4,47
  1	 | 	4	 | 	6,08
  2	 | 	5	 | 	9,00
  2	 | 	6	 | 	14,14
  2	 | 	8	 | 	16,49
  3	 | 	5	 | 	3,16
  4	 | 	7	 | 	8,54
  5	 | 	8	 | 	8,06
  6	 | 	9	 | 	4,47
___________________________
Simulation Topology [2:1]
___________________________
From 	  To 		Length
___________________________
  7	 | 	9	 | 	8,06
  6	 | 	8	 | 	2,83
  5	 | 	9	 | 	9,85
  3	 | 	8	 | 	10,44
  3	 | 	7	 | 	5,10
  3	 | 	4	 | 	5,00
  2	 | 	9	 | 	18,44
  0	 | 	3	 | 	12,53
  0	 | 	4	 | 	8,25
  1	 | 	3	 | 	4,47
  1	 | 	4	 | 	6,08
  2	 | 	5	 | 	9,00
  2	 | 	6	 | 	14,14
  2	 | 	8	 | 	16,49
  3	 | 	5	 | 	3,16
  4	 | 	7	 | 	8,54
  5	 | 	8	 | 	8,06
  6	 | 	9	 | 	4,47
  1	 | 	9	 | 	16,03
___________________________
Simulation Topology [2:2]
___________________________
From 	  To 		Length
___________________________
  7	 | 	9	 | 	8,06
  6	 | 	8	 | 	2,83
  5	 | 	9	 | 	9,85
  3	 | 	8	 | 	10,44
  3	 | 	7	 | 	5,10
  3	 | 	4	 | 	5,00
  2	 | 	9	 | 	18,44
  0	 | 	3	 | 	12,53
  0	 | 	4	 | 	8,25
  1	 | 	3	 | 	4,47
  1	 | 	4	 | 	6,08
  2	 | 	5	 | 	9,00
  2	 | 	6	 | 	14,14
  2	 | 	8	 | 	16,49
  3	 | 	5	 | 	3,16
  4	 | 	7	 | 	8,54
  5	 | 	8	 | 	8,06
  6	 | 	9	 | 	4,47
  1	 | 	9	 | 	16,03
___________________________
