Simulation Topology 1
___________________________
[0]				[1]		
[3]				[3]		
[8]				[1]		
[5]				[2]		
[6]				[4]		
[2]				[7]		
[9]				[4]		
[0]				[6]		
[8]				[10]		
[5]				[8]		
[1]				[9]		
[3]				[10]		
[0]				[14]		
[9]				[13]		
[1]				[17]		
[9]				[18]		
[6]				[17]		
[0]				[21]		
[6]				[22]		
[1]				[26]		
___________________________
Simulation Topology [1:2]
___________________________
From 	  To 		Length
___________________________
  0	 | 	3	 | 	5,10
  0	 | 	9	 | 	8,60
  0	 | 	14	 | 	16,03
  1	 | 	3	 | 	2,24
  1	 | 	9	 | 	5,39
  2	 | 	6	 | 	3,16
  2	 | 	9	 | 	7,62
  2	 | 	15	 | 	17,03
  3	 | 	13	 | 	11,70
  4	 | 	17	 | 	18,03
  4	 | 	18	 | 	18,00
  5	 | 	8	 | 	6,71
  5	 | 	10	 | 	2,24
  5	 | 	12	 | 	7,28
  6	 | 	14	 | 	15,26
  7	 | 	11	 | 	5,00
  7	 | 	17	 | 	15,00
  7	 | 	19	 | 	20,02
  8	 | 	13	 | 	3,16
  10	 | 	16	 | 	9,43
  11	 | 	15	 | 	10,00
  11	 | 	19	 | 	16,12
  12	 | 	17	 | 	7,00
  12	 | 	18	 | 	10,00
  13	 | 	16	 | 	5,00
  14	 | 	15	 | 	8,06
  16	 | 	18	 | 	5,00
___________________________
Simulation Topology [1:3]
___________________________
From 	  To 		Length
___________________________
  0	 | 	3	 | 	5,10
  0	 | 	9	 | 	8,60
  0	 | 	14	 | 	16,03
  1	 | 	3	 | 	2,24
  1	 | 	9	 | 	5,39
  2	 | 	6	 | 	3,16
  2	 | 	9	 | 	7,62
  2	 | 	15	 | 	17,03
  3	 | 	13	 | 	11,70
  4	 | 	17	 | 	18,03
  4	 | 	18	 | 	18,00
  5	 | 	8	 | 	6,71
  5	 | 	10	 | 	2,24
  5	 | 	12	 | 	7,28
  6	 | 	14	 | 	15,26
  7	 | 	11	 | 	5,00
  7	 | 	17	 | 	15,00
  7	 | 	19	 | 	20,02
  8	 | 	13	 | 	3,16
  10	 | 	16	 | 	9,43
  11	 | 	15	 | 	10,00
  11	 | 	19	 | 	16,12
  12	 | 	17	 | 	7,00
  12	 | 	18	 | 	10,00
  13	 | 	16	 | 	5,00
  14	 | 	15	 | 	8,06
  16	 | 	18	 | 	5,00
  10	 | 	19	 | 	17,00
___________________________
Simulation Topology [1:4]
___________________________
From 	  To 		Length
___________________________
  0	 | 	3	 | 	5,10
  0	 | 	9	 | 	8,60
  0	 | 	14	 | 	16,03
  1	 | 	3	 | 	2,24
  1	 | 	9	 | 	5,39
  2	 | 	6	 | 	3,16
  2	 | 	9	 | 	7,62
  2	 | 	15	 | 	17,03
  3	 | 	13	 | 	11,70
  4	 | 	17	 | 	18,03
  4	 | 	18	 | 	18,00
  5	 | 	8	 | 	6,71
  5	 | 	10	 | 	2,24
  5	 | 	12	 | 	7,28
  6	 | 	14	 | 	15,26
  7	 | 	11	 | 	5,00
  7	 | 	17	 | 	15,00
  7	 | 	19	 | 	20,02
  8	 | 	13	 | 	3,16
  10	 | 	16	 | 	9,43
  11	 | 	15	 | 	10,00
  11	 | 	19	 | 	16,12
  12	 | 	17	 | 	7,00
  12	 | 	18	 | 	10,00
  13	 | 	16	 | 	5,00
  14	 | 	15	 | 	8,06
  16	 | 	18	 | 	5,00
  10	 | 	19	 | 	17,00
  1	 | 	6	 | 	6,08
___________________________
Simulation Topology 2
___________________________
[8]				[2]		
[4]				[2]		
[3]				[5]		
[5]				[6]		
[9]				[6]		
[6]				[19]		
[9]				[17]		
[5]				[16]		
[6]				[21]		
[0]				[22]		
[2]				[24]		
[7]				[24]		
[2]				[28]		
[7]				[29]		
[4]				[29]		
[9]				[29]		
[9]				[34]		
[4]				[38]		
[9]				[36]		
[17]				[0]		
___________________________
Simulation Topology [2:1]
___________________________
From 	  To 		Length
___________________________
  1	 | 	6	 | 	15,81
  10	 | 	19	 | 	28,30
  16	 | 	18	 | 	2,00
  14	 | 	15	 | 	5,00
  13	 | 	16	 | 	5,39
  12	 | 	18	 | 	10,63
  12	 | 	17	 | 	10,20
  11	 | 	19	 | 	26,00
  11	 | 	15	 | 	5,39
  10	 | 	16	 | 	12,21
  8	 | 	13	 | 	8,06
  7	 | 	19	 | 	20,00
  7	 | 	17	 | 	22,02
  7	 | 	11	 | 	8,25
  0	 | 	1	 | 	4,00
  0	 | 	5	 | 	17,12
  0	 | 	6	 | 	15,03
  1	 | 	5	 | 	17,12
  1	 | 	14	 | 	27,00
  2	 | 	4	 | 	6,08
  2	 | 	8	 | 	16,28
  3	 | 	6	 | 	11,70
  3	 | 	10	 | 	18,25
  3	 | 	16	 | 	28,28
  4	 | 	8	 | 	15,30
  4	 | 	18	 | 	30,00
  5	 | 	14	 | 	10,20
  6	 | 	17	 | 	21,59
  8	 | 	15	 | 	8,54
  9	 | 	11	 | 	7,28
  9	 | 	13	 | 	9,90
  9	 | 	17	 | 	16,49
  10	 | 	11	 | 	5,00
  12	 | 	19	 | 	31,76
  13	 | 	15	 | 	2,00
  14	 | 	16	 | 	7,07
  15	 | 	18	 | 	7,00
  16	 | 	19	 | 	34,93
___________________________
Simulation Topology [2:2]
___________________________
From 	  To 		Length
___________________________
  1	 | 	6	 | 	15,81
  10	 | 	19	 | 	28,30
  16	 | 	18	 | 	2,00
  14	 | 	15	 | 	5,00
  13	 | 	16	 | 	5,39
  12	 | 	18	 | 	10,63
  12	 | 	17	 | 	10,20
  11	 | 	19	 | 	26,00
  11	 | 	15	 | 	5,39
  10	 | 	16	 | 	12,21
  8	 | 	13	 | 	8,06
  7	 | 	19	 | 	20,00
  7	 | 	17	 | 	22,02
  7	 | 	11	 | 	8,25
  0	 | 	1	 | 	4,00
  0	 | 	5	 | 	17,12
  0	 | 	6	 | 	15,03
  1	 | 	5	 | 	17,12
  1	 | 	14	 | 	27,00
  2	 | 	4	 | 	6,08
  2	 | 	8	 | 	16,28
  3	 | 	6	 | 	11,70
  3	 | 	10	 | 	18,25
  3	 | 	16	 | 	28,28
  4	 | 	8	 | 	15,30
  4	 | 	18	 | 	30,00
  5	 | 	14	 | 	10,20
  6	 | 	17	 | 	21,59
  8	 | 	15	 | 	8,54
  9	 | 	11	 | 	7,28
  9	 | 	13	 | 	9,90
  9	 | 	17	 | 	16,49
  10	 | 	11	 | 	5,00
  12	 | 	19	 | 	31,76
  13	 | 	15	 | 	2,00
  14	 | 	16	 | 	7,07
  15	 | 	18	 | 	7,00
  16	 | 	19	 | 	34,93
  7	 | 	13	 | 	13,15
___________________________
Simulation Topology [2:3]
___________________________
From 	  To 		Length
___________________________
  1	 | 	6	 | 	15,81
  10	 | 	19	 | 	28,30
  16	 | 	18	 | 	2,00
  14	 | 	15	 | 	5,00
  13	 | 	16	 | 	5,39
  12	 | 	18	 | 	10,63
  12	 | 	17	 | 	10,20
  11	 | 	19	 | 	26,00
  11	 | 	15	 | 	5,39
  10	 | 	16	 | 	12,21
  8	 | 	13	 | 	8,06
  7	 | 	19	 | 	20,00
  7	 | 	17	 | 	22,02
  7	 | 	11	 | 	8,25
  0	 | 	1	 | 	4,00
  0	 | 	5	 | 	17,12
  0	 | 	6	 | 	15,03
  1	 | 	5	 | 	17,12
  1	 | 	14	 | 	27,00
  2	 | 	4	 | 	6,08
  2	 | 	8	 | 	16,28
  3	 | 	6	 | 	11,70
  3	 | 	10	 | 	18,25
  3	 | 	16	 | 	28,28
  4	 | 	8	 | 	15,30
  4	 | 	18	 | 	30,00
  5	 | 	14	 | 	10,20
  6	 | 	17	 | 	21,59
  8	 | 	15	 | 	8,54
  9	 | 	11	 | 	7,28
  9	 | 	13	 | 	9,90
  9	 | 	17	 | 	16,49
  10	 | 	11	 | 	5,00
  12	 | 	19	 | 	31,76
  13	 | 	15	 | 	2,00
  14	 | 	16	 | 	7,07
  15	 | 	18	 | 	7,00
  16	 | 	19	 | 	34,93
  7	 | 	13	 | 	13,15
  2	 | 	10	 | 	19,03
___________________________
