Simulation Topology 1
___________________________
[34]				[20]		
[24]				[4]		
[28]				[34]		
[2]				[3]		
[29]				[2]		
[14]				[23]		
[32]				[21]		
[22]				[10]		
[2]				[25]		
[27]				[28]		
[13]				[12]		
[22]				[39]		
[20]				[26]		
[29]				[9]		
[22]				[6]		
[1]				[38]		
[37]				[14]		
[36]				[39]		
[19]				[7]		
[39]				[32]		
___________________________
Simulation Topology [1:0]
___________________________
From 	  To 		Length
___________________________
  0	 | 	1	 | 	18,87
  0	 | 	13	 | 	12,08
  1	 | 	7	 | 	6,32
  2	 | 	10	 | 	26,63
  2	 | 	11	 | 	7,81
  3	 | 	12	 | 	29,21
  3	 | 	15	 | 	35,01
  4	 | 	12	 | 	25,63
  4	 | 	16	 | 	14,42
  5	 | 	6	 | 	18,11
  5	 | 	18	 | 	16,76
  6	 | 	16	 | 	8,60
  7	 | 	17	 | 	32,20
  8	 | 	10	 | 	17,03
  8	 | 	18	 | 	24,76
  9	 | 	14	 | 	22,56
  9	 | 	19	 | 	12,65
  11	 | 	19	 | 	18,38
  13	 | 	15	 | 	40,31
  14	 | 	17	 | 	35,85
___________________________
Simulation Topology 2
___________________________
[26]				[2]		
[28]				[19]		
[32]				[12]		
[12]				[39]		
[18]				[31]		
[25]				[34]		
[2]				[37]		
[0]				[10]		
[5]				[39]		
[13]				[10]		
[12]				[1]		
[39]				[16]		
[25]				[26]		
[3]				[39]		
[30]				[12]		
[0]				[34]		
[31]				[32]		
[22]				[6]		
[24]				[30]		
[36]				[21]		
___________________________
Simulation Topology [2:0]
___________________________
From 	  To 		Length
___________________________
  14	 | 	17	 | 	10,00
  13	 | 	15	 | 	5,83
  11	 | 	19	 | 	5,83
  9	 | 	19	 | 	25,50
  9	 | 	14	 | 	17,12
  8	 | 	18	 | 	21,02
  8	 | 	10	 | 	38,64
  7	 | 	17	 | 	22,36
  6	 | 	16	 | 	29,43
  5	 | 	18	 | 	4,12
  0	 | 	13	 | 	43,57
  0	 | 	18	 | 	28,07
  1	 | 	6	 | 	31,62
  1	 | 	12	 | 	7,62
  2	 | 	7	 | 	32,06
  2	 | 	16	 | 	20,02
  3	 | 	10	 | 	38,00
  3	 | 	16	 | 	20,25
  4	 | 	12	 | 	8,60
  4	 | 	17	 | 	25,32
  5	 | 	8	 | 	20,62
  5	 | 	11	 | 	22,80
  6	 | 	19	 | 	37,58
  7	 | 	10	 | 	15,00
  8	 | 	14	 | 	36,80
  9	 | 	13	 | 	30,68
  9	 | 	17	 | 	9,85
  11	 | 	15	 | 	42,95
  14	 | 	19	 | 	10,82
  15	 | 	18	 | 	24,33
___________________________
