Simulation Topology 1
___________________________
[5]				[1]		
[9]				[2]		
[2]				[4]		
[0]				[6]		
[4]				[14]		
[8]				[14]		
[0]				[13]		
[9]				[16]		
[9]				[18]		
[4]				[17]		
[7]				[23]		
[6]				[21]		
[7]				[26]		
[9]				[25]		
[8]				[30]		
[5]				[33]		
[8]				[32]		
[7]				[34]		
[8]				[39]		
[6]				[36]		
___________________________
Simulation Topology [1:6]
___________________________
From 	  To 		Length
___________________________
  0	 | 	4	 | 	13,04
  0	 | 	8	 | 	17,46
  1	 | 	4	 | 	13,00
  1	 | 	7	 | 	14,00
  1	 | 	19	 | 	34,13
  2	 | 	5	 | 	11,66
  2	 | 	9	 | 	13,15
  2	 | 	12	 | 	22,56
  3	 | 	5	 | 	11,31
  3	 | 	15	 | 	27,46
  3	 | 	17	 | 	28,86
  4	 | 	13	 | 	12,08
  5	 | 	14	 | 	16,00
  6	 | 	7	 | 	9,49
  6	 | 	8	 | 	10,30
  6	 | 	14	 | 	18,79
  7	 | 	11	 | 	5,83
  8	 | 	14	 | 	12,04
  9	 | 	12	 | 	9,49
  9	 | 	18	 | 	22,36
  10	 | 	13	 | 	2,83
  10	 | 	16	 | 	9,06
  10	 | 	17	 | 	11,00
  11	 | 	12	 | 	5,10
  11	 | 	13	 | 	5,00
  15	 | 	17	 | 	2,24
  15	 | 	19	 | 	3,16
  16	 | 	18	 | 	7,00
  18	 | 	19	 | 	3,61
___________________________
Simulation Topology 2
___________________________
[4]				[6]		
[3]				[11]		
[7]				[9]		
[3]				[8]		
[4]				[15]		
[1]				[13]		
[6]				[14]		
[4]				[17]		
[0]				[17]		
[2]				[23]		
[1]				[21]		
[4]				[32]		
[9]				[38]		
[9]				[36]		
[15]				[2]		
[18]				[2]		
[14]				[0]		
[10]				[2]		
[10]				[6]		
[18]				[8]		
___________________________
Simulation Topology [2:0]
___________________________
From 	  To 		Length
___________________________
  18	 | 	19	 | 	8,25
  16	 | 	18	 | 	7,21
  15	 | 	19	 | 	6,00
  15	 | 	17	 | 	8,00
  11	 | 	13	 | 	6,40
  11	 | 	12	 | 	7,81
  10	 | 	17	 | 	21,02
  10	 | 	16	 | 	24,70
  10	 | 	13	 | 	17,00
  9	 | 	18	 | 	18,79
  9	 | 	12	 | 	16,55
  8	 | 	14	 | 	21,21
  7	 | 	11	 | 	15,00
  6	 | 	14	 | 	15,00
  0	 | 	2	 | 	4,24
  0	 | 	12	 | 	32,39
  1	 | 	5	 | 	2,83
  1	 | 	17	 | 	11,40
  2	 | 	12	 | 	29,07
  3	 | 	9	 | 	15,03
  3	 | 	11	 | 	24,02
  3	 | 	15	 | 	16,16
  4	 | 	8	 | 	4,47
  4	 | 	11	 | 	17,00
  4	 | 	13	 | 	21,59
  5	 | 	17	 | 	14,21
  6	 | 	11	 | 	18,11
  6	 | 	15	 | 	16,97
  7	 | 	13	 | 	19,65
  7	 | 	19	 | 	16,64
  8	 | 	10	 | 	4,12
  8	 | 	12	 | 	22,85
  10	 | 	18	 | 	17,49
  13	 | 	16	 | 	36,35
  14	 | 	18	 | 	6,40
  16	 | 	19	 | 	8,94
___________________________
Simulation Topology [2:1]
___________________________
From 	  To 		Length
___________________________
  18	 | 	19	 | 	8,25
  16	 | 	18	 | 	7,21
  15	 | 	19	 | 	6,00
  15	 | 	17	 | 	8,00
  11	 | 	13	 | 	6,40
  11	 | 	12	 | 	7,81
  10	 | 	17	 | 	21,02
  10	 | 	16	 | 	24,70
  10	 | 	13	 | 	17,00
  9	 | 	18	 | 	18,79
  9	 | 	12	 | 	16,55
  8	 | 	14	 | 	21,21
  7	 | 	11	 | 	15,00
  6	 | 	14	 | 	15,00
  0	 | 	2	 | 	4,24
  0	 | 	12	 | 	32,39
  1	 | 	5	 | 	2,83
  1	 | 	17	 | 	11,40
  2	 | 	12	 | 	29,07
  3	 | 	9	 | 	15,03
  3	 | 	11	 | 	24,02
  3	 | 	15	 | 	16,16
  4	 | 	8	 | 	4,47
  4	 | 	11	 | 	17,00
  4	 | 	13	 | 	21,59
  5	 | 	17	 | 	14,21
  6	 | 	11	 | 	18,11
  6	 | 	15	 | 	16,97
  7	 | 	13	 | 	19,65
  7	 | 	19	 | 	16,64
  8	 | 	10	 | 	4,12
  8	 | 	12	 | 	22,85
  10	 | 	18	 | 	17,49
  13	 | 	16	 | 	36,35
  14	 | 	18	 | 	6,40
  16	 | 	19	 | 	8,94
  14	 | 	19	 | 	6,71
___________________________
Simulation Topology [2:2]
___________________________
From 	  To 		Length
___________________________
  18	 | 	19	 | 	8,25
  16	 | 	18	 | 	7,21
  15	 | 	19	 | 	6,00
  15	 | 	17	 | 	8,00
  11	 | 	13	 | 	6,40
  11	 | 	12	 | 	7,81
  10	 | 	17	 | 	21,02
  10	 | 	16	 | 	24,70
  10	 | 	13	 | 	17,00
  9	 | 	18	 | 	18,79
  9	 | 	12	 | 	16,55
  8	 | 	14	 | 	21,21
  7	 | 	11	 | 	15,00
  6	 | 	14	 | 	15,00
  0	 | 	2	 | 	4,24
  0	 | 	12	 | 	32,39
  1	 | 	5	 | 	2,83
  1	 | 	17	 | 	11,40
  2	 | 	12	 | 	29,07
  3	 | 	9	 | 	15,03
  3	 | 	11	 | 	24,02
  3	 | 	15	 | 	16,16
  4	 | 	8	 | 	4,47
  4	 | 	11	 | 	17,00
  4	 | 	13	 | 	21,59
  5	 | 	17	 | 	14,21
  6	 | 	11	 | 	18,11
  6	 | 	15	 | 	16,97
  7	 | 	13	 | 	19,65
  7	 | 	19	 | 	16,64
  8	 | 	10	 | 	4,12
  8	 | 	12	 | 	22,85
  10	 | 	18	 | 	17,49
  13	 | 	16	 | 	36,35
  14	 | 	18	 | 	6,40
  16	 | 	19	 | 	8,94
  14	 | 	19	 | 	6,71
  2	 | 	18	 | 	4,24
___________________________
Simulation Topology [2:3]
___________________________
From 	  To 		Length
___________________________
  18	 | 	19	 | 	8,25
  16	 | 	18	 | 	7,21
  15	 | 	19	 | 	6,00
  15	 | 	17	 | 	8,00
  11	 | 	13	 | 	6,40
  11	 | 	12	 | 	7,81
  10	 | 	17	 | 	21,02
  10	 | 	16	 | 	24,70
  10	 | 	13	 | 	17,00
  9	 | 	18	 | 	18,79
  9	 | 	12	 | 	16,55
  8	 | 	14	 | 	21,21
  7	 | 	11	 | 	15,00
  6	 | 	14	 | 	15,00
  0	 | 	2	 | 	4,24
  0	 | 	12	 | 	32,39
  1	 | 	5	 | 	2,83
  1	 | 	17	 | 	11,40
  2	 | 	12	 | 	29,07
  3	 | 	9	 | 	15,03
  3	 | 	11	 | 	24,02
  3	 | 	15	 | 	16,16
  4	 | 	8	 | 	4,47
  4	 | 	11	 | 	17,00
  4	 | 	13	 | 	21,59
  5	 | 	17	 | 	14,21
  6	 | 	11	 | 	18,11
  6	 | 	15	 | 	16,97
  7	 | 	13	 | 	19,65
  7	 | 	19	 | 	16,64
  8	 | 	10	 | 	4,12
  8	 | 	12	 | 	22,85
  10	 | 	18	 | 	17,49
  13	 | 	16	 | 	36,35
  14	 | 	18	 | 	6,40
  16	 | 	19	 | 	8,94
  14	 | 	19	 | 	6,71
  2	 | 	18	 | 	4,24
  5	 | 	9	 | 	10,05
___________________________
Simulation Topology [2:4]
___________________________
From 	  To 		Length
___________________________
  18	 | 	19	 | 	8,25
  16	 | 	18	 | 	7,21
  15	 | 	19	 | 	6,00
  15	 | 	17	 | 	8,00
  11	 | 	13	 | 	6,40
  11	 | 	12	 | 	7,81
  10	 | 	17	 | 	21,02
  10	 | 	16	 | 	24,70
  10	 | 	13	 | 	17,00
  9	 | 	18	 | 	18,79
  9	 | 	12	 | 	16,55
  8	 | 	14	 | 	21,21
  7	 | 	11	 | 	15,00
  6	 | 	14	 | 	15,00
  0	 | 	2	 | 	4,24
  0	 | 	12	 | 	32,39
  1	 | 	5	 | 	2,83
  1	 | 	17	 | 	11,40
  2	 | 	12	 | 	29,07
  3	 | 	9	 | 	15,03
  3	 | 	11	 | 	24,02
  3	 | 	15	 | 	16,16
  4	 | 	8	 | 	4,47
  4	 | 	11	 | 	17,00
  4	 | 	13	 | 	21,59
  5	 | 	17	 | 	14,21
  6	 | 	11	 | 	18,11
  6	 | 	15	 | 	16,97
  7	 | 	13	 | 	19,65
  7	 | 	19	 | 	16,64
  8	 | 	10	 | 	4,12
  8	 | 	12	 | 	22,85
  10	 | 	18	 | 	17,49
  13	 | 	16	 | 	36,35
  14	 | 	18	 | 	6,40
  16	 | 	19	 | 	8,94
  14	 | 	19	 | 	6,71
  2	 | 	18	 | 	4,24
  5	 | 	9	 | 	10,05
  10	 | 	15	 | 	25,50
___________________________
Simulation Topology [2:5]
___________________________
From 	  To 		Length
___________________________
  18	 | 	19	 | 	8,25
  16	 | 	18	 | 	7,21
  15	 | 	19	 | 	6,00
  15	 | 	17	 | 	8,00
  11	 | 	13	 | 	6,40
  11	 | 	12	 | 	7,81
  10	 | 	17	 | 	21,02
  10	 | 	16	 | 	24,70
  10	 | 	13	 | 	17,00
  9	 | 	18	 | 	18,79
  9	 | 	12	 | 	16,55
  8	 | 	14	 | 	21,21
  7	 | 	11	 | 	15,00
  6	 | 	14	 | 	15,00
  0	 | 	2	 | 	4,24
  0	 | 	12	 | 	32,39
  1	 | 	5	 | 	2,83
  1	 | 	17	 | 	11,40
  2	 | 	12	 | 	29,07
  3	 | 	9	 | 	15,03
  3	 | 	11	 | 	24,02
  3	 | 	15	 | 	16,16
  4	 | 	8	 | 	4,47
  4	 | 	11	 | 	17,00
  4	 | 	13	 | 	21,59
  5	 | 	17	 | 	14,21
  6	 | 	11	 | 	18,11
  6	 | 	15	 | 	16,97
  7	 | 	13	 | 	19,65
  7	 | 	19	 | 	16,64
  8	 | 	10	 | 	4,12
  8	 | 	12	 | 	22,85
  10	 | 	18	 | 	17,49
  13	 | 	16	 | 	36,35
  14	 | 	18	 | 	6,40
  16	 | 	19	 | 	8,94
  14	 | 	19	 | 	6,71
  2	 | 	18	 | 	4,24
  5	 | 	9	 | 	10,05
  10	 | 	15	 | 	25,50
  1	 | 	16	 | 	15,56
___________________________
Simulation Topology [2:6]
___________________________
From 	  To 		Length
___________________________
  18	 | 	19	 | 	8,25
  16	 | 	18	 | 	7,21
  15	 | 	19	 | 	6,00
  15	 | 	17	 | 	8,00
  11	 | 	13	 | 	6,40
  11	 | 	12	 | 	7,81
  10	 | 	17	 | 	21,02
  10	 | 	16	 | 	24,70
  10	 | 	13	 | 	17,00
  9	 | 	18	 | 	18,79
  9	 | 	12	 | 	16,55
  8	 | 	14	 | 	21,21
  7	 | 	11	 | 	15,00
  6	 | 	14	 | 	15,00
  0	 | 	2	 | 	4,24
  0	 | 	12	 | 	32,39
  1	 | 	5	 | 	2,83
  1	 | 	17	 | 	11,40
  2	 | 	12	 | 	29,07
  3	 | 	9	 | 	15,03
  3	 | 	11	 | 	24,02
  3	 | 	15	 | 	16,16
  4	 | 	8	 | 	4,47
  4	 | 	11	 | 	17,00
  4	 | 	13	 | 	21,59
  5	 | 	17	 | 	14,21
  6	 | 	11	 | 	18,11
  6	 | 	15	 | 	16,97
  7	 | 	13	 | 	19,65
  7	 | 	19	 | 	16,64
  8	 | 	10	 | 	4,12
  8	 | 	12	 | 	22,85
  10	 | 	18	 | 	17,49
  13	 | 	16	 | 	36,35
  14	 | 	18	 | 	6,40
  16	 | 	19	 | 	8,94
  14	 | 	19	 | 	6,71
  2	 | 	18	 | 	4,24
  5	 | 	9	 | 	10,05
  10	 | 	15	 | 	25,50
  1	 | 	16	 | 	15,56
  7	 | 	17	 | 	16,16
___________________________
Simulation Topology [2:7]
___________________________
From 	  To 		Length
___________________________
  18	 | 	19	 | 	8,25
  16	 | 	18	 | 	7,21
  15	 | 	19	 | 	6,00
  15	 | 	17	 | 	8,00
  11	 | 	13	 | 	6,40
  11	 | 	12	 | 	7,81
  10	 | 	17	 | 	21,02
  10	 | 	16	 | 	24,70
  10	 | 	13	 | 	17,00
  9	 | 	18	 | 	18,79
  9	 | 	12	 | 	16,55
  8	 | 	14	 | 	21,21
  7	 | 	11	 | 	15,00
  6	 | 	14	 | 	15,00
  0	 | 	2	 | 	4,24
  0	 | 	12	 | 	32,39
  1	 | 	5	 | 	2,83
  1	 | 	17	 | 	11,40
  2	 | 	12	 | 	29,07
  3	 | 	9	 | 	15,03
  3	 | 	11	 | 	24,02
  3	 | 	15	 | 	16,16
  4	 | 	8	 | 	4,47
  4	 | 	11	 | 	17,00
  4	 | 	13	 | 	21,59
  5	 | 	17	 | 	14,21
  6	 | 	11	 | 	18,11
  6	 | 	15	 | 	16,97
  7	 | 	13	 | 	19,65
  7	 | 	19	 | 	16,64
  8	 | 	10	 | 	4,12
  8	 | 	12	 | 	22,85
  10	 | 	18	 | 	17,49
  13	 | 	16	 | 	36,35
  14	 | 	18	 | 	6,40
  16	 | 	19	 | 	8,94
  14	 | 	19	 | 	6,71
  2	 | 	18	 | 	4,24
  5	 | 	9	 | 	10,05
  10	 | 	15	 | 	25,50
  1	 | 	16	 | 	15,56
  7	 | 	17	 | 	16,16
___________________________
