Simulation Topology 1
___________________________
[2]				[1]		
[0]				[0]		
[0]				[3]		
[4]				[2]		
[0]				[5]		
___________________________
Simulation Topology [1:0]
___________________________
From 	  To 		Length
___________________________
  0	 | 	1	 | 	2,24
  0	 | 	2	 | 	2,83
  0	 | 	3	 | 	2,24
  1	 | 	2	 | 	3,00
  1	 | 	4	 | 	5,00
  2	 | 	3	 | 	4,12
  3	 | 	4	 | 	5,00
___________________________
Simulation Topology [1:1]
___________________________
From 	  To 		Length
___________________________
  0	 | 	1	 | 	2,24
  0	 | 	2	 | 	2,83
  0	 | 	3	 | 	2,24
  1	 | 	2	 | 	3,00
  1	 | 	4	 | 	5,00
  2	 | 	3	 | 	4,12
  3	 | 	4	 | 	5,00
___________________________
Simulation Topology 2
___________________________
[4]				[0]		
[1]				[1]		
[1]				[3]		
[3]				[2]		
[4]				[5]		
___________________________
Simulation Topology [2:0]
___________________________
From 	  To 		Length
___________________________
  3	 | 	4	 | 	3,16
  2	 | 	3	 | 	2,24
  1	 | 	4	 | 	5,00
  0	 | 	1	 | 	3,16
  0	 | 	2	 | 	4,24
  0	 | 	3	 | 	2,24
  1	 | 	3	 | 	2,24
  2	 | 	4	 | 	3,61
___________________________
