Simulation Topology 1
___________________________
[3]				[0]		
[0]				[0]		
[0]				[2]		
[2]				[3]		
[2]				[5]		
___________________________
Simulation Topology [1:0]
___________________________
From 	  To 		Length
___________________________
  0	 | 	1	 | 	3,00
  0	 | 	4	 | 	5,10
  1	 | 	2	 | 	2,00
  1	 | 	3	 | 	3,61
  2	 | 	3	 | 	2,24
  2	 | 	4	 | 	3,61
  3	 | 	4	 | 	2,00
___________________________
Simulation Topology [1:1]
___________________________
From 	  To 		Length
___________________________
  0	 | 	1	 | 	3,00
  0	 | 	4	 | 	5,10
  1	 | 	2	 | 	2,00
  1	 | 	3	 | 	3,61
  2	 | 	3	 | 	2,24
  2	 | 	4	 | 	3,61
  3	 | 	4	 | 	2,00
___________________________
Simulation Topology 2
___________________________
[4]				[0]		
[1]				[1]		
[1]				[3]		
[4]				[3]		
[0]				[5]		
___________________________
Simulation Topology [2:0]
___________________________
From 	  To 		Length
___________________________
  3	 | 	4	 | 	4,47
  2	 | 	4	 | 	2,24
  2	 | 	3	 | 	3,00
  0	 | 	1	 | 	3,16
  0	 | 	2	 | 	4,24
  0	 | 	4	 | 	6,40
  1	 | 	2	 | 	2,00
  1	 | 	3	 | 	3,61
___________________________
Simulation Topology [2:1]
___________________________
From 	  To 		Length
___________________________
  3	 | 	4	 | 	4,47
  2	 | 	4	 | 	2,24
  2	 | 	3	 | 	3,00
  0	 | 	1	 | 	3,16
  0	 | 	2	 | 	4,24
  0	 | 	4	 | 	6,40
  1	 | 	2	 | 	2,00
  1	 | 	3	 | 	3,61
___________________________
