Simulation Topology 1
___________________________
Simulation Topology 2
___________________________
[2]				[31]		
[20]				[6]		
[39]				[20]		
[19]				[36]		
[26]				[4]		
[24]				[8]		
[24]				[33]		
[33]				[23]		
[21]				[34]		
[31]				[26]		
[32]				[4]		
[28]				[17]		
[20]				[25]		
[39]				[38]		
[26]				[11]		
[30]				[39]		
[36]				[33]		
[3]				[24]		
[13]				[18]		
[24]				[22]		
___________________________
Simulation Topology [2:0]
___________________________
From 	  To 		Length
___________________________
  0	 | 	7	 | 	32,02
  0	 | 	15	 | 	29,12
  1	 | 	6	 | 	27,29
  1	 | 	11	 | 	13,60
  2	 | 	4	 | 	20,62
  2	 | 	16	 | 	13,34
  3	 | 	11	 | 	21,02
  3	 | 	14	 | 	25,96
  4	 | 	7	 | 	20,25
  5	 | 	12	 | 	17,46
  5	 | 	17	 | 	26,40
  6	 | 	13	 | 	15,81
  8	 | 	17	 | 	20,59
  8	 | 	18	 | 	17,89
  9	 | 	10	 | 	22,02
  9	 | 	13	 | 	14,42
  10	 | 	18	 | 	23,60
  12	 | 	19	 | 	5,00
  14	 | 	15	 | 	28,28
  16	 | 	19	 | 	16,28
___________________________
