Simulation Topology 1
___________________________
[29]				[33]		
[34]				[1]		
[10]				[34]		
[7]				[9]		
[3]				[9]		
[27]				[32]		
[22]				[5]		
[37]				[10]		
[21]				[38]		
[2]				[21]		
[7]				[14]		
[7]				[34]		
[20]				[14]		
[5]				[34]		
[35]				[11]		
[13]				[16]		
[12]				[3]		
[34]				[23]		
[21]				[1]		
[17]				[31]		
___________________________
Simulation Topology [1:0]
___________________________
From 	  To 		Length
___________________________
  0	 | 	10	 | 	29,07
  0	 | 	12	 | 	21,02
  1	 | 	11	 | 	42,64
  1	 | 	17	 | 	22,00
  2	 | 	11	 | 	3,00
  2	 | 	18	 | 	34,79
  3	 | 	13	 | 	25,08
  3	 | 	15	 | 	9,22
  4	 | 	10	 | 	6,40
  4	 | 	14	 | 	32,06
  5	 | 	6	 | 	27,46
  5	 | 	16	 | 	32,65
  6	 | 	7	 | 	15,81
  7	 | 	12	 | 	17,46
  8	 | 	16	 | 	36,14
  8	 | 	19	 | 	8,06
  9	 | 	13	 | 	13,34
  9	 | 	14	 | 	34,48
  15	 | 	18	 | 	17,00
  17	 | 	19	 | 	18,79
___________________________
Simulation Topology 2
___________________________
[9]				[13]		
[30]				[15]		
[16]				[17]		
[23]				[20]		
[15]				[30]		
[28]				[29]		
[32]				[24]		
[6]				[24]		
[5]				[29]		
[29]				[9]		
[0]				[1]		
[13]				[32]		
[33]				[37]		
[10]				[36]		
[32]				[3]		
[27]				[27]		
[15]				[11]		
[37]				[32]		
[35]				[4]		
[31]				[32]		
___________________________
Simulation Topology [2:0]
___________________________
From 	  To 		Length
___________________________
  17	 | 	19	 | 	6,00
  15	 | 	18	 | 	24,35
  9	 | 	14	 | 	6,71
  9	 | 	13	 | 	33,02
  8	 | 	19	 | 	26,17
  8	 | 	16	 | 	20,59
  7	 | 	12	 | 	29,97
  6	 | 	7	 | 	26,00
  5	 | 	16	 | 	22,20
  5	 | 	6	 | 	6,40
  0	 | 	5	 | 	24,84
  0	 | 	14	 | 	25,08
  0	 | 	18	 | 	27,51
  1	 | 	8	 | 	28,65
  1	 | 	9	 | 	6,08
  2	 | 	10	 | 	22,63
  2	 | 	19	 | 	21,21
  3	 | 	4	 | 	12,81
  3	 | 	12	 | 	19,72
  4	 | 	11	 | 	2,83
  6	 | 	15	 | 	5,83
  6	 | 	18	 | 	20,22
  7	 | 	8	 | 	5,10
  7	 | 	16	 | 	15,81
  9	 | 	16	 | 	14,14
  10	 | 	13	 | 	36,40
  11	 | 	17	 | 	24,00
  12	 | 	15	 | 	11,66
  13	 | 	14	 | 	39,66
___________________________
