Simulation Topology 1
___________________________
Simulation Topology 2
___________________________
[13]				[37]		
[29]				[14]		
[23]				[27]		
[3]				[22]		
[35]				[17]		
[32]				[19]		
[11]				[1]		
[36]				[12]		
[36]				[37]		
[1]				[16]		
[8]				[34]		
[23]				[5]		
[10]				[4]		
[34]				[27]		
[0]				[7]		
[27]				[14]		
[12]				[25]		
[24]				[3]		
[8]				[8]		
[22]				[32]		
___________________________
Simulation Topology [2:0]
___________________________
From 	  To 		Length
___________________________
  0	 | 	8	 | 	23,00
  0	 | 	17	 | 	35,74
  1	 | 	2	 | 	14,32
  1	 | 	12	 | 	21,47
  2	 | 	15	 | 	13,60
  3	 | 	8	 | 	36,25
  3	 | 	14	 | 	15,30
  4	 | 	5	 | 	3,61
  4	 | 	16	 | 	24,35
  5	 | 	15	 | 	7,07
  6	 | 	12	 | 	3,16
  6	 | 	13	 | 	34,71
  7	 | 	11	 | 	14,76
  7	 | 	19	 | 	24,41
  9	 | 	10	 | 	19,31
  9	 | 	14	 | 	9,06
  10	 | 	11	 | 	32,65
  13	 | 	18	 | 	32,20
  16	 | 	19	 | 	12,21
  17	 | 	18	 | 	16,76
___________________________
