Simulation Topology 1
___________________________
[9]				[2]		
[5]				[7]		
[3]				[6]		
[0]				[10]		
[5]				[12]		
[2]				[14]		
[3]				[22]		
[8]				[23]		
[1]				[21]		
[7]				[20]		
[2]				[24]		
[8]				[25]		
[5]				[31]		
[2]				[36]		
[6]				[36]		
[4]				[37]		
[17]				[3]		
[15]				[3]		
[18]				[13]		
[16]				[13]		
___________________________
Simulation Topology [1:3]
___________________________
From 	  To 		Length
___________________________
  0	 | 	8	 | 	20,62
  0	 | 	14	 | 	34,13
  0	 | 	17	 | 	6,08
  1	 | 	2	 | 	2,24
  1	 | 	3	 | 	5,83
  1	 | 	9	 | 	13,15
  2	 | 	4	 | 	6,32
  2	 | 	17	 | 	12,37
  3	 | 	5	 | 	4,47
  3	 | 	17	 | 	16,55
  4	 | 	5	 | 	3,61
  4	 | 	12	 | 	19,00
  5	 | 	19	 | 	14,04
  6	 | 	8	 | 	2,24
  6	 | 	9	 | 	4,47
  6	 | 	10	 | 	2,24
  7	 | 	11	 | 	2,00
  7	 | 	13	 | 	14,32
  7	 | 	18	 | 	14,14
  8	 | 	10	 | 	3,16
  9	 | 	11	 | 	5,10
  10	 | 	11	 | 	6,08
  12	 | 	14	 | 	5,10
  12	 | 	15	 | 	6,08
  13	 | 	15	 | 	2,24
  14	 | 	15	 | 	2,24
  16	 | 	18	 | 	10,05
  16	 | 	19	 | 	10,05
  18	 | 	19	 | 	2,00
___________________________
Simulation Topology [1:4]
___________________________
From 	  To 		Length
___________________________
  0	 | 	8	 | 	20,62
  0	 | 	14	 | 	34,13
  0	 | 	17	 | 	6,08
  1	 | 	2	 | 	2,24
  1	 | 	3	 | 	5,83
  1	 | 	9	 | 	13,15
  2	 | 	4	 | 	6,32
  2	 | 	17	 | 	12,37
  3	 | 	5	 | 	4,47
  3	 | 	17	 | 	16,55
  4	 | 	5	 | 	3,61
  4	 | 	12	 | 	19,00
  5	 | 	19	 | 	14,04
  6	 | 	8	 | 	2,24
  6	 | 	9	 | 	4,47
  6	 | 	10	 | 	2,24
  7	 | 	11	 | 	2,00
  7	 | 	13	 | 	14,32
  7	 | 	18	 | 	14,14
  8	 | 	10	 | 	3,16
  9	 | 	11	 | 	5,10
  10	 | 	11	 | 	6,08
  12	 | 	14	 | 	5,10
  12	 | 	15	 | 	6,08
  13	 | 	15	 | 	2,24
  14	 | 	15	 | 	2,24
  16	 | 	18	 | 	10,05
  16	 | 	19	 | 	10,05
  18	 | 	19	 | 	2,00
  13	 | 	16	 | 	36,25
___________________________
Simulation Topology [1:5]
___________________________
From 	  To 		Length
___________________________
  0	 | 	8	 | 	20,62
  0	 | 	14	 | 	34,13
  0	 | 	17	 | 	6,08
  1	 | 	2	 | 	2,24
  1	 | 	3	 | 	5,83
  1	 | 	9	 | 	13,15
  2	 | 	4	 | 	6,32
  2	 | 	17	 | 	12,37
  3	 | 	5	 | 	4,47
  3	 | 	17	 | 	16,55
  4	 | 	5	 | 	3,61
  4	 | 	12	 | 	19,00
  5	 | 	19	 | 	14,04
  6	 | 	8	 | 	2,24
  6	 | 	9	 | 	4,47
  6	 | 	10	 | 	2,24
  7	 | 	11	 | 	2,00
  7	 | 	13	 | 	14,32
  7	 | 	18	 | 	14,14
  8	 | 	10	 | 	3,16
  9	 | 	11	 | 	5,10
  10	 | 	11	 | 	6,08
  12	 | 	14	 | 	5,10
  12	 | 	15	 | 	6,08
  13	 | 	15	 | 	2,24
  14	 | 	15	 | 	2,24
  16	 | 	18	 | 	10,05
  16	 | 	19	 | 	10,05
  18	 | 	19	 | 	2,00
  13	 | 	16	 | 	36,25
___________________________
Simulation Topology 2
___________________________
[6]				[7]		
[2]				[9]		
[8]				[10]		
[7]				[14]		
[4]				[14]		
[0]				[13]		
[1]				[15]		
[0]				[18]		
[6]				[17]		
[2]				[16]		
[5]				[19]		
[9]				[23]		
[5]				[26]		
[8]				[24]		
[6]				[24]		
[2]				[25]		
[6]				[34]		
[4]				[39]		
[2]				[38]		
[6]				[37]		
___________________________
Simulation Topology [2:0]
___________________________
From 	  To 		Length
___________________________
  13	 | 	16	 | 	10,20
  18	 | 	19	 | 	4,12
  16	 | 	19	 | 	3,00
  16	 | 	18	 | 	5,66
  14	 | 	15	 | 	4,12
  13	 | 	15	 | 	6,08
  12	 | 	15	 | 	3,16
  12	 | 	14	 | 	2,24
  10	 | 	11	 | 	5,66
  9	 | 	11	 | 	9,90
  8	 | 	10	 | 	2,24
  7	 | 	18	 | 	20,10
  7	 | 	13	 | 	10,00
  7	 | 	11	 | 	10,30
  6	 | 	10	 | 	5,66
  0	 | 	1	 | 	4,47
  0	 | 	5	 | 	8,49
  0	 | 	15	 | 	18,44
  1	 | 	2	 | 	6,08
  1	 | 	9	 | 	7,00
  2	 | 	3	 | 	4,12
  3	 | 	4	 | 	3,00
  3	 | 	10	 | 	5,39
  4	 | 	8	 | 	3,61
  5	 | 	6	 | 	2,24
  5	 | 	7	 | 	5,00
  6	 | 	9	 | 	1,41
  7	 | 	9	 | 	2,83
  8	 | 	13	 | 	7,28
  10	 | 	15	 | 	6,71
  11	 | 	13	 | 	1,41
  11	 | 	14	 | 	3,16
  11	 | 	15	 | 	7,28
  12	 | 	13	 | 	3,61
  12	 | 	17	 | 	13,04
  16	 | 	17	 | 	5,39
  17	 | 	19	 | 	2,83
___________________________
Simulation Topology [2:1]
___________________________
From 	  To 		Length
___________________________
  13	 | 	16	 | 	10,20
  18	 | 	19	 | 	4,12
  16	 | 	19	 | 	3,00
  16	 | 	18	 | 	5,66
  14	 | 	15	 | 	4,12
  13	 | 	15	 | 	6,08
  12	 | 	15	 | 	3,16
  12	 | 	14	 | 	2,24
  10	 | 	11	 | 	5,66
  9	 | 	11	 | 	9,90
  8	 | 	10	 | 	2,24
  7	 | 	18	 | 	20,10
  7	 | 	13	 | 	10,00
  7	 | 	11	 | 	10,30
  6	 | 	10	 | 	5,66
  0	 | 	1	 | 	4,47
  0	 | 	5	 | 	8,49
  0	 | 	15	 | 	18,44
  1	 | 	2	 | 	6,08
  1	 | 	9	 | 	7,00
  2	 | 	3	 | 	4,12
  3	 | 	4	 | 	3,00
  3	 | 	10	 | 	5,39
  4	 | 	8	 | 	3,61
  5	 | 	6	 | 	2,24
  5	 | 	7	 | 	5,00
  6	 | 	9	 | 	1,41
  7	 | 	9	 | 	2,83
  8	 | 	13	 | 	7,28
  10	 | 	15	 | 	6,71
  11	 | 	13	 | 	1,41
  11	 | 	14	 | 	3,16
  11	 | 	15	 | 	7,28
  12	 | 	13	 | 	3,61
  12	 | 	17	 | 	13,04
  16	 | 	17	 | 	5,39
  17	 | 	19	 | 	2,83
  4	 | 	14	 | 	10,20
___________________________
Simulation Topology [2:2]
___________________________
From 	  To 		Length
___________________________
  13	 | 	16	 | 	10,20
  18	 | 	19	 | 	4,12
  16	 | 	19	 | 	3,00
  16	 | 	18	 | 	5,66
  14	 | 	15	 | 	4,12
  13	 | 	15	 | 	6,08
  12	 | 	15	 | 	3,16
  12	 | 	14	 | 	2,24
  10	 | 	11	 | 	5,66
  9	 | 	11	 | 	9,90
  8	 | 	10	 | 	2,24
  7	 | 	18	 | 	20,10
  7	 | 	13	 | 	10,00
  7	 | 	11	 | 	10,30
  6	 | 	10	 | 	5,66
  0	 | 	1	 | 	4,47
  0	 | 	5	 | 	8,49
  0	 | 	15	 | 	18,44
  1	 | 	2	 | 	6,08
  1	 | 	9	 | 	7,00
  2	 | 	3	 | 	4,12
  3	 | 	4	 | 	3,00
  3	 | 	10	 | 	5,39
  4	 | 	8	 | 	3,61
  5	 | 	6	 | 	2,24
  5	 | 	7	 | 	5,00
  6	 | 	9	 | 	1,41
  7	 | 	9	 | 	2,83
  8	 | 	13	 | 	7,28
  10	 | 	15	 | 	6,71
  11	 | 	13	 | 	1,41
  11	 | 	14	 | 	3,16
  11	 | 	15	 | 	7,28
  12	 | 	13	 | 	3,61
  12	 | 	17	 | 	13,04
  16	 | 	17	 | 	5,39
  17	 | 	19	 | 	2,83
  4	 | 	14	 | 	10,20
  6	 | 	18	 | 	23,02
___________________________
Simulation Topology [2:3]
___________________________
From 	  To 		Length
___________________________
  13	 | 	16	 | 	10,20
  18	 | 	19	 | 	4,12
  16	 | 	19	 | 	3,00
  16	 | 	18	 | 	5,66
  14	 | 	15	 | 	4,12
  13	 | 	15	 | 	6,08
  12	 | 	15	 | 	3,16
  12	 | 	14	 | 	2,24
  10	 | 	11	 | 	5,66
  9	 | 	11	 | 	9,90
  8	 | 	10	 | 	2,24
  7	 | 	18	 | 	20,10
  7	 | 	13	 | 	10,00
  7	 | 	11	 | 	10,30
  6	 | 	10	 | 	5,66
  0	 | 	1	 | 	4,47
  0	 | 	5	 | 	8,49
  0	 | 	15	 | 	18,44
  1	 | 	2	 | 	6,08
  1	 | 	9	 | 	7,00
  2	 | 	3	 | 	4,12
  3	 | 	4	 | 	3,00
  3	 | 	10	 | 	5,39
  4	 | 	8	 | 	3,61
  5	 | 	6	 | 	2,24
  5	 | 	7	 | 	5,00
  6	 | 	9	 | 	1,41
  7	 | 	9	 | 	2,83
  8	 | 	13	 | 	7,28
  10	 | 	15	 | 	6,71
  11	 | 	13	 | 	1,41
  11	 | 	14	 | 	3,16
  11	 | 	15	 | 	7,28
  12	 | 	13	 | 	3,61
  12	 | 	17	 | 	13,04
  16	 | 	17	 | 	5,39
  17	 | 	19	 | 	2,83
  4	 | 	14	 | 	10,20
  6	 | 	18	 | 	23,02
  2	 | 	7	 | 	11,31
___________________________
Simulation Topology [2:4]
___________________________
From 	  To 		Length
___________________________
  13	 | 	16	 | 	10,20
  18	 | 	19	 | 	4,12
  16	 | 	19	 | 	3,00
  16	 | 	18	 | 	5,66
  14	 | 	15	 | 	4,12
  13	 | 	15	 | 	6,08
  12	 | 	15	 | 	3,16
  12	 | 	14	 | 	2,24
  10	 | 	11	 | 	5,66
  9	 | 	11	 | 	9,90
  8	 | 	10	 | 	2,24
  7	 | 	18	 | 	20,10
  7	 | 	13	 | 	10,00
  7	 | 	11	 | 	10,30
  6	 | 	10	 | 	5,66
  0	 | 	1	 | 	4,47
  0	 | 	5	 | 	8,49
  0	 | 	15	 | 	18,44
  1	 | 	2	 | 	6,08
  1	 | 	9	 | 	7,00
  2	 | 	3	 | 	4,12
  3	 | 	4	 | 	3,00
  3	 | 	10	 | 	5,39
  4	 | 	8	 | 	3,61
  5	 | 	6	 | 	2,24
  5	 | 	7	 | 	5,00
  6	 | 	9	 | 	1,41
  7	 | 	9	 | 	2,83
  8	 | 	13	 | 	7,28
  10	 | 	15	 | 	6,71
  11	 | 	13	 | 	1,41
  11	 | 	14	 | 	3,16
  11	 | 	15	 | 	7,28
  12	 | 	13	 | 	3,61
  12	 | 	17	 | 	13,04
  16	 | 	17	 | 	5,39
  17	 | 	19	 | 	2,83
  4	 | 	14	 | 	10,20
  6	 | 	18	 | 	23,02
  2	 | 	7	 | 	11,31
___________________________
