Simulation Topology 1
___________________________
[4]				[11]		
[5]				[14]		
[1]				[12]		
[5]				[16]		
[4]				[19]		
[1]				[18]		
[0]				[16]		
[6]				[26]		
[3]				[26]		
[8]				[24]		
[5]				[39]		
[8]				[38]		
[1]				[38]		
[17]				[2]		
[15]				[3]		
[13]				[1]		
[16]				[0]		
[11]				[6]		
[19]				[6]		
[14]				[7]		
___________________________
Simulation Topology [1:3]
___________________________
From 	  To 		Length
___________________________
  0	 | 	7	 | 	15,13
  0	 | 	10	 | 	28,02
  0	 | 	19	 | 	10,77
  1	 | 	7	 | 	12,04
  1	 | 	10	 | 	25,00
  1	 | 	19	 | 	11,40
  2	 | 	13	 | 	18,87
  2	 | 	14	 | 	16,64
  2	 | 	16	 | 	19,21
  3	 | 	6	 | 	5,00
  3	 | 	9	 | 	8,54
  3	 | 	15	 | 	17,00
  4	 | 	12	 | 	19,24
  4	 | 	13	 | 	21,40
  4	 | 	18	 | 	19,85
  5	 | 	8	 | 	8,25
  5	 | 	10	 | 	21,38
  5	 | 	11	 | 	21,19
  6	 | 	7	 | 	11,66
  8	 | 	11	 | 	13,00
  9	 | 	12	 | 	15,65
  9	 | 	15	 | 	23,54
  11	 | 	16	 | 	38,83
  12	 | 	17	 | 	33,53
  13	 | 	19	 | 	5,83
  14	 | 	16	 | 	3,16
  14	 | 	17	 | 	5,00
  17	 | 	18	 | 	8,00
___________________________
Simulation Topology [1:4]
___________________________
From 	  To 		Length
___________________________
  0	 | 	7	 | 	15,13
  0	 | 	10	 | 	28,02
  0	 | 	19	 | 	10,77
  1	 | 	7	 | 	12,04
  1	 | 	10	 | 	25,00
  1	 | 	19	 | 	11,40
  2	 | 	13	 | 	18,87
  2	 | 	14	 | 	16,64
  2	 | 	16	 | 	19,21
  3	 | 	6	 | 	5,00
  3	 | 	9	 | 	8,54
  3	 | 	15	 | 	17,00
  4	 | 	12	 | 	19,24
  4	 | 	13	 | 	21,40
  4	 | 	18	 | 	19,85
  5	 | 	8	 | 	8,25
  5	 | 	10	 | 	21,38
  5	 | 	11	 | 	21,19
  6	 | 	7	 | 	11,66
  8	 | 	11	 | 	13,00
  9	 | 	12	 | 	15,65
  9	 | 	15	 | 	23,54
  11	 | 	16	 | 	38,83
  12	 | 	17	 | 	33,53
  13	 | 	19	 | 	5,83
  14	 | 	16	 | 	3,16
  14	 | 	17	 | 	5,00
  17	 | 	18	 | 	8,00
  8	 | 	15	 | 	26,93
___________________________
Simulation Topology 2
___________________________
[7]				[3]		
[4]				[3]		
[0]				[0]		
[5]				[1]		
[0]				[8]		
[8]				[11]		
[5]				[9]		
[3]				[9]		
[0]				[15]		
[5]				[15]		
[9]				[19]		
[1]				[20]		
[7]				[23]		
[1]				[31]		
[8]				[31]		
[4]				[30]		
[7]				[29]		
[6]				[35]		
[4]				[32]		
[0]				[34]		
___________________________
Simulation Topology [2:2]
___________________________
From 	  To 		Length
___________________________
  8	 | 	15	 | 	15,52
  17	 | 	18	 | 	3,61
  14	 | 	17	 | 	4,47
  14	 | 	16	 | 	2,24
  13	 | 	19	 | 	3,16
  12	 | 	17	 | 	12,04
  11	 | 	16	 | 	10,82
  9	 | 	15	 | 	15,03
  9	 | 	12	 | 	8,25
  8	 | 	11	 | 	5,10
  6	 | 	7	 | 	2,00
  5	 | 	11	 | 	11,40
  5	 | 	10	 | 	8,06
  5	 | 	8	 | 	8,94
  0	 | 	6	 | 	6,32
  0	 | 	12	 | 	20,00
  0	 | 	14	 | 	28,02
  1	 | 	5	 | 	8,94
  1	 | 	11	 | 	17,26
  2	 | 	3	 | 	5,10
  2	 | 	10	 | 	21,02
  2	 | 	16	 | 	29,83
  3	 | 	10	 | 	18,44
  3	 | 	14	 | 	30,15
  4	 | 	8	 | 	7,00
  4	 | 	13	 | 	23,02
  4	 | 	16	 | 	22,14
  5	 | 	17	 | 	24,08
  5	 | 	18	 | 	21,38
  6	 | 	11	 | 	11,70
  7	 | 	14	 | 	22,56
  9	 | 	17	 | 	20,02
  9	 | 	19	 | 	19,65
  10	 | 	16	 | 	10,20
  11	 | 	18	 | 	12,37
  13	 | 	15	 | 	3,16
___________________________
Simulation Topology [2:3]
___________________________
From 	  To 		Length
___________________________
  8	 | 	15	 | 	15,52
  17	 | 	18	 | 	3,61
  14	 | 	17	 | 	4,47
  14	 | 	16	 | 	2,24
  13	 | 	19	 | 	3,16
  12	 | 	17	 | 	12,04
  11	 | 	16	 | 	10,82
  9	 | 	15	 | 	15,03
  9	 | 	12	 | 	8,25
  8	 | 	11	 | 	5,10
  6	 | 	7	 | 	2,00
  5	 | 	11	 | 	11,40
  5	 | 	10	 | 	8,06
  5	 | 	8	 | 	8,94
  0	 | 	6	 | 	6,32
  0	 | 	12	 | 	20,00
  0	 | 	14	 | 	28,02
  1	 | 	5	 | 	8,94
  1	 | 	11	 | 	17,26
  2	 | 	3	 | 	5,10
  2	 | 	10	 | 	21,02
  2	 | 	16	 | 	29,83
  3	 | 	10	 | 	18,44
  3	 | 	14	 | 	30,15
  4	 | 	8	 | 	7,00
  4	 | 	13	 | 	23,02
  4	 | 	16	 | 	22,14
  5	 | 	17	 | 	24,08
  5	 | 	18	 | 	21,38
  6	 | 	11	 | 	11,70
  7	 | 	14	 | 	22,56
  9	 | 	17	 | 	20,02
  9	 | 	19	 | 	19,65
  10	 | 	16	 | 	10,20
  11	 | 	18	 | 	12,37
  13	 | 	15	 | 	3,16
  8	 | 	18	 | 	17,46
___________________________
Simulation Topology [2:4]
___________________________
From 	  To 		Length
___________________________
  8	 | 	15	 | 	15,52
  17	 | 	18	 | 	3,61
  14	 | 	17	 | 	4,47
  14	 | 	16	 | 	2,24
  13	 | 	19	 | 	3,16
  12	 | 	17	 | 	12,04
  11	 | 	16	 | 	10,82
  9	 | 	15	 | 	15,03
  9	 | 	12	 | 	8,25
  8	 | 	11	 | 	5,10
  6	 | 	7	 | 	2,00
  5	 | 	11	 | 	11,40
  5	 | 	10	 | 	8,06
  5	 | 	8	 | 	8,94
  0	 | 	6	 | 	6,32
  0	 | 	12	 | 	20,00
  0	 | 	14	 | 	28,02
  1	 | 	5	 | 	8,94
  1	 | 	11	 | 	17,26
  2	 | 	3	 | 	5,10
  2	 | 	10	 | 	21,02
  2	 | 	16	 | 	29,83
  3	 | 	10	 | 	18,44
  3	 | 	14	 | 	30,15
  4	 | 	8	 | 	7,00
  4	 | 	13	 | 	23,02
  4	 | 	16	 | 	22,14
  5	 | 	17	 | 	24,08
  5	 | 	18	 | 	21,38
  6	 | 	11	 | 	11,70
  7	 | 	14	 | 	22,56
  9	 | 	17	 | 	20,02
  9	 | 	19	 | 	19,65
  10	 | 	16	 | 	10,20
  11	 | 	18	 | 	12,37
  13	 | 	15	 | 	3,16
  8	 | 	18	 | 	17,46
  7	 | 	15	 | 	21,02
___________________________
