Simulation Topology 1
___________________________
[39]				[23]		
[1]				[2]		
[27]				[30]		
[31]				[30]		
[25]				[17]		
[12]				[14]		
[5]				[37]		
[5]				[35]		
[32]				[39]		
[29]				[4]		
[7]				[22]		
[34]				[21]		
[19]				[9]		
[21]				[18]		
[6]				[25]		
[14]				[22]		
[17]				[8]		
[18]				[3]		
[33]				[31]		
[19]				[37]		
___________________________
Simulation Topology [1:0]
___________________________
From 	  To 		Length
___________________________
  0	 | 	1	 | 	43,42
  0	 | 	11	 | 	5,39
  1	 | 	7	 | 	33,24
  2	 | 	5	 | 	21,93
  2	 | 	8	 | 	10,30
  3	 | 	15	 | 	18,79
  3	 | 	18	 | 	2,24
  4	 | 	9	 | 	13,60
  4	 | 	15	 | 	12,08
  5	 | 	6	 | 	24,04
  6	 | 	7	 | 	2,00
  8	 | 	13	 | 	23,71
  9	 | 	16	 | 	12,65
  10	 | 	13	 | 	14,56
  10	 | 	17	 | 	21,95
  11	 | 	14	 | 	28,28
  12	 | 	17	 | 	6,08
  12	 | 	18	 | 	26,08
  14	 | 	19	 | 	17,69
  16	 | 	19	 | 	29,07
___________________________
Simulation Topology 2
___________________________
[6]				[10]		
[32]				[27]		
[19]				[15]		
[12]				[8]		
[22]				[5]		
[13]				[15]		
[3]				[27]		
[12]				[34]		
[7]				[12]		
[21]				[23]		
[19]				[39]		
[18]				[13]		
[22]				[13]		
[1]				[13]		
[34]				[17]		
[36]				[35]		
[19]				[7]		
[11]				[13]		
[32]				[14]		
[37]				[31]		
___________________________
Simulation Topology [2:0]
___________________________
From 	  To 		Length
___________________________
  16	 | 	19	 | 	30,00
  14	 | 	19	 | 	14,32
  12	 | 	18	 | 	10,05
  12	 | 	17	 | 	11,00
  11	 | 	14	 | 	16,49
  10	 | 	17	 | 	27,20
  10	 | 	13	 | 	31,62
  9	 | 	16	 | 	16,12
  8	 | 	13	 | 	6,08
  6	 | 	7	 | 	11,40
  0	 | 	2	 | 	13,93
  0	 | 	12	 | 	16,28
  1	 | 	7	 | 	21,19
  1	 | 	19	 | 	6,40
  2	 | 	5	 | 	6,00
  3	 | 	8	 | 	6,40
  3	 | 	11	 | 	7,81
  4	 | 	17	 | 	13,60
  4	 | 	19	 | 	30,02
  5	 | 	10	 | 	24,74
  6	 | 	16	 | 	25,61
  6	 | 	18	 | 	31,78
  7	 | 	9	 | 	14,21
  9	 | 	10	 | 	16,12
  12	 | 	15	 | 	26,08
  13	 | 	16	 | 	18,97
  14	 | 	18	 | 	3,61
  15	 | 	17	 | 	33,30
___________________________
