Simulation Topology 1
___________________________
Simulation Topology 2
___________________________
[7]				[24]		
[18]				[23]		
[32]				[30]		
[28]				[3]		
[32]				[37]		
[10]				[32]		
[15]				[28]		
[35]				[35]		
[39]				[20]		
[7]				[11]		
[18]				[15]		
[29]				[26]		
[26]				[30]		
[11]				[36]		
[11]				[24]		
[17]				[27]		
[38]				[6]		
[8]				[26]		
[19]				[0]		
[3]				[8]		
___________________________
Simulation Topology [2:0]
___________________________
From 	  To 		Length
___________________________
  0	 | 	7	 | 	30,08
  0	 | 	10	 | 	14,21
  0	 | 	19	 | 	16,49
  1	 | 	3	 | 	22,36
  1	 | 	4	 | 	19,80
  2	 | 	4	 | 	7,00
  2	 | 	11	 | 	5,00
  3	 | 	14	 | 	27,02
  5	 | 	6	 | 	6,40
  5	 | 	17	 | 	6,32
  6	 | 	13	 | 	8,94
  8	 | 	18	 | 	28,28
  8	 | 	19	 | 	37,95
  9	 | 	15	 | 	18,87
  9	 | 	16	 | 	31,40
  10	 | 	12	 | 	17,00
  11	 | 	15	 | 	12,04
  12	 | 	16	 | 	26,83
  13	 | 	18	 | 	36,88
  14	 | 	17	 | 	3,61
___________________________
