Simulation Topology 1
___________________________
[17]				[32]		
[31]				[32]		
[15]				[37]		
[17]				[23]		
[38]				[0]		
[21]				[39]		
[16]				[13]		
[6]				[37]		
[25]				[10]		
[37]				[8]		
___________________________
Simulation Topology [1:0]
___________________________
From 	  To 		Length
___________________________
  0	 | 	2	 | 	5,39
  0	 | 	4	 | 	38,28
  1	 | 	6	 | 	24,21
  1	 | 	7	 | 	25,50
  2	 | 	5	 | 	6,32
  3	 | 	6	 | 	10,05
  3	 | 	9	 | 	25,00
  4	 | 	8	 | 	16,40
  5	 | 	9	 | 	34,89
  6	 | 	8	 | 	9,49
  7	 | 	8	 | 	33,02
___________________________
Simulation Topology [1:1]
___________________________
From 	  To 		Length
___________________________
  0	 | 	2	 | 	5,39
  0	 | 	4	 | 	38,28
  1	 | 	6	 | 	24,21
  1	 | 	7	 | 	25,50
  2	 | 	5	 | 	6,32
  3	 | 	6	 | 	10,05
  3	 | 	9	 | 	25,00
  4	 | 	8	 | 	16,40
  5	 | 	9	 | 	34,89
  6	 | 	8	 | 	9,49
  7	 | 	8	 | 	33,02
  0	 | 	7	 | 	12,08
___________________________
Simulation Topology [1:2]
___________________________
From 	  To 		Length
___________________________
  0	 | 	2	 | 	5,39
  0	 | 	4	 | 	38,28
  1	 | 	6	 | 	24,21
  1	 | 	7	 | 	25,50
  2	 | 	5	 | 	6,32
  3	 | 	6	 | 	10,05
  3	 | 	9	 | 	25,00
  4	 | 	8	 | 	16,40
  5	 | 	9	 | 	34,89
  6	 | 	8	 | 	9,49
  7	 | 	8	 | 	33,02
  0	 | 	7	 | 	12,08
  4	 | 	5	 | 	42,54
___________________________
Simulation Topology [1:3]
___________________________
From 	  To 		Length
___________________________
  0	 | 	2	 | 	5,39
  0	 | 	4	 | 	38,28
  1	 | 	6	 | 	24,21
  1	 | 	7	 | 	25,50
  2	 | 	5	 | 	6,32
  3	 | 	6	 | 	10,05
  3	 | 	9	 | 	25,00
  4	 | 	8	 | 	16,40
  5	 | 	9	 | 	34,89
  6	 | 	8	 | 	9,49
  7	 | 	8	 | 	33,02
  0	 | 	7	 | 	12,08
  4	 | 	5	 | 	42,54
  1	 | 	9	 | 	24,74
___________________________
Simulation Topology [1:4]
___________________________
From 	  To 		Length
___________________________
  0	 | 	2	 | 	5,39
  0	 | 	4	 | 	38,28
  1	 | 	6	 | 	24,21
  1	 | 	7	 | 	25,50
  2	 | 	5	 | 	6,32
  3	 | 	6	 | 	10,05
  3	 | 	9	 | 	25,00
  4	 | 	8	 | 	16,40
  5	 | 	9	 | 	34,89
  6	 | 	8	 | 	9,49
  7	 | 	8	 | 	33,02
  0	 | 	7	 | 	12,08
  4	 | 	5	 | 	42,54
  1	 | 	9	 | 	24,74
  2	 | 	3	 | 	14,14
___________________________
Simulation Topology 2
___________________________
[24]				[12]		
[27]				[24]		
[35]				[34]		
[32]				[0]		
[21]				[25]		
[15]				[30]		
[7]				[31]		
[0]				[29]		
[39]				[13]		
[24]				[37]		
___________________________
Simulation Topology [2:0]
___________________________
From 	  To 		Length
___________________________
  2	 | 	3	 | 	34,13
  1	 | 	9	 | 	13,34
  4	 | 	5	 | 	7,81
  0	 | 	7	 | 	29,41
  7	 | 	8	 | 	42,15
  6	 | 	8	 | 	36,72
  5	 | 	9	 | 	11,40
  0	 | 	1	 | 	12,37
  0	 | 	6	 | 	25,50
  1	 | 	3	 | 	24,52
  2	 | 	6	 | 	28,16
  4	 | 	9	 | 	12,37
  5	 | 	7	 | 	15,03
  8	 | 	9	 | 	28,30
___________________________
Simulation Topology [2:1]
___________________________
From 	  To 		Length
___________________________
  2	 | 	3	 | 	34,13
  1	 | 	9	 | 	13,34
  4	 | 	5	 | 	7,81
  0	 | 	7	 | 	29,41
  7	 | 	8	 | 	42,15
  6	 | 	8	 | 	36,72
  5	 | 	9	 | 	11,40
  0	 | 	1	 | 	12,37
  0	 | 	6	 | 	25,50
  1	 | 	3	 | 	24,52
  2	 | 	6	 | 	28,16
  4	 | 	9	 | 	12,37
  5	 | 	7	 | 	15,03
  8	 | 	9	 | 	28,30
  3	 | 	5	 | 	34,48
___________________________
Simulation Topology [2:2]
___________________________
From 	  To 		Length
___________________________
  2	 | 	3	 | 	34,13
  1	 | 	9	 | 	13,34
  4	 | 	5	 | 	7,81
  0	 | 	7	 | 	29,41
  7	 | 	8	 | 	42,15
  6	 | 	8	 | 	36,72
  5	 | 	9	 | 	11,40
  0	 | 	1	 | 	12,37
  0	 | 	6	 | 	25,50
  1	 | 	3	 | 	24,52
  2	 | 	6	 | 	28,16
  4	 | 	9	 | 	12,37
  5	 | 	7	 | 	15,03
  8	 | 	9	 | 	28,30
  3	 | 	5	 | 	34,48
  4	 | 	8	 | 	21,63
___________________________
Simulation Topology [2:3]
___________________________
From 	  To 		Length
___________________________
  2	 | 	3	 | 	34,13
  1	 | 	9	 | 	13,34
  4	 | 	5	 | 	7,81
  0	 | 	7	 | 	29,41
  7	 | 	8	 | 	42,15
  6	 | 	8	 | 	36,72
  5	 | 	9	 | 	11,40
  0	 | 	1	 | 	12,37
  0	 | 	6	 | 	25,50
  1	 | 	3	 | 	24,52
  2	 | 	6	 | 	28,16
  4	 | 	9	 | 	12,37
  5	 | 	7	 | 	15,03
  8	 | 	9	 | 	28,30
  3	 | 	5	 | 	34,48
  4	 | 	8	 | 	21,63
  7	 | 	9	 | 	25,30
___________________________
Simulation Topology [2:4]
___________________________
From 	  To 		Length
___________________________
  2	 | 	3	 | 	34,13
  1	 | 	9	 | 	13,34
  4	 | 	5	 | 	7,81
  0	 | 	7	 | 	29,41
  7	 | 	8	 | 	42,15
  6	 | 	8	 | 	36,72
  5	 | 	9	 | 	11,40
  0	 | 	1	 | 	12,37
  0	 | 	6	 | 	25,50
  1	 | 	3	 | 	24,52
  2	 | 	6	 | 	28,16
  4	 | 	9	 | 	12,37
  5	 | 	7	 | 	15,03
  8	 | 	9	 | 	28,30
  3	 | 	5	 | 	34,48
  4	 | 	8	 | 	21,63
  7	 | 	9	 | 	25,30
  1	 | 	2	 | 	12,81
___________________________
