Simulation Topology 1
___________________________
[1]				[5]		
[9]				[6]		
[4]				[6]		
[5]				[4]		
[9]				[11]		
[3]				[8]		
[2]				[10]		
[8]				[13]		
[2]				[16]		
[3]				[22]		
___________________________
Simulation Topology [1:2]
___________________________
From 	  To 		Length
___________________________
  0	 | 	2	 | 	3,16
  0	 | 	7	 | 	10,63
  1	 | 	4	 | 	5,00
  1	 | 	5	 | 	6,32
  1	 | 	6	 | 	8,06
  2	 | 	3	 | 	2,24
  2	 | 	4	 | 	7,07
  3	 | 	6	 | 	6,71
  3	 | 	9	 | 	18,11
  4	 | 	7	 | 	2,24
  5	 | 	6	 | 	2,24
  5	 | 	8	 | 	8,06
  7	 | 	9	 | 	10,30
  8	 | 	9	 | 	6,08
___________________________
Simulation Topology [1:3]
___________________________
From 	  To 		Length
___________________________
  0	 | 	2	 | 	3,16
  0	 | 	7	 | 	10,63
  1	 | 	4	 | 	5,00
  1	 | 	5	 | 	6,32
  1	 | 	6	 | 	8,06
  2	 | 	3	 | 	2,24
  2	 | 	4	 | 	7,07
  3	 | 	6	 | 	6,71
  3	 | 	9	 | 	18,11
  4	 | 	7	 | 	2,24
  5	 | 	6	 | 	2,24
  5	 | 	8	 | 	8,06
  7	 | 	9	 | 	10,30
  8	 | 	9	 | 	6,08
___________________________
Simulation Topology 2
___________________________
[7]				[1]		
[1]				[3]		
[5]				[6]		
[9]				[5]		
[4]				[10]		
[0]				[10]		
[6]				[8]		
[1]				[13]		
[4]				[14]		
[6]				[19]		
___________________________
Simulation Topology [2:3]
___________________________
From 	  To 		Length
___________________________
  8	 | 	9	 | 	5,39
  7	 | 	9	 | 	7,81
  5	 | 	8	 | 	5,66
  5	 | 	6	 | 	6,32
  4	 | 	7	 | 	4,24
  3	 | 	9	 | 	14,32
  3	 | 	6	 | 	4,24
  0	 | 	2	 | 	5,39
  0	 | 	4	 | 	9,49
  0	 | 	5	 | 	11,40
  1	 | 	5	 | 	7,07
  1	 | 	6	 | 	7,07
  1	 | 	8	 | 	11,40
  2	 | 	4	 | 	4,12
  2	 | 	5	 | 	6,40
  3	 | 	7	 | 	11,31
  6	 | 	9	 | 	11,00
  7	 | 	8	 | 	3,16
___________________________
Simulation Topology [2:4]
___________________________
From 	  To 		Length
___________________________
  8	 | 	9	 | 	5,39
  7	 | 	9	 | 	7,81
  5	 | 	8	 | 	5,66
  5	 | 	6	 | 	6,32
  4	 | 	7	 | 	4,24
  3	 | 	9	 | 	14,32
  3	 | 	6	 | 	4,24
  0	 | 	2	 | 	5,39
  0	 | 	4	 | 	9,49
  0	 | 	5	 | 	11,40
  1	 | 	5	 | 	7,07
  1	 | 	6	 | 	7,07
  1	 | 	8	 | 	11,40
  2	 | 	4	 | 	4,12
  2	 | 	5	 | 	6,40
  3	 | 	7	 | 	11,31
  6	 | 	9	 | 	11,00
  7	 | 	8	 | 	3,16
___________________________
