Simulation Topology 1
___________________________
[5]				[3]		
[1]				[0]		
[8]				[1]		
[8]				[7]		
[0]				[6]		
[8]				[10]		
[5]				[10]		
[3]				[8]		
[9]				[13]		
[2]				[15]		
[2]				[13]		
[6]				[16]		
[2]				[16]		
[9]				[16]		
[6]				[18]		
[5]				[22]		
[0]				[20]		
[2]				[26]		
[8]				[26]		
[8]				[32]		
___________________________
Simulation Topology [1:0]
___________________________
From 	  To 		Length
___________________________
  0	 | 	1	 | 	5,00
  0	 | 	2	 | 	3,61
  1	 | 	4	 | 	6,08
  2	 | 	3	 | 	6,00
  3	 | 	5	 | 	3,00
  4	 | 	7	 | 	3,61
  5	 | 	10	 | 	6,71
  6	 | 	7	 | 	2,83
  6	 | 	11	 | 	6,08
  8	 | 	13	 | 	3,00
  8	 | 	19	 | 	19,03
  9	 | 	12	 | 	1,00
  9	 | 	16	 | 	5,39
  10	 | 	12	 | 	3,00
  11	 | 	14	 | 	2,00
  13	 | 	14	 | 	3,61
  15	 | 	17	 | 	5,00
  15	 | 	18	 | 	5,00
  16	 | 	17	 | 	6,32
  18	 | 	19	 | 	6,00
___________________________
Simulation Topology 2
___________________________
[7]				[0]		
[0]				[1]		
[4]				[6]		
[6]				[5]		
[0]				[11]		
[5]				[8]		
[8]				[10]		
[6]				[10]		
[1]				[15]		
[4]				[15]		
[8]				[12]		
[0]				[13]		
[8]				[18]		
[7]				[26]		
[0]				[32]		
[2]				[39]		
[0]				[37]		
[9]				[37]		
[11]				[1]		
[15]				[0]		
___________________________
Simulation Topology [2:0]
___________________________
From 	  To 		Length
___________________________
  18	 | 	19	 | 	4,12
  16	 | 	17	 | 	9,00
  15	 | 	18	 | 	39,05
  15	 | 	17	 | 	7,28
  13	 | 	14	 | 	9,22
  11	 | 	14	 | 	19,00
  10	 | 	12	 | 	6,00
  9	 | 	16	 | 	22,36
  9	 | 	12	 | 	5,00
  8	 | 	19	 | 	20,52
  0	 | 	1	 | 	7,07
  0	 | 	2	 | 	6,71
  0	 | 	19	 | 	8,00
  1	 | 	3	 | 	7,21
  2	 | 	5	 | 	2,24
  3	 | 	5	 | 	3,16
  4	 | 	8	 | 	4,12
  4	 | 	11	 | 	2,00
  6	 | 	7	 | 	2,00
  6	 | 	18	 | 	9,49
  7	 | 	9	 | 	5,39
  8	 | 	11	 | 	2,24
  10	 | 	18	 | 	11,40
  13	 | 	17	 | 	11,18
  14	 | 	16	 | 	5,00
  15	 | 	16	 | 	2,83
___________________________
