Simulation Topology 1
___________________________
[1]				[26]		
[17]				[17]		
[12]				[39]		
[36]				[16]		
[2]				[23]		
[25]				[1]		
[24]				[7]		
[29]				[33]		
[29]				[17]		
[34]				[37]		
[19]				[0]		
[31]				[20]		
[14]				[34]		
[20]				[33]		
[34]				[3]		
[29]				[21]		
[1]				[34]		
[18]				[30]		
[24]				[27]		
[16]				[14]		
___________________________
Simulation Topology [1:0]
___________________________
From 	  To 		Length
___________________________
  0	 | 	4	 | 	3,16
  0	 | 	9	 | 	34,79
  1	 | 	2	 | 	22,56
  1	 | 	13	 | 	16,28
  2	 | 	17	 | 	10,82
  3	 | 	14	 | 	13,15
  3	 | 	15	 | 	8,60
  4	 | 	5	 | 	31,83
  5	 | 	10	 | 	6,08
  6	 | 	8	 | 	11,18
  6	 | 	10	 | 	8,60
  7	 | 	9	 | 	6,40
  7	 | 	16	 | 	28,02
  8	 | 	19	 | 	13,34
  11	 | 	13	 | 	17,03
  11	 | 	18	 | 	9,90
  12	 | 	15	 | 	19,85
  12	 | 	19	 | 	20,10
  14	 | 	17	 | 	31,38
  16	 | 	18	 | 	24,04
___________________________
Simulation Topology 2
___________________________
[7]				[22]		
[35]				[36]		
[20]				[4]		
[1]				[1]		
[36]				[16]		
[27]				[26]		
[16]				[22]		
[20]				[34]		
[19]				[10]		
[18]				[2]		
[13]				[1]		
[32]				[7]		
[21]				[16]		
[3]				[15]		
[16]				[1]		
[24]				[35]		
[35]				[21]		
[1]				[37]		
[16]				[37]		
[20]				[18]		
___________________________
Simulation Topology [2:0]
___________________________
From 	  To 		Length
___________________________
  16	 | 	18	 | 	24,84
  14	 | 	17	 | 	39,00
  12	 | 	19	 | 	2,24
  12	 | 	15	 | 	19,24
  11	 | 	18	 | 	34,00
  11	 | 	13	 | 	30,08
  8	 | 	19	 | 	8,06
  7	 | 	16	 | 	19,85
  7	 | 	9	 | 	32,06
  6	 | 	10	 | 	21,21
  0	 | 	9	 | 	22,83
  0	 | 	10	 | 	21,84
  1	 | 	14	 | 	39,82
  1	 | 	18	 | 	19,03
  2	 | 	3	 | 	19,24
  2	 | 	11	 | 	12,37
  3	 | 	11	 | 	31,58
  4	 | 	5	 | 	13,45
  4	 | 	12	 | 	15,00
  5	 | 	8	 | 	17,89
  6	 | 	9	 | 	20,10
  6	 | 	16	 | 	19,03
  7	 | 	12	 | 	18,03
  7	 | 	17	 | 	19,24
  8	 | 	14	 | 	9,49
  10	 | 	13	 | 	17,20
  13	 | 	19	 | 	17,26
  15	 | 	16	 | 	17,80
  15	 | 	19	 | 	17,46
  17	 | 	18	 | 	15,00
___________________________
