Simulation Topology 1
___________________________
[8]				[6]		
[2]				[8]		
[8]				[8]		
[3]				[3]		
[3]				[6]		
___________________________
Simulation Topology [1:0]
___________________________
From 	  To 		Length
___________________________
  0	 | 	1	 | 	6,32
  0	 | 	2	 | 	2,00
  1	 | 	3	 | 	5,10
  2	 | 	4	 | 	5,39
  3	 | 	4	 | 	3,00
___________________________
Simulation Topology 2
___________________________
[8]				[0]		
[3]				[7]		
[8]				[6]		
[6]				[5]		
[1]				[8]		
___________________________
Simulation Topology [2:0]
___________________________
From 	  To 		Length
___________________________
  3	 | 	4	 | 	5,83
  2	 | 	4	 | 	7,28
  0	 | 	1	 | 	8,60
  1	 | 	3	 | 	3,61
  1	 | 	4	 | 	2,24
  2	 | 	3	 | 	2,24
___________________________
