Simulation Topology 1
___________________________
[33]				[32]		
[18]				[6]		
[27]				[2]		
[32]				[25]		
[2]				[36]		
[22]				[36]		
[12]				[24]		
[18]				[33]		
[18]				[15]		
[26]				[15]		
[16]				[11]		
[19]				[2]		
[4]				[1]		
[15]				[17]		
[36]				[39]		
[29]				[5]		
[37]				[33]		
[0]				[0]		
[31]				[36]		
[36]				[26]		
___________________________
Simulation Topology [1:0]
___________________________
From 	  To 		Length
___________________________
  0	 | 	6	 | 	22,47
  0	 | 	14	 | 	7,62
  1	 | 	4	 | 	34,00
  1	 | 	16	 | 	33,02
  2	 | 	4	 | 	42,20
  2	 | 	9	 | 	13,04
  3	 | 	6	 | 	20,02
  3	 | 	17	 | 	40,61
  5	 | 	13	 | 	20,25
  5	 | 	18	 | 	9,00
  7	 | 	8	 | 	18,00
  7	 | 	12	 | 	34,93
  8	 | 	15	 | 	14,87
  9	 | 	14	 | 	26,00
  10	 | 	12	 | 	15,62
  10	 | 	17	 | 	19,42
  11	 | 	15	 | 	10,44
  11	 | 	18	 | 	36,06
  13	 | 	19	 | 	22,85
  16	 | 	19	 | 	7,07
___________________________
Simulation Topology 2
___________________________
[12]				[4]		
[36]				[7]		
[14]				[20]		
[16]				[4]		
[22]				[28]		
[30]				[6]		
[28]				[20]		
[22]				[26]		
[24]				[33]		
[9]				[27]		
[14]				[36]		
[5]				[10]		
[9]				[12]		
[13]				[16]		
[36]				[37]		
[16]				[27]		
[20]				[0]		
[30]				[10]		
[15]				[23]		
[24]				[28]		
___________________________
Simulation Topology [2:0]
___________________________
From 	  To 		Length
___________________________
  16	 | 	19	 | 	28,28
  13	 | 	19	 | 	16,28
  11	 | 	18	 | 	16,40
  11	 | 	15	 | 	20,25
  10	 | 	17	 | 	30,53
  10	 | 	12	 | 	24,52
  9	 | 	14	 | 	28,79
  8	 | 	15	 | 	10,00
  7	 | 	12	 | 	19,10
  7	 | 	8	 | 	7,28
  0	 | 	3	 | 	4,00
  0	 | 	12	 | 	8,54
  1	 | 	6	 | 	15,26
  1	 | 	17	 | 	6,71
  2	 | 	5	 | 	21,26
  2	 | 	14	 | 	27,80
  3	 | 	18	 | 	19,03
  4	 | 	8	 | 	5,39
  4	 | 	10	 | 	11,31
  5	 | 	7	 | 	21,54
  6	 | 	14	 | 	18,79
  8	 | 	19	 | 	5,00
  9	 | 	16	 | 	29,15
  9	 | 	17	 | 	27,02
  10	 | 	11	 | 	27,51
  11	 | 	19	 | 	26,17
  13	 | 	15	 | 	11,40
  13	 | 	18	 | 	7,28
  15	 | 	16	 | 	27,29
___________________________
