Simulation Topology 1
___________________________
[22]				[15]		
[22]				[27]		
[32]				[11]		
[32]				[23]		
[32]				[35]		
[17]				[36]		
[17]				[25]		
[11]				[38]		
[37]				[27]		
[25]				[34]		
[22]				[37]		
[6]				[23]		
[26]				[30]		
[29]				[5]		
[14]				[27]		
[37]				[7]		
[17]				[6]		
[33]				[13]		
[1]				[22]		
[0]				[27]		
___________________________
Simulation Topology [1:0]
___________________________
From 	  To 		Length
___________________________
  0	 | 	1	 | 	12,00
  0	 | 	17	 | 	11,18
  1	 | 	15	 | 	25,00
  2	 | 	4	 | 	24,00
  2	 | 	14	 | 	24,08
  3	 | 	9	 | 	13,04
  3	 | 	10	 | 	17,20
  4	 | 	5	 | 	15,03
  5	 | 	9	 | 	8,25
  6	 | 	11	 | 	11,18
  6	 | 	16	 | 	19,00
  7	 | 	8	 | 	28,23
  7	 | 	11	 | 	15,81
  8	 | 	18	 | 	36,35
  10	 | 	13	 | 	32,76
  12	 | 	15	 | 	25,50
  12	 | 	16	 | 	25,63
  13	 | 	19	 | 	36,40
  14	 | 	18	 | 	13,93
  17	 | 	19	 | 	35,85
___________________________
Simulation Topology 2
___________________________
[7]				[35]		
[25]				[23]		
[39]				[30]		
[36]				[31]		
[19]				[0]		
[9]				[16]		
[14]				[37]		
[38]				[32]		
[29]				[9]		
[11]				[34]		
[5]				[9]		
[31]				[18]		
[14]				[18]		
[14]				[33]		
[26]				[21]		
[31]				[12]		
[21]				[30]		
[32]				[23]		
[2]				[32]		
[24]				[38]		
___________________________
Simulation Topology [2:0]
___________________________
From 	  To 		Length
___________________________
  17	 | 	19	 | 	17,00
  14	 | 	18	 | 	26,40
  13	 | 	19	 | 	11,18
  12	 | 	16	 | 	13,89
  12	 | 	15	 | 	18,03
  10	 | 	13	 | 	25,63
  8	 | 	18	 | 	35,47
  7	 | 	11	 | 	15,65
  7	 | 	8	 | 	24,70
  6	 | 	16	 | 	9,90
  0	 | 	6	 | 	7,28
  0	 | 	19	 | 	17,26
  1	 | 	4	 | 	23,77
  1	 | 	14	 | 	2,24
  2	 | 	7	 | 	2,24
  2	 | 	15	 | 	19,70
  3	 | 	14	 | 	14,14
  3	 | 	15	 | 	19,65
  4	 | 	11	 | 	21,63
  5	 | 	9	 | 	18,11
  5	 | 	10	 | 	8,06
  6	 | 	9	 | 	4,24
  8	 | 	19	 | 	29,43
  10	 | 	17	 | 	30,41
  11	 | 	13	 | 	22,67
  12	 | 	18	 | 	18,44
  13	 | 	18	 | 	12,04
  16	 | 	17	 | 	13,04
___________________________
