Simulation Topology 1
___________________________
[37]				[34]		
[12]				[26]		
[34]				[32]		
[25]				[33]		
[4]				[3]		
[34]				[21]		
[22]				[22]		
[37]				[38]		
[14]				[23]		
[18]				[25]		
[0]				[36]		
[17]				[10]		
[10]				[26]		
[6]				[14]		
[39]				[21]		
[13]				[10]		
[36]				[1]		
[10]				[0]		
[14]				[26]		
[22]				[5]		
___________________________
Simulation Topology [1:0]
___________________________
From 	  To 		Length
___________________________
  0	 | 	9	 | 	21,02
  0	 | 	15	 | 	33,94
  1	 | 	6	 | 	10,77
  1	 | 	15	 | 	16,03
  2	 | 	8	 | 	21,93
  2	 | 	12	 | 	24,74
  3	 | 	4	 | 	36,62
  3	 | 	13	 | 	26,87
  4	 | 	19	 | 	18,11
  5	 | 	7	 | 	17,26
  5	 | 	14	 | 	5,00
  6	 | 	16	 | 	25,24
  7	 | 	10	 | 	37,05
  8	 | 	11	 | 	13,34
  9	 | 	17	 | 	26,25
  10	 | 	12	 | 	14,14
  11	 | 	19	 | 	7,07
  13	 | 	17	 | 	14,56
  14	 | 	18	 | 	25,50
  16	 | 	18	 | 	33,30
___________________________
Simulation Topology 2
___________________________
[25]				[36]		
[22]				[21]		
[28]				[21]		
[6]				[37]		
[26]				[23]		
[19]				[33]		
[39]				[13]		
[16]				[19]		
[12]				[9]		
[24]				[17]		
[25]				[10]		
[9]				[13]		
[23]				[23]		
[26]				[14]		
[36]				[1]		
[17]				[7]		
[24]				[32]		
[2]				[29]		
[2]				[15]		
[27]				[26]		
___________________________
Simulation Topology [2:0]
___________________________
From 	  To 		Length
___________________________
  16	 | 	18	 | 	27,80
  14	 | 	18	 | 	36,77
  13	 | 	17	 | 	28,30
  11	 | 	19	 | 	22,20
  10	 | 	12	 | 	13,15
  9	 | 	17	 | 	25,06
  8	 | 	11	 | 	5,00
  7	 | 	10	 | 	12,73
  6	 | 	16	 | 	24,21
  5	 | 	14	 | 	36,24
  0	 | 	5	 | 	6,71
  0	 | 	9	 | 	19,03
  1	 | 	2	 | 	6,00
  1	 | 	13	 | 	8,06
  2	 | 	18	 | 	26,68
  3	 | 	7	 | 	20,59
  3	 | 	8	 | 	28,64
  4	 | 	6	 | 	16,40
  4	 | 	16	 | 	9,22
  5	 | 	16	 | 	5,10
  6	 | 	15	 | 	22,80
  7	 | 	12	 | 	8,06
  8	 | 	13	 | 	14,87
  9	 | 	10	 | 	7,07
  10	 | 	19	 | 	16,12
  11	 | 	12	 | 	17,20
  11	 | 	18	 | 	7,28
  14	 | 	15	 | 	19,92
  14	 | 	17	 | 	44,05
  16	 | 	17	 | 	22,20
___________________________
