Simulation Topology 1
___________________________
[8]				[0]		
[7]				[2]		
[5]				[7]		
[4]				[4]		
[8]				[6]		
[0]				[4]		
[0]				[11]		
[4]				[13]		
[2]				[15]		
[0]				[19]		
[7]				[18]		
[9]				[18]		
[3]				[21]		
[8]				[20]		
[2]				[23]		
[4]				[28]		
[1]				[29]		
[6]				[28]		
[5]				[33]		
[9]				[33]		
___________________________
Simulation Topology [1:5]
___________________________
From 	  To 		Length
___________________________
  0	 | 	2	 | 	7,62
  0	 | 	5	 | 	8,94
  0	 | 	16	 | 	29,83
  1	 | 	4	 | 	4,12
  1	 | 	6	 | 	11,40
  1	 | 	15	 | 	26,17
  2	 | 	6	 | 	6,40
  2	 | 	19	 | 	26,31
  3	 | 	10	 | 	14,32
  3	 | 	14	 | 	19,10
  3	 | 	19	 | 	29,43
  4	 | 	9	 | 	15,26
  4	 | 	13	 | 	14,00
  5	 | 	11	 | 	16,64
  5	 | 	16	 | 	25,02
  6	 | 	9	 | 	8,00
  7	 | 	8	 | 	2,83
  7	 | 	9	 | 	7,21
  7	 | 	17	 | 	15,13
  8	 | 	10	 | 	5,83
  8	 | 	17	 | 	13,60
  10	 | 	14	 | 	7,07
  11	 | 	14	 | 	8,60
  11	 | 	16	 | 	13,60
  12	 | 	13	 | 	5,10
  12	 | 	15	 | 	7,07
  12	 | 	18	 | 	12,17
  13	 | 	15	 | 	8,94
  17	 | 	18	 | 	5,10
  18	 | 	19	 | 	4,00
___________________________
Simulation Topology [1:6]
___________________________
From 	  To 		Length
___________________________
  0	 | 	2	 | 	7,62
  0	 | 	5	 | 	8,94
  0	 | 	16	 | 	29,83
  1	 | 	4	 | 	4,12
  1	 | 	6	 | 	11,40
  1	 | 	15	 | 	26,17
  2	 | 	6	 | 	6,40
  2	 | 	19	 | 	26,31
  3	 | 	10	 | 	14,32
  3	 | 	14	 | 	19,10
  3	 | 	19	 | 	29,43
  4	 | 	9	 | 	15,26
  4	 | 	13	 | 	14,00
  5	 | 	11	 | 	16,64
  5	 | 	16	 | 	25,02
  6	 | 	9	 | 	8,00
  7	 | 	8	 | 	2,83
  7	 | 	9	 | 	7,21
  7	 | 	17	 | 	15,13
  8	 | 	10	 | 	5,83
  8	 | 	17	 | 	13,60
  10	 | 	14	 | 	7,07
  11	 | 	14	 | 	8,60
  11	 | 	16	 | 	13,60
  12	 | 	13	 | 	5,10
  12	 | 	15	 | 	7,07
  12	 | 	18	 | 	12,17
  13	 | 	15	 | 	8,94
  17	 | 	18	 | 	5,10
  18	 | 	19	 | 	4,00
___________________________
Simulation Topology 2
___________________________
[4]				[2]		
[0]				[1]		
[8]				[8]		
[9]				[10]		
[2]				[9]		
[3]				[15]		
[1]				[12]		
[7]				[14]		
[8]				[22]		
[0]				[24]		
[5]				[26]		
[7]				[24]		
[1]				[27]		
[6]				[29]		
[1]				[31]		
[9]				[35]		
[8]				[33]		
[9]				[38]		
[4]				[38]		
[2]				[36]		
___________________________
Simulation Topology [2:1]
___________________________
From 	  To 		Length
___________________________
  18	 | 	19	 | 	2,83
  17	 | 	18	 | 	5,00
  13	 | 	15	 | 	6,71
  12	 | 	18	 | 	11,40
  12	 | 	15	 | 	11,31
  12	 | 	13	 | 	5,39
  11	 | 	16	 | 	9,06
  11	 | 	14	 | 	9,22
  10	 | 	14	 | 	6,40
  8	 | 	17	 | 	16,03
  8	 | 	10	 | 	5,00
  7	 | 	17	 | 	24,08
  7	 | 	9	 | 	12,21
  7	 | 	8	 | 	8,06
  6	 | 	9	 | 	12,04
  0	 | 	1	 | 	4,12
  0	 | 	2	 | 	7,21
  0	 | 	14	 | 	29,15
  1	 | 	13	 | 	28,64
  1	 | 	18	 | 	37,22
  2	 | 	4	 | 	6,08
  2	 | 	14	 | 	24,04
  3	 | 	7	 | 	4,47
  3	 | 	8	 | 	12,04
  3	 | 	16	 | 	23,02
  4	 | 	7	 | 	7,07
  4	 | 	12	 | 	18,03
  5	 | 	6	 | 	3,61
  5	 | 	11	 | 	9,85
  5	 | 	17	 | 	23,77
  6	 | 	11	 | 	13,42
  6	 | 	17	 | 	27,20
  8	 | 	15	 | 	13,04
  9	 | 	10	 | 	5,39
  9	 | 	16	 | 	12,04
  10	 | 	12	 | 	4,12
  11	 | 	12	 | 	6,71
  13	 | 	18	 | 	9,22
  15	 | 	16	 | 	2,24
  17	 | 	19	 | 	7,28
___________________________
Simulation Topology [2:2]
___________________________
From 	  To 		Length
___________________________
  18	 | 	19	 | 	2,83
  17	 | 	18	 | 	5,00
  13	 | 	15	 | 	6,71
  12	 | 	18	 | 	11,40
  12	 | 	15	 | 	11,31
  12	 | 	13	 | 	5,39
  11	 | 	16	 | 	9,06
  11	 | 	14	 | 	9,22
  10	 | 	14	 | 	6,40
  8	 | 	17	 | 	16,03
  8	 | 	10	 | 	5,00
  7	 | 	17	 | 	24,08
  7	 | 	9	 | 	12,21
  7	 | 	8	 | 	8,06
  6	 | 	9	 | 	12,04
  0	 | 	1	 | 	4,12
  0	 | 	2	 | 	7,21
  0	 | 	14	 | 	29,15
  1	 | 	13	 | 	28,64
  1	 | 	18	 | 	37,22
  2	 | 	4	 | 	6,08
  2	 | 	14	 | 	24,04
  3	 | 	7	 | 	4,47
  3	 | 	8	 | 	12,04
  3	 | 	16	 | 	23,02
  4	 | 	7	 | 	7,07
  4	 | 	12	 | 	18,03
  5	 | 	6	 | 	3,61
  5	 | 	11	 | 	9,85
  5	 | 	17	 | 	23,77
  6	 | 	11	 | 	13,42
  6	 | 	17	 | 	27,20
  8	 | 	15	 | 	13,04
  9	 | 	10	 | 	5,39
  9	 | 	16	 | 	12,04
  10	 | 	12	 | 	4,12
  11	 | 	12	 | 	6,71
  13	 | 	18	 | 	9,22
  15	 | 	16	 | 	2,24
  17	 | 	19	 | 	7,28
  9	 | 	14	 | 	7,07
___________________________
Simulation Topology [2:3]
___________________________
From 	  To 		Length
___________________________
  18	 | 	19	 | 	2,83
  17	 | 	18	 | 	5,00
  13	 | 	15	 | 	6,71
  12	 | 	18	 | 	11,40
  12	 | 	15	 | 	11,31
  12	 | 	13	 | 	5,39
  11	 | 	16	 | 	9,06
  11	 | 	14	 | 	9,22
  10	 | 	14	 | 	6,40
  8	 | 	17	 | 	16,03
  8	 | 	10	 | 	5,00
  7	 | 	17	 | 	24,08
  7	 | 	9	 | 	12,21
  7	 | 	8	 | 	8,06
  6	 | 	9	 | 	12,04
  0	 | 	1	 | 	4,12
  0	 | 	2	 | 	7,21
  0	 | 	14	 | 	29,15
  1	 | 	13	 | 	28,64
  1	 | 	18	 | 	37,22
  2	 | 	4	 | 	6,08
  2	 | 	14	 | 	24,04
  3	 | 	7	 | 	4,47
  3	 | 	8	 | 	12,04
  3	 | 	16	 | 	23,02
  4	 | 	7	 | 	7,07
  4	 | 	12	 | 	18,03
  5	 | 	6	 | 	3,61
  5	 | 	11	 | 	9,85
  5	 | 	17	 | 	23,77
  6	 | 	11	 | 	13,42
  6	 | 	17	 | 	27,20
  8	 | 	15	 | 	13,04
  9	 | 	10	 | 	5,39
  9	 | 	16	 | 	12,04
  10	 | 	12	 | 	4,12
  11	 | 	12	 | 	6,71
  13	 | 	18	 | 	9,22
  15	 | 	16	 | 	2,24
  17	 | 	19	 | 	7,28
  9	 | 	14	 | 	7,07
  7	 | 	13	 | 	15,03
___________________________
Simulation Topology [2:4]
___________________________
From 	  To 		Length
___________________________
  18	 | 	19	 | 	2,83
  17	 | 	18	 | 	5,00
  13	 | 	15	 | 	6,71
  12	 | 	18	 | 	11,40
  12	 | 	15	 | 	11,31
  12	 | 	13	 | 	5,39
  11	 | 	16	 | 	9,06
  11	 | 	14	 | 	9,22
  10	 | 	14	 | 	6,40
  8	 | 	17	 | 	16,03
  8	 | 	10	 | 	5,00
  7	 | 	17	 | 	24,08
  7	 | 	9	 | 	12,21
  7	 | 	8	 | 	8,06
  6	 | 	9	 | 	12,04
  0	 | 	1	 | 	4,12
  0	 | 	2	 | 	7,21
  0	 | 	14	 | 	29,15
  1	 | 	13	 | 	28,64
  1	 | 	18	 | 	37,22
  2	 | 	4	 | 	6,08
  2	 | 	14	 | 	24,04
  3	 | 	7	 | 	4,47
  3	 | 	8	 | 	12,04
  3	 | 	16	 | 	23,02
  4	 | 	7	 | 	7,07
  4	 | 	12	 | 	18,03
  5	 | 	6	 | 	3,61
  5	 | 	11	 | 	9,85
  5	 | 	17	 | 	23,77
  6	 | 	11	 | 	13,42
  6	 | 	17	 | 	27,20
  8	 | 	15	 | 	13,04
  9	 | 	10	 | 	5,39
  9	 | 	16	 | 	12,04
  10	 | 	12	 | 	4,12
  11	 | 	12	 | 	6,71
  13	 | 	18	 | 	9,22
  15	 | 	16	 | 	2,24
  17	 | 	19	 | 	7,28
  9	 | 	14	 | 	7,07
  7	 | 	13	 | 	15,03
  8	 | 	19	 | 	15,23
___________________________
Simulation Topology [2:5]
___________________________
From 	  To 		Length
___________________________
  18	 | 	19	 | 	2,83
  17	 | 	18	 | 	5,00
  13	 | 	15	 | 	6,71
  12	 | 	18	 | 	11,40
  12	 | 	15	 | 	11,31
  12	 | 	13	 | 	5,39
  11	 | 	16	 | 	9,06
  11	 | 	14	 | 	9,22
  10	 | 	14	 | 	6,40
  8	 | 	17	 | 	16,03
  8	 | 	10	 | 	5,00
  7	 | 	17	 | 	24,08
  7	 | 	9	 | 	12,21
  7	 | 	8	 | 	8,06
  6	 | 	9	 | 	12,04
  0	 | 	1	 | 	4,12
  0	 | 	2	 | 	7,21
  0	 | 	14	 | 	29,15
  1	 | 	13	 | 	28,64
  1	 | 	18	 | 	37,22
  2	 | 	4	 | 	6,08
  2	 | 	14	 | 	24,04
  3	 | 	7	 | 	4,47
  3	 | 	8	 | 	12,04
  3	 | 	16	 | 	23,02
  4	 | 	7	 | 	7,07
  4	 | 	12	 | 	18,03
  5	 | 	6	 | 	3,61
  5	 | 	11	 | 	9,85
  5	 | 	17	 | 	23,77
  6	 | 	11	 | 	13,42
  6	 | 	17	 | 	27,20
  8	 | 	15	 | 	13,04
  9	 | 	10	 | 	5,39
  9	 | 	16	 | 	12,04
  10	 | 	12	 | 	4,12
  11	 | 	12	 | 	6,71
  13	 | 	18	 | 	9,22
  15	 | 	16	 | 	2,24
  17	 | 	19	 | 	7,28
  9	 | 	14	 | 	7,07
  7	 | 	13	 | 	15,03
  8	 | 	19	 | 	15,23
  10	 | 	15	 | 	9,85
___________________________
Simulation Topology [2:6]
___________________________
From 	  To 		Length
___________________________
  18	 | 	19	 | 	2,83
  17	 | 	18	 | 	5,00
  13	 | 	15	 | 	6,71
  12	 | 	18	 | 	11,40
  12	 | 	15	 | 	11,31
  12	 | 	13	 | 	5,39
  11	 | 	16	 | 	9,06
  11	 | 	14	 | 	9,22
  10	 | 	14	 | 	6,40
  8	 | 	17	 | 	16,03
  8	 | 	10	 | 	5,00
  7	 | 	17	 | 	24,08
  7	 | 	9	 | 	12,21
  7	 | 	8	 | 	8,06
  6	 | 	9	 | 	12,04
  0	 | 	1	 | 	4,12
  0	 | 	2	 | 	7,21
  0	 | 	14	 | 	29,15
  1	 | 	13	 | 	28,64
  1	 | 	18	 | 	37,22
  2	 | 	4	 | 	6,08
  2	 | 	14	 | 	24,04
  3	 | 	7	 | 	4,47
  3	 | 	8	 | 	12,04
  3	 | 	16	 | 	23,02
  4	 | 	7	 | 	7,07
  4	 | 	12	 | 	18,03
  5	 | 	6	 | 	3,61
  5	 | 	11	 | 	9,85
  5	 | 	17	 | 	23,77
  6	 | 	11	 | 	13,42
  6	 | 	17	 | 	27,20
  8	 | 	15	 | 	13,04
  9	 | 	10	 | 	5,39
  9	 | 	16	 | 	12,04
  10	 | 	12	 | 	4,12
  11	 | 	12	 | 	6,71
  13	 | 	18	 | 	9,22
  15	 | 	16	 | 	2,24
  17	 | 	19	 | 	7,28
  9	 | 	14	 | 	7,07
  7	 | 	13	 | 	15,03
  8	 | 	19	 | 	15,23
  10	 | 	15	 | 	9,85
___________________________
