Simulation Topology 1
___________________________
[3]				[65]		
[70]				[91]		
[14]				[35]		
[68]				[53]		
[29]				[40]		
[30]				[87]		
[6]				[54]		
[60]				[62]		
[17]				[55]		
[66]				[59]		
[66]				[15]		
[75]				[7]		
[59]				[47]		
[70]				[61]		
[87]				[40]		
[59]				[21]		
[69]				[46]		
[22]				[73]		
[30]				[1]		
[5]				[7]		
[40]				[89]		
[90]				[98]		
[52]				[1]		
[92]				[0]		
[50]				[85]		
[76]				[10]		
[82]				[67]		
[79]				[54]		
[37]				[8]		
[57]				[90]		
[4]				[13]		
[10]				[36]		
[87]				[56]		
[56]				[92]		
[18]				[51]		
[67]				[19]		
[85]				[31]		
[9]				[5]		
[61]				[29]		
[13]				[77]		
[80]				[17]		
[93]				[60]		
[10]				[81]		
[62]				[73]		
[43]				[85]		
[90]				[52]		
[86]				[90]		
[30]				[99]		
[17]				[77]		
[14]				[98]		
___________________________
Simulation Topology [1:0]
___________________________
From 	  To 		Length
___________________________
  0	 | 	22	 | 	80,60
  0	 | 	49	 | 	34,79
  1	 | 	42	 | 	60,83
  1	 | 	44	 | 	27,66
  2	 | 	4	 | 	15,81
  2	 | 	31	 | 	4,12
  3	 | 	13	 | 	8,25
  3	 | 	16	 | 	7,07
  4	 | 	15	 | 	35,51
  5	 | 	42	 | 	20,88
  5	 | 	47	 | 	12,00
  6	 | 	31	 | 	18,44
  6	 | 	34	 | 	12,37
  7	 | 	17	 | 	39,56
  7	 | 	29	 | 	28,16
  8	 | 	34	 | 	4,12
  8	 | 	39	 | 	22,36
  9	 | 	13	 | 	4,47
  9	 | 	43	 | 	14,56
  10	 | 	11	 | 	12,04
  10	 | 	35	 | 	4,12
  11	 | 	25	 | 	3,16
  12	 | 	32	 | 	29,41
  12	 | 	35	 | 	29,12
  14	 | 	26	 | 	27,46
  14	 | 	36	 | 	9,22
  15	 | 	28	 | 	25,55
  16	 | 	27	 | 	12,81
  17	 | 	48	 | 	6,40
  18	 | 	28	 | 	9,90
  18	 | 	30	 | 	28,64
  19	 | 	30	 | 	6,08
  19	 | 	37	 | 	4,47
  20	 | 	24	 | 	10,77
  20	 | 	44	 | 	5,00
  21	 | 	26	 | 	32,02
  21	 | 	46	 | 	8,94
  22	 | 	37	 | 	43,19
  23	 | 	38	 | 	42,45
  23	 | 	40	 | 	20,81
  24	 | 	33	 | 	9,22
  25	 | 	40	 | 	8,06
  27	 | 	45	 | 	11,18
  29	 | 	46	 | 	29,00
  32	 | 	41	 | 	7,21
  33	 | 	43	 | 	19,92
  36	 | 	38	 | 	24,08
  39	 | 	48	 | 	4,00
  41	 | 	45	 | 	8,54
  47	 | 	49	 | 	16,03
___________________________
Simulation Topology 2
___________________________
[7]				[24]		
[38]				[39]		
[20]				[97]		
[47]				[7]		
[56]				[49]		
[2]				[31]		
[76]				[21]		
[73]				[37]		
[94]				[42]		
[36]				[26]		
[78]				[85]		
[80]				[35]		
[85]				[38]		
[63]				[51]		
[26]				[53]		
[98]				[93]		
[23]				[88]		
[88]				[95]		
[64]				[73]		
[41]				[97]		
[90]				[45]		
[20]				[0]		
[8]				[46]		
[15]				[73]		
[0]				[68]		
[32]				[75]		
[60]				[13]		
[90]				[34]		
[5]				[22]		
[77]				[74]		
[78]				[99]		
[82]				[80]		
[72]				[22]		
[90]				[15]		
[80]				[61]		
[78]				[91]		
[59]				[55]		
[38]				[5]		
[16]				[60]		
[74]				[90]		
[97]				[2]		
[25]				[43]		
[89]				[92]		
[84]				[44]		
[54]				[15]		
[91]				[68]		
[40]				[22]		
[13]				[93]		
[62]				[89]		
[5]				[85]		
___________________________
Simulation Topology [2:0]
___________________________
From 	  To 		Length
___________________________
  47	 | 	49	 | 	11,31
  41	 | 	45	 | 	70,58
  39	 | 	48	 | 	12,04
  36	 | 	38	 | 	43,29
  33	 | 	43	 | 	29,61
  32	 | 	41	 | 	51,48
  29	 | 	46	 | 	63,82
  27	 | 	45	 | 	34,01
  25	 | 	40	 | 	97,74
  24	 | 	33	 | 	104,45
  23	 | 	40	 | 	108,47
  23	 | 	38	 | 	13,04
  22	 | 	37	 | 	50,80
  21	 | 	46	 | 	29,73
  21	 | 	26	 | 	42,06
  20	 | 	44	 | 	46,86
  20	 | 	24	 | 	92,89
  19	 | 	37	 | 	92,05
  19	 | 	30	 | 	37,05
  18	 | 	30	 | 	29,53
  18	 | 	28	 | 	77,99
  17	 | 	48	 | 	26,68
  16	 | 	27	 | 	86,05
  15	 | 	28	 | 	117,00
  14	 | 	36	 | 	33,06
  0	 | 	5	 | 	8,60
  0	 | 	28	 | 	2,83
  1	 | 	9	 | 	13,15
  1	 | 	37	 | 	34,00
  2	 | 	16	 | 	9,49
  2	 | 	47	 | 	8,06
  3	 | 	37	 | 	9,22
  3	 | 	44	 | 	10,63
  4	 | 	7	 | 	20,81
  4	 | 	11	 | 	27,78
  5	 | 	21	 | 	35,85
  6	 | 	19	 | 	83,67
  6	 | 	21	 | 	59,81
  7	 | 	32	 | 	15,03
  8	 | 	20	 | 	5,00
  8	 | 	27	 | 	8,94
  9	 | 	46	 | 	5,66
  10	 | 	18	 | 	18,44
  10	 | 	31	 | 	6,40
  11	 | 	27	 | 	10,05
  12	 | 	36	 | 	31,06
  12	 | 	43	 | 	6,08
  13	 | 	18	 | 	22,02
  13	 | 	36	 | 	5,66
  14	 | 	25	 | 	22,80
  14	 | 	38	 | 	12,21
  15	 | 	19	 | 	57,14
  15	 | 	42	 | 	9,06
  16	 | 	25	 | 	15,81
  17	 | 	34	 | 	34,93
  17	 | 	42	 | 	3,16
  20	 | 	43	 | 	6,08
  22	 | 	28	 | 	24,19
  22	 | 	41	 | 	17,26
  23	 | 	24	 | 	15,81
  23	 | 	49	 | 	15,62
  24	 | 	46	 | 	60,96
  26	 | 	40	 | 	38,60
  26	 | 	44	 | 	6,32
  29	 | 	31	 | 	7,81
  29	 | 	48	 | 	21,21
  30	 | 	35	 | 	8,00
  30	 | 	48	 | 	18,87
  32	 | 	33	 | 	19,31
  33	 | 	40	 | 	14,76
  34	 | 	45	 | 	13,04
  35	 | 	39	 | 	4,12
  38	 | 	41	 | 	19,24
  39	 | 	45	 | 	27,80
___________________________
