Simulation Topology 1
___________________________
[26]				[11]		
[22]				[2]		
[24]				[8]		
[23]				[21]		
[5]				[31]		
[20]				[18]		
[30]				[2]		
[21]				[13]		
[12]				[19]		
[34]				[1]		
[26]				[25]		
[34]				[25]		
[3]				[5]		
[12]				[4]		
[17]				[32]		
[11]				[25]		
[19]				[34]		
[4]				[23]		
[5]				[7]		
[0]				[23]		
___________________________
Simulation Topology [1:0]
___________________________
From 	  To 		Length
___________________________
  0	 | 	10	 | 	14,00
  0	 | 	14	 | 	22,85
  0	 | 	15	 | 	20,52
  1	 | 	7	 | 	11,05
  1	 | 	11	 | 	25,94
  2	 | 	8	 | 	16,28
  2	 | 	13	 | 	12,65
  3	 | 	10	 | 	5,00
  3	 | 	19	 | 	23,09
  4	 | 	17	 | 	8,06
  4	 | 	18	 | 	24,00
  5	 | 	13	 | 	16,12
  5	 | 	18	 | 	18,60
  6	 | 	16	 | 	33,84
  6	 | 	17	 | 	33,42
  7	 | 	16	 | 	21,10
  8	 | 	9	 | 	28,43
  9	 | 	15	 | 	33,24
  11	 | 	12	 | 	36,89
  12	 | 	19	 | 	18,25
___________________________
Simulation Topology 2
___________________________
[1]				[1]		
[25]				[32]		
[7]				[9]		
[21]				[37]		
[31]				[19]		
[12]				[23]		
[18]				[11]		
[18]				[30]		
[30]				[25]		
[34]				[17]		
[8]				[28]		
[20]				[22]		
[1]				[3]		
[23]				[31]		
[37]				[22]		
[36]				[31]		
[11]				[19]		
[36]				[6]		
[28]				[22]		
[33]				[34]		
___________________________
Simulation Topology [2:0]
___________________________
From 	  To 		Length
___________________________
  12	 | 	19	 | 	44,55
  11	 | 	12	 | 	26,87
  9	 | 	15	 | 	14,14
  8	 | 	9	 | 	8,94
  7	 | 	16	 | 	13,04
  6	 | 	17	 | 	18,68
  6	 | 	16	 | 	10,63
  5	 | 	18	 | 	16,03
  5	 | 	13	 | 	13,60
  4	 | 	18	 | 	4,24
  0	 | 	9	 | 	36,67
  0	 | 	16	 | 	20,59
  1	 | 	6	 | 	22,14
  1	 | 	13	 | 	2,24
  2	 | 	11	 | 	18,38
  2	 | 	12	 | 	8,49
  3	 | 	4	 | 	20,59
  3	 | 	15	 | 	16,16
  4	 | 	6	 | 	15,26
  5	 | 	9	 | 	22,80
  5	 | 	12	 | 	22,83
  7	 | 	10	 | 	10,20
  7	 | 	11	 | 	8,25
  8	 | 	13	 | 	9,22
  8	 | 	18	 | 	3,61
  10	 | 	19	 | 	25,71
  14	 | 	18	 | 	9,00
  14	 | 	19	 | 	12,65
  15	 | 	17	 | 	25,00
  16	 | 	17	 | 	28,18
___________________________
