Simulation Topology 1
___________________________
[9]				[1]		
[9]				[3]		
[6]				[7]		
[3]				[6]		
[3]				[4]		
[0]				[9]		
[3]				[11]		
[9]				[21]		
[5]				[23]		
[7]				[23]		
___________________________
Simulation Topology [1:1]
___________________________
From 	  To 		Length
___________________________
  0	 | 	3	 | 	7,81
  0	 | 	7	 | 	20,00
  1	 | 	2	 | 	5,00
  1	 | 	3	 | 	6,71
  1	 | 	5	 | 	10,82
  2	 | 	5	 | 	6,32
  2	 | 	8	 | 	16,03
  3	 | 	5	 | 	4,24
  4	 | 	6	 | 	7,00
  4	 | 	7	 | 	18,03
  6	 | 	7	 | 	11,66
  6	 | 	9	 | 	12,65
  8	 | 	9	 | 	2,00
___________________________
Simulation Topology [1:2]
___________________________
From 	  To 		Length
___________________________
  0	 | 	3	 | 	7,81
  0	 | 	7	 | 	20,00
  1	 | 	2	 | 	5,00
  1	 | 	3	 | 	6,71
  1	 | 	5	 | 	10,82
  2	 | 	5	 | 	6,32
  2	 | 	8	 | 	16,03
  3	 | 	5	 | 	4,24
  4	 | 	6	 | 	7,00
  4	 | 	7	 | 	18,03
  6	 | 	7	 | 	11,66
  6	 | 	9	 | 	12,65
  8	 | 	9	 | 	2,00
  4	 | 	9	 | 	19,42
___________________________
Simulation Topology [1:3]
___________________________
From 	  To 		Length
___________________________
  0	 | 	3	 | 	7,81
  0	 | 	7	 | 	20,00
  1	 | 	2	 | 	5,00
  1	 | 	3	 | 	6,71
  1	 | 	5	 | 	10,82
  2	 | 	5	 | 	6,32
  2	 | 	8	 | 	16,03
  3	 | 	5	 | 	4,24
  4	 | 	6	 | 	7,00
  4	 | 	7	 | 	18,03
  6	 | 	7	 | 	11,66
  6	 | 	9	 | 	12,65
  8	 | 	9	 | 	2,00
  4	 | 	9	 | 	19,42
___________________________
Simulation Topology 2
___________________________
[6]				[1]		
[6]				[5]		
[8]				[4]		
[9]				[7]		
[1]				[13]		
[5]				[13]		
[0]				[18]		
[3]				[19]		
[7]				[16]		
[8]				[19]		
___________________________
Simulation Topology [2:0]
___________________________
From 	  To 		Length
___________________________
  4	 | 	9	 | 	9,22
  8	 | 	9	 | 	3,16
  6	 | 	9	 | 	8,06
  6	 | 	7	 | 	3,16
  4	 | 	7	 | 	6,32
  4	 | 	6	 | 	5,10
  3	 | 	5	 | 	7,21
  0	 | 	1	 | 	4,00
  0	 | 	5	 | 	12,04
  0	 | 	6	 | 	18,03
  1	 | 	6	 | 	14,32
  2	 | 	3	 | 	3,16
  2	 | 	4	 | 	11,40
  2	 | 	8	 | 	12,04
  3	 | 	6	 | 	14,21
  3	 | 	9	 | 	12,04
  4	 | 	5	 | 	4,00
  5	 | 	7	 | 	6,32
  7	 | 	9	 | 	5,00
___________________________
Simulation Topology [2:1]
___________________________
From 	  To 		Length
___________________________
  4	 | 	9	 | 	9,22
  8	 | 	9	 | 	3,16
  6	 | 	9	 | 	8,06
  6	 | 	7	 | 	3,16
  4	 | 	7	 | 	6,32
  4	 | 	6	 | 	5,10
  3	 | 	5	 | 	7,21
  0	 | 	1	 | 	4,00
  0	 | 	5	 | 	12,04
  0	 | 	6	 | 	18,03
  1	 | 	6	 | 	14,32
  2	 | 	3	 | 	3,16
  2	 | 	4	 | 	11,40
  2	 | 	8	 | 	12,04
  3	 | 	6	 | 	14,21
  3	 | 	9	 | 	12,04
  4	 | 	5	 | 	4,00
  5	 | 	7	 | 	6,32
  7	 | 	9	 | 	5,00
  1	 | 	4	 | 	9,43
___________________________
