Simulation Topology 1
___________________________
[31]				[10]		
[23]				[35]		
[14]				[15]		
[6]				[36]		
[14]				[34]		
[32]				[8]		
[12]				[5]		
[21]				[5]		
[15]				[24]		
[7]				[21]		
___________________________
Simulation Topology [1:0]
___________________________
From 	  To 		Length
___________________________
  0	 | 	2	 | 	17,72
  0	 | 	7	 | 	11,18
  1	 | 	4	 | 	9,06
  1	 | 	7	 | 	30,07
  2	 | 	9	 | 	9,22
  3	 | 	4	 | 	8,25
  3	 | 	5	 | 	38,21
  5	 | 	8	 | 	23,35
  6	 | 	8	 | 	19,24
  6	 | 	9	 | 	16,76
___________________________
Simulation Topology 2
___________________________
[2]				[13]		
[18]				[39]		
[10]				[1]		
[2]				[20]		
[7]				[10]		
[23]				[3]		
[22]				[19]		
[31]				[37]		
[31]				[23]		
[21]				[35]		
___________________________
Simulation Topology [2:0]
___________________________
From 	  To 		Length
___________________________
  6	 | 	9	 | 	16,03
  6	 | 	8	 | 	9,85
  5	 | 	8	 | 	21,54
  3	 | 	5	 | 	27,02
  3	 | 	4	 | 	11,18
  0	 | 	3	 | 	7,00
  0	 | 	8	 | 	30,68
  1	 | 	3	 | 	24,84
  1	 | 	9	 | 	5,00
  2	 | 	4	 | 	9,49
  2	 | 	8	 | 	30,41
  4	 | 	7	 | 	36,12
  5	 | 	6	 | 	16,03
  5	 | 	9	 | 	32,06
  6	 | 	7	 | 	20,12
___________________________
