Simulation Topology 1
___________________________
[5]				[25]		
[11]				[20]		
[36]				[1]		
[37]				[19]		
[34]				[21]		
[2]				[14]		
[37]				[26]		
[17]				[11]		
[30]				[28]		
[22]				[39]		
[34]				[5]		
[2]				[27]		
[23]				[20]		
[12]				[32]		
[38]				[2]		
[12]				[11]		
[9]				[17]		
[17]				[0]		
[7]				[19]		
[7]				[5]		
___________________________
Simulation Topology [1:0]
___________________________
From 	  To 		Length
___________________________
  0	 | 	1	 | 	7,81
  0	 | 	15	 | 	15,65
  1	 | 	3	 | 	26,02
  2	 | 	5	 | 	36,40
  2	 | 	19	 | 	29,27
  3	 | 	18	 | 	30,00
  4	 | 	8	 | 	8,06
  4	 | 	18	 | 	27,07
  5	 | 	9	 | 	32,02
  6	 | 	9	 | 	19,85
  6	 | 	13	 | 	25,71
  7	 | 	15	 | 	5,00
  7	 | 	17	 | 	11,00
  8	 | 	19	 | 	32,53
  10	 | 	11	 | 	38,83
  10	 | 	12	 | 	18,60
  11	 | 	16	 | 	12,21
  12	 | 	17	 | 	20,88
  13	 | 	14	 | 	39,70
  14	 | 	16	 | 	32,65
___________________________
Simulation Topology 2
___________________________
[3]				[28]		
[15]				[4]		
[36]				[32]		
[23]				[25]		
[19]				[39]		
[3]				[32]		
[20]				[19]		
[29]				[0]		
[1]				[3]		
[6]				[3]		
[23]				[36]		
[35]				[28]		
[14]				[25]		
[32]				[26]		
[20]				[30]		
[3]				[14]		
[31]				[33]		
[21]				[25]		
[22]				[22]		
[2]				[17]		
___________________________
Simulation Topology [2:0]
___________________________
From 	  To 		Length
___________________________
  14	 | 	16	 | 	11,40
  13	 | 	14	 | 	12,65
  12	 | 	17	 | 	7,00
  11	 | 	16	 | 	6,40
  10	 | 	12	 | 	14,21
  10	 | 	11	 | 	14,42
  8	 | 	19	 | 	14,04
  7	 | 	17	 | 	26,25
  7	 | 	15	 | 	29,53
  6	 | 	13	 | 	13,89
  0	 | 	2	 | 	33,24
  0	 | 	17	 | 	18,25
  1	 | 	2	 | 	35,00
  1	 | 	9	 | 	9,06
  3	 | 	8	 | 	31,11
  3	 | 	16	 | 	11,31
  4	 | 	5	 | 	17,46
  4	 | 	6	 | 	20,02
  5	 | 	8	 | 	29,07
  6	 | 	9	 | 	21,26
  7	 | 	11	 | 	28,64
  7	 | 	12	 | 	29,15
  10	 | 	13	 | 	13,45
  10	 | 	17	 | 	11,18
  11	 | 	12	 | 	21,21
  14	 | 	18	 | 	8,25
  15	 | 	16	 | 	33,84
  15	 | 	19	 | 	3,16
  18	 | 	19	 | 	20,62
___________________________
