Simulation Topology 1
___________________________
[31]				[37]		
[31]				[2]		
[13]				[5]		
[18]				[6]		
[7]				[30]		
[5]				[34]		
[29]				[24]		
[34]				[23]		
[12]				[19]		
[17]				[36]		
[30]				[15]		
[22]				[3]		
[32]				[0]		
[37]				[21]		
[36]				[27]		
[9]				[30]		
[18]				[34]		
[13]				[16]		
[21]				[6]		
[26]				[9]		
___________________________
Simulation Topology [1:0]
___________________________
From 	  To 		Length
___________________________
  0	 | 	1	 | 	35,00
  0	 | 	8	 | 	26,17
  1	 | 	14	 | 	25,50
  2	 | 	7	 | 	27,66
  2	 | 	11	 | 	9,22
  3	 | 	7	 | 	23,35
  3	 | 	16	 | 	28,00
  4	 | 	12	 | 	39,05
  4	 | 	18	 | 	27,78
  5	 | 	6	 | 	26,00
  5	 | 	17	 | 	19,70
  6	 | 	13	 | 	8,54
  8	 | 	10	 | 	18,44
  9	 | 	15	 | 	10,00
  9	 | 	16	 | 	2,24
  10	 | 	13	 | 	9,22
  11	 | 	14	 | 	27,78
  12	 | 	19	 | 	10,82
  15	 | 	18	 | 	26,83
  17	 | 	19	 | 	14,76
___________________________
Simulation Topology 2
___________________________
[31]				[15]		
[38]				[29]		
[16]				[32]		
[18]				[27]		
[16]				[37]		
[4]				[29]		
[8]				[25]		
[37]				[33]		
[29]				[8]		
[25]				[22]		
[15]				[2]		
[5]				[14]		
[7]				[19]		
[7]				[9]		
[13]				[23]		
[27]				[25]		
[32]				[3]		
[37]				[21]		
[26]				[16]		
[21]				[24]		
___________________________
Simulation Topology [2:0]
___________________________
From 	  To 		Length
___________________________
  17	 | 	19	 | 	16,28
  15	 | 	18	 | 	9,06
  12	 | 	19	 | 	14,87
  11	 | 	14	 | 	12,04
  10	 | 	13	 | 	10,63
  9	 | 	16	 | 	20,25
  9	 | 	15	 | 	3,61
  8	 | 	10	 | 	15,23
  6	 | 	13	 | 	16,03
  5	 | 	17	 | 	33,96
  0	 | 	5	 | 	30,41
  0	 | 	7	 | 	18,97
  0	 | 	12	 | 	24,33
  1	 | 	3	 | 	20,10
  1	 | 	19	 | 	17,72
  2	 | 	9	 | 	13,45
  2	 | 	10	 | 	30,02
  3	 | 	11	 | 	18,38
  4	 | 	6	 | 	14,42
  4	 | 	13	 | 	29,41
  5	 | 	18	 | 	25,55
  6	 | 	14	 | 	5,39
  7	 | 	18	 | 	20,25
  8	 | 	17	 | 	15,26
  8	 | 	19	 | 	17,89
  9	 | 	14	 | 	12,04
  10	 | 	15	 | 	25,94
  11	 | 	13	 | 	5,39
  15	 | 	16	 | 	22,56
  16	 | 	17	 | 	18,68
___________________________
