Simulation Topology 1
___________________________
[14]				[30]		
[29]				[32]		
[23]				[22]		
[18]				[3]		
[11]				[22]		
[13]				[1]		
[25]				[38]		
[26]				[14]		
[30]				[37]		
[16]				[11]		
[20]				[28]		
[12]				[17]		
[28]				[8]		
[39]				[34]		
[23]				[17]		
[38]				[5]		
[11]				[14]		
[6]				[5]		
[6]				[2]		
[0]				[35]		
___________________________
Simulation Topology [1:0]
___________________________
From 	  To 		Length
___________________________
  0	 | 	1	 | 	15,13
  0	 | 	14	 | 	15,81
  1	 | 	10	 | 	9,85
  2	 | 	8	 | 	16,55
  2	 | 	15	 | 	22,67
  3	 | 	5	 | 	5,39
  3	 | 	16	 | 	13,04
  4	 | 	6	 | 	21,26
  4	 | 	12	 | 	22,02
  5	 | 	15	 | 	25,32
  6	 | 	19	 | 	25,18
  7	 | 	13	 | 	23,85
  7	 | 	19	 | 	33,42
  8	 | 	12	 | 	29,07
  9	 | 	11	 | 	7,21
  9	 | 	18	 | 	13,45
  10	 | 	18	 | 	29,53
  11	 | 	17	 | 	13,42
  13	 | 	14	 | 	23,35
  16	 | 	17	 | 	10,30
___________________________
Simulation Topology 2
___________________________
[17]				[4]		
[3]				[1]		
[17]				[13]		
[30]				[5]		
[14]				[36]		
[9]				[21]		
[27]				[4]		
[37]				[39]		
[12]				[20]		
[10]				[1]		
[22]				[6]		
[20]				[8]		
[24]				[36]		
[18]				[21]		
[2]				[31]		
[3]				[24]		
[28]				[38]		
[25]				[11]		
[35]				[18]		
[13]				[17]		
___________________________
Simulation Topology [2:0]
___________________________
From 	  To 		Length
___________________________
  16	 | 	17	 | 	27,17
  13	 | 	14	 | 	18,87
  11	 | 	17	 | 	5,83
  10	 | 	18	 | 	17,69
  9	 | 	18	 | 	30,23
  9	 | 	11	 | 	12,21
  8	 | 	12	 | 	20,00
  7	 | 	19	 | 	32,56
  7	 | 	13	 | 	26,17
  6	 | 	19	 | 	19,10
  0	 | 	4	 | 	32,14
  0	 | 	17	 | 	10,63
  1	 | 	5	 | 	20,88
  1	 | 	13	 | 	25,00
  2	 | 	10	 | 	8,60
  2	 | 	15	 | 	17,80
  3	 | 	9	 | 	20,40
  3	 | 	14	 | 	38,21
  4	 | 	18	 | 	27,66
  5	 | 	8	 | 	3,16
  6	 | 	12	 | 	32,14
  6	 | 	17	 | 	7,28
  7	 | 	16	 | 	9,06
  8	 | 	9	 | 	19,10
  10	 | 	14	 | 	32,02
  11	 | 	15	 | 	23,35
  11	 | 	19	 | 	11,40
  12	 | 	16	 | 	4,47
  13	 | 	18	 | 	17,26
___________________________
