Simulation Topology 1
___________________________
[5]				[3]		
[2]				[1]		
[2]				[11]		
[6]				[8]		
[0]				[14]		
[2]				[14]		
[8]				[12]		
[4]				[15]		
[3]				[18]		
[1]				[16]		
___________________________
Simulation Topology [1:4]
___________________________
From 	  To 		Length
___________________________
  0	 | 	1	 | 	3,61
  0	 | 	6	 | 	9,49
  0	 | 	9	 | 	13,60
  1	 | 	5	 | 	13,00
  1	 | 	7	 | 	14,14
  1	 | 	9	 | 	15,03
  2	 | 	3	 | 	5,00
  2	 | 	6	 | 	6,08
  2	 | 	8	 | 	7,07
  3	 | 	6	 | 	4,47
  3	 | 	8	 | 	10,44
  4	 | 	5	 | 	2,00
  4	 | 	7	 | 	4,12
  4	 | 	8	 | 	5,00
  5	 | 	7	 | 	2,24
___________________________
Simulation Topology 2
___________________________
