Simulation Topology 1
___________________________
Simulation Topology 2
___________________________
[0]				[34]		
[7]				[27]		
[9]				[15]		
[37]				[2]		
[4]				[34]		
[29]				[6]		
[37]				[10]		
[39]				[36]		
[17]				[36]		
[0]				[0]		
[8]				[35]		
[32]				[33]		
[11]				[1]		
[14]				[6]		
[28]				[3]		
[28]				[13]		
[22]				[0]		
[24]				[37]		
[27]				[29]		
[25]				[13]		
___________________________
Simulation Topology [2:0]
___________________________
From 	  To 		Length
___________________________
  0	 | 	6	 | 	44,10
  0	 | 	12	 | 	34,79
  1	 | 	4	 | 	7,62
  1	 | 	11	 | 	25,71
  2	 | 	11	 | 	29,21
  2	 | 	13	 | 	10,30
  3	 | 	9	 | 	37,05
  3	 | 	17	 | 	37,34
  4	 | 	19	 | 	29,70
  5	 | 	16	 | 	9,22
  5	 | 	18	 | 	23,09
  6	 | 	10	 | 	38,29
  7	 | 	9	 | 	53,08
  7	 | 	14	 | 	34,79
  8	 | 	17	 | 	7,07
  8	 | 	18	 | 	12,21
  10	 | 	15	 | 	29,73
  12	 | 	16	 | 	11,05
  13	 | 	15	 | 	15,65
  14	 | 	19	 | 	10,44
___________________________
