Simulation Topology 1
___________________________
[24]				[34]		
[29]				[30]		
[25]				[25]		
[3]				[10]		
[35]				[16]		
[34]				[8]		
[9]				[0]		
[1]				[28]		
[3]				[18]		
[34]				[36]		
___________________________
Simulation Topology [1:0]
___________________________
From 	  To 		Length
___________________________
  0	 | 	1	 | 	6,40
  0	 | 	4	 | 	21,10
  1	 | 	8	 | 	28,64
  2	 | 	5	 | 	19,24
  2	 | 	6	 | 	29,68
  3	 | 	4	 | 	32,56
  3	 | 	7	 | 	18,11
  5	 | 	9	 | 	28,00
  6	 | 	7	 | 	29,12
  6	 | 	8	 | 	18,97
  8	 | 	9	 | 	35,85
___________________________
Simulation Topology [1:1]
___________________________
From 	  To 		Length
___________________________
  0	 | 	1	 | 	6,40
  0	 | 	4	 | 	21,10
  1	 | 	8	 | 	28,64
  2	 | 	5	 | 	19,24
  2	 | 	6	 | 	29,68
  3	 | 	4	 | 	32,56
  3	 | 	7	 | 	18,11
  5	 | 	9	 | 	28,00
  6	 | 	7	 | 	29,12
  6	 | 	8	 | 	18,97
  8	 | 	9	 | 	35,85
  4	 | 	7	 | 	36,06
___________________________
Simulation Topology [1:2]
___________________________
From 	  To 		Length
___________________________
  0	 | 	1	 | 	6,40
  0	 | 	4	 | 	21,10
  1	 | 	8	 | 	28,64
  2	 | 	5	 | 	19,24
  2	 | 	6	 | 	29,68
  3	 | 	4	 | 	32,56
  3	 | 	7	 | 	18,11
  5	 | 	9	 | 	28,00
  6	 | 	7	 | 	29,12
  6	 | 	8	 | 	18,97
  8	 | 	9	 | 	35,85
  4	 | 	7	 | 	36,06
  0	 | 	3	 | 	31,89
___________________________
Simulation Topology [1:3]
___________________________
From 	  To 		Length
___________________________
  0	 | 	1	 | 	6,40
  0	 | 	4	 | 	21,10
  1	 | 	8	 | 	28,64
  2	 | 	5	 | 	19,24
  2	 | 	6	 | 	29,68
  3	 | 	4	 | 	32,56
  3	 | 	7	 | 	18,11
  5	 | 	9	 | 	28,00
  6	 | 	7	 | 	29,12
  6	 | 	8	 | 	18,97
  8	 | 	9	 | 	35,85
  4	 | 	7	 | 	36,06
  0	 | 	3	 | 	31,89
  2	 | 	9	 | 	14,21
___________________________
Simulation Topology [1:4]
___________________________
From 	  To 		Length
___________________________
  0	 | 	1	 | 	6,40
  0	 | 	4	 | 	21,10
  1	 | 	8	 | 	28,64
  2	 | 	5	 | 	19,24
  2	 | 	6	 | 	29,68
  3	 | 	4	 | 	32,56
  3	 | 	7	 | 	18,11
  5	 | 	9	 | 	28,00
  6	 | 	7	 | 	29,12
  6	 | 	8	 | 	18,97
  8	 | 	9	 | 	35,85
  4	 | 	7	 | 	36,06
  0	 | 	3	 | 	31,89
  2	 | 	9	 | 	14,21
  1	 | 	5	 | 	22,56
___________________________
Simulation Topology 2
___________________________
[16]				[21]		
[28]				[27]		
[12]				[25]		
[34]				[7]		
[18]				[37]		
[16]				[11]		
[39]				[15]		
[3]				[7]		
[24]				[22]		
[39]				[5]		
___________________________
Simulation Topology [2:0]
___________________________
From 	  To 		Length
___________________________
  1	 | 	5	 | 	20,00
  2	 | 	9	 | 	33,60
  0	 | 	3	 | 	22,80
  4	 | 	7	 | 	33,54
  8	 | 	9	 | 	22,67
  6	 | 	8	 | 	16,55
  6	 | 	7	 | 	36,88
  0	 | 	1	 | 	13,42
  0	 | 	7	 | 	19,10
  1	 | 	2	 | 	16,12
  2	 | 	6	 | 	28,79
  3	 | 	7	 | 	31,00
  3	 | 	9	 | 	5,39
  4	 | 	8	 | 	16,16
  4	 | 	9	 | 	38,28
  5	 | 	6	 | 	23,35
  5	 | 	8	 | 	13,60
  7	 | 	8	 | 	25,81
___________________________
Simulation Topology [2:1]
___________________________
From 	  To 		Length
___________________________
  1	 | 	5	 | 	20,00
  2	 | 	9	 | 	33,60
  0	 | 	3	 | 	22,80
  4	 | 	7	 | 	33,54
  8	 | 	9	 | 	22,67
  6	 | 	8	 | 	16,55
  6	 | 	7	 | 	36,88
  0	 | 	1	 | 	13,42
  0	 | 	7	 | 	19,10
  1	 | 	2	 | 	16,12
  2	 | 	6	 | 	28,79
  3	 | 	7	 | 	31,00
  3	 | 	9	 | 	5,39
  4	 | 	8	 | 	16,16
  4	 | 	9	 | 	38,28
  5	 | 	6	 | 	23,35
  5	 | 	8	 | 	13,60
  7	 | 	8	 | 	25,81
  2	 | 	3	 | 	28,43
___________________________
Simulation Topology [2:2]
___________________________
From 	  To 		Length
___________________________
  1	 | 	5	 | 	20,00
  2	 | 	9	 | 	33,60
  0	 | 	3	 | 	22,80
  4	 | 	7	 | 	33,54
  8	 | 	9	 | 	22,67
  6	 | 	8	 | 	16,55
  6	 | 	7	 | 	36,88
  0	 | 	1	 | 	13,42
  0	 | 	7	 | 	19,10
  1	 | 	2	 | 	16,12
  2	 | 	6	 | 	28,79
  3	 | 	7	 | 	31,00
  3	 | 	9	 | 	5,39
  4	 | 	8	 | 	16,16
  4	 | 	9	 | 	38,28
  5	 | 	6	 | 	23,35
  5	 | 	8	 | 	13,60
  7	 | 	8	 | 	25,81
  2	 | 	3	 | 	28,43
  1	 | 	4	 | 	14,14
___________________________
Simulation Topology [2:3]
___________________________
From 	  To 		Length
___________________________
  1	 | 	5	 | 	20,00
  2	 | 	9	 | 	33,60
  0	 | 	3	 | 	22,80
  4	 | 	7	 | 	33,54
  8	 | 	9	 | 	22,67
  6	 | 	8	 | 	16,55
  6	 | 	7	 | 	36,88
  0	 | 	1	 | 	13,42
  0	 | 	7	 | 	19,10
  1	 | 	2	 | 	16,12
  2	 | 	6	 | 	28,79
  3	 | 	7	 | 	31,00
  3	 | 	9	 | 	5,39
  4	 | 	8	 | 	16,16
  4	 | 	9	 | 	38,28
  5	 | 	6	 | 	23,35
  5	 | 	8	 | 	13,60
  7	 | 	8	 | 	25,81
  2	 | 	3	 | 	28,43
  1	 | 	4	 | 	14,14
  6	 | 	9	 | 	10,00
___________________________
Simulation Topology [2:4]
___________________________
From 	  To 		Length
___________________________
  1	 | 	5	 | 	20,00
  2	 | 	9	 | 	33,60
  0	 | 	3	 | 	22,80
  4	 | 	7	 | 	33,54
  8	 | 	9	 | 	22,67
  6	 | 	8	 | 	16,55
  6	 | 	7	 | 	36,88
  0	 | 	1	 | 	13,42
  0	 | 	7	 | 	19,10
  1	 | 	2	 | 	16,12
  2	 | 	6	 | 	28,79
  3	 | 	7	 | 	31,00
  3	 | 	9	 | 	5,39
  4	 | 	8	 | 	16,16
  4	 | 	9	 | 	38,28
  5	 | 	6	 | 	23,35
  5	 | 	8	 | 	13,60
  7	 | 	8	 | 	25,81
  2	 | 	3	 | 	28,43
  1	 | 	4	 | 	14,14
  6	 | 	9	 | 	10,00
  0	 | 	5	 | 	10,00
___________________________
