Simulation Topology 1
___________________________
Simulation Topology 2
___________________________
[31]				[33]		
[39]				[1]		
[33]				[33]		
[18]				[35]		
[21]				[6]		
[29]				[9]		
[30]				[4]		
[30]				[1]		
[37]				[15]		
[23]				[10]		
[10]				[21]		
[15]				[9]		
[22]				[34]		
[15]				[36]		
[21]				[36]		
[13]				[19]		
[25]				[20]		
[12]				[34]		
[27]				[39]		
[26]				[23]		
___________________________
Simulation Topology [2:0]
___________________________
From 	  To 		Length
___________________________
  0	 | 	3	 | 	13,15
  0	 | 	5	 | 	24,08
  1	 | 	11	 | 	25,30
  1	 | 	16	 | 	23,60
  2	 | 	7	 | 	32,14
  2	 | 	8	 | 	18,44
  3	 | 	10	 | 	16,12
  4	 | 	5	 | 	8,54
  4	 | 	19	 | 	17,72
  6	 | 	8	 | 	13,04
  6	 | 	18	 | 	35,13
  7	 | 	19	 | 	22,36
  9	 | 	16	 | 	10,20
  9	 | 	17	 | 	26,40
  10	 | 	14	 | 	18,60
  11	 | 	14	 | 	27,66
  12	 | 	15	 | 	17,49
  12	 | 	17	 | 	10,00
  13	 | 	15	 | 	17,12
  13	 | 	18	 | 	12,37
___________________________
