Simulation Topology 1
___________________________
[9]				[21]		
[34]				[12]		
[15]				[32]		
[1]				[34]		
[14]				[12]		
[18]				[1]		
[20]				[4]		
[21]				[35]		
[1]				[16]		
[10]				[6]		
[31]				[2]		
[27]				[16]		
[39]				[21]		
[0]				[19]		
[24]				[15]		
[30]				[16]		
[24]				[0]		
[22]				[4]		
[21]				[26]		
[39]				[27]		
___________________________
Simulation Topology [1:0]
___________________________
From 	  To 		Length
___________________________
  0	 | 	3	 | 	15,26
  0	 | 	11	 | 	18,68
  1	 | 	2	 | 	27,59
  1	 | 	19	 | 	15,81
  2	 | 	7	 | 	6,71
  3	 | 	7	 | 	20,02
  4	 | 	18	 | 	15,65
  4	 | 	19	 | 	29,15
  5	 | 	10	 | 	13,04
  5	 | 	14	 | 	15,23
  6	 | 	9	 | 	10,20
  6	 | 	16	 | 	5,66
  8	 | 	9	 | 	13,45
  8	 | 	15	 | 	29,00
  10	 | 	15	 | 	14,04
  11	 | 	16	 | 	16,28
  12	 | 	13	 | 	39,05
  12	 | 	17	 | 	24,04
  13	 | 	14	 | 	24,33
  17	 | 	18	 | 	22,02
___________________________
Simulation Topology 2
___________________________
[26]				[25]		
[38]				[38]		
[16]				[17]		
[6]				[29]		
[24]				[7]		
[6]				[9]		
[5]				[26]		
[28]				[38]		
[35]				[9]		
[18]				[14]		
[36]				[23]		
[32]				[10]		
[4]				[14]		
[2]				[18]		
[27]				[33]		
[0]				[17]		
[20]				[14]		
[0]				[32]		
[20]				[6]		
[22]				[5]		
___________________________
Simulation Topology [2:0]
___________________________
From 	  To 		Length
___________________________
  17	 | 	18	 | 	32,80
  13	 | 	14	 | 	29,15
  12	 | 	17	 | 	18,44
  12	 | 	13	 | 	4,47
  11	 | 	16	 | 	12,65
  10	 | 	15	 | 	36,50
  8	 | 	15	 | 	35,90
  8	 | 	9	 | 	17,72
  6	 | 	16	 | 	19,21
  6	 | 	9	 | 	17,69
  0	 | 	5	 | 	25,61
  0	 | 	6	 | 	21,02
  1	 | 	12	 | 	41,62
  1	 | 	18	 | 	36,72
  2	 | 	6	 | 	14,21
  2	 | 	14	 | 	19,42
  3	 | 	13	 | 	11,70
  3	 | 	19	 | 	28,84
  4	 | 	11	 | 	8,54
  4	 | 	18	 | 	4,12
  5	 | 	7	 | 	36,40
  7	 | 	17	 | 	28,64
  8	 | 	11	 | 	3,16
  9	 | 	19	 | 	9,85
  10	 | 	16	 | 	18,36
  12	 | 	14	 | 	29,83
  13	 | 	16	 | 	18,44
  15	 | 	17	 | 	15,00
___________________________
