Simulation Topology 1
___________________________
[34]				[11]		
[35]				[8]		
[28]				[30]		
[17]				[33]		
[38]				[20]		
[12]				[12]		
[35]				[2]		
[30]				[29]		
[18]				[3]		
[28]				[5]		
[38]				[25]		
[28]				[8]		
[29]				[12]		
[30]				[38]		
[32]				[16]		
[24]				[23]		
[4]				[21]		
[13]				[26]		
[1]				[22]		
[19]				[37]		
___________________________
Simulation Topology [1:0]
___________________________
From 	  To 		Length
___________________________
  0	 | 	11	 | 	6,71
  0	 | 	18	 | 	34,79
  1	 | 	10	 | 	17,26
  1	 | 	15	 | 	18,60
  2	 | 	16	 | 	25,63
  2	 | 	19	 | 	11,40
  3	 | 	6	 | 	35,85
  3	 | 	13	 | 	13,93
  4	 | 	7	 | 	12,04
  4	 | 	17	 | 	25,71
  5	 | 	10	 | 	29,07
  5	 | 	14	 | 	20,40
  6	 | 	9	 | 	7,62
  7	 | 	16	 | 	27,20
  8	 | 	13	 | 	37,00
  8	 | 	19	 | 	34,01
  9	 | 	12	 | 	7,07
  11	 | 	12	 | 	4,12
  14	 | 	18	 | 	31,58
  15	 | 	17	 | 	11,40
___________________________
Simulation Topology 2
___________________________
[7]				[34]		
[3]				[35]		
[16]				[26]		
[20]				[37]		
[22]				[8]		
[20]				[8]		
[12]				[28]		
[10]				[21]		
[0]				[2]		
[7]				[9]		
[25]				[8]		
[15]				[7]		
[7]				[3]		
[4]				[27]		
[1]				[7]		
[4]				[18]		
[35]				[11]		
[22]				[38]		
[23]				[36]		
[7]				[6]		
___________________________
Simulation Topology [2:0]
___________________________
From 	  To 		Length
___________________________
  15	 | 	17	 | 	26,91
  14	 | 	18	 | 	36,40
  11	 | 	12	 | 	8,94
  9	 | 	12	 | 	6,00
  8	 | 	19	 | 	8,06
  8	 | 	13	 | 	25,32
  7	 | 	16	 | 	26,93
  6	 | 	9	 | 	19,65
  5	 | 	14	 | 	19,03
  5	 | 	10	 | 	5,00
  0	 | 	3	 | 	13,34
  0	 | 	18	 | 	16,12
  1	 | 	8	 | 	33,14
  1	 | 	9	 | 	26,31
  2	 | 	4	 | 	18,97
  2	 | 	5	 | 	18,44
  3	 | 	13	 | 	18,87
  4	 | 	6	 | 	22,36
  5	 | 	19	 | 	13,15
  6	 | 	7	 | 	7,28
  7	 | 	10	 | 	19,85
  8	 | 	9	 | 	9,90
  10	 | 	13	 | 	28,32
  11	 | 	17	 | 	31,78
  12	 | 	15	 | 	15,30
  14	 | 	19	 | 	6,08
  15	 | 	16	 | 	31,78
  16	 | 	17	 | 	29,97
___________________________
