Simulation Topology 1
___________________________
[0]				[3]		
[2]				[6]		
[7]				[5]		
[6]				[12]		
[1]				[19]		
[6]				[20]		
[2]				[21]		
[1]				[28]		
[7]				[29]		
[8]				[35]		
___________________________
Simulation Topology [1:0]
___________________________
From 	  To 		Length
___________________________
  0	 | 	3	 | 	10,82
  0	 | 	8	 | 	26,93
  1	 | 	2	 | 	5,10
  1	 | 	5	 | 	14,56
  2	 | 	4	 | 	15,23
  3	 | 	5	 | 	8,00
  4	 | 	6	 | 	2,24
  6	 | 	9	 | 	15,23
  7	 | 	8	 | 	6,08
  7	 | 	9	 | 	9,90
___________________________
Simulation Topology 2
___________________________
[5]				[1]		
[5]				[3]		
[2]				[1]		
[9]				[7]		
[9]				[9]		
[3]				[8]		
[8]				[13]		
[2]				[18]		
[8]				[16]		
[9]				[23]		
___________________________
Simulation Topology [2:0]
___________________________
From 	  To 		Length
___________________________
  7	 | 	9	 | 	8,60
  7	 | 	8	 | 	6,32
  6	 | 	9	 | 	10,05
  4	 | 	6	 | 	4,12
  3	 | 	5	 | 	6,08
  0	 | 	2	 | 	3,00
  0	 | 	6	 | 	12,37
  0	 | 	7	 | 	17,26
  1	 | 	4	 | 	7,21
  1	 | 	8	 | 	13,34
  2	 | 	7	 | 	17,00
  3	 | 	9	 | 	16,00
  4	 | 	5	 | 	6,08
  8	 | 	9	 | 	7,07
___________________________
