Simulation Topology 1
___________________________
[4]				[36]		
[37]				[13]		
[30]				[4]		
[29]				[17]		
[9]				[37]		
[33]				[13]		
[2]				[28]		
[4]				[9]		
[6]				[11]		
[11]				[11]		
[13]				[26]		
[38]				[6]		
[2]				[31]		
[15]				[24]		
[18]				[32]		
[15]				[29]		
[24]				[38]		
[18]				[7]		
[2]				[0]		
[3]				[33]		
___________________________
Simulation Topology [1:0]
___________________________
From 	  To 		Length
___________________________
  0	 | 	9	 | 	25,96
  0	 | 	19	 | 	3,16
  1	 | 	2	 | 	11,40
  1	 | 	3	 | 	8,94
  2	 | 	16	 | 	34,53
  3	 | 	14	 | 	18,60
  4	 | 	7	 | 	28,44
  4	 | 	10	 | 	11,70
  5	 | 	6	 | 	34,44
  5	 | 	13	 | 	21,10
  6	 | 	14	 | 	16,49
  7	 | 	12	 | 	22,09
  8	 | 	9	 | 	5,00
  8	 | 	11	 | 	32,39
  10	 | 	13	 | 	2,83
  11	 | 	18	 | 	36,50
  12	 | 	18	 | 	31,00
  15	 | 	17	 | 	22,20
  15	 | 	19	 | 	12,65
  16	 | 	17	 | 	31,58
___________________________
Simulation Topology 2
___________________________
[28]				[29]		
[6]				[22]		
[2]				[37]		
[36]				[13]		
[6]				[24]		
[39]				[26]		
[31]				[15]		
[34]				[2]		
[17]				[15]		
[9]				[33]		
[22]				[33]		
[19]				[12]		
[14]				[28]		
[28]				[24]		
[9]				[12]		
[39]				[31]		
[12]				[35]		
[15]				[15]		
[39]				[23]		
[28]				[35]		
___________________________
Simulation Topology [2:0]
___________________________
From 	  To 		Length
___________________________
  16	 | 	17	 | 	20,22
  15	 | 	19	 | 	11,70
  15	 | 	17	 | 	28,84
  12	 | 	18	 | 	25,50
  11	 | 	18	 | 	22,83
  10	 | 	13	 | 	10,82
  8	 | 	11	 | 	3,61
  8	 | 	9	 | 	19,70
  7	 | 	12	 | 	32,80
  6	 | 	14	 | 	22,20
  0	 | 	10	 | 	7,21
  0	 | 	18	 | 	12,53
  1	 | 	14	 | 	10,44
  1	 | 	15	 | 	34,21
  2	 | 	15	 | 	37,48
  2	 | 	16	 | 	10,20
  3	 | 	6	 | 	5,39
  3	 | 	7	 | 	11,18
  4	 | 	9	 | 	9,49
  4	 | 	11	 | 	17,69
  5	 | 	16	 | 	28,46
  5	 | 	18	 | 	3,00
  6	 | 	13	 | 	9,49
  7	 | 	17	 | 	23,02
  8	 | 	17	 | 	2,00
  10	 | 	12	 | 	9,43
  11	 | 	14	 | 	10,00
  12	 | 	19	 | 	15,65
  13	 | 	19	 | 	11,00
___________________________
