Simulation Topology 1
___________________________
[7]				[33]		
[5]				[81]		
[5]				[101]		
[3]				[111]		
[3]				[102]		
[4]				[92]		
[1]				[94]		
[0]				[112]		
[0]				[110]		
[3]				[99]		
[3]				[96]		
[7]				[98]		
[7]				[116]		
[2]				[146]		
[9]				[120]		
[6]				[128]		
[9]				[132]		
[7]				[141]		
[0]				[126]		
[6]				[130]		
[4]				[121]		
[8]				[123]		
[4]				[134]		
[3]				[184]		
[3]				[163]		
[4]				[166]		
[6]				[173]		
[7]				[167]		
[5]				[195]		
[8]				[194]		
[7]				[162]		
[0]				[191]		
[1]				[179]		
[5]				[198]		
[8]				[175]		
[0]				[194]		
[7]				[197]		
[2]				[171]		
[2]				[188]		
[8]				[172]		
[8]				[170]		
[7]				[199]		
[6]				[189]		
[1]				[186]		
[7]				[218]		
[3]				[212]		
[4]				[224]		
[0]				[201]		
[4]				[208]		
[6]				[222]		
[8]				[223]		
[1]				[238]		
[3]				[221]		
[6]				[237]		
[9]				[208]		
[8]				[235]		
[2]				[232]		
[0]				[233]		
[9]				[233]		
[6]				[235]		
[5]				[233]		
[0]				[231]		
[1]				[213]		
[7]				[233]		
[1]				[235]		
[8]				[227]		
[6]				[228]		
[0]				[228]		
[4]				[235]		
[6]				[240]		
[2]				[275]		
[4]				[277]		
[8]				[244]		
[3]				[250]		
[1]				[248]		
[6]				[271]		
[4]				[267]		
[9]				[273]		
[1]				[253]		
[9]				[247]		
[9]				[268]		
[9]				[254]		
[0]				[274]		
[6]				[276]		
[6]				[252]		
[7]				[257]		
[4]				[240]		
[4]				[279]		
[6]				[263]		
[8]				[290]		
[3]				[315]		
[7]				[307]		
[7]				[310]		
[5]				[292]		
[9]				[306]		
[0]				[287]		
[6]				[297]		
[2]				[285]		
[8]				[316]		
[1]				[312]		
___________________________
Simulation Topology [1:1]
___________________________
From 	  To 		Length
___________________________
  0	 | 	7	 | 	79,31
  0	 | 	54	 | 	175,01
  0	 | 	75	 | 	238,00
  1	 | 	9	 | 	18,11
  1	 | 	82	 | 	193,06
  2	 | 	4	 | 	2,24
  2	 | 	9	 | 	2,83
  3	 | 	11	 | 	13,60
  3	 | 	14	 | 	10,82
  4	 | 	6	 | 	8,25
  4	 | 	10	 | 	6,00
  5	 | 	14	 | 	28,44
  5	 | 	15	 | 	36,06
  6	 | 	10	 | 	2,83
  6	 | 	11	 | 	7,21
  7	 | 	8	 | 	2,00
  7	 | 	12	 | 	8,06
  8	 | 	9	 | 	11,40
  10	 | 	24	 | 	67,00
  12	 | 	14	 | 	4,47
  12	 | 	20	 | 	5,83
  13	 | 	17	 | 	7,07
  13	 | 	18	 | 	20,10
  13	 | 	27	 | 	21,59
  15	 | 	19	 | 	2,00
  16	 | 	22	 | 	5,39
  16	 | 	25	 | 	34,37
  17	 | 	22	 | 	7,62
  18	 | 	45	 | 	86,05
  18	 | 	83	 | 	150,12
  19	 | 	30	 | 	32,02
  20	 | 	21	 | 	4,47
  21	 | 	56	 | 	109,17
  23	 | 	32	 | 	5,39
  23	 | 	43	 | 	2,83
  24	 | 	37	 | 	8,06
  24	 | 	40	 | 	8,60
  25	 | 	27	 | 	3,16
  25	 | 	30	 | 	5,00
  26	 | 	32	 | 	7,81
  26	 | 	40	 | 	3,61
  27	 | 	34	 | 	8,06
  28	 | 	29	 | 	3,16
  28	 | 	35	 | 	5,10
  28	 | 	36	 | 	2,83
  29	 | 	31	 | 	8,54
  29	 | 	42	 | 	5,39
  30	 | 	39	 | 	10,05
  31	 | 	38	 | 	3,61
  31	 | 	39	 | 	20,62
  33	 | 	36	 | 	2,24
  33	 | 	38	 | 	10,44
  33	 | 	48	 | 	10,05
  34	 | 	38	 | 	14,32
  34	 | 	43	 | 	13,04
  35	 | 	42	 | 	7,81
  37	 | 	40	 | 	6,08
  41	 | 	47	 | 	7,28
  41	 | 	48	 | 	9,49
  44	 | 	46	 | 	6,71
  44	 | 	49	 | 	4,12
  44	 | 	62	 | 	7,81
  45	 | 	54	 | 	7,21
  45	 | 	62	 | 	2,24
  46	 | 	49	 | 	2,83
  46	 | 	61	 | 	8,06
  47	 | 	54	 | 	11,40
  48	 | 	52	 | 	13,04
  50	 | 	56	 | 	10,82
  50	 | 	60	 | 	10,44
  50	 | 	65	 | 	4,00
  51	 | 	64	 | 	3,00
  51	 | 	86	 | 	3,61
  52	 | 	62	 | 	8,25
  53	 | 	64	 | 	5,39
  53	 | 	69	 | 	3,00
  53	 | 	72	 | 	7,28
  55	 | 	59	 | 	2,00
  55	 | 	60	 | 	3,61
  55	 | 	86	 | 	6,40
  56	 | 	59	 | 	5,00
  57	 | 	64	 | 	2,24
  57	 | 	67	 | 	5,00
  57	 | 	68	 | 	4,47
  58	 | 	65	 | 	6,08
  58	 | 	66	 | 	5,83
  59	 | 	66	 | 	7,00
  60	 | 	78	 | 	20,40
  61	 | 	67	 | 	3,00
  63	 | 	65	 | 	6,08
  63	 | 	67	 | 	8,60
  68	 | 	72	 | 	9,85
  69	 | 	74	 | 	9,43
  69	 | 	85	 | 	17,03
  70	 | 	83	 | 	4,12
  70	 | 	90	 | 	40,01
  71	 | 	80	 | 	10,30
  71	 | 	93	 | 	15,03
  72	 | 	73	 | 	7,81
  73	 | 	74	 | 	2,83
  73	 | 	81	 | 	7,21
  74	 | 	77	 | 	26,25
  75	 | 	83	 | 	5,00
  75	 | 	87	 | 	8,25
  76	 | 	77	 | 	7,81
  76	 | 	80	 | 	5,10
  76	 | 	88	 | 	4,47
  78	 | 	84	 | 	5,10
  79	 | 	84	 | 	5,83
  79	 | 	86	 | 	8,60
  81	 | 	84	 | 	3,61
  81	 | 	88	 | 	9,49
  82	 | 	85	 | 	18,38
  82	 | 	95	 | 	13,00
  87	 | 	97	 | 	6,32
  89	 | 	93	 | 	3,61
  89	 | 	95	 | 	8,54
  89	 | 	96	 | 	7,28
  90	 | 	96	 | 	18,25
  91	 | 	92	 | 	3,00
  91	 | 	94	 | 	2,24
  92	 | 	98	 | 	6,08
  93	 | 	99	 | 	20,40
  94	 | 	99	 | 	10,00
  95	 | 	97	 | 	2,83
  96	 | 	98	 | 	19,10
___________________________
Simulation Topology [1:2]
___________________________
From 	  To 		Length
___________________________
  0	 | 	7	 | 	79,31
  0	 | 	54	 | 	175,01
  0	 | 	75	 | 	238,00
  1	 | 	9	 | 	18,11
  1	 | 	82	 | 	193,06
  2	 | 	4	 | 	2,24
  2	 | 	9	 | 	2,83
  3	 | 	11	 | 	13,60
  3	 | 	14	 | 	10,82
  4	 | 	6	 | 	8,25
  4	 | 	10	 | 	6,00
  5	 | 	14	 | 	28,44
  5	 | 	15	 | 	36,06
  6	 | 	10	 | 	2,83
  6	 | 	11	 | 	7,21
  7	 | 	8	 | 	2,00
  7	 | 	12	 | 	8,06
  8	 | 	9	 | 	11,40
  10	 | 	24	 | 	67,00
  12	 | 	14	 | 	4,47
  12	 | 	20	 | 	5,83
  13	 | 	17	 | 	7,07
  13	 | 	18	 | 	20,10
  13	 | 	27	 | 	21,59
  15	 | 	19	 | 	2,00
  16	 | 	22	 | 	5,39
  16	 | 	25	 | 	34,37
  17	 | 	22	 | 	7,62
  18	 | 	45	 | 	86,05
  18	 | 	83	 | 	150,12
  19	 | 	30	 | 	32,02
  20	 | 	21	 | 	4,47
  21	 | 	56	 | 	109,17
  23	 | 	32	 | 	5,39
  23	 | 	43	 | 	2,83
  24	 | 	37	 | 	8,06
  24	 | 	40	 | 	8,60
  25	 | 	27	 | 	3,16
  25	 | 	30	 | 	5,00
  26	 | 	32	 | 	7,81
  26	 | 	40	 | 	3,61
  27	 | 	34	 | 	8,06
  28	 | 	29	 | 	3,16
  28	 | 	35	 | 	5,10
  28	 | 	36	 | 	2,83
  29	 | 	31	 | 	8,54
  29	 | 	42	 | 	5,39
  30	 | 	39	 | 	10,05
  31	 | 	38	 | 	3,61
  31	 | 	39	 | 	20,62
  33	 | 	36	 | 	2,24
  33	 | 	38	 | 	10,44
  33	 | 	48	 | 	10,05
  34	 | 	38	 | 	14,32
  34	 | 	43	 | 	13,04
  35	 | 	42	 | 	7,81
  37	 | 	40	 | 	6,08
  41	 | 	47	 | 	7,28
  41	 | 	48	 | 	9,49
  44	 | 	46	 | 	6,71
  44	 | 	49	 | 	4,12
  44	 | 	62	 | 	7,81
  45	 | 	54	 | 	7,21
  45	 | 	62	 | 	2,24
  46	 | 	49	 | 	2,83
  46	 | 	61	 | 	8,06
  47	 | 	54	 | 	11,40
  48	 | 	52	 | 	13,04
  50	 | 	56	 | 	10,82
  50	 | 	60	 | 	10,44
  50	 | 	65	 | 	4,00
  51	 | 	64	 | 	3,00
  51	 | 	86	 | 	3,61
  52	 | 	62	 | 	8,25
  53	 | 	64	 | 	5,39
  53	 | 	69	 | 	3,00
  53	 | 	72	 | 	7,28
  55	 | 	59	 | 	2,00
  55	 | 	60	 | 	3,61
  55	 | 	86	 | 	6,40
  56	 | 	59	 | 	5,00
  57	 | 	64	 | 	2,24
  57	 | 	67	 | 	5,00
  57	 | 	68	 | 	4,47
  58	 | 	65	 | 	6,08
  58	 | 	66	 | 	5,83
  59	 | 	66	 | 	7,00
  60	 | 	78	 | 	20,40
  61	 | 	67	 | 	3,00
  63	 | 	65	 | 	6,08
  63	 | 	67	 | 	8,60
  68	 | 	72	 | 	9,85
  69	 | 	74	 | 	9,43
  69	 | 	85	 | 	17,03
  70	 | 	83	 | 	4,12
  70	 | 	90	 | 	40,01
  71	 | 	80	 | 	10,30
  71	 | 	93	 | 	15,03
  72	 | 	73	 | 	7,81
  73	 | 	74	 | 	2,83
  73	 | 	81	 | 	7,21
  74	 | 	77	 | 	26,25
  75	 | 	83	 | 	5,00
  75	 | 	87	 | 	8,25
  76	 | 	77	 | 	7,81
  76	 | 	80	 | 	5,10
  76	 | 	88	 | 	4,47
  78	 | 	84	 | 	5,10
  79	 | 	84	 | 	5,83
  79	 | 	86	 | 	8,60
  81	 | 	84	 | 	3,61
  81	 | 	88	 | 	9,49
  82	 | 	85	 | 	18,38
  82	 | 	95	 | 	13,00
  87	 | 	97	 | 	6,32
  89	 | 	93	 | 	3,61
  89	 | 	95	 | 	8,54
  89	 | 	96	 | 	7,28
  90	 | 	96	 | 	18,25
  91	 | 	92	 | 	3,00
  91	 | 	94	 | 	2,24
  92	 | 	98	 | 	6,08
  93	 | 	99	 | 	20,40
  94	 | 	99	 | 	10,00
  95	 | 	97	 | 	2,83
  96	 | 	98	 | 	19,10
  5	 | 	66	 | 	136,01
___________________________
Simulation Topology [1:3]
___________________________
From 	  To 		Length
___________________________
  0	 | 	7	 | 	79,31
  0	 | 	54	 | 	175,01
  0	 | 	75	 | 	238,00
  1	 | 	9	 | 	18,11
  1	 | 	82	 | 	193,06
  2	 | 	4	 | 	2,24
  2	 | 	9	 | 	2,83
  3	 | 	11	 | 	13,60
  3	 | 	14	 | 	10,82
  4	 | 	6	 | 	8,25
  4	 | 	10	 | 	6,00
  5	 | 	14	 | 	28,44
  5	 | 	15	 | 	36,06
  6	 | 	10	 | 	2,83
  6	 | 	11	 | 	7,21
  7	 | 	8	 | 	2,00
  7	 | 	12	 | 	8,06
  8	 | 	9	 | 	11,40
  10	 | 	24	 | 	67,00
  12	 | 	14	 | 	4,47
  12	 | 	20	 | 	5,83
  13	 | 	17	 | 	7,07
  13	 | 	18	 | 	20,10
  13	 | 	27	 | 	21,59
  15	 | 	19	 | 	2,00
  16	 | 	22	 | 	5,39
  16	 | 	25	 | 	34,37
  17	 | 	22	 | 	7,62
  18	 | 	45	 | 	86,05
  18	 | 	83	 | 	150,12
  19	 | 	30	 | 	32,02
  20	 | 	21	 | 	4,47
  21	 | 	56	 | 	109,17
  23	 | 	32	 | 	5,39
  23	 | 	43	 | 	2,83
  24	 | 	37	 | 	8,06
  24	 | 	40	 | 	8,60
  25	 | 	27	 | 	3,16
  25	 | 	30	 | 	5,00
  26	 | 	32	 | 	7,81
  26	 | 	40	 | 	3,61
  27	 | 	34	 | 	8,06
  28	 | 	29	 | 	3,16
  28	 | 	35	 | 	5,10
  28	 | 	36	 | 	2,83
  29	 | 	31	 | 	8,54
  29	 | 	42	 | 	5,39
  30	 | 	39	 | 	10,05
  31	 | 	38	 | 	3,61
  31	 | 	39	 | 	20,62
  33	 | 	36	 | 	2,24
  33	 | 	38	 | 	10,44
  33	 | 	48	 | 	10,05
  34	 | 	38	 | 	14,32
  34	 | 	43	 | 	13,04
  35	 | 	42	 | 	7,81
  37	 | 	40	 | 	6,08
  41	 | 	47	 | 	7,28
  41	 | 	48	 | 	9,49
  44	 | 	46	 | 	6,71
  44	 | 	49	 | 	4,12
  44	 | 	62	 | 	7,81
  45	 | 	54	 | 	7,21
  45	 | 	62	 | 	2,24
  46	 | 	49	 | 	2,83
  46	 | 	61	 | 	8,06
  47	 | 	54	 | 	11,40
  48	 | 	52	 | 	13,04
  50	 | 	56	 | 	10,82
  50	 | 	60	 | 	10,44
  50	 | 	65	 | 	4,00
  51	 | 	64	 | 	3,00
  51	 | 	86	 | 	3,61
  52	 | 	62	 | 	8,25
  53	 | 	64	 | 	5,39
  53	 | 	69	 | 	3,00
  53	 | 	72	 | 	7,28
  55	 | 	59	 | 	2,00
  55	 | 	60	 | 	3,61
  55	 | 	86	 | 	6,40
  56	 | 	59	 | 	5,00
  57	 | 	64	 | 	2,24
  57	 | 	67	 | 	5,00
  57	 | 	68	 | 	4,47
  58	 | 	65	 | 	6,08
  58	 | 	66	 | 	5,83
  59	 | 	66	 | 	7,00
  60	 | 	78	 | 	20,40
  61	 | 	67	 | 	3,00
  63	 | 	65	 | 	6,08
  63	 | 	67	 | 	8,60
  68	 | 	72	 | 	9,85
  69	 | 	74	 | 	9,43
  69	 | 	85	 | 	17,03
  70	 | 	83	 | 	4,12
  70	 | 	90	 | 	40,01
  71	 | 	80	 | 	10,30
  71	 | 	93	 | 	15,03
  72	 | 	73	 | 	7,81
  73	 | 	74	 | 	2,83
  73	 | 	81	 | 	7,21
  74	 | 	77	 | 	26,25
  75	 | 	83	 | 	5,00
  75	 | 	87	 | 	8,25
  76	 | 	77	 | 	7,81
  76	 | 	80	 | 	5,10
  76	 | 	88	 | 	4,47
  78	 | 	84	 | 	5,10
  79	 | 	84	 | 	5,83
  79	 | 	86	 | 	8,60
  81	 | 	84	 | 	3,61
  81	 | 	88	 | 	9,49
  82	 | 	85	 | 	18,38
  82	 | 	95	 | 	13,00
  87	 | 	97	 | 	6,32
  89	 | 	93	 | 	3,61
  89	 | 	95	 | 	8,54
  89	 | 	96	 | 	7,28
  90	 | 	96	 | 	18,25
  91	 | 	92	 | 	3,00
  91	 | 	94	 | 	2,24
  92	 | 	98	 | 	6,08
  93	 | 	99	 | 	20,40
  94	 | 	99	 | 	10,00
  95	 | 	97	 | 	2,83
  96	 | 	98	 | 	19,10
  5	 | 	66	 | 	136,01
  49	 | 	98	 | 	94,02
___________________________
Simulation Topology [1:4]
___________________________
From 	  To 		Length
___________________________
  0	 | 	7	 | 	79,31
  0	 | 	54	 | 	175,01
  0	 | 	75	 | 	238,00
  1	 | 	9	 | 	18,11
  1	 | 	82	 | 	193,06
  2	 | 	4	 | 	2,24
  2	 | 	9	 | 	2,83
  3	 | 	11	 | 	13,60
  3	 | 	14	 | 	10,82
  4	 | 	6	 | 	8,25
  4	 | 	10	 | 	6,00
  5	 | 	14	 | 	28,44
  5	 | 	15	 | 	36,06
  6	 | 	10	 | 	2,83
  6	 | 	11	 | 	7,21
  7	 | 	8	 | 	2,00
  7	 | 	12	 | 	8,06
  8	 | 	9	 | 	11,40
  10	 | 	24	 | 	67,00
  12	 | 	14	 | 	4,47
  12	 | 	20	 | 	5,83
  13	 | 	17	 | 	7,07
  13	 | 	18	 | 	20,10
  13	 | 	27	 | 	21,59
  15	 | 	19	 | 	2,00
  16	 | 	22	 | 	5,39
  16	 | 	25	 | 	34,37
  17	 | 	22	 | 	7,62
  18	 | 	45	 | 	86,05
  18	 | 	83	 | 	150,12
  19	 | 	30	 | 	32,02
  20	 | 	21	 | 	4,47
  21	 | 	56	 | 	109,17
  23	 | 	32	 | 	5,39
  23	 | 	43	 | 	2,83
  24	 | 	37	 | 	8,06
  24	 | 	40	 | 	8,60
  25	 | 	27	 | 	3,16
  25	 | 	30	 | 	5,00
  26	 | 	32	 | 	7,81
  26	 | 	40	 | 	3,61
  27	 | 	34	 | 	8,06
  28	 | 	29	 | 	3,16
  28	 | 	35	 | 	5,10
  28	 | 	36	 | 	2,83
  29	 | 	31	 | 	8,54
  29	 | 	42	 | 	5,39
  30	 | 	39	 | 	10,05
  31	 | 	38	 | 	3,61
  31	 | 	39	 | 	20,62
  33	 | 	36	 | 	2,24
  33	 | 	38	 | 	10,44
  33	 | 	48	 | 	10,05
  34	 | 	38	 | 	14,32
  34	 | 	43	 | 	13,04
  35	 | 	42	 | 	7,81
  37	 | 	40	 | 	6,08
  41	 | 	47	 | 	7,28
  41	 | 	48	 | 	9,49
  44	 | 	46	 | 	6,71
  44	 | 	49	 | 	4,12
  44	 | 	62	 | 	7,81
  45	 | 	54	 | 	7,21
  45	 | 	62	 | 	2,24
  46	 | 	49	 | 	2,83
  46	 | 	61	 | 	8,06
  47	 | 	54	 | 	11,40
  48	 | 	52	 | 	13,04
  50	 | 	56	 | 	10,82
  50	 | 	60	 | 	10,44
  50	 | 	65	 | 	4,00
  51	 | 	64	 | 	3,00
  51	 | 	86	 | 	3,61
  52	 | 	62	 | 	8,25
  53	 | 	64	 | 	5,39
  53	 | 	69	 | 	3,00
  53	 | 	72	 | 	7,28
  55	 | 	59	 | 	2,00
  55	 | 	60	 | 	3,61
  55	 | 	86	 | 	6,40
  56	 | 	59	 | 	5,00
  57	 | 	64	 | 	2,24
  57	 | 	67	 | 	5,00
  57	 | 	68	 | 	4,47
  58	 | 	65	 | 	6,08
  58	 | 	66	 | 	5,83
  59	 | 	66	 | 	7,00
  60	 | 	78	 | 	20,40
  61	 | 	67	 | 	3,00
  63	 | 	65	 | 	6,08
  63	 | 	67	 | 	8,60
  68	 | 	72	 | 	9,85
  69	 | 	74	 | 	9,43
  69	 | 	85	 | 	17,03
  70	 | 	83	 | 	4,12
  70	 | 	90	 | 	40,01
  71	 | 	80	 | 	10,30
  71	 | 	93	 | 	15,03
  72	 | 	73	 | 	7,81
  73	 | 	74	 | 	2,83
  73	 | 	81	 | 	7,21
  74	 | 	77	 | 	26,25
  75	 | 	83	 | 	5,00
  75	 | 	87	 | 	8,25
  76	 | 	77	 | 	7,81
  76	 | 	80	 | 	5,10
  76	 | 	88	 | 	4,47
  78	 | 	84	 | 	5,10
  79	 | 	84	 | 	5,83
  79	 | 	86	 | 	8,60
  81	 | 	84	 | 	3,61
  81	 | 	88	 | 	9,49
  82	 | 	85	 | 	18,38
  82	 | 	95	 | 	13,00
  87	 | 	97	 | 	6,32
  89	 | 	93	 | 	3,61
  89	 | 	95	 | 	8,54
  89	 | 	96	 | 	7,28
  90	 | 	96	 | 	18,25
  91	 | 	92	 | 	3,00
  91	 | 	94	 | 	2,24
  92	 | 	98	 | 	6,08
  93	 | 	99	 | 	20,40
  94	 | 	99	 | 	10,00
  95	 | 	97	 | 	2,83
  96	 | 	98	 | 	19,10
  5	 | 	66	 | 	136,01
  49	 | 	98	 | 	94,02
  61	 | 	94	 | 	75,54
___________________________
Simulation Topology [1:5]
___________________________
From 	  To 		Length
___________________________
  0	 | 	7	 | 	79,31
  0	 | 	54	 | 	175,01
  0	 | 	75	 | 	238,00
  1	 | 	9	 | 	18,11
  1	 | 	82	 | 	193,06
  2	 | 	4	 | 	2,24
  2	 | 	9	 | 	2,83
  3	 | 	11	 | 	13,60
  3	 | 	14	 | 	10,82
  4	 | 	6	 | 	8,25
  4	 | 	10	 | 	6,00
  5	 | 	14	 | 	28,44
  5	 | 	15	 | 	36,06
  6	 | 	10	 | 	2,83
  6	 | 	11	 | 	7,21
  7	 | 	8	 | 	2,00
  7	 | 	12	 | 	8,06
  8	 | 	9	 | 	11,40
  10	 | 	24	 | 	67,00
  12	 | 	14	 | 	4,47
  12	 | 	20	 | 	5,83
  13	 | 	17	 | 	7,07
  13	 | 	18	 | 	20,10
  13	 | 	27	 | 	21,59
  15	 | 	19	 | 	2,00
  16	 | 	22	 | 	5,39
  16	 | 	25	 | 	34,37
  17	 | 	22	 | 	7,62
  18	 | 	45	 | 	86,05
  18	 | 	83	 | 	150,12
  19	 | 	30	 | 	32,02
  20	 | 	21	 | 	4,47
  21	 | 	56	 | 	109,17
  23	 | 	32	 | 	5,39
  23	 | 	43	 | 	2,83
  24	 | 	37	 | 	8,06
  24	 | 	40	 | 	8,60
  25	 | 	27	 | 	3,16
  25	 | 	30	 | 	5,00
  26	 | 	32	 | 	7,81
  26	 | 	40	 | 	3,61
  27	 | 	34	 | 	8,06
  28	 | 	29	 | 	3,16
  28	 | 	35	 | 	5,10
  28	 | 	36	 | 	2,83
  29	 | 	31	 | 	8,54
  29	 | 	42	 | 	5,39
  30	 | 	39	 | 	10,05
  31	 | 	38	 | 	3,61
  31	 | 	39	 | 	20,62
  33	 | 	36	 | 	2,24
  33	 | 	38	 | 	10,44
  33	 | 	48	 | 	10,05
  34	 | 	38	 | 	14,32
  34	 | 	43	 | 	13,04
  35	 | 	42	 | 	7,81
  37	 | 	40	 | 	6,08
  41	 | 	47	 | 	7,28
  41	 | 	48	 | 	9,49
  44	 | 	46	 | 	6,71
  44	 | 	49	 | 	4,12
  44	 | 	62	 | 	7,81
  45	 | 	54	 | 	7,21
  45	 | 	62	 | 	2,24
  46	 | 	49	 | 	2,83
  46	 | 	61	 | 	8,06
  47	 | 	54	 | 	11,40
  48	 | 	52	 | 	13,04
  50	 | 	56	 | 	10,82
  50	 | 	60	 | 	10,44
  50	 | 	65	 | 	4,00
  51	 | 	64	 | 	3,00
  51	 | 	86	 | 	3,61
  52	 | 	62	 | 	8,25
  53	 | 	64	 | 	5,39
  53	 | 	69	 | 	3,00
  53	 | 	72	 | 	7,28
  55	 | 	59	 | 	2,00
  55	 | 	60	 | 	3,61
  55	 | 	86	 | 	6,40
  56	 | 	59	 | 	5,00
  57	 | 	64	 | 	2,24
  57	 | 	67	 | 	5,00
  57	 | 	68	 | 	4,47
  58	 | 	65	 | 	6,08
  58	 | 	66	 | 	5,83
  59	 | 	66	 | 	7,00
  60	 | 	78	 | 	20,40
  61	 | 	67	 | 	3,00
  63	 | 	65	 | 	6,08
  63	 | 	67	 | 	8,60
  68	 | 	72	 | 	9,85
  69	 | 	74	 | 	9,43
  69	 | 	85	 | 	17,03
  70	 | 	83	 | 	4,12
  70	 | 	90	 | 	40,01
  71	 | 	80	 | 	10,30
  71	 | 	93	 | 	15,03
  72	 | 	73	 | 	7,81
  73	 | 	74	 | 	2,83
  73	 | 	81	 | 	7,21
  74	 | 	77	 | 	26,25
  75	 | 	83	 | 	5,00
  75	 | 	87	 | 	8,25
  76	 | 	77	 | 	7,81
  76	 | 	80	 | 	5,10
  76	 | 	88	 | 	4,47
  78	 | 	84	 | 	5,10
  79	 | 	84	 | 	5,83
  79	 | 	86	 | 	8,60
  81	 | 	84	 | 	3,61
  81	 | 	88	 | 	9,49
  82	 | 	85	 | 	18,38
  82	 | 	95	 | 	13,00
  87	 | 	97	 | 	6,32
  89	 | 	93	 | 	3,61
  89	 | 	95	 | 	8,54
  89	 | 	96	 | 	7,28
  90	 | 	96	 | 	18,25
  91	 | 	92	 | 	3,00
  91	 | 	94	 | 	2,24
  92	 | 	98	 | 	6,08
  93	 | 	99	 | 	20,40
  94	 | 	99	 | 	10,00
  95	 | 	97	 | 	2,83
  96	 | 	98	 | 	19,10
  5	 | 	66	 | 	136,01
  49	 | 	98	 | 	94,02
  61	 | 	94	 | 	75,54
  16	 | 	68	 | 	103,12
___________________________
