Simulation Topology 1
___________________________
[0]				[1]		
[4]				[0]		
[1]				[3]		
[3]				[2]		
[1]				[5]		
___________________________
Simulation Topology [1:0]
___________________________
From 	  To 		Length
___________________________
  0	 | 	1	 | 	4,12
  0	 | 	2	 | 	2,24
  0	 | 	3	 | 	3,16
  1	 | 	3	 | 	2,24
  1	 | 	4	 | 	5,83
  2	 | 	4	 | 	2,00
  3	 | 	4	 | 	3,61
___________________________
Simulation Topology [1:1]
___________________________
From 	  To 		Length
___________________________
  0	 | 	1	 | 	4,12
  0	 | 	2	 | 	2,24
  0	 | 	3	 | 	3,16
  1	 | 	3	 | 	2,24
  1	 | 	4	 | 	5,83
  2	 | 	4	 | 	2,00
  3	 | 	4	 | 	3,61
___________________________
Simulation Topology 2
___________________________
[2]				[0]		
[0]				[1]		
[0]				[3]		
[2]				[3]		
[0]				[4]		
___________________________
Simulation Topology [2:0]
___________________________
From 	  To 		Length
___________________________
  3	 | 	4	 | 	2,24
  2	 | 	4	 | 	1,00
  1	 | 	4	 | 	3,00
  0	 | 	1	 | 	2,24
  0	 | 	2	 | 	3,61
  0	 | 	3	 | 	3,00
  1	 | 	2	 | 	2,00
___________________________
Simulation Topology [2:1]
___________________________
From 	  To 		Length
___________________________
  3	 | 	4	 | 	2,24
  2	 | 	4	 | 	1,00
  1	 | 	4	 | 	3,00
  0	 | 	1	 | 	2,24
  0	 | 	2	 | 	3,61
  0	 | 	3	 | 	3,00
  1	 | 	2	 | 	2,00
___________________________
