Simulation Topology 1
___________________________
[23]				[31]		
[2]				[25]		
[11]				[11]		
[25]				[16]		
[6]				[23]		
[8]				[10]		
[1]				[36]		
[0]				[18]		
[32]				[9]		
[8]				[38]		
[18]				[8]		
[6]				[39]		
[30]				[6]		
[23]				[38]		
[11]				[31]		
[26]				[38]		
[31]				[23]		
[6]				[9]		
[3]				[1]		
[3]				[3]		
___________________________
Simulation Topology [1:0]
___________________________
From 	  To 		Length
___________________________
  0	 | 	8	 | 	23,77
  0	 | 	9	 | 	16,55
  1	 | 	2	 | 	16,64
  1	 | 	6	 | 	11,05
  2	 | 	18	 | 	12,81
  3	 | 	5	 | 	18,03
  3	 | 	7	 | 	25,08
  4	 | 	14	 | 	9,43
  4	 | 	17	 | 	14,00
  5	 | 	19	 | 	8,60
  6	 | 	11	 | 	5,83
  7	 | 	17	 | 	10,82
  8	 | 	12	 | 	3,61
  9	 | 	11	 | 	2,24
  10	 | 	12	 | 	12,17
  10	 | 	19	 | 	15,81
  13	 | 	15	 | 	3,00
  13	 | 	16	 | 	17,00
  14	 | 	16	 | 	21,54
  15	 | 	18	 | 	43,57
___________________________
Simulation Topology 2
___________________________
[5]				[1]		
[13]				[26]		
[36]				[26]		
[21]				[13]		
[0]				[16]		
[9]				[1]		
[7]				[16]		
[28]				[21]		
[25]				[24]		
[11]				[3]		
[10]				[38]		
[22]				[11]		
[14]				[4]		
[31]				[11]		
[0]				[14]		
[37]				[18]		
[4]				[16]		
[19]				[20]		
[3]				[1]		
[37]				[24]		
___________________________
Simulation Topology [2:0]
___________________________
From 	  To 		Length
___________________________
  15	 | 	18	 | 	38,01
  14	 | 	16	 | 	4,47
  13	 | 	16	 | 	27,46
  13	 | 	15	 | 	9,22
  10	 | 	19	 | 	30,41
  10	 | 	12	 | 	34,23
  9	 | 	11	 | 	13,60
  8	 | 	12	 | 	22,83
  7	 | 	17	 | 	9,06
  6	 | 	11	 | 	15,81
  0	 | 	5	 | 	4,00
  0	 | 	18	 | 	2,00
  1	 | 	10	 | 	12,37
  1	 | 	14	 | 	17,69
  2	 | 	15	 | 	8,06
  2	 | 	19	 | 	2,24
  3	 | 	5	 | 	16,97
  3	 | 	7	 | 	10,63
  4	 | 	6	 | 	7,00
  4	 | 	14	 | 	2,00
  6	 | 	8	 | 	19,70
  7	 | 	11	 | 	11,66
  8	 | 	17	 | 	7,21
  9	 | 	15	 | 	30,02
  9	 | 	16	 | 	14,76
  10	 | 	18	 | 	37,66
  11	 | 	12	 | 	10,63
  12	 | 	13	 | 	18,38
  13	 | 	19	 | 	14,32
  16	 | 	17	 | 	15,52
___________________________
