Simulation Topology 1
___________________________
[8]				[1]		
[18]				[1]		
[10]				[2]		
[13]				[3]		
[0]				[3]		
[8]				[4]		
[19]				[4]		
[8]				[5]		
[17]				[5]		
[0]				[6]		
___________________________
Simulation Topology [1:1]
___________________________
From 	  To 		Length
___________________________
  0	 | 	1	 | 	10,00
  0	 | 	5	 | 	3,00
  0	 | 	8	 | 	9,85
  1	 | 	3	 | 	5,39
  1	 | 	6	 | 	3,16
  2	 | 	3	 | 	3,16
  2	 | 	5	 | 	2,83
  2	 | 	7	 | 	3,61
  2	 | 	8	 | 	7,62
  3	 | 	6	 | 	6,08
  4	 | 	5	 | 	8,06
  4	 | 	6	 | 	19,03
  4	 | 	9	 | 	3,00
  5	 | 	8	 | 	9,06
  5	 | 	9	 | 	8,25
  6	 | 	7	 | 	11,05
  6	 | 	9	 | 	19,10
___________________________
Simulation Topology [1:2]
___________________________
From 	  To 		Length
___________________________
  0	 | 	1	 | 	10,00
  0	 | 	5	 | 	3,00
  0	 | 	8	 | 	9,85
  1	 | 	3	 | 	5,39
  1	 | 	6	 | 	3,16
  2	 | 	3	 | 	3,16
  2	 | 	5	 | 	2,83
  2	 | 	7	 | 	3,61
  2	 | 	8	 | 	7,62
  3	 | 	6	 | 	6,08
  4	 | 	5	 | 	8,06
  4	 | 	6	 | 	19,03
  4	 | 	9	 | 	3,00
  5	 | 	8	 | 	9,06
  5	 | 	9	 | 	8,25
  6	 | 	7	 | 	11,05
  6	 | 	9	 | 	19,10
  3	 | 	7	 | 	5,39
___________________________
Simulation Topology [1:3]
___________________________
From 	  To 		Length
___________________________
  0	 | 	1	 | 	10,00
  0	 | 	5	 | 	3,00
  0	 | 	8	 | 	9,85
  1	 | 	3	 | 	5,39
  1	 | 	6	 | 	3,16
  2	 | 	3	 | 	3,16
  2	 | 	5	 | 	2,83
  2	 | 	7	 | 	3,61
  2	 | 	8	 | 	7,62
  3	 | 	6	 | 	6,08
  4	 | 	5	 | 	8,06
  4	 | 	6	 | 	19,03
  4	 | 	9	 | 	3,00
  5	 | 	8	 | 	9,06
  5	 | 	9	 | 	8,25
  6	 | 	7	 | 	11,05
  6	 | 	9	 | 	19,10
  3	 | 	7	 | 	5,39
  5	 | 	7	 | 	1,00
___________________________
Simulation Topology [1:4]
___________________________
From 	  To 		Length
___________________________
  0	 | 	1	 | 	10,00
  0	 | 	5	 | 	3,00
  0	 | 	8	 | 	9,85
  1	 | 	3	 | 	5,39
  1	 | 	6	 | 	3,16
  2	 | 	3	 | 	3,16
  2	 | 	5	 | 	2,83
  2	 | 	7	 | 	3,61
  2	 | 	8	 | 	7,62
  3	 | 	6	 | 	6,08
  4	 | 	5	 | 	8,06
  4	 | 	6	 | 	19,03
  4	 | 	9	 | 	3,00
  5	 | 	8	 | 	9,06
  5	 | 	9	 | 	8,25
  6	 | 	7	 | 	11,05
  6	 | 	9	 | 	19,10
  3	 | 	7	 | 	5,39
  5	 | 	7	 | 	1,00
  6	 | 	8	 | 	2,24
___________________________
