Simulation Topology 1
___________________________
[6]				[1]		
[12]				[3]		
[5]				[3]		
[0]				[5]		
[6]				[5]		
[11]				[6]		
[0]				[6]		
[10]				[8]		
[8]				[9]		
[17]				[9]		
___________________________
Simulation Topology [1:1]
___________________________
From 	  To 		Length
___________________________
  0	 | 	1	 | 	6,32
  0	 | 	4	 | 	4,00
  0	 | 	6	 | 	7,81
  1	 | 	2	 | 	7,00
  1	 | 	5	 | 	3,16
  1	 | 	9	 | 	7,81
  2	 | 	3	 | 	5,39
  2	 | 	4	 | 	2,24
  2	 | 	6	 | 	5,83
  3	 | 	7	 | 	10,44
  3	 | 	8	 | 	8,94
  4	 | 	5	 | 	5,10
  4	 | 	7	 | 	5,00
  5	 | 	9	 | 	6,71
  6	 | 	7	 | 	10,20
  7	 | 	8	 | 	2,24
___________________________
Simulation Topology [1:2]
___________________________
From 	  To 		Length
___________________________
  0	 | 	1	 | 	6,32
  0	 | 	4	 | 	4,00
  0	 | 	6	 | 	7,81
  1	 | 	2	 | 	7,00
  1	 | 	5	 | 	3,16
  1	 | 	9	 | 	7,81
  2	 | 	3	 | 	5,39
  2	 | 	4	 | 	2,24
  2	 | 	6	 | 	5,83
  3	 | 	7	 | 	10,44
  3	 | 	8	 | 	8,94
  4	 | 	5	 | 	5,10
  4	 | 	7	 | 	5,00
  5	 | 	9	 | 	6,71
  6	 | 	7	 | 	10,20
  7	 | 	8	 | 	2,24
  0	 | 	2	 | 	2,24
___________________________
Simulation Topology [1:3]
___________________________
From 	  To 		Length
___________________________
  0	 | 	1	 | 	6,32
  0	 | 	4	 | 	4,00
  0	 | 	6	 | 	7,81
  1	 | 	2	 | 	7,00
  1	 | 	5	 | 	3,16
  1	 | 	9	 | 	7,81
  2	 | 	3	 | 	5,39
  2	 | 	4	 | 	2,24
  2	 | 	6	 | 	5,83
  3	 | 	7	 | 	10,44
  3	 | 	8	 | 	8,94
  4	 | 	5	 | 	5,10
  4	 | 	7	 | 	5,00
  5	 | 	9	 | 	6,71
  6	 | 	7	 | 	10,20
  7	 | 	8	 | 	2,24
  0	 | 	2	 | 	2,24
  2	 | 	8	 | 	6,71
___________________________
Simulation Topology [1:4]
___________________________
From 	  To 		Length
___________________________
  0	 | 	1	 | 	6,32
  0	 | 	4	 | 	4,00
  0	 | 	6	 | 	7,81
  1	 | 	2	 | 	7,00
  1	 | 	5	 | 	3,16
  1	 | 	9	 | 	7,81
  2	 | 	3	 | 	5,39
  2	 | 	4	 | 	2,24
  2	 | 	6	 | 	5,83
  3	 | 	7	 | 	10,44
  3	 | 	8	 | 	8,94
  4	 | 	5	 | 	5,10
  4	 | 	7	 | 	5,00
  5	 | 	9	 | 	6,71
  6	 | 	7	 | 	10,20
  7	 | 	8	 | 	2,24
  0	 | 	2	 | 	2,24
  2	 | 	8	 | 	6,71
  5	 | 	7	 | 	2,24
___________________________
Simulation Topology [1:5]
___________________________
From 	  To 		Length
___________________________
  0	 | 	1	 | 	6,32
  0	 | 	4	 | 	4,00
  0	 | 	6	 | 	7,81
  1	 | 	2	 | 	7,00
  1	 | 	5	 | 	3,16
  1	 | 	9	 | 	7,81
  2	 | 	3	 | 	5,39
  2	 | 	4	 | 	2,24
  2	 | 	6	 | 	5,83
  3	 | 	7	 | 	10,44
  3	 | 	8	 | 	8,94
  4	 | 	5	 | 	5,10
  4	 | 	7	 | 	5,00
  5	 | 	9	 | 	6,71
  6	 | 	7	 | 	10,20
  7	 | 	8	 | 	2,24
  0	 | 	2	 | 	2,24
  2	 | 	8	 | 	6,71
  5	 | 	7	 | 	2,24
  4	 | 	6	 | 	6,08
___________________________
