Simulation Topology 1
___________________________
[8]				[1]		
[3]				[3]		
[15]				[3]		
[7]				[6]		
[13]				[6]		
[19]				[7]		
[0]				[8]		
[12]				[8]		
[5]				[9]		
[3]				[9]		
___________________________
Simulation Topology [1:1]
___________________________
From 	  To 		Length
___________________________
  0	 | 	1	 | 	5,39
  0	 | 	4	 | 	7,07
  0	 | 	5	 | 	12,53
  0	 | 	8	 | 	8,54
  1	 | 	3	 | 	5,00
  1	 | 	9	 | 	6,00
  2	 | 	3	 | 	8,54
  2	 | 	5	 | 	5,66
  2	 | 	9	 | 	13,42
  3	 | 	5	 | 	12,04
  3	 | 	6	 | 	7,28
  3	 | 	7	 | 	5,39
  4	 | 	5	 | 	6,08
  5	 | 	8	 | 	14,14
  6	 | 	7	 | 	12,00
  6	 | 	9	 | 	3,16
  8	 | 	9	 | 	2,00
___________________________
Simulation Topology [1:2]
___________________________
From 	  To 		Length
___________________________
  0	 | 	1	 | 	5,39
  0	 | 	4	 | 	7,07
  0	 | 	5	 | 	12,53
  0	 | 	8	 | 	8,54
  1	 | 	3	 | 	5,00
  1	 | 	9	 | 	6,00
  2	 | 	3	 | 	8,54
  2	 | 	5	 | 	5,66
  2	 | 	9	 | 	13,42
  3	 | 	5	 | 	12,04
  3	 | 	6	 | 	7,28
  3	 | 	7	 | 	5,39
  4	 | 	5	 | 	6,08
  5	 | 	8	 | 	14,14
  6	 | 	7	 | 	12,00
  6	 | 	9	 | 	3,16
  8	 | 	9	 | 	2,00
  4	 | 	7	 | 	2,24
___________________________
Simulation Topology [1:3]
___________________________
From 	  To 		Length
___________________________
  0	 | 	1	 | 	5,39
  0	 | 	4	 | 	7,07
  0	 | 	5	 | 	12,53
  0	 | 	8	 | 	8,54
  1	 | 	3	 | 	5,00
  1	 | 	9	 | 	6,00
  2	 | 	3	 | 	8,54
  2	 | 	5	 | 	5,66
  2	 | 	9	 | 	13,42
  3	 | 	5	 | 	12,04
  3	 | 	6	 | 	7,28
  3	 | 	7	 | 	5,39
  4	 | 	5	 | 	6,08
  5	 | 	8	 | 	14,14
  6	 | 	7	 | 	12,00
  6	 | 	9	 | 	3,16
  8	 | 	9	 | 	2,00
  4	 | 	7	 | 	2,24
  6	 | 	8	 | 	5,10
___________________________
Simulation Topology [1:4]
___________________________
From 	  To 		Length
___________________________
  0	 | 	1	 | 	5,39
  0	 | 	4	 | 	7,07
  0	 | 	5	 | 	12,53
  0	 | 	8	 | 	8,54
  1	 | 	3	 | 	5,00
  1	 | 	9	 | 	6,00
  2	 | 	3	 | 	8,54
  2	 | 	5	 | 	5,66
  2	 | 	9	 | 	13,42
  3	 | 	5	 | 	12,04
  3	 | 	6	 | 	7,28
  3	 | 	7	 | 	5,39
  4	 | 	5	 | 	6,08
  5	 | 	8	 | 	14,14
  6	 | 	7	 | 	12,00
  6	 | 	9	 | 	3,16
  8	 | 	9	 | 	2,00
  4	 | 	7	 | 	2,24
  6	 | 	8	 | 	5,10
  4	 | 	9	 | 	10,44
___________________________
