Simulation Topology 1
___________________________
[13]				[1]		
[1]				[2]		
[12]				[5]		
[5]				[5]		
[13]				[6]		
[10]				[7]		
[5]				[7]		
[9]				[8]		
[3]				[8]		
[12]				[9]		
___________________________
Simulation Topology [1:1]
___________________________
From 	  To 		Length
___________________________
  0	 | 	1	 | 	12,04
  0	 | 	3	 | 	8,94
  0	 | 	4	 | 	5,00
  0	 | 	5	 | 	6,71
  1	 | 	2	 | 	11,40
  1	 | 	5	 | 	10,30
  2	 | 	3	 | 	7,00
  2	 | 	7	 | 	4,24
  3	 | 	4	 | 	8,06
  3	 | 	6	 | 	2,00
  3	 | 	7	 | 	5,00
  3	 | 	9	 | 	8,06
  4	 | 	5	 | 	3,16
  4	 | 	7	 | 	4,47
  4	 | 	9	 | 	3,16
  5	 | 	9	 | 	2,83
  6	 | 	7	 | 	4,12
  6	 | 	8	 | 	2,24
  8	 | 	9	 | 	9,06
___________________________
Simulation Topology [1:2]
___________________________
From 	  To 		Length
___________________________
  0	 | 	1	 | 	12,04
  0	 | 	3	 | 	8,94
  0	 | 	4	 | 	5,00
  0	 | 	5	 | 	6,71
  1	 | 	2	 | 	11,40
  1	 | 	5	 | 	10,30
  2	 | 	3	 | 	7,00
  2	 | 	7	 | 	4,24
  3	 | 	4	 | 	8,06
  3	 | 	6	 | 	2,00
  3	 | 	7	 | 	5,00
  3	 | 	9	 | 	8,06
  4	 | 	5	 | 	3,16
  4	 | 	7	 | 	4,47
  4	 | 	9	 | 	3,16
  5	 | 	9	 | 	2,83
  6	 | 	7	 | 	4,12
  6	 | 	8	 | 	2,24
  8	 | 	9	 | 	9,06
  2	 | 	5	 | 	2,83
___________________________
