Simulation Topology 1
___________________________
[15]				[0]		
[0]				[0]		
[1]				[3]		
[8]				[7]		
[18]				[7]		
[19]				[9]		
[0]				[9]		
[14]				[10]		
[4]				[10]		
[9]				[12]		
___________________________
Simulation Topology [1:1]
___________________________
From 	  To 		Length
___________________________
  0	 | 	1	 | 	15,00
  0	 | 	3	 | 	9,90
  0	 | 	4	 | 	7,62
  0	 | 	5	 | 	9,85
  0	 | 	6	 | 	17,49
  1	 | 	6	 | 	9,00
  1	 | 	8	 | 	10,77
  2	 | 	3	 | 	8,06
  2	 | 	4	 | 	17,46
  2	 | 	8	 | 	7,62
  2	 | 	9	 | 	12,04
  3	 | 	7	 | 	6,71
  3	 | 	8	 | 	5,00
  3	 | 	9	 | 	5,10
  4	 | 	5	 | 	2,24
  4	 | 	7	 | 	5,00
  5	 | 	9	 | 	10,44
  6	 | 	7	 | 	14,04
___________________________
Simulation Topology [1:2]
___________________________
From 	  To 		Length
___________________________
  0	 | 	1	 | 	15,00
  0	 | 	3	 | 	9,90
  0	 | 	4	 | 	7,62
  0	 | 	5	 | 	9,85
  0	 | 	6	 | 	17,49
  1	 | 	6	 | 	9,00
  1	 | 	8	 | 	10,77
  2	 | 	3	 | 	8,06
  2	 | 	4	 | 	17,46
  2	 | 	8	 | 	7,62
  2	 | 	9	 | 	12,04
  3	 | 	7	 | 	6,71
  3	 | 	8	 | 	5,00
  3	 | 	9	 | 	5,10
  4	 | 	5	 | 	2,24
  4	 | 	7	 | 	5,00
  5	 | 	9	 | 	10,44
  6	 | 	7	 | 	14,04
  1	 | 	2	 | 	3,16
___________________________
Simulation Topology [1:3]
___________________________
From 	  To 		Length
___________________________
  0	 | 	1	 | 	15,00
  0	 | 	3	 | 	9,90
  0	 | 	4	 | 	7,62
  0	 | 	5	 | 	9,85
  0	 | 	6	 | 	17,49
  1	 | 	6	 | 	9,00
  1	 | 	8	 | 	10,77
  2	 | 	3	 | 	8,06
  2	 | 	4	 | 	17,46
  2	 | 	8	 | 	7,62
  2	 | 	9	 | 	12,04
  3	 | 	7	 | 	6,71
  3	 | 	8	 | 	5,00
  3	 | 	9	 | 	5,10
  4	 | 	5	 | 	2,24
  4	 | 	7	 | 	5,00
  5	 | 	9	 | 	10,44
  6	 | 	7	 | 	14,04
  1	 | 	2	 | 	3,16
  7	 | 	9	 | 	5,39
___________________________
