Simulation Topology 1
___________________________
[3]				[0]		
[15]				[0]		
[16]				[1]		
[9]				[1]		
[10]				[3]		
[1]				[3]		
[3]				[5]		
[16]				[7]		
[14]				[7]		
[15]				[8]		
___________________________
Simulation Topology [1:1]
___________________________
From 	  To 		Length
___________________________
  0	 | 	1	 | 	12,00
  0	 | 	5	 | 	3,61
  1	 | 	3	 | 	6,08
  1	 | 	8	 | 	7,07
  1	 | 	9	 | 	8,00
  2	 | 	3	 | 	7,00
  2	 | 	8	 | 	6,32
  3	 | 	4	 | 	2,24
  3	 | 	5	 | 	8,25
  4	 | 	5	 | 	9,00
  4	 | 	6	 | 	7,28
  4	 | 	7	 | 	7,21
  4	 | 	9	 | 	7,07
  5	 | 	9	 | 	14,87
  6	 | 	7	 | 	13,15
  6	 | 	8	 | 	11,18
  7	 | 	8	 | 	2,00
  7	 | 	9	 | 	1,41
___________________________
Simulation Topology [1:2]
___________________________
From 	  To 		Length
___________________________
  0	 | 	1	 | 	12,00
  0	 | 	5	 | 	3,61
  1	 | 	3	 | 	6,08
  1	 | 	8	 | 	7,07
  1	 | 	9	 | 	8,00
  2	 | 	3	 | 	7,00
  2	 | 	8	 | 	6,32
  3	 | 	4	 | 	2,24
  3	 | 	5	 | 	8,25
  4	 | 	5	 | 	9,00
  4	 | 	6	 | 	7,28
  4	 | 	7	 | 	7,21
  4	 | 	9	 | 	7,07
  5	 | 	9	 | 	14,87
  6	 | 	7	 | 	13,15
  6	 | 	8	 | 	11,18
  7	 | 	8	 | 	2,00
  7	 | 	9	 | 	1,41
  0	 | 	6	 | 	5,00
___________________________
Simulation Topology [1:3]
___________________________
From 	  To 		Length
___________________________
  0	 | 	1	 | 	12,00
  0	 | 	5	 | 	3,61
  1	 | 	3	 | 	6,08
  1	 | 	8	 | 	7,07
  1	 | 	9	 | 	8,00
  2	 | 	3	 | 	7,00
  2	 | 	8	 | 	6,32
  3	 | 	4	 | 	2,24
  3	 | 	5	 | 	8,25
  4	 | 	5	 | 	9,00
  4	 | 	6	 | 	7,28
  4	 | 	7	 | 	7,21
  4	 | 	9	 | 	7,07
  5	 | 	9	 | 	14,87
  6	 | 	7	 | 	13,15
  6	 | 	8	 | 	11,18
  7	 | 	8	 | 	2,00
  7	 | 	9	 | 	1,41
  0	 | 	6	 | 	5,00
  1	 | 	2	 | 	1,41
___________________________
