Simulation Topology 1
___________________________
[16]				[0]		
[2]				[0]		
[14]				[3]		
[17]				[3]		
[12]				[4]		
[2]				[4]		
[10]				[5]		
[4]				[5]		
[1]				[7]		
[15]				[9]		
___________________________
Simulation Topology [1:1]
___________________________
From 	  To 		Length
___________________________
  0	 | 	1	 | 	14,00
  0	 | 	2	 | 	3,61
  0	 | 	9	 | 	9,06
  1	 | 	5	 | 	4,00
  1	 | 	9	 | 	15,81
  2	 | 	3	 | 	3,00
  2	 | 	4	 | 	2,24
  3	 | 	6	 | 	7,28
  3	 | 	8	 | 	16,49
  4	 | 	5	 | 	10,00
  4	 | 	9	 | 	5,83
  5	 | 	8	 | 	3,16
  6	 | 	7	 | 	6,00
  6	 | 	9	 | 	6,40
  7	 | 	8	 | 	3,61
  7	 | 	9	 | 	11,70
  8	 | 	9	 | 	14,14
___________________________
Simulation Topology [1:2]
___________________________
From 	  To 		Length
___________________________
  0	 | 	1	 | 	14,00
  0	 | 	2	 | 	3,61
  0	 | 	9	 | 	9,06
  1	 | 	5	 | 	4,00
  1	 | 	9	 | 	15,81
  2	 | 	3	 | 	3,00
  2	 | 	4	 | 	2,24
  3	 | 	6	 | 	7,28
  3	 | 	8	 | 	16,49
  4	 | 	5	 | 	10,00
  4	 | 	9	 | 	5,83
  5	 | 	8	 | 	3,16
  6	 | 	7	 | 	6,00
  6	 | 	9	 | 	6,40
  7	 | 	8	 | 	3,61
  7	 | 	9	 | 	11,70
  8	 | 	9	 | 	14,14
  4	 | 	6	 | 	2,24
___________________________
Simulation Topology [1:3]
___________________________
From 	  To 		Length
___________________________
  0	 | 	1	 | 	14,00
  0	 | 	2	 | 	3,61
  0	 | 	9	 | 	9,06
  1	 | 	5	 | 	4,00
  1	 | 	9	 | 	15,81
  2	 | 	3	 | 	3,00
  2	 | 	4	 | 	2,24
  3	 | 	6	 | 	7,28
  3	 | 	8	 | 	16,49
  4	 | 	5	 | 	10,00
  4	 | 	9	 | 	5,83
  5	 | 	8	 | 	3,16
  6	 | 	7	 | 	6,00
  6	 | 	9	 | 	6,40
  7	 | 	8	 | 	3,61
  7	 | 	9	 | 	11,70
  8	 | 	9	 | 	14,14
  4	 | 	6	 | 	2,24
  5	 | 	7	 | 	2,24
___________________________
Simulation Topology [1:4]
___________________________
From 	  To 		Length
___________________________
  0	 | 	1	 | 	14,00
  0	 | 	2	 | 	3,61
  0	 | 	9	 | 	9,06
  1	 | 	5	 | 	4,00
  1	 | 	9	 | 	15,81
  2	 | 	3	 | 	3,00
  2	 | 	4	 | 	2,24
  3	 | 	6	 | 	7,28
  3	 | 	8	 | 	16,49
  4	 | 	5	 | 	10,00
  4	 | 	9	 | 	5,83
  5	 | 	8	 | 	3,16
  6	 | 	7	 | 	6,00
  6	 | 	9	 | 	6,40
  7	 | 	8	 | 	3,61
  7	 | 	9	 | 	11,70
  8	 | 	9	 | 	14,14
  4	 | 	6	 | 	2,24
  5	 | 	7	 | 	2,24
  0	 | 	3	 | 	3,16
___________________________
