Simulation Topology 1
___________________________
[2]				[1]		
[13]				[4]		
[12]				[6]		
[0]				[6]		
[12]				[8]		
[3]				[10]		
[11]				[11]		
[0]				[12]		
[1]				[13]		
[1]				[14]		
___________________________
Simulation Topology [1:1]
___________________________
From 	  To 		Length
___________________________
  0	 | 	1	 | 	11,40
  0	 | 	3	 | 	5,39
  0	 | 	5	 | 	9,06
  0	 | 	6	 | 	13,45
  0	 | 	8	 | 	12,04
  0	 | 	9	 | 	13,04
  1	 | 	4	 | 	4,12
  1	 | 	8	 | 	15,00
  1	 | 	9	 | 	15,62
  2	 | 	4	 | 	2,00
  2	 | 	5	 | 	9,85
  2	 | 	9	 | 	13,60
  3	 | 	6	 | 	12,08
  4	 | 	7	 | 	12,65
  4	 | 	8	 | 	12,08
  5	 | 	7	 | 	3,61
  5	 | 	9	 | 	4,47
  6	 | 	8	 | 	10,20
  8	 | 	9	 | 	1,00
___________________________
Simulation Topology [1:2]
___________________________
From 	  To 		Length
___________________________
  0	 | 	1	 | 	11,40
  0	 | 	3	 | 	5,39
  0	 | 	5	 | 	9,06
  0	 | 	6	 | 	13,45
  0	 | 	8	 | 	12,04
  0	 | 	9	 | 	13,04
  1	 | 	4	 | 	4,12
  1	 | 	8	 | 	15,00
  1	 | 	9	 | 	15,62
  2	 | 	4	 | 	2,00
  2	 | 	5	 | 	9,85
  2	 | 	9	 | 	13,60
  3	 | 	6	 | 	12,08
  4	 | 	7	 | 	12,65
  4	 | 	8	 | 	12,08
  5	 | 	7	 | 	3,61
  5	 | 	9	 | 	4,47
  6	 | 	8	 | 	10,20
  8	 | 	9	 | 	1,00
  5	 | 	6	 | 	8,06
___________________________
