Simulation Topology 1
___________________________
[18]				[2]		
[10]				[2]		
[15]				[3]		
[16]				[4]		
[19]				[4]		
[4]				[6]		
[6]				[8]		
[0]				[9]		
[14]				[9]		
[15]				[10]		
___________________________
Simulation Topology [1:1]
___________________________
From 	  To 		Length
___________________________
  0	 | 	1	 | 	8,00
  0	 | 	2	 | 	3,16
  0	 | 	3	 | 	2,83
  0	 | 	5	 | 	14,56
  0	 | 	9	 | 	8,54
  1	 | 	5	 | 	7,21
  2	 | 	3	 | 	1,41
  2	 | 	5	 | 	11,40
  2	 | 	8	 | 	6,08
  4	 | 	5	 | 	15,13
  4	 | 	6	 | 	13,60
  4	 | 	7	 | 	19,65
  5	 | 	6	 | 	2,83
  5	 | 	7	 | 	5,00
  5	 | 	8	 | 	10,44
  5	 | 	9	 | 	11,70
  6	 | 	7	 | 	6,08
  6	 | 	8	 | 	8,06
___________________________
Simulation Topology [1:2]
___________________________
From 	  To 		Length
___________________________
  0	 | 	1	 | 	8,00
  0	 | 	2	 | 	3,16
  0	 | 	3	 | 	2,83
  0	 | 	5	 | 	14,56
  0	 | 	9	 | 	8,54
  1	 | 	5	 | 	7,21
  2	 | 	3	 | 	1,41
  2	 | 	5	 | 	11,40
  2	 | 	8	 | 	6,08
  4	 | 	5	 | 	15,13
  4	 | 	6	 | 	13,60
  4	 | 	7	 | 	19,65
  5	 | 	6	 | 	2,83
  5	 | 	7	 | 	5,00
  5	 | 	8	 | 	10,44
  5	 | 	9	 | 	11,70
  6	 | 	7	 | 	6,08
  6	 | 	8	 | 	8,06
  0	 | 	4	 | 	2,24
___________________________
Simulation Topology [1:3]
___________________________
From 	  To 		Length
___________________________
  0	 | 	1	 | 	8,00
  0	 | 	2	 | 	3,16
  0	 | 	3	 | 	2,83
  0	 | 	5	 | 	14,56
  0	 | 	9	 | 	8,54
  1	 | 	5	 | 	7,21
  2	 | 	3	 | 	1,41
  2	 | 	5	 | 	11,40
  2	 | 	8	 | 	6,08
  4	 | 	5	 | 	15,13
  4	 | 	6	 | 	13,60
  4	 | 	7	 | 	19,65
  5	 | 	6	 | 	2,83
  5	 | 	7	 | 	5,00
  5	 | 	8	 | 	10,44
  5	 | 	9	 | 	11,70
  6	 | 	7	 | 	6,08
  6	 | 	8	 | 	8,06
  0	 | 	4	 | 	2,24
  8	 | 	9	 | 	1,41
___________________________
