Simulation Topology 1
___________________________
[15]				[0]		
[5]				[1]		
[4]				[2]		
[16]				[2]		
[3]				[3]		
[19]				[3]		
[11]				[4]		
[8]				[8]		
[4]				[9]		
[1]				[9]		
___________________________
Simulation Topology [1:1]
___________________________
From 	  To 		Length
___________________________
  0	 | 	1	 | 	10,05
  0	 | 	2	 | 	11,18
  0	 | 	4	 | 	12,37
  0	 | 	8	 | 	14,21
  1	 | 	6	 | 	6,71
  1	 | 	7	 | 	7,62
  2	 | 	3	 | 	12,00
  2	 | 	7	 | 	7,21
  2	 | 	8	 | 	7,00
  3	 | 	6	 | 	5,39
  3	 | 	7	 | 	10,00
  3	 | 	8	 | 	13,89
  4	 | 	5	 | 	16,00
  4	 | 	6	 | 	8,06
  4	 | 	9	 | 	6,32
  5	 | 	6	 | 	8,06
  5	 | 	7	 | 	12,08
  6	 | 	9	 | 	11,18
___________________________
Simulation Topology [1:2]
___________________________
From 	  To 		Length
___________________________
  0	 | 	1	 | 	10,05
  0	 | 	2	 | 	11,18
  0	 | 	4	 | 	12,37
  0	 | 	8	 | 	14,21
  1	 | 	6	 | 	6,71
  1	 | 	7	 | 	7,62
  2	 | 	3	 | 	12,00
  2	 | 	7	 | 	7,21
  2	 | 	8	 | 	7,00
  3	 | 	6	 | 	5,39
  3	 | 	7	 | 	10,00
  3	 | 	8	 | 	13,89
  4	 | 	5	 | 	16,00
  4	 | 	6	 | 	8,06
  4	 | 	9	 | 	6,32
  5	 | 	6	 | 	8,06
  5	 | 	7	 | 	12,08
  6	 | 	9	 | 	11,18
  1	 | 	4	 | 	2,83
___________________________
Simulation Topology [1:3]
___________________________
From 	  To 		Length
___________________________
  0	 | 	1	 | 	10,05
  0	 | 	2	 | 	11,18
  0	 | 	4	 | 	12,37
  0	 | 	8	 | 	14,21
  1	 | 	6	 | 	6,71
  1	 | 	7	 | 	7,62
  2	 | 	3	 | 	12,00
  2	 | 	7	 | 	7,21
  2	 | 	8	 | 	7,00
  3	 | 	6	 | 	5,39
  3	 | 	7	 | 	10,00
  3	 | 	8	 | 	13,89
  4	 | 	5	 | 	16,00
  4	 | 	6	 | 	8,06
  4	 | 	9	 | 	6,32
  5	 | 	6	 | 	8,06
  5	 | 	7	 | 	12,08
  6	 | 	9	 | 	11,18
  1	 | 	4	 | 	2,83
  7	 | 	9	 | 	7,07
___________________________
