Simulation Topology 1
___________________________
[4]				[0]		
[2]				[0]		
[12]				[2]		
[7]				[3]		
[11]				[4]		
[10]				[5]		
[1]				[5]		
[3]				[8]		
[1]				[8]		
[12]				[10]		
___________________________
Simulation Topology [1:1]
___________________________
From 	  To 		Length
___________________________
  0	 | 	1	 | 	2,00
  0	 | 	6	 | 	5,83
  1	 | 	2	 | 	10,20
  1	 | 	3	 | 	5,83
  1	 | 	5	 | 	9,43
  2	 | 	3	 | 	5,10
  2	 | 	6	 | 	11,40
  2	 | 	9	 | 	8,00
  3	 | 	6	 | 	6,32
  3	 | 	8	 | 	7,81
  4	 | 	5	 | 	1,41
  4	 | 	8	 | 	10,77
  4	 | 	9	 | 	6,08
  5	 | 	8	 | 	9,49
  7	 | 	8	 | 	2,00
  7	 | 	9	 | 	9,22
  8	 | 	9	 | 	11,18
___________________________
Simulation Topology [1:2]
___________________________
From 	  To 		Length
___________________________
  0	 | 	1	 | 	2,00
  0	 | 	6	 | 	5,83
  1	 | 	2	 | 	10,20
  1	 | 	3	 | 	5,83
  1	 | 	5	 | 	9,43
  2	 | 	3	 | 	5,10
  2	 | 	6	 | 	11,40
  2	 | 	9	 | 	8,00
  3	 | 	6	 | 	6,32
  3	 | 	8	 | 	7,81
  4	 | 	5	 | 	1,41
  4	 | 	8	 | 	10,77
  4	 | 	9	 | 	6,08
  5	 | 	8	 | 	9,49
  7	 | 	8	 | 	2,00
  7	 | 	9	 | 	9,22
  8	 | 	9	 | 	11,18
  0	 | 	8	 | 	8,54
___________________________
Simulation Topology [1:3]
___________________________
From 	  To 		Length
___________________________
  0	 | 	1	 | 	2,00
  0	 | 	6	 | 	5,83
  1	 | 	2	 | 	10,20
  1	 | 	3	 | 	5,83
  1	 | 	5	 | 	9,43
  2	 | 	3	 | 	5,10
  2	 | 	6	 | 	11,40
  2	 | 	9	 | 	8,00
  3	 | 	6	 | 	6,32
  3	 | 	8	 | 	7,81
  4	 | 	5	 | 	1,41
  4	 | 	8	 | 	10,77
  4	 | 	9	 | 	6,08
  5	 | 	8	 | 	9,49
  7	 | 	8	 | 	2,00
  7	 | 	9	 | 	9,22
  8	 | 	9	 | 	11,18
  0	 | 	8	 | 	8,54
  6	 | 	8	 | 	3,00
___________________________
Simulation Topology [1:4]
___________________________
From 	  To 		Length
___________________________
  0	 | 	1	 | 	2,00
  0	 | 	6	 | 	5,83
  1	 | 	2	 | 	10,20
  1	 | 	3	 | 	5,83
  1	 | 	5	 | 	9,43
  2	 | 	3	 | 	5,10
  2	 | 	6	 | 	11,40
  2	 | 	9	 | 	8,00
  3	 | 	6	 | 	6,32
  3	 | 	8	 | 	7,81
  4	 | 	5	 | 	1,41
  4	 | 	8	 | 	10,77
  4	 | 	9	 | 	6,08
  5	 | 	8	 | 	9,49
  7	 | 	8	 | 	2,00
  7	 | 	9	 | 	9,22
  8	 | 	9	 | 	11,18
  0	 | 	8	 | 	8,54
  6	 | 	8	 | 	3,00
  3	 | 	9	 | 	8,60
___________________________
