Simulation Topology 1
___________________________
[10]				[1]		
[0]				[1]		
[17]				[2]		
[10]				[2]		
[15]				[3]		
[0]				[5]		
[2]				[6]		
[13]				[6]		
[9]				[7]		
[17]				[11]		
___________________________
Simulation Topology [1:1]
___________________________
From 	  To 		Length
___________________________
  0	 | 	1	 | 	10,00
  0	 | 	5	 | 	10,77
  1	 | 	4	 | 	15,13
  1	 | 	5	 | 	4,00
  1	 | 	8	 | 	10,82
  1	 | 	9	 | 	19,72
  2	 | 	3	 | 	7,00
  2	 | 	9	 | 	9,00
  3	 | 	5	 | 	10,44
  3	 | 	6	 | 	8,94
  3	 | 	7	 | 	5,00
  4	 | 	5	 | 	15,13
  4	 | 	7	 | 	3,61
  4	 | 	9	 | 	8,25
  5	 | 	6	 | 	2,24
  5	 | 	8	 | 	9,22
  5	 | 	9	 | 	18,03
  8	 | 	9	 | 	8,94
___________________________
Simulation Topology [1:2]
___________________________
From 	  To 		Length
___________________________
  0	 | 	1	 | 	10,00
  0	 | 	5	 | 	10,77
  1	 | 	4	 | 	15,13
  1	 | 	5	 | 	4,00
  1	 | 	8	 | 	10,82
  1	 | 	9	 | 	19,72
  2	 | 	3	 | 	7,00
  2	 | 	9	 | 	9,00
  3	 | 	5	 | 	10,44
  3	 | 	6	 | 	8,94
  3	 | 	7	 | 	5,00
  4	 | 	5	 | 	15,13
  4	 | 	7	 | 	3,61
  4	 | 	9	 | 	8,25
  5	 | 	6	 | 	2,24
  5	 | 	8	 | 	9,22
  5	 | 	9	 | 	18,03
  8	 | 	9	 | 	8,94
  2	 | 	7	 | 	5,66
___________________________
Simulation Topology [1:3]
___________________________
From 	  To 		Length
___________________________
  0	 | 	1	 | 	10,00
  0	 | 	5	 | 	10,77
  1	 | 	4	 | 	15,13
  1	 | 	5	 | 	4,00
  1	 | 	8	 | 	10,82
  1	 | 	9	 | 	19,72
  2	 | 	3	 | 	7,00
  2	 | 	9	 | 	9,00
  3	 | 	5	 | 	10,44
  3	 | 	6	 | 	8,94
  3	 | 	7	 | 	5,00
  4	 | 	5	 | 	15,13
  4	 | 	7	 | 	3,61
  4	 | 	9	 | 	8,25
  5	 | 	6	 | 	2,24
  5	 | 	8	 | 	9,22
  5	 | 	9	 | 	18,03
  8	 | 	9	 | 	8,94
  2	 | 	7	 | 	5,66
  6	 | 	8	 | 	7,07
___________________________
