Simulation Topology 1
___________________________
[7]				[0]		
[10]				[1]		
[7]				[1]		
[5]				[2]		
[10]				[2]		
[12]				[3]		
[19]				[4]		
[3]				[5]		
[17]				[9]		
[6]				[9]		
___________________________
Simulation Topology [1:1]
___________________________
From 	  To 		Length
___________________________
  0	 | 	1	 | 	3,16
  0	 | 	2	 | 	1,00
  0	 | 	3	 | 	2,83
  0	 | 	7	 | 	6,40
  0	 | 	8	 | 	13,45
  1	 | 	6	 | 	9,49
  1	 | 	9	 | 	8,94
  2	 | 	3	 | 	2,24
  2	 | 	5	 | 	5,39
  2	 | 	7	 | 	5,66
  2	 | 	9	 | 	8,06
  3	 | 	5	 | 	7,07
  3	 | 	6	 | 	14,14
  4	 | 	5	 | 	2,24
  4	 | 	6	 | 	9,22
  4	 | 	7	 | 	7,62
  4	 | 	8	 | 	9,90
  5	 | 	7	 | 	9,22
  6	 | 	8	 | 	5,39
___________________________
Simulation Topology [1:2]
___________________________
From 	  To 		Length
___________________________
  0	 | 	1	 | 	3,16
  0	 | 	2	 | 	1,00
  0	 | 	3	 | 	2,83
  0	 | 	7	 | 	6,40
  0	 | 	8	 | 	13,45
  1	 | 	6	 | 	9,49
  1	 | 	9	 | 	8,94
  2	 | 	3	 | 	2,24
  2	 | 	5	 | 	5,39
  2	 | 	7	 | 	5,66
  2	 | 	9	 | 	8,06
  3	 | 	5	 | 	7,07
  3	 | 	6	 | 	14,14
  4	 | 	5	 | 	2,24
  4	 | 	6	 | 	9,22
  4	 | 	7	 | 	7,62
  4	 | 	8	 | 	9,90
  5	 | 	7	 | 	9,22
  6	 | 	8	 | 	5,39
  1	 | 	2	 | 	3,00
___________________________
