Simulation Topology 1
___________________________
[6]				[0]		
[10]				[2]		
[2]				[2]		
[5]				[3]		
[15]				[3]		
[16]				[4]		
[12]				[4]		
[16]				[5]		
[3]				[5]		
[17]				[6]		
___________________________
Simulation Topology [1:1]
___________________________
From 	  To 		Length
___________________________
  0	 | 	1	 | 	4,47
  0	 | 	3	 | 	3,16
  0	 | 	4	 | 	9,49
  0	 | 	7	 | 	11,18
  1	 | 	3	 | 	5,10
  1	 | 	4	 | 	5,10
  2	 | 	3	 | 	3,16
  2	 | 	5	 | 	14,14
  2	 | 	9	 | 	15,52
  3	 | 	5	 | 	11,05
  4	 | 	5	 | 	1,41
  4	 | 	6	 | 	3,16
  6	 | 	7	 | 	4,12
  6	 | 	8	 | 	9,06
  6	 | 	9	 | 	5,39
  7	 | 	9	 | 	1,41
  8	 | 	9	 | 	14,04
___________________________
Simulation Topology [1:2]
___________________________
From 	  To 		Length
___________________________
  0	 | 	1	 | 	4,47
  0	 | 	3	 | 	3,16
  0	 | 	4	 | 	9,49
  0	 | 	7	 | 	11,18
  1	 | 	3	 | 	5,10
  1	 | 	4	 | 	5,10
  2	 | 	3	 | 	3,16
  2	 | 	5	 | 	14,14
  2	 | 	9	 | 	15,52
  3	 | 	5	 | 	11,05
  4	 | 	5	 | 	1,41
  4	 | 	6	 | 	3,16
  6	 | 	7	 | 	4,12
  6	 | 	8	 | 	9,06
  6	 | 	9	 | 	5,39
  7	 | 	9	 | 	1,41
  8	 | 	9	 | 	14,04
  5	 | 	7	 | 	1,00
___________________________
Simulation Topology [1:3]
___________________________
From 	  To 		Length
___________________________
  0	 | 	1	 | 	4,47
  0	 | 	3	 | 	3,16
  0	 | 	4	 | 	9,49
  0	 | 	7	 | 	11,18
  1	 | 	3	 | 	5,10
  1	 | 	4	 | 	5,10
  2	 | 	3	 | 	3,16
  2	 | 	5	 | 	14,14
  2	 | 	9	 | 	15,52
  3	 | 	5	 | 	11,05
  4	 | 	5	 | 	1,41
  4	 | 	6	 | 	3,16
  6	 | 	7	 | 	4,12
  6	 | 	8	 | 	9,06
  6	 | 	9	 | 	5,39
  7	 | 	9	 | 	1,41
  8	 | 	9	 | 	14,04
  5	 | 	7	 | 	1,00
  5	 | 	9	 | 	2,24
___________________________
Simulation Topology [1:4]
___________________________
From 	  To 		Length
___________________________
  0	 | 	1	 | 	4,47
  0	 | 	3	 | 	3,16
  0	 | 	4	 | 	9,49
  0	 | 	7	 | 	11,18
  1	 | 	3	 | 	5,10
  1	 | 	4	 | 	5,10
  2	 | 	3	 | 	3,16
  2	 | 	5	 | 	14,14
  2	 | 	9	 | 	15,52
  3	 | 	5	 | 	11,05
  4	 | 	5	 | 	1,41
  4	 | 	6	 | 	3,16
  6	 | 	7	 | 	4,12
  6	 | 	8	 | 	9,06
  6	 | 	9	 | 	5,39
  7	 | 	9	 | 	1,41
  8	 | 	9	 | 	14,04
  5	 | 	7	 | 	1,00
  5	 | 	9	 | 	2,24
  4	 | 	7	 | 	2,24
___________________________
