Simulation Topology 1
___________________________
[3]				[4]		
[5]				[9]		
[5]				[7]		
[6]				[5]		
[0]				[19]		
[7]				[17]		
[1]				[17]		
[1]				[24]		
[3]				[25]		
[7]				[30]		
[6]				[32]		
[7]				[35]		
[13]				[2]		
[11]				[0]		
[15]				[0]		
[15]				[4]		
[12]				[6]		
[10]				[8]		
[8]				[12]		
[9]				[14]		
___________________________
Simulation Topology [1:1]
___________________________
From 	  To 		Length
___________________________
  0	 | 	1	 | 	5,39
  0	 | 	2	 | 	3,61
  0	 | 	6	 | 	13,15
  0	 | 	19	 | 	11,66
  1	 | 	2	 | 	2,00
  1	 | 	15	 | 	11,18
  1	 | 	17	 | 	5,10
  2	 | 	7	 | 	17,46
  2	 | 	14	 | 	12,21
  3	 | 	4	 | 	15,23
  3	 | 	5	 | 	12,04
  4	 | 	5	 | 	7,28
  4	 | 	11	 | 	17,46
  4	 | 	16	 | 	17,69
  5	 | 	7	 | 	9,22
  5	 | 	18	 | 	5,10
  6	 | 	7	 | 	7,00
  7	 | 	8	 | 	2,24
  8	 | 	9	 | 	6,40
  8	 | 	10	 | 	7,62
  8	 | 	16	 | 	21,02
  9	 | 	11	 | 	5,00
  9	 | 	14	 | 	31,05
  10	 | 	11	 | 	3,16
  10	 | 	13	 | 	32,39
  11	 | 	14	 | 	35,90
  12	 | 	13	 | 	2,83
  12	 | 	17	 | 	6,71
  13	 | 	19	 | 	14,14
  14	 | 	15	 | 	4,00
  15	 | 	16	 | 	3,61
  15	 | 	19	 | 	11,66
  16	 | 	18	 | 	7,21
___________________________
Simulation Topology [1:2]
___________________________
From 	  To 		Length
___________________________
  0	 | 	1	 | 	5,39
  0	 | 	2	 | 	3,61
  0	 | 	6	 | 	13,15
  0	 | 	19	 | 	11,66
  1	 | 	2	 | 	2,00
  1	 | 	15	 | 	11,18
  1	 | 	17	 | 	5,10
  2	 | 	7	 | 	17,46
  2	 | 	14	 | 	12,21
  3	 | 	4	 | 	15,23
  3	 | 	5	 | 	12,04
  4	 | 	5	 | 	7,28
  4	 | 	11	 | 	17,46
  4	 | 	16	 | 	17,69
  5	 | 	7	 | 	9,22
  5	 | 	18	 | 	5,10
  6	 | 	7	 | 	7,00
  7	 | 	8	 | 	2,24
  8	 | 	9	 | 	6,40
  8	 | 	10	 | 	7,62
  8	 | 	16	 | 	21,02
  9	 | 	11	 | 	5,00
  9	 | 	14	 | 	31,05
  10	 | 	11	 | 	3,16
  10	 | 	13	 | 	32,39
  11	 | 	14	 | 	35,90
  12	 | 	13	 | 	2,83
  12	 | 	17	 | 	6,71
  13	 | 	19	 | 	14,14
  14	 | 	15	 | 	4,00
  15	 | 	16	 | 	3,61
  15	 | 	19	 | 	11,66
  16	 | 	18	 | 	7,21
  16	 | 	17	 | 	2,83
___________________________
Simulation Topology [1:3]
___________________________
From 	  To 		Length
___________________________
  0	 | 	1	 | 	5,39
  0	 | 	2	 | 	3,61
  0	 | 	6	 | 	13,15
  0	 | 	19	 | 	11,66
  1	 | 	2	 | 	2,00
  1	 | 	15	 | 	11,18
  1	 | 	17	 | 	5,10
  2	 | 	7	 | 	17,46
  2	 | 	14	 | 	12,21
  3	 | 	4	 | 	15,23
  3	 | 	5	 | 	12,04
  4	 | 	5	 | 	7,28
  4	 | 	11	 | 	17,46
  4	 | 	16	 | 	17,69
  5	 | 	7	 | 	9,22
  5	 | 	18	 | 	5,10
  6	 | 	7	 | 	7,00
  7	 | 	8	 | 	2,24
  8	 | 	9	 | 	6,40
  8	 | 	10	 | 	7,62
  8	 | 	16	 | 	21,02
  9	 | 	11	 | 	5,00
  9	 | 	14	 | 	31,05
  10	 | 	11	 | 	3,16
  10	 | 	13	 | 	32,39
  11	 | 	14	 | 	35,90
  12	 | 	13	 | 	2,83
  12	 | 	17	 | 	6,71
  13	 | 	19	 | 	14,14
  14	 | 	15	 | 	4,00
  15	 | 	16	 | 	3,61
  15	 | 	19	 | 	11,66
  16	 | 	18	 | 	7,21
  16	 | 	17	 | 	2,83
  1	 | 	3	 | 	4,12
___________________________
Simulation Topology [1:4]
___________________________
From 	  To 		Length
___________________________
  0	 | 	1	 | 	5,39
  0	 | 	2	 | 	3,61
  0	 | 	6	 | 	13,15
  0	 | 	19	 | 	11,66
  1	 | 	2	 | 	2,00
  1	 | 	15	 | 	11,18
  1	 | 	17	 | 	5,10
  2	 | 	7	 | 	17,46
  2	 | 	14	 | 	12,21
  3	 | 	4	 | 	15,23
  3	 | 	5	 | 	12,04
  4	 | 	5	 | 	7,28
  4	 | 	11	 | 	17,46
  4	 | 	16	 | 	17,69
  5	 | 	7	 | 	9,22
  5	 | 	18	 | 	5,10
  6	 | 	7	 | 	7,00
  7	 | 	8	 | 	2,24
  8	 | 	9	 | 	6,40
  8	 | 	10	 | 	7,62
  8	 | 	16	 | 	21,02
  9	 | 	11	 | 	5,00
  9	 | 	14	 | 	31,05
  10	 | 	11	 | 	3,16
  10	 | 	13	 | 	32,39
  11	 | 	14	 | 	35,90
  12	 | 	13	 | 	2,83
  12	 | 	17	 | 	6,71
  13	 | 	19	 | 	14,14
  14	 | 	15	 | 	4,00
  15	 | 	16	 | 	3,61
  15	 | 	19	 | 	11,66
  16	 | 	18	 | 	7,21
  16	 | 	17	 | 	2,83
  1	 | 	3	 | 	4,12
  2	 | 	4	 | 	13,00
___________________________
Simulation Topology [1:5]
___________________________
From 	  To 		Length
___________________________
  0	 | 	1	 | 	5,39
  0	 | 	2	 | 	3,61
  0	 | 	6	 | 	13,15
  0	 | 	19	 | 	11,66
  1	 | 	2	 | 	2,00
  1	 | 	15	 | 	11,18
  1	 | 	17	 | 	5,10
  2	 | 	7	 | 	17,46
  2	 | 	14	 | 	12,21
  3	 | 	4	 | 	15,23
  3	 | 	5	 | 	12,04
  4	 | 	5	 | 	7,28
  4	 | 	11	 | 	17,46
  4	 | 	16	 | 	17,69
  5	 | 	7	 | 	9,22
  5	 | 	18	 | 	5,10
  6	 | 	7	 | 	7,00
  7	 | 	8	 | 	2,24
  8	 | 	9	 | 	6,40
  8	 | 	10	 | 	7,62
  8	 | 	16	 | 	21,02
  9	 | 	11	 | 	5,00
  9	 | 	14	 | 	31,05
  10	 | 	11	 | 	3,16
  10	 | 	13	 | 	32,39
  11	 | 	14	 | 	35,90
  12	 | 	13	 | 	2,83
  12	 | 	17	 | 	6,71
  13	 | 	19	 | 	14,14
  14	 | 	15	 | 	4,00
  15	 | 	16	 | 	3,61
  15	 | 	19	 | 	11,66
  16	 | 	18	 | 	7,21
  16	 | 	17	 | 	2,83
  1	 | 	3	 | 	4,12
  2	 | 	4	 | 	13,00
  13	 | 	17	 | 	8,06
___________________________
Simulation Topology [1:6]
___________________________
From 	  To 		Length
___________________________
  0	 | 	1	 | 	5,39
  0	 | 	2	 | 	3,61
  0	 | 	6	 | 	13,15
  0	 | 	19	 | 	11,66
  1	 | 	2	 | 	2,00
  1	 | 	15	 | 	11,18
  1	 | 	17	 | 	5,10
  2	 | 	7	 | 	17,46
  2	 | 	14	 | 	12,21
  3	 | 	4	 | 	15,23
  3	 | 	5	 | 	12,04
  4	 | 	5	 | 	7,28
  4	 | 	11	 | 	17,46
  4	 | 	16	 | 	17,69
  5	 | 	7	 | 	9,22
  5	 | 	18	 | 	5,10
  6	 | 	7	 | 	7,00
  7	 | 	8	 | 	2,24
  8	 | 	9	 | 	6,40
  8	 | 	10	 | 	7,62
  8	 | 	16	 | 	21,02
  9	 | 	11	 | 	5,00
  9	 | 	14	 | 	31,05
  10	 | 	11	 | 	3,16
  10	 | 	13	 | 	32,39
  11	 | 	14	 | 	35,90
  12	 | 	13	 | 	2,83
  12	 | 	17	 | 	6,71
  13	 | 	19	 | 	14,14
  14	 | 	15	 | 	4,00
  15	 | 	16	 | 	3,61
  15	 | 	19	 | 	11,66
  16	 | 	18	 | 	7,21
  16	 | 	17	 | 	2,83
  1	 | 	3	 | 	4,12
  2	 | 	4	 | 	13,00
  13	 | 	17	 | 	8,06
  12	 | 	15	 | 	2,83
___________________________
Simulation Topology [1:7]
___________________________
From 	  To 		Length
___________________________
  0	 | 	1	 | 	5,39
  0	 | 	2	 | 	3,61
  0	 | 	6	 | 	13,15
  0	 | 	19	 | 	11,66
  1	 | 	2	 | 	2,00
  1	 | 	15	 | 	11,18
  1	 | 	17	 | 	5,10
  2	 | 	7	 | 	17,46
  2	 | 	14	 | 	12,21
  3	 | 	4	 | 	15,23
  3	 | 	5	 | 	12,04
  4	 | 	5	 | 	7,28
  4	 | 	11	 | 	17,46
  4	 | 	16	 | 	17,69
  5	 | 	7	 | 	9,22
  5	 | 	18	 | 	5,10
  6	 | 	7	 | 	7,00
  7	 | 	8	 | 	2,24
  8	 | 	9	 | 	6,40
  8	 | 	10	 | 	7,62
  8	 | 	16	 | 	21,02
  9	 | 	11	 | 	5,00
  9	 | 	14	 | 	31,05
  10	 | 	11	 | 	3,16
  10	 | 	13	 | 	32,39
  11	 | 	14	 | 	35,90
  12	 | 	13	 | 	2,83
  12	 | 	17	 | 	6,71
  13	 | 	19	 | 	14,14
  14	 | 	15	 | 	4,00
  15	 | 	16	 | 	3,61
  15	 | 	19	 | 	11,66
  16	 | 	18	 | 	7,21
  16	 | 	17	 | 	2,83
  1	 | 	3	 | 	4,12
  2	 | 	4	 | 	13,00
  13	 | 	17	 | 	8,06
  12	 | 	15	 | 	2,83
  5	 | 	19	 | 	3,61
___________________________
Simulation Topology [1:8]
___________________________
From 	  To 		Length
___________________________
  0	 | 	1	 | 	5,39
  0	 | 	2	 | 	3,61
  0	 | 	6	 | 	13,15
  0	 | 	19	 | 	11,66
  1	 | 	2	 | 	2,00
  1	 | 	15	 | 	11,18
  1	 | 	17	 | 	5,10
  2	 | 	7	 | 	17,46
  2	 | 	14	 | 	12,21
  3	 | 	4	 | 	15,23
  3	 | 	5	 | 	12,04
  4	 | 	5	 | 	7,28
  4	 | 	11	 | 	17,46
  4	 | 	16	 | 	17,69
  5	 | 	7	 | 	9,22
  5	 | 	18	 | 	5,10
  6	 | 	7	 | 	7,00
  7	 | 	8	 | 	2,24
  8	 | 	9	 | 	6,40
  8	 | 	10	 | 	7,62
  8	 | 	16	 | 	21,02
  9	 | 	11	 | 	5,00
  9	 | 	14	 | 	31,05
  10	 | 	11	 | 	3,16
  10	 | 	13	 | 	32,39
  11	 | 	14	 | 	35,90
  12	 | 	13	 | 	2,83
  12	 | 	17	 | 	6,71
  13	 | 	19	 | 	14,14
  14	 | 	15	 | 	4,00
  15	 | 	16	 | 	3,61
  15	 | 	19	 | 	11,66
  16	 | 	18	 | 	7,21
  16	 | 	17	 | 	2,83
  1	 | 	3	 | 	4,12
  2	 | 	4	 | 	13,00
  13	 | 	17	 | 	8,06
  12	 | 	15	 | 	2,83
  5	 | 	19	 | 	3,61
  18	 | 	19	 | 	2,24
___________________________
