Simulation Topology 1
___________________________
[16]				[0]		
[6]				[1]		
[15]				[2]		
[17]				[3]		
[6]				[4]		
[10]				[5]		
[13]				[5]		
[3]				[6]		
[9]				[7]		
[13]				[7]		
___________________________
Simulation Topology [1:1]
___________________________
From 	  To 		Length
___________________________
  0	 | 	1	 | 	10,05
  0	 | 	3	 | 	3,16
  0	 | 	5	 | 	7,81
  0	 | 	8	 | 	9,90
  1	 | 	5	 | 	5,66
  1	 | 	8	 | 	6,71
  1	 | 	9	 | 	9,22
  2	 | 	3	 | 	2,24
  2	 | 	7	 | 	12,65
  2	 | 	9	 | 	5,39
  3	 | 	8	 | 	8,94
  4	 | 	5	 | 	4,12
  4	 | 	7	 | 	3,61
  4	 | 	9	 | 	7,62
  5	 | 	9	 | 	3,61
  6	 | 	7	 | 	10,05
  6	 | 	8	 | 	4,47
  6	 | 	9	 | 	2,00
  7	 | 	9	 | 	10,05
___________________________
Simulation Topology [1:2]
___________________________
From 	  To 		Length
___________________________
  0	 | 	1	 | 	10,05
  0	 | 	3	 | 	3,16
  0	 | 	5	 | 	7,81
  0	 | 	8	 | 	9,90
  1	 | 	5	 | 	5,66
  1	 | 	8	 | 	6,71
  1	 | 	9	 | 	9,22
  2	 | 	3	 | 	2,24
  2	 | 	7	 | 	12,65
  2	 | 	9	 | 	5,39
  3	 | 	8	 | 	8,94
  4	 | 	5	 | 	4,12
  4	 | 	7	 | 	3,61
  4	 | 	9	 | 	7,62
  5	 | 	9	 | 	3,61
  6	 | 	7	 | 	10,05
  6	 | 	8	 | 	4,47
  6	 | 	9	 | 	2,00
  7	 | 	9	 | 	10,05
  0	 | 	2	 | 	2,24
___________________________
