Simulation Topology 1
___________________________
[8]				[0]		
[2]				[1]		
[13]				[1]		
[18]				[2]		
[8]				[2]		
[17]				[3]		
[12]				[3]		
[12]				[4]		
[4]				[6]		
[7]				[6]		
___________________________
Simulation Topology [1:1]
___________________________
From 	  To 		Length
___________________________
  0	 | 	1	 | 	6,08
  0	 | 	3	 | 	10,20
  0	 | 	5	 | 	9,49
  0	 | 	9	 | 	6,08
  1	 | 	7	 | 	10,44
  2	 | 	3	 | 	5,10
  2	 | 	5	 | 	4,47
  2	 | 	6	 | 	2,24
  2	 | 	8	 | 	10,30
  3	 | 	6	 | 	6,08
  3	 | 	9	 | 	11,70
  4	 | 	5	 | 	9,06
  4	 | 	6	 | 	4,12
  4	 | 	7	 | 	4,47
  6	 | 	7	 | 	1,00
  6	 | 	9	 | 	5,83
  7	 | 	8	 | 	8,25
___________________________
Simulation Topology [1:2]
___________________________
From 	  To 		Length
___________________________
  0	 | 	1	 | 	6,08
  0	 | 	3	 | 	10,20
  0	 | 	5	 | 	9,49
  0	 | 	9	 | 	6,08
  1	 | 	7	 | 	10,44
  2	 | 	3	 | 	5,10
  2	 | 	5	 | 	4,47
  2	 | 	6	 | 	2,24
  2	 | 	8	 | 	10,30
  3	 | 	6	 | 	6,08
  3	 | 	9	 | 	11,70
  4	 | 	5	 | 	9,06
  4	 | 	6	 | 	4,12
  4	 | 	7	 | 	4,47
  6	 | 	7	 | 	1,00
  6	 | 	9	 | 	5,83
  7	 | 	8	 | 	8,25
  1	 | 	9	 | 	7,07
___________________________
Simulation Topology [1:3]
___________________________
From 	  To 		Length
___________________________
  0	 | 	1	 | 	6,08
  0	 | 	3	 | 	10,20
  0	 | 	5	 | 	9,49
  0	 | 	9	 | 	6,08
  1	 | 	7	 | 	10,44
  2	 | 	3	 | 	5,10
  2	 | 	5	 | 	4,47
  2	 | 	6	 | 	2,24
  2	 | 	8	 | 	10,30
  3	 | 	6	 | 	6,08
  3	 | 	9	 | 	11,70
  4	 | 	5	 | 	9,06
  4	 | 	6	 | 	4,12
  4	 | 	7	 | 	4,47
  6	 | 	7	 | 	1,00
  6	 | 	9	 | 	5,83
  7	 | 	8	 | 	8,25
  1	 | 	9	 | 	7,07
  3	 | 	5	 | 	1,41
___________________________
Simulation Topology [1:4]
___________________________
From 	  To 		Length
___________________________
  0	 | 	1	 | 	6,08
  0	 | 	3	 | 	10,20
  0	 | 	5	 | 	9,49
  0	 | 	9	 | 	6,08
  1	 | 	7	 | 	10,44
  2	 | 	3	 | 	5,10
  2	 | 	5	 | 	4,47
  2	 | 	6	 | 	2,24
  2	 | 	8	 | 	10,30
  3	 | 	6	 | 	6,08
  3	 | 	9	 | 	11,70
  4	 | 	5	 | 	9,06
  4	 | 	6	 | 	4,12
  4	 | 	7	 | 	4,47
  6	 | 	7	 | 	1,00
  6	 | 	9	 | 	5,83
  7	 | 	8	 | 	8,25
  1	 | 	9	 | 	7,07
  3	 | 	5	 | 	1,41
  1	 | 	8	 | 	5,39
___________________________
