Simulation Topology 1
___________________________
[15]				[0]		
[19]				[0]		
[6]				[1]		
[1]				[1]		
[16]				[2]		
[18]				[3]		
[2]				[3]		
[9]				[4]		
[5]				[6]		
[6]				[8]		
___________________________
Simulation Topology [1:1]
___________________________
From 	  To 		Length
___________________________
  0	 | 	1	 | 	4,00
  0	 | 	7	 | 	7,21
  1	 | 	2	 | 	13,04
  1	 | 	4	 | 	3,61
  1	 | 	5	 | 	3,16
  1	 | 	8	 | 	15,23
  2	 | 	3	 | 	5,00
  2	 | 	4	 | 	10,05
  2	 | 	8	 | 	5,10
  3	 | 	5	 | 	17,12
  3	 | 	6	 | 	2,24
  3	 | 	7	 | 	8,54
  4	 | 	5	 | 	2,24
  4	 | 	9	 | 	11,66
  5	 | 	7	 | 	9,06
  5	 | 	9	 | 	13,00
  6	 | 	7	 | 	7,07
  6	 | 	9	 | 	6,40
  7	 | 	8	 | 	4,47
___________________________
Simulation Topology [1:2]
___________________________
From 	  To 		Length
___________________________
  0	 | 	1	 | 	4,00
  0	 | 	7	 | 	7,21
  1	 | 	2	 | 	13,04
  1	 | 	4	 | 	3,61
  1	 | 	5	 | 	3,16
  1	 | 	8	 | 	15,23
  2	 | 	3	 | 	5,00
  2	 | 	4	 | 	10,05
  2	 | 	8	 | 	5,10
  3	 | 	5	 | 	17,12
  3	 | 	6	 | 	2,24
  3	 | 	7	 | 	8,54
  4	 | 	5	 | 	2,24
  4	 | 	9	 | 	11,66
  5	 | 	7	 | 	9,06
  5	 | 	9	 | 	13,00
  6	 | 	7	 | 	7,07
  6	 | 	9	 | 	6,40
  7	 | 	8	 | 	4,47
  0	 | 	4	 | 	2,24
___________________________
