Simulation Topology 1
___________________________
[12]				[0]		
[4]				[0]		
[16]				[1]		
[18]				[1]		
[10]				[3]		
[2]				[5]		
[7]				[5]		
[3]				[6]		
[7]				[6]		
[17]				[7]		
___________________________
Simulation Topology [1:1]
___________________________
From 	  To 		Length
___________________________
  0	 | 	1	 | 	8,00
  0	 | 	2	 | 	4,12
  0	 | 	3	 | 	6,08
  0	 | 	8	 | 	7,81
  1	 | 	4	 | 	6,71
  1	 | 	7	 | 	6,08
  2	 | 	3	 | 	2,00
  2	 | 	4	 | 	6,32
  3	 | 	6	 | 	11,70
  3	 | 	8	 | 	12,08
  4	 | 	5	 | 	8,25
  4	 | 	8	 | 	4,24
  5	 | 	7	 | 	1,41
  5	 | 	8	 | 	5,10
  6	 | 	7	 | 	4,12
  6	 | 	9	 | 	10,20
  7	 | 	9	 | 	14,04
___________________________
Simulation Topology [1:2]
___________________________
From 	  To 		Length
___________________________
  0	 | 	1	 | 	8,00
  0	 | 	2	 | 	4,12
  0	 | 	3	 | 	6,08
  0	 | 	8	 | 	7,81
  1	 | 	4	 | 	6,71
  1	 | 	7	 | 	6,08
  2	 | 	3	 | 	2,00
  2	 | 	4	 | 	6,32
  3	 | 	6	 | 	11,70
  3	 | 	8	 | 	12,08
  4	 | 	5	 | 	8,25
  4	 | 	8	 | 	4,24
  5	 | 	7	 | 	1,41
  5	 | 	8	 | 	5,10
  6	 | 	7	 | 	4,12
  6	 | 	9	 | 	10,20
  7	 | 	9	 | 	14,04
  4	 | 	9	 | 	8,06
___________________________
Simulation Topology [1:3]
___________________________
From 	  To 		Length
___________________________
  0	 | 	1	 | 	8,00
  0	 | 	2	 | 	4,12
  0	 | 	3	 | 	6,08
  0	 | 	8	 | 	7,81
  1	 | 	4	 | 	6,71
  1	 | 	7	 | 	6,08
  2	 | 	3	 | 	2,00
  2	 | 	4	 | 	6,32
  3	 | 	6	 | 	11,70
  3	 | 	8	 | 	12,08
  4	 | 	5	 | 	8,25
  4	 | 	8	 | 	4,24
  5	 | 	7	 | 	1,41
  5	 | 	8	 | 	5,10
  6	 | 	7	 | 	4,12
  6	 | 	9	 | 	10,20
  7	 | 	9	 | 	14,04
  4	 | 	9	 | 	8,06
  4	 | 	6	 | 	3,61
___________________________
Simulation Topology [1:4]
___________________________
From 	  To 		Length
___________________________
  0	 | 	1	 | 	8,00
  0	 | 	2	 | 	4,12
  0	 | 	3	 | 	6,08
  0	 | 	8	 | 	7,81
  1	 | 	4	 | 	6,71
  1	 | 	7	 | 	6,08
  2	 | 	3	 | 	2,00
  2	 | 	4	 | 	6,32
  3	 | 	6	 | 	11,70
  3	 | 	8	 | 	12,08
  4	 | 	5	 | 	8,25
  4	 | 	8	 | 	4,24
  5	 | 	7	 | 	1,41
  5	 | 	8	 | 	5,10
  6	 | 	7	 | 	4,12
  6	 | 	9	 | 	10,20
  7	 | 	9	 | 	14,04
  4	 | 	9	 | 	8,06
  4	 | 	6	 | 	3,61
  0	 | 	4	 | 	3,61
___________________________
