Simulation Topology 1
___________________________
[11]				[0]		
[14]				[1]		
[4]				[2]		
[19]				[2]		
[8]				[5]		
[18]				[6]		
[6]				[8]		
[9]				[9]		
[3]				[10]		
[10]				[10]		
___________________________
Simulation Topology [1:1]
___________________________
From 	  To 		Length
___________________________
  0	 | 	1	 | 	3,16
  0	 | 	6	 | 	9,43
  0	 | 	7	 | 	9,22
  1	 | 	3	 | 	5,10
  1	 | 	4	 | 	7,21
  1	 | 	6	 | 	10,63
  1	 | 	7	 | 	9,43
  2	 | 	3	 | 	15,00
  2	 | 	4	 | 	5,00
  2	 | 	5	 | 	14,56
  2	 | 	6	 | 	6,32
  3	 | 	6	 | 	14,32
  3	 | 	7	 | 	12,21
  3	 | 	8	 | 	17,89
  4	 | 	7	 | 	4,12
  5	 | 	6	 | 	12,17
  5	 | 	9	 | 	8,94
  6	 | 	9	 | 	4,47
  8	 | 	9	 | 	7,00
___________________________
Simulation Topology [1:2]
___________________________
From 	  To 		Length
___________________________
  0	 | 	1	 | 	3,16
  0	 | 	6	 | 	9,43
  0	 | 	7	 | 	9,22
  1	 | 	3	 | 	5,10
  1	 | 	4	 | 	7,21
  1	 | 	6	 | 	10,63
  1	 | 	7	 | 	9,43
  2	 | 	3	 | 	15,00
  2	 | 	4	 | 	5,00
  2	 | 	5	 | 	14,56
  2	 | 	6	 | 	6,32
  3	 | 	6	 | 	14,32
  3	 | 	7	 | 	12,21
  3	 | 	8	 | 	17,89
  4	 | 	7	 | 	4,12
  5	 | 	6	 | 	12,17
  5	 | 	9	 | 	8,94
  6	 | 	9	 | 	4,47
  8	 | 	9	 | 	7,00
  0	 | 	5	 | 	9,22
___________________________
