Simulation Topology 1
___________________________
[4]				[0]		
[18]				[0]		
[16]				[1]		
[13]				[2]		
[11]				[3]		
[19]				[3]		
[19]				[5]		
[8]				[7]		
[14]				[9]		
[1]				[9]		
___________________________
Simulation Topology [1:1]
___________________________
From 	  To 		Length
___________________________
  0	 | 	1	 | 	14,00
  0	 | 	2	 | 	12,04
  0	 | 	6	 | 	15,81
  0	 | 	8	 | 	13,45
  0	 | 	9	 | 	9,49
  1	 | 	2	 | 	2,24
  1	 | 	4	 | 	7,62
  1	 | 	7	 | 	12,21
  2	 | 	3	 | 	3,16
  2	 | 	9	 | 	17,00
  3	 | 	5	 | 	6,08
  3	 | 	9	 | 	13,89
  4	 | 	5	 | 	8,00
  4	 | 	8	 | 	6,71
  5	 | 	7	 | 	11,70
  5	 | 	9	 | 	18,97
  6	 | 	8	 | 	6,40
  6	 | 	9	 | 	18,44
___________________________
Simulation Topology [1:2]
___________________________
From 	  To 		Length
___________________________
  0	 | 	1	 | 	14,00
  0	 | 	2	 | 	12,04
  0	 | 	6	 | 	15,81
  0	 | 	8	 | 	13,45
  0	 | 	9	 | 	9,49
  1	 | 	2	 | 	2,24
  1	 | 	4	 | 	7,62
  1	 | 	7	 | 	12,21
  2	 | 	3	 | 	3,16
  2	 | 	9	 | 	17,00
  3	 | 	5	 | 	6,08
  3	 | 	9	 | 	13,89
  4	 | 	5	 | 	8,00
  4	 | 	8	 | 	6,71
  5	 | 	7	 | 	11,70
  5	 | 	9	 | 	18,97
  6	 | 	8	 | 	6,40
  6	 | 	9	 | 	18,44
  3	 | 	4	 | 	2,24
___________________________
Simulation Topology [1:3]
___________________________
From 	  To 		Length
___________________________
  0	 | 	1	 | 	14,00
  0	 | 	2	 | 	12,04
  0	 | 	6	 | 	15,81
  0	 | 	8	 | 	13,45
  0	 | 	9	 | 	9,49
  1	 | 	2	 | 	2,24
  1	 | 	4	 | 	7,62
  1	 | 	7	 | 	12,21
  2	 | 	3	 | 	3,16
  2	 | 	9	 | 	17,00
  3	 | 	5	 | 	6,08
  3	 | 	9	 | 	13,89
  4	 | 	5	 | 	8,00
  4	 | 	8	 | 	6,71
  5	 | 	7	 | 	11,70
  5	 | 	9	 | 	18,97
  6	 | 	8	 | 	6,40
  6	 | 	9	 | 	18,44
  3	 | 	4	 | 	2,24
  4	 | 	7	 | 	5,00
___________________________
