Simulation Topology 1
___________________________
[5]				[3]		
[8]				[5]		
[19]				[6]		
[4]				[7]		
[13]				[7]		
[10]				[8]		
[16]				[8]		
[15]				[9]		
[4]				[9]		
[2]				[10]		
___________________________
Simulation Topology [1:1]
___________________________
From 	  To 		Length
___________________________
  0	 | 	1	 | 	3,61
  0	 | 	2	 | 	14,32
  0	 | 	8	 | 	6,08
  0	 | 	9	 | 	7,62
  1	 | 	4	 | 	5,39
  1	 | 	8	 | 	5,66
  2	 | 	3	 | 	15,03
  2	 | 	5	 | 	9,22
  2	 | 	6	 | 	3,61
  2	 | 	7	 | 	5,00
  3	 | 	5	 | 	6,08
  3	 | 	8	 | 	2,00
  3	 | 	9	 | 	3,61
  4	 | 	5	 | 	3,16
  4	 | 	6	 | 	3,16
  4	 | 	7	 | 	2,83
  5	 | 	7	 | 	5,10
  6	 | 	9	 | 	14,14
___________________________
Simulation Topology [1:2]
___________________________
From 	  To 		Length
___________________________
  0	 | 	1	 | 	3,61
  0	 | 	2	 | 	14,32
  0	 | 	8	 | 	6,08
  0	 | 	9	 | 	7,62
  1	 | 	4	 | 	5,39
  1	 | 	8	 | 	5,66
  2	 | 	3	 | 	15,03
  2	 | 	5	 | 	9,22
  2	 | 	6	 | 	3,61
  2	 | 	7	 | 	5,00
  3	 | 	5	 | 	6,08
  3	 | 	8	 | 	2,00
  3	 | 	9	 | 	3,61
  4	 | 	5	 | 	3,16
  4	 | 	6	 | 	3,16
  4	 | 	7	 | 	2,83
  5	 | 	7	 | 	5,10
  6	 | 	9	 | 	14,14
  8	 | 	9	 | 	2,24
___________________________
Simulation Topology [1:3]
___________________________
From 	  To 		Length
___________________________
  0	 | 	1	 | 	3,61
  0	 | 	2	 | 	14,32
  0	 | 	8	 | 	6,08
  0	 | 	9	 | 	7,62
  1	 | 	4	 | 	5,39
  1	 | 	8	 | 	5,66
  2	 | 	3	 | 	15,03
  2	 | 	5	 | 	9,22
  2	 | 	6	 | 	3,61
  2	 | 	7	 | 	5,00
  3	 | 	5	 | 	6,08
  3	 | 	8	 | 	2,00
  3	 | 	9	 | 	3,61
  4	 | 	5	 | 	3,16
  4	 | 	6	 | 	3,16
  4	 | 	7	 | 	2,83
  5	 | 	7	 | 	5,10
  6	 | 	9	 | 	14,14
  8	 | 	9	 | 	2,24
  1	 | 	5	 | 	3,61
___________________________
