Simulation Topology 1
___________________________
[8]				[0]		
[1]				[2]		
[16]				[2]		
[0]				[5]		
[18]				[5]		
[19]				[6]		
[6]				[6]		
[6]				[10]		
[11]				[10]		
[18]				[11]		
___________________________
Simulation Topology [1:1]
___________________________
From 	  To 		Length
___________________________
  0	 | 	1	 | 	7,28
  0	 | 	2	 | 	8,25
  0	 | 	4	 | 	11,18
  0	 | 	8	 | 	10,44
  1	 | 	9	 | 	19,24
  2	 | 	3	 | 	16,28
  2	 | 	4	 | 	3,61
  2	 | 	6	 | 	10,77
  2	 | 	8	 | 	9,43
  3	 | 	5	 | 	19,03
  3	 | 	6	 | 	6,08
  3	 | 	7	 | 	7,81
  4	 | 	5	 | 	1,41
  4	 | 	9	 | 	6,00
  5	 | 	7	 | 	13,60
  5	 | 	9	 | 	5,10
  6	 | 	7	 | 	4,00
  8	 | 	9	 | 	7,07
___________________________
Simulation Topology [1:2]
___________________________
From 	  To 		Length
___________________________
  0	 | 	1	 | 	7,28
  0	 | 	2	 | 	8,25
  0	 | 	4	 | 	11,18
  0	 | 	8	 | 	10,44
  1	 | 	9	 | 	19,24
  2	 | 	3	 | 	16,28
  2	 | 	4	 | 	3,61
  2	 | 	6	 | 	10,77
  2	 | 	8	 | 	9,43
  3	 | 	5	 | 	19,03
  3	 | 	6	 | 	6,08
  3	 | 	7	 | 	7,81
  4	 | 	5	 | 	1,41
  4	 | 	9	 | 	6,00
  5	 | 	7	 | 	13,60
  5	 | 	9	 | 	5,10
  6	 | 	7	 | 	4,00
  8	 | 	9	 | 	7,07
  1	 | 	3	 | 	3,16
___________________________
Simulation Topology [1:3]
___________________________
From 	  To 		Length
___________________________
  0	 | 	1	 | 	7,28
  0	 | 	2	 | 	8,25
  0	 | 	4	 | 	11,18
  0	 | 	8	 | 	10,44
  1	 | 	9	 | 	19,24
  2	 | 	3	 | 	16,28
  2	 | 	4	 | 	3,61
  2	 | 	6	 | 	10,77
  2	 | 	8	 | 	9,43
  3	 | 	5	 | 	19,03
  3	 | 	6	 | 	6,08
  3	 | 	7	 | 	7,81
  4	 | 	5	 | 	1,41
  4	 | 	9	 | 	6,00
  5	 | 	7	 | 	13,60
  5	 | 	9	 | 	5,10
  6	 | 	7	 | 	4,00
  8	 | 	9	 | 	7,07
  1	 | 	3	 | 	3,16
  4	 | 	8	 | 	8,60
___________________________
