Simulation Topology 1
___________________________
[2]				[0]		
[1]				[4]		
[18]				[4]		
[15]				[5]		
[18]				[6]		
[8]				[6]		
[8]				[7]		
[13]				[7]		
[13]				[8]		
[16]				[8]		
___________________________
Simulation Topology [1:1]
___________________________
From 	  To 		Length
___________________________
  0	 | 	1	 | 	4,12
  0	 | 	5	 | 	8,49
  0	 | 	7	 | 	13,04
  0	 | 	9	 | 	16,12
  1	 | 	3	 | 	14,04
  1	 | 	5	 | 	7,28
  1	 | 	8	 | 	12,65
  2	 | 	3	 | 	3,16
  2	 | 	4	 | 	2,00
  3	 | 	4	 | 	3,16
  3	 | 	6	 | 	7,28
  3	 | 	8	 | 	3,61
  4	 | 	5	 | 	10,00
  4	 | 	7	 | 	5,10
  5	 | 	6	 | 	1,00
  5	 | 	7	 | 	5,10
  6	 | 	7	 | 	5,00
  6	 | 	9	 | 	8,06
___________________________
Simulation Topology [1:2]
___________________________
From 	  To 		Length
___________________________
  0	 | 	1	 | 	4,12
  0	 | 	5	 | 	8,49
  0	 | 	7	 | 	13,04
  0	 | 	9	 | 	16,12
  1	 | 	3	 | 	14,04
  1	 | 	5	 | 	7,28
  1	 | 	8	 | 	12,65
  2	 | 	3	 | 	3,16
  2	 | 	4	 | 	2,00
  3	 | 	4	 | 	3,16
  3	 | 	6	 | 	7,28
  3	 | 	8	 | 	3,61
  4	 | 	5	 | 	10,00
  4	 | 	7	 | 	5,10
  5	 | 	6	 | 	1,00
  5	 | 	7	 | 	5,10
  6	 | 	7	 | 	5,00
  6	 | 	9	 | 	8,06
  3	 | 	7	 | 	2,83
___________________________
Simulation Topology [1:3]
___________________________
From 	  To 		Length
___________________________
  0	 | 	1	 | 	4,12
  0	 | 	5	 | 	8,49
  0	 | 	7	 | 	13,04
  0	 | 	9	 | 	16,12
  1	 | 	3	 | 	14,04
  1	 | 	5	 | 	7,28
  1	 | 	8	 | 	12,65
  2	 | 	3	 | 	3,16
  2	 | 	4	 | 	2,00
  3	 | 	4	 | 	3,16
  3	 | 	6	 | 	7,28
  3	 | 	8	 | 	3,61
  4	 | 	5	 | 	10,00
  4	 | 	7	 | 	5,10
  5	 | 	6	 | 	1,00
  5	 | 	7	 | 	5,10
  6	 | 	7	 | 	5,00
  6	 | 	9	 | 	8,06
  3	 | 	7	 | 	2,83
  2	 | 	9	 | 	4,47
___________________________
