Simulation Topology 1
___________________________
[12]				[0]		
[0]				[0]		
[14]				[5]		
[8]				[8]		
[11]				[8]		
[4]				[9]		
[3]				[11]		
[3]				[12]		
[12]				[13]		
[15]				[15]		
___________________________
Simulation Topology [1:1]
___________________________
From 	  To 		Length
___________________________
  0	 | 	1	 | 	12,00
  0	 | 	7	 | 	15,00
  1	 | 	5	 | 	9,85
  1	 | 	7	 | 	12,37
  1	 | 	9	 | 	21,21
  2	 | 	3	 | 	6,71
  2	 | 	4	 | 	4,24
  2	 | 	5	 | 	10,77
  3	 | 	4	 | 	3,00
  3	 | 	6	 | 	5,83
  3	 | 	7	 | 	6,40
  3	 | 	9	 | 	9,90
  4	 | 	5	 | 	7,07
  4	 | 	6	 | 	8,54
  4	 | 	8	 | 	5,10
  4	 | 	9	 | 	8,06
  5	 | 	6	 | 	2,24
  5	 | 	7	 | 	3,16
  5	 | 	8	 | 	8,94
  6	 | 	7	 | 	1,00
  6	 | 	8	 | 	9,22
___________________________
Simulation Topology [1:2]
___________________________
From 	  To 		Length
___________________________
  0	 | 	1	 | 	12,00
  0	 | 	7	 | 	15,00
  1	 | 	5	 | 	9,85
  1	 | 	7	 | 	12,37
  1	 | 	9	 | 	21,21
  2	 | 	3	 | 	6,71
  2	 | 	4	 | 	4,24
  2	 | 	5	 | 	10,77
  3	 | 	4	 | 	3,00
  3	 | 	6	 | 	5,83
  3	 | 	7	 | 	6,40
  3	 | 	9	 | 	9,90
  4	 | 	5	 | 	7,07
  4	 | 	6	 | 	8,54
  4	 | 	8	 | 	5,10
  4	 | 	9	 | 	8,06
  5	 | 	6	 | 	2,24
  5	 | 	7	 | 	3,16
  5	 | 	8	 | 	8,94
  6	 | 	7	 | 	1,00
  6	 | 	8	 | 	9,22
  8	 | 	9	 | 	3,61
___________________________
Simulation Topology [1:3]
___________________________
From 	  To 		Length
___________________________
  0	 | 	1	 | 	12,00
  0	 | 	7	 | 	15,00
  1	 | 	5	 | 	9,85
  1	 | 	7	 | 	12,37
  1	 | 	9	 | 	21,21
  2	 | 	3	 | 	6,71
  2	 | 	4	 | 	4,24
  2	 | 	5	 | 	10,77
  3	 | 	4	 | 	3,00
  3	 | 	6	 | 	5,83
  3	 | 	7	 | 	6,40
  3	 | 	9	 | 	9,90
  4	 | 	5	 | 	7,07
  4	 | 	6	 | 	8,54
  4	 | 	8	 | 	5,10
  4	 | 	9	 | 	8,06
  5	 | 	6	 | 	2,24
  5	 | 	7	 | 	3,16
  5	 | 	8	 | 	8,94
  6	 | 	7	 | 	1,00
  6	 | 	8	 | 	9,22
  8	 | 	9	 | 	3,61
  3	 | 	5	 | 	4,12
___________________________
Simulation Topology [1:4]
___________________________
From 	  To 		Length
___________________________
  0	 | 	1	 | 	12,00
  0	 | 	7	 | 	15,00
  1	 | 	5	 | 	9,85
  1	 | 	7	 | 	12,37
  1	 | 	9	 | 	21,21
  2	 | 	3	 | 	6,71
  2	 | 	4	 | 	4,24
  2	 | 	5	 | 	10,77
  3	 | 	4	 | 	3,00
  3	 | 	6	 | 	5,83
  3	 | 	7	 | 	6,40
  3	 | 	9	 | 	9,90
  4	 | 	5	 | 	7,07
  4	 | 	6	 | 	8,54
  4	 | 	8	 | 	5,10
  4	 | 	9	 | 	8,06
  5	 | 	6	 | 	2,24
  5	 | 	7	 | 	3,16
  5	 | 	8	 | 	8,94
  6	 | 	7	 | 	1,00
  6	 | 	8	 | 	9,22
  8	 | 	9	 | 	3,61
  3	 | 	5	 | 	4,12
  0	 | 	2	 | 	5,39
___________________________
Simulation Topology [1:5]
___________________________
From 	  To 		Length
___________________________
  0	 | 	1	 | 	12,00
  0	 | 	7	 | 	15,00
  1	 | 	5	 | 	9,85
  1	 | 	7	 | 	12,37
  1	 | 	9	 | 	21,21
  2	 | 	3	 | 	6,71
  2	 | 	4	 | 	4,24
  2	 | 	5	 | 	10,77
  3	 | 	4	 | 	3,00
  3	 | 	6	 | 	5,83
  3	 | 	7	 | 	6,40
  3	 | 	9	 | 	9,90
  4	 | 	5	 | 	7,07
  4	 | 	6	 | 	8,54
  4	 | 	8	 | 	5,10
  4	 | 	9	 | 	8,06
  5	 | 	6	 | 	2,24
  5	 | 	7	 | 	3,16
  5	 | 	8	 | 	8,94
  6	 | 	7	 | 	1,00
  6	 | 	8	 | 	9,22
  8	 | 	9	 | 	3,61
  3	 | 	5	 | 	4,12
  0	 | 	2	 | 	5,39
  0	 | 	3	 | 	8,94
___________________________
Simulation Topology [1:6]
___________________________
From 	  To 		Length
___________________________
  0	 | 	1	 | 	12,00
  0	 | 	7	 | 	15,00
  1	 | 	5	 | 	9,85
  1	 | 	7	 | 	12,37
  1	 | 	9	 | 	21,21
  2	 | 	3	 | 	6,71
  2	 | 	4	 | 	4,24
  2	 | 	5	 | 	10,77
  3	 | 	4	 | 	3,00
  3	 | 	6	 | 	5,83
  3	 | 	7	 | 	6,40
  3	 | 	9	 | 	9,90
  4	 | 	5	 | 	7,07
  4	 | 	6	 | 	8,54
  4	 | 	8	 | 	5,10
  4	 | 	9	 | 	8,06
  5	 | 	6	 | 	2,24
  5	 | 	7	 | 	3,16
  5	 | 	8	 | 	8,94
  6	 | 	7	 | 	1,00
  6	 | 	8	 | 	9,22
  8	 | 	9	 | 	3,61
  3	 | 	5	 | 	4,12
  0	 | 	2	 | 	5,39
  0	 | 	3	 | 	8,94
  4	 | 	7	 | 	8,94
___________________________
Simulation Topology [1:7]
___________________________
From 	  To 		Length
___________________________
  0	 | 	1	 | 	12,00
  0	 | 	7	 | 	15,00
  1	 | 	5	 | 	9,85
  1	 | 	7	 | 	12,37
  1	 | 	9	 | 	21,21
  2	 | 	3	 | 	6,71
  2	 | 	4	 | 	4,24
  2	 | 	5	 | 	10,77
  3	 | 	4	 | 	3,00
  3	 | 	6	 | 	5,83
  3	 | 	7	 | 	6,40
  3	 | 	9	 | 	9,90
  4	 | 	5	 | 	7,07
  4	 | 	6	 | 	8,54
  4	 | 	8	 | 	5,10
  4	 | 	9	 | 	8,06
  5	 | 	6	 | 	2,24
  5	 | 	7	 | 	3,16
  5	 | 	8	 | 	8,94
  6	 | 	7	 | 	1,00
  6	 | 	8	 | 	9,22
  8	 | 	9	 | 	3,61
  3	 | 	5	 | 	4,12
  0	 | 	2	 | 	5,39
  0	 | 	3	 | 	8,94
  4	 | 	7	 | 	8,94
  2	 | 	8	 | 	8,25
___________________________
Simulation Topology [1:8]
___________________________
From 	  To 		Length
___________________________
  0	 | 	1	 | 	12,00
  0	 | 	7	 | 	15,00
  1	 | 	5	 | 	9,85
  1	 | 	7	 | 	12,37
  1	 | 	9	 | 	21,21
  2	 | 	3	 | 	6,71
  2	 | 	4	 | 	4,24
  2	 | 	5	 | 	10,77
  3	 | 	4	 | 	3,00
  3	 | 	6	 | 	5,83
  3	 | 	7	 | 	6,40
  3	 | 	9	 | 	9,90
  4	 | 	5	 | 	7,07
  4	 | 	6	 | 	8,54
  4	 | 	8	 | 	5,10
  4	 | 	9	 | 	8,06
  5	 | 	6	 | 	2,24
  5	 | 	7	 | 	3,16
  5	 | 	8	 | 	8,94
  6	 | 	7	 | 	1,00
  6	 | 	8	 | 	9,22
  8	 | 	9	 | 	3,61
  3	 | 	5	 | 	4,12
  0	 | 	2	 | 	5,39
  0	 | 	3	 | 	8,94
  4	 | 	7	 | 	8,94
  2	 | 	8	 | 	8,25
  3	 | 	8	 | 	6,40
___________________________
Simulation Topology [1:9]
___________________________
From 	  To 		Length
___________________________
  0	 | 	1	 | 	12,00
  0	 | 	7	 | 	15,00
  1	 | 	5	 | 	9,85
  1	 | 	7	 | 	12,37
  1	 | 	9	 | 	21,21
  2	 | 	3	 | 	6,71
  2	 | 	4	 | 	4,24
  2	 | 	5	 | 	10,77
  3	 | 	4	 | 	3,00
  3	 | 	6	 | 	5,83
  3	 | 	7	 | 	6,40
  3	 | 	9	 | 	9,90
  4	 | 	5	 | 	7,07
  4	 | 	6	 | 	8,54
  4	 | 	8	 | 	5,10
  4	 | 	9	 | 	8,06
  5	 | 	6	 | 	2,24
  5	 | 	7	 | 	3,16
  5	 | 	8	 | 	8,94
  6	 | 	7	 | 	1,00
  6	 | 	8	 | 	9,22
  8	 | 	9	 | 	3,61
  3	 | 	5	 | 	4,12
  0	 | 	2	 | 	5,39
  0	 | 	3	 | 	8,94
  4	 | 	7	 | 	8,94
  2	 | 	8	 | 	8,25
  3	 | 	8	 | 	6,40
  0	 | 	4	 | 	8,06
___________________________
Simulation Topology [1:10]
___________________________
From 	  To 		Length
___________________________
  0	 | 	1	 | 	12,00
  0	 | 	7	 | 	15,00
  1	 | 	5	 | 	9,85
  1	 | 	7	 | 	12,37
  1	 | 	9	 | 	21,21
  2	 | 	3	 | 	6,71
  2	 | 	4	 | 	4,24
  2	 | 	5	 | 	10,77
  3	 | 	4	 | 	3,00
  3	 | 	6	 | 	5,83
  3	 | 	7	 | 	6,40
  3	 | 	9	 | 	9,90
  4	 | 	5	 | 	7,07
  4	 | 	6	 | 	8,54
  4	 | 	8	 | 	5,10
  4	 | 	9	 | 	8,06
  5	 | 	6	 | 	2,24
  5	 | 	7	 | 	3,16
  5	 | 	8	 | 	8,94
  6	 | 	7	 | 	1,00
  6	 | 	8	 | 	9,22
  8	 | 	9	 | 	3,61
  3	 | 	5	 | 	4,12
  0	 | 	2	 | 	5,39
  0	 | 	3	 | 	8,94
  4	 | 	7	 | 	8,94
  2	 | 	8	 | 	8,25
  3	 | 	8	 | 	6,40
  0	 | 	4	 | 	8,06
  1	 | 	6	 | 	11,40
___________________________
Simulation Topology [1:11]
___________________________
From 	  To 		Length
___________________________
  0	 | 	1	 | 	12,00
  0	 | 	7	 | 	15,00
  1	 | 	5	 | 	9,85
  1	 | 	7	 | 	12,37
  1	 | 	9	 | 	21,21
  2	 | 	3	 | 	6,71
  2	 | 	4	 | 	4,24
  2	 | 	5	 | 	10,77
  3	 | 	4	 | 	3,00
  3	 | 	6	 | 	5,83
  3	 | 	7	 | 	6,40
  3	 | 	9	 | 	9,90
  4	 | 	5	 | 	7,07
  4	 | 	6	 | 	8,54
  4	 | 	8	 | 	5,10
  4	 | 	9	 | 	8,06
  5	 | 	6	 | 	2,24
  5	 | 	7	 | 	3,16
  5	 | 	8	 | 	8,94
  6	 | 	7	 | 	1,00
  6	 | 	8	 | 	9,22
  8	 | 	9	 | 	3,61
  3	 | 	5	 | 	4,12
  0	 | 	2	 | 	5,39
  0	 | 	3	 | 	8,94
  4	 | 	7	 | 	8,94
  2	 | 	8	 | 	8,25
  3	 | 	8	 | 	6,40
  0	 | 	4	 | 	8,06
  1	 | 	6	 | 	11,40
  2	 | 	7	 | 	13,04
___________________________
Simulation Topology [1:12]
___________________________
From 	  To 		Length
___________________________
  0	 | 	1	 | 	12,00
  0	 | 	7	 | 	15,00
  1	 | 	5	 | 	9,85
  1	 | 	7	 | 	12,37
  1	 | 	9	 | 	21,21
  2	 | 	3	 | 	6,71
  2	 | 	4	 | 	4,24
  2	 | 	5	 | 	10,77
  3	 | 	4	 | 	3,00
  3	 | 	6	 | 	5,83
  3	 | 	7	 | 	6,40
  3	 | 	9	 | 	9,90
  4	 | 	5	 | 	7,07
  4	 | 	6	 | 	8,54
  4	 | 	8	 | 	5,10
  4	 | 	9	 | 	8,06
  5	 | 	6	 | 	2,24
  5	 | 	7	 | 	3,16
  5	 | 	8	 | 	8,94
  6	 | 	7	 | 	1,00
  6	 | 	8	 | 	9,22
  8	 | 	9	 | 	3,61
  3	 | 	5	 | 	4,12
  0	 | 	2	 | 	5,39
  0	 | 	3	 | 	8,94
  4	 | 	7	 | 	8,94
  2	 | 	8	 | 	8,25
  3	 | 	8	 | 	6,40
  0	 | 	4	 | 	8,06
  1	 | 	6	 | 	11,40
  2	 | 	7	 | 	13,04
  7	 | 	8	 | 	9,06
___________________________
Simulation Topology [1:13]
___________________________
From 	  To 		Length
___________________________
  0	 | 	1	 | 	12,00
  0	 | 	7	 | 	15,00
  1	 | 	5	 | 	9,85
  1	 | 	7	 | 	12,37
  1	 | 	9	 | 	21,21
  2	 | 	3	 | 	6,71
  2	 | 	4	 | 	4,24
  2	 | 	5	 | 	10,77
  3	 | 	4	 | 	3,00
  3	 | 	6	 | 	5,83
  3	 | 	7	 | 	6,40
  3	 | 	9	 | 	9,90
  4	 | 	5	 | 	7,07
  4	 | 	6	 | 	8,54
  4	 | 	8	 | 	5,10
  4	 | 	9	 | 	8,06
  5	 | 	6	 | 	2,24
  5	 | 	7	 | 	3,16
  5	 | 	8	 | 	8,94
  6	 | 	7	 | 	1,00
  6	 | 	8	 | 	9,22
  8	 | 	9	 | 	3,61
  3	 | 	5	 | 	4,12
  0	 | 	2	 | 	5,39
  0	 | 	3	 | 	8,94
  4	 | 	7	 | 	8,94
  2	 | 	8	 | 	8,25
  3	 | 	8	 | 	6,40
  0	 | 	4	 | 	8,06
  1	 | 	6	 | 	11,40
  2	 | 	7	 | 	13,04
  7	 | 	8	 | 	9,06
  1	 | 	8	 | 	17,69
___________________________
Simulation Topology [1:14]
___________________________
From 	  To 		Length
___________________________
  0	 | 	1	 | 	12,00
  0	 | 	7	 | 	15,00
  1	 | 	5	 | 	9,85
  1	 | 	7	 | 	12,37
  1	 | 	9	 | 	21,21
  2	 | 	3	 | 	6,71
  2	 | 	4	 | 	4,24
  2	 | 	5	 | 	10,77
  3	 | 	4	 | 	3,00
  3	 | 	6	 | 	5,83
  3	 | 	7	 | 	6,40
  3	 | 	9	 | 	9,90
  4	 | 	5	 | 	7,07
  4	 | 	6	 | 	8,54
  4	 | 	8	 | 	5,10
  4	 | 	9	 | 	8,06
  5	 | 	6	 | 	2,24
  5	 | 	7	 | 	3,16
  5	 | 	8	 | 	8,94
  6	 | 	7	 | 	1,00
  6	 | 	8	 | 	9,22
  8	 | 	9	 | 	3,61
  3	 | 	5	 | 	4,12
  0	 | 	2	 | 	5,39
  0	 | 	3	 | 	8,94
  4	 | 	7	 | 	8,94
  2	 | 	8	 | 	8,25
  3	 | 	8	 | 	6,40
  0	 | 	4	 | 	8,06
  1	 | 	6	 | 	11,40
  2	 | 	7	 | 	13,04
  7	 | 	8	 | 	9,06
  1	 | 	8	 | 	17,69
  7	 | 	9	 | 	12,37
___________________________
Simulation Topology [1:15]
___________________________
From 	  To 		Length
___________________________
  0	 | 	1	 | 	12,00
  0	 | 	7	 | 	15,00
  1	 | 	5	 | 	9,85
  1	 | 	7	 | 	12,37
  1	 | 	9	 | 	21,21
  2	 | 	3	 | 	6,71
  2	 | 	4	 | 	4,24
  2	 | 	5	 | 	10,77
  3	 | 	4	 | 	3,00
  3	 | 	6	 | 	5,83
  3	 | 	7	 | 	6,40
  3	 | 	9	 | 	9,90
  4	 | 	5	 | 	7,07
  4	 | 	6	 | 	8,54
  4	 | 	8	 | 	5,10
  4	 | 	9	 | 	8,06
  5	 | 	6	 | 	2,24
  5	 | 	7	 | 	3,16
  5	 | 	8	 | 	8,94
  6	 | 	7	 | 	1,00
  6	 | 	8	 | 	9,22
  8	 | 	9	 | 	3,61
  3	 | 	5	 | 	4,12
  0	 | 	2	 | 	5,39
  0	 | 	3	 | 	8,94
  4	 | 	7	 | 	8,94
  2	 | 	8	 | 	8,25
  3	 | 	8	 | 	6,40
  0	 | 	4	 | 	8,06
  1	 | 	6	 | 	11,40
  2	 | 	7	 | 	13,04
  7	 | 	8	 | 	9,06
  1	 | 	8	 | 	17,69
  7	 | 	9	 | 	12,37
  2	 | 	6	 | 	12,53
___________________________
Simulation Topology [1:16]
___________________________
From 	  To 		Length
___________________________
  0	 | 	1	 | 	12,00
  0	 | 	7	 | 	15,00
  1	 | 	5	 | 	9,85
  1	 | 	7	 | 	12,37
  1	 | 	9	 | 	21,21
  2	 | 	3	 | 	6,71
  2	 | 	4	 | 	4,24
  2	 | 	5	 | 	10,77
  3	 | 	4	 | 	3,00
  3	 | 	6	 | 	5,83
  3	 | 	7	 | 	6,40
  3	 | 	9	 | 	9,90
  4	 | 	5	 | 	7,07
  4	 | 	6	 | 	8,54
  4	 | 	8	 | 	5,10
  4	 | 	9	 | 	8,06
  5	 | 	6	 | 	2,24
  5	 | 	7	 | 	3,16
  5	 | 	8	 | 	8,94
  6	 | 	7	 | 	1,00
  6	 | 	8	 | 	9,22
  8	 | 	9	 | 	3,61
  3	 | 	5	 | 	4,12
  0	 | 	2	 | 	5,39
  0	 | 	3	 | 	8,94
  4	 | 	7	 | 	8,94
  2	 | 	8	 | 	8,25
  3	 | 	8	 | 	6,40
  0	 | 	4	 | 	8,06
  1	 | 	6	 | 	11,40
  2	 | 	7	 | 	13,04
  7	 | 	8	 | 	9,06
  1	 | 	8	 | 	17,69
  7	 | 	9	 | 	12,37
  2	 | 	6	 | 	12,53
  0	 | 	5	 | 	12,04
___________________________
Simulation Topology [1:17]
___________________________
From 	  To 		Length
___________________________
  0	 | 	1	 | 	12,00
  0	 | 	7	 | 	15,00
  1	 | 	5	 | 	9,85
  1	 | 	7	 | 	12,37
  1	 | 	9	 | 	21,21
  2	 | 	3	 | 	6,71
  2	 | 	4	 | 	4,24
  2	 | 	5	 | 	10,77
  3	 | 	4	 | 	3,00
  3	 | 	6	 | 	5,83
  3	 | 	7	 | 	6,40
  3	 | 	9	 | 	9,90
  4	 | 	5	 | 	7,07
  4	 | 	6	 | 	8,54
  4	 | 	8	 | 	5,10
  4	 | 	9	 | 	8,06
  5	 | 	6	 | 	2,24
  5	 | 	7	 | 	3,16
  5	 | 	8	 | 	8,94
  6	 | 	7	 | 	1,00
  6	 | 	8	 | 	9,22
  8	 | 	9	 | 	3,61
  3	 | 	5	 | 	4,12
  0	 | 	2	 | 	5,39
  0	 | 	3	 | 	8,94
  4	 | 	7	 | 	8,94
  2	 | 	8	 | 	8,25
  3	 | 	8	 | 	6,40
  0	 | 	4	 | 	8,06
  1	 | 	6	 | 	11,40
  2	 | 	7	 | 	13,04
  7	 | 	8	 | 	9,06
  1	 | 	8	 | 	17,69
  7	 | 	9	 | 	12,37
  2	 | 	6	 | 	12,53
  0	 | 	5	 | 	12,04
  1	 | 	3	 | 	11,31
___________________________
Simulation Topology [1:18]
___________________________
From 	  To 		Length
___________________________
  0	 | 	1	 | 	12,00
  0	 | 	7	 | 	15,00
  1	 | 	5	 | 	9,85
  1	 | 	7	 | 	12,37
  1	 | 	9	 | 	21,21
  2	 | 	3	 | 	6,71
  2	 | 	4	 | 	4,24
  2	 | 	5	 | 	10,77
  3	 | 	4	 | 	3,00
  3	 | 	6	 | 	5,83
  3	 | 	7	 | 	6,40
  3	 | 	9	 | 	9,90
  4	 | 	5	 | 	7,07
  4	 | 	6	 | 	8,54
  4	 | 	8	 | 	5,10
  4	 | 	9	 | 	8,06
  5	 | 	6	 | 	2,24
  5	 | 	7	 | 	3,16
  5	 | 	8	 | 	8,94
  6	 | 	7	 | 	1,00
  6	 | 	8	 | 	9,22
  8	 | 	9	 | 	3,61
  3	 | 	5	 | 	4,12
  0	 | 	2	 | 	5,39
  0	 | 	3	 | 	8,94
  4	 | 	7	 | 	8,94
  2	 | 	8	 | 	8,25
  3	 | 	8	 | 	6,40
  0	 | 	4	 | 	8,06
  1	 | 	6	 | 	11,40
  2	 | 	7	 | 	13,04
  7	 | 	8	 | 	9,06
  1	 | 	8	 | 	17,69
  7	 | 	9	 | 	12,37
  2	 | 	6	 | 	12,53
  0	 | 	5	 | 	12,04
  1	 | 	3	 | 	11,31
  1	 | 	4	 | 	13,60
___________________________
Simulation Topology [1:19]
___________________________
From 	  To 		Length
___________________________
  0	 | 	1	 | 	12,00
  0	 | 	7	 | 	15,00
  1	 | 	5	 | 	9,85
  1	 | 	7	 | 	12,37
  1	 | 	9	 | 	21,21
  2	 | 	3	 | 	6,71
  2	 | 	4	 | 	4,24
  2	 | 	5	 | 	10,77
  3	 | 	4	 | 	3,00
  3	 | 	6	 | 	5,83
  3	 | 	7	 | 	6,40
  3	 | 	9	 | 	9,90
  4	 | 	5	 | 	7,07
  4	 | 	6	 | 	8,54
  4	 | 	8	 | 	5,10
  4	 | 	9	 | 	8,06
  5	 | 	6	 | 	2,24
  5	 | 	7	 | 	3,16
  5	 | 	8	 | 	8,94
  6	 | 	7	 | 	1,00
  6	 | 	8	 | 	9,22
  8	 | 	9	 | 	3,61
  3	 | 	5	 | 	4,12
  0	 | 	2	 | 	5,39
  0	 | 	3	 | 	8,94
  4	 | 	7	 | 	8,94
  2	 | 	8	 | 	8,25
  3	 | 	8	 | 	6,40
  0	 | 	4	 | 	8,06
  1	 | 	6	 | 	11,40
  2	 | 	7	 | 	13,04
  7	 | 	8	 | 	9,06
  1	 | 	8	 | 	17,69
  7	 | 	9	 | 	12,37
  2	 | 	6	 | 	12,53
  0	 | 	5	 | 	12,04
  1	 | 	3	 | 	11,31
  1	 | 	4	 | 	13,60
  1	 | 	2	 | 	14,87
___________________________
Simulation Topology [1:20]
___________________________
From 	  To 		Length
___________________________
  0	 | 	1	 | 	12,00
  0	 | 	7	 | 	15,00
  1	 | 	5	 | 	9,85
  1	 | 	7	 | 	12,37
  1	 | 	9	 | 	21,21
  2	 | 	3	 | 	6,71
  2	 | 	4	 | 	4,24
  2	 | 	5	 | 	10,77
  3	 | 	4	 | 	3,00
  3	 | 	6	 | 	5,83
  3	 | 	7	 | 	6,40
  3	 | 	9	 | 	9,90
  4	 | 	5	 | 	7,07
  4	 | 	6	 | 	8,54
  4	 | 	8	 | 	5,10
  4	 | 	9	 | 	8,06
  5	 | 	6	 | 	2,24
  5	 | 	7	 | 	3,16
  5	 | 	8	 | 	8,94
  6	 | 	7	 | 	1,00
  6	 | 	8	 | 	9,22
  8	 | 	9	 | 	3,61
  3	 | 	5	 | 	4,12
  0	 | 	2	 | 	5,39
  0	 | 	3	 | 	8,94
  4	 | 	7	 | 	8,94
  2	 | 	8	 | 	8,25
  3	 | 	8	 | 	6,40
  0	 | 	4	 | 	8,06
  1	 | 	6	 | 	11,40
  2	 | 	7	 | 	13,04
  7	 | 	8	 | 	9,06
  1	 | 	8	 | 	17,69
  7	 | 	9	 | 	12,37
  2	 | 	6	 | 	12,53
  0	 | 	5	 | 	12,04
  1	 | 	3	 | 	11,31
  1	 | 	4	 | 	13,60
  1	 | 	2	 | 	14,87
  2	 | 	9	 | 	10,05
___________________________
