Simulation Topology 1
___________________________
[11]				[1]		
[4]				[4]		
[2]				[4]		
[13]				[5]		
[17]				[5]		
[15]				[6]		
[4]				[6]		
[16]				[7]		
[1]				[8]		
[11]				[8]		
___________________________
Simulation Topology [1:1]
___________________________
From 	  To 		Length
___________________________
  0	 | 	1	 | 	7,62
  0	 | 	2	 | 	9,49
  0	 | 	4	 | 	7,21
  0	 | 	6	 | 	8,60
  1	 | 	3	 | 	9,06
  1	 | 	5	 | 	11,18
  1	 | 	6	 | 	2,00
  1	 | 	9	 | 	8,06
  2	 | 	3	 | 	11,05
  2	 | 	4	 | 	15,03
  2	 | 	5	 | 	13,15
  2	 | 	7	 | 	14,32
  3	 | 	7	 | 	3,61
  4	 | 	5	 | 	2,24
  4	 | 	8	 | 	16,28
  5	 | 	9	 | 	4,47
  6	 | 	7	 | 	12,04
  7	 | 	8	 | 	15,03
___________________________
Simulation Topology [1:2]
___________________________
From 	  To 		Length
___________________________
  0	 | 	1	 | 	7,62
  0	 | 	2	 | 	9,49
  0	 | 	4	 | 	7,21
  0	 | 	6	 | 	8,60
  1	 | 	3	 | 	9,06
  1	 | 	5	 | 	11,18
  1	 | 	6	 | 	2,00
  1	 | 	9	 | 	8,06
  2	 | 	3	 | 	11,05
  2	 | 	4	 | 	15,03
  2	 | 	5	 | 	13,15
  2	 | 	7	 | 	14,32
  3	 | 	7	 | 	3,61
  4	 | 	5	 | 	2,24
  4	 | 	8	 | 	16,28
  5	 | 	9	 | 	4,47
  6	 | 	7	 | 	12,04
  7	 | 	8	 | 	15,03
  3	 | 	5	 | 	2,24
___________________________
Simulation Topology [1:3]
___________________________
From 	  To 		Length
___________________________
  0	 | 	1	 | 	7,62
  0	 | 	2	 | 	9,49
  0	 | 	4	 | 	7,21
  0	 | 	6	 | 	8,60
  1	 | 	3	 | 	9,06
  1	 | 	5	 | 	11,18
  1	 | 	6	 | 	2,00
  1	 | 	9	 | 	8,06
  2	 | 	3	 | 	11,05
  2	 | 	4	 | 	15,03
  2	 | 	5	 | 	13,15
  2	 | 	7	 | 	14,32
  3	 | 	7	 | 	3,61
  4	 | 	5	 | 	2,24
  4	 | 	8	 | 	16,28
  5	 | 	9	 | 	4,47
  6	 | 	7	 | 	12,04
  7	 | 	8	 | 	15,03
  3	 | 	5	 | 	2,24
  2	 | 	6	 | 	2,83
___________________________
