Simulation Topology 1
___________________________
[16]				[1]		
[3]				[4]		
[19]				[5]		
[10]				[5]		
[0]				[6]		
[14]				[10]		
[16]				[10]		
[13]				[11]		
[0]				[12]		
[6]				[12]		
___________________________
Simulation Topology [1:1]
___________________________
From 	  To 		Length
___________________________
  0	 | 	1	 | 	13,34
  0	 | 	2	 | 	5,00
  0	 | 	5	 | 	9,22
  0	 | 	8	 | 	19,42
  0	 | 	9	 | 	14,87
  1	 | 	3	 | 	7,07
  1	 | 	5	 | 	12,53
  1	 | 	9	 | 	8,54
  2	 | 	3	 | 	9,00
  2	 | 	6	 | 	5,83
  3	 | 	4	 | 	10,05
  3	 | 	9	 | 	8,06
  4	 | 	5	 | 	14,56
  4	 | 	8	 | 	6,00
  5	 | 	7	 | 	1,41
  6	 | 	7	 | 	3,16
  6	 | 	8	 | 	16,12
  7	 | 	9	 | 	7,07
___________________________
Simulation Topology [1:2]
___________________________
From 	  To 		Length
___________________________
  0	 | 	1	 | 	13,34
  0	 | 	2	 | 	5,00
  0	 | 	5	 | 	9,22
  0	 | 	8	 | 	19,42
  0	 | 	9	 | 	14,87
  1	 | 	3	 | 	7,07
  1	 | 	5	 | 	12,53
  1	 | 	9	 | 	8,54
  2	 | 	3	 | 	9,00
  2	 | 	6	 | 	5,83
  3	 | 	4	 | 	10,05
  3	 | 	9	 | 	8,06
  4	 | 	5	 | 	14,56
  4	 | 	8	 | 	6,00
  5	 | 	7	 | 	1,41
  6	 | 	7	 | 	3,16
  6	 | 	8	 | 	16,12
  7	 | 	9	 | 	7,07
  5	 | 	6	 | 	2,00
___________________________
Simulation Topology [1:3]
___________________________
From 	  To 		Length
___________________________
  0	 | 	1	 | 	13,34
  0	 | 	2	 | 	5,00
  0	 | 	5	 | 	9,22
  0	 | 	8	 | 	19,42
  0	 | 	9	 | 	14,87
  1	 | 	3	 | 	7,07
  1	 | 	5	 | 	12,53
  1	 | 	9	 | 	8,54
  2	 | 	3	 | 	9,00
  2	 | 	6	 | 	5,83
  3	 | 	4	 | 	10,05
  3	 | 	9	 | 	8,06
  4	 | 	5	 | 	14,56
  4	 | 	8	 | 	6,00
  5	 | 	7	 | 	1,41
  6	 | 	7	 | 	3,16
  6	 | 	8	 | 	16,12
  7	 | 	9	 | 	7,07
  5	 | 	6	 | 	2,00
  1	 | 	4	 | 	3,61
___________________________
