Simulation Topology 1
___________________________
[5]				[0]		
[9]				[2]		
[5]				[2]		
[7]				[4]		
[12]				[5]		
[18]				[5]		
[12]				[6]		
[19]				[6]		
[2]				[10]		
[4]				[10]		
___________________________
Simulation Topology [1:1]
___________________________
From 	  To 		Length
___________________________
  0	 | 	1	 | 	4,47
  0	 | 	2	 | 	2,00
  0	 | 	5	 | 	13,93
  0	 | 	6	 | 	9,22
  0	 | 	9	 | 	10,05
  1	 | 	9	 | 	9,43
  2	 | 	3	 | 	2,83
  2	 | 	5	 | 	13,34
  2	 | 	6	 | 	8,06
  3	 | 	4	 | 	5,10
  3	 | 	8	 | 	7,81
  3	 | 	9	 | 	6,71
  4	 | 	5	 | 	6,00
  4	 | 	7	 | 	7,07
  5	 | 	8	 | 	16,76
  6	 | 	7	 | 	7,00
  6	 | 	9	 | 	8,94
  7	 | 	8	 | 	17,46
___________________________
Simulation Topology [1:2]
___________________________
From 	  To 		Length
___________________________
  0	 | 	1	 | 	4,47
  0	 | 	2	 | 	2,00
  0	 | 	5	 | 	13,93
  0	 | 	6	 | 	9,22
  0	 | 	9	 | 	10,05
  1	 | 	9	 | 	9,43
  2	 | 	3	 | 	2,83
  2	 | 	5	 | 	13,34
  2	 | 	6	 | 	8,06
  3	 | 	4	 | 	5,10
  3	 | 	8	 | 	7,81
  3	 | 	9	 | 	6,71
  4	 | 	5	 | 	6,00
  4	 | 	7	 | 	7,07
  5	 | 	8	 | 	16,76
  6	 | 	7	 | 	7,00
  6	 | 	9	 | 	8,94
  7	 | 	8	 | 	17,46
  8	 | 	9	 | 	2,00
___________________________
Simulation Topology [1:3]
___________________________
From 	  To 		Length
___________________________
  0	 | 	1	 | 	4,47
  0	 | 	2	 | 	2,00
  0	 | 	5	 | 	13,93
  0	 | 	6	 | 	9,22
  0	 | 	9	 | 	10,05
  1	 | 	9	 | 	9,43
  2	 | 	3	 | 	2,83
  2	 | 	5	 | 	13,34
  2	 | 	6	 | 	8,06
  3	 | 	4	 | 	5,10
  3	 | 	8	 | 	7,81
  3	 | 	9	 | 	6,71
  4	 | 	5	 | 	6,00
  4	 | 	7	 | 	7,07
  5	 | 	8	 | 	16,76
  6	 | 	7	 | 	7,00
  6	 | 	9	 | 	8,94
  7	 | 	8	 | 	17,46
  8	 | 	9	 | 	2,00
  4	 | 	9	 | 	9,43
___________________________
