Simulation Topology 1
___________________________
[12]				[0]		
[18]				[1]		
[18]				[2]		
[4]				[2]		
[16]				[3]		
[19]				[3]		
[12]				[4]		
[7]				[4]		
[2]				[6]		
[12]				[6]		
___________________________
Simulation Topology [1:1]
___________________________
From 	  To 		Length
___________________________
  0	 | 	1	 | 	6,08
  0	 | 	2	 | 	6,32
  0	 | 	6	 | 	4,00
  0	 | 	8	 | 	11,66
  1	 | 	4	 | 	2,83
  1	 | 	5	 | 	2,24
  1	 | 	7	 | 	11,40
  2	 | 	3	 | 	14,00
  2	 | 	8	 | 	16,49
  2	 | 	9	 | 	7,21
  3	 | 	5	 | 	15,03
  4	 | 	5	 | 	3,00
  4	 | 	6	 | 	4,12
  5	 | 	9	 | 	7,62
  6	 | 	7	 | 	5,00
  6	 | 	8	 | 	10,20
  7	 | 	9	 | 	5,39
___________________________
Simulation Topology [1:2]
___________________________
From 	  To 		Length
___________________________
  0	 | 	1	 | 	6,08
  0	 | 	2	 | 	6,32
  0	 | 	6	 | 	4,00
  0	 | 	8	 | 	11,66
  1	 | 	4	 | 	2,83
  1	 | 	5	 | 	2,24
  1	 | 	7	 | 	11,40
  2	 | 	3	 | 	14,00
  2	 | 	8	 | 	16,49
  2	 | 	9	 | 	7,21
  3	 | 	5	 | 	15,03
  4	 | 	5	 | 	3,00
  4	 | 	6	 | 	4,12
  5	 | 	9	 | 	7,62
  6	 | 	7	 | 	5,00
  6	 | 	8	 | 	10,20
  7	 | 	9	 | 	5,39
  0	 | 	5	 | 	7,62
___________________________
Simulation Topology [1:3]
___________________________
From 	  To 		Length
___________________________
  0	 | 	1	 | 	6,08
  0	 | 	2	 | 	6,32
  0	 | 	6	 | 	4,00
  0	 | 	8	 | 	11,66
  1	 | 	4	 | 	2,83
  1	 | 	5	 | 	2,24
  1	 | 	7	 | 	11,40
  2	 | 	3	 | 	14,00
  2	 | 	8	 | 	16,49
  2	 | 	9	 | 	7,21
  3	 | 	5	 | 	15,03
  4	 | 	5	 | 	3,00
  4	 | 	6	 | 	4,12
  5	 | 	9	 | 	7,62
  6	 | 	7	 | 	5,00
  6	 | 	8	 | 	10,20
  7	 | 	9	 | 	5,39
  0	 | 	5	 | 	7,62
  2	 | 	4	 | 	2,24
___________________________
Simulation Topology [1:4]
___________________________
From 	  To 		Length
___________________________
  0	 | 	1	 | 	6,08
  0	 | 	2	 | 	6,32
  0	 | 	6	 | 	4,00
  0	 | 	8	 | 	11,66
  1	 | 	4	 | 	2,83
  1	 | 	5	 | 	2,24
  1	 | 	7	 | 	11,40
  2	 | 	3	 | 	14,00
  2	 | 	8	 | 	16,49
  2	 | 	9	 | 	7,21
  3	 | 	5	 | 	15,03
  4	 | 	5	 | 	3,00
  4	 | 	6	 | 	4,12
  5	 | 	9	 | 	7,62
  6	 | 	7	 | 	5,00
  6	 | 	8	 | 	10,20
  7	 | 	9	 | 	5,39
  0	 | 	5	 | 	7,62
  2	 | 	4	 | 	2,24
  3	 | 	7	 | 	3,61
___________________________
