Simulation Topology 1
___________________________
[2]				[1]		
[8]				[1]		
[2]				[2]		
[7]				[2]		
[15]				[3]		
[8]				[5]		
[6]				[5]		
[12]				[7]		
[2]				[7]		
[1]				[8]		
___________________________
Simulation Topology [1:1]
___________________________
From 	  To 		Length
___________________________
  0	 | 	1	 | 	6,00
  0	 | 	4	 | 	13,15
  0	 | 	8	 | 	6,00
  1	 | 	6	 | 	4,47
  2	 | 	3	 | 	5,00
  2	 | 	4	 | 	13,04
  2	 | 	5	 | 	6,71
  2	 | 	9	 | 	6,08
  3	 | 	8	 | 	7,07
  3	 | 	9	 | 	8,49
  4	 | 	5	 | 	7,28
  4	 | 	9	 | 	14,87
  5	 | 	7	 | 	4,47
  5	 | 	8	 | 	6,32
  6	 | 	7	 | 	6,32
  6	 | 	9	 | 	5,83
  8	 | 	9	 | 	1,41
___________________________
Simulation Topology [1:2]
___________________________
From 	  To 		Length
___________________________
  0	 | 	1	 | 	6,00
  0	 | 	4	 | 	13,15
  0	 | 	8	 | 	6,00
  1	 | 	6	 | 	4,47
  2	 | 	3	 | 	5,00
  2	 | 	4	 | 	13,04
  2	 | 	5	 | 	6,71
  2	 | 	9	 | 	6,08
  3	 | 	8	 | 	7,07
  3	 | 	9	 | 	8,49
  4	 | 	5	 | 	7,28
  4	 | 	9	 | 	14,87
  5	 | 	7	 | 	4,47
  5	 | 	8	 | 	6,32
  6	 | 	7	 | 	6,32
  6	 | 	9	 | 	5,83
  8	 | 	9	 | 	1,41
  1	 | 	5	 | 	4,00
___________________________
Simulation Topology [1:3]
___________________________
From 	  To 		Length
___________________________
  0	 | 	1	 | 	6,00
  0	 | 	4	 | 	13,15
  0	 | 	8	 | 	6,00
  1	 | 	6	 | 	4,47
  2	 | 	3	 | 	5,00
  2	 | 	4	 | 	13,04
  2	 | 	5	 | 	6,71
  2	 | 	9	 | 	6,08
  3	 | 	8	 | 	7,07
  3	 | 	9	 | 	8,49
  4	 | 	5	 | 	7,28
  4	 | 	9	 | 	14,87
  5	 | 	7	 | 	4,47
  5	 | 	8	 | 	6,32
  6	 | 	7	 | 	6,32
  6	 | 	9	 | 	5,83
  8	 | 	9	 | 	1,41
  1	 | 	5	 | 	4,00
  6	 | 	8	 | 	4,47
___________________________
Simulation Topology [1:4]
___________________________
From 	  To 		Length
___________________________
  0	 | 	1	 | 	6,00
  0	 | 	4	 | 	13,15
  0	 | 	8	 | 	6,00
  1	 | 	6	 | 	4,47
  2	 | 	3	 | 	5,00
  2	 | 	4	 | 	13,04
  2	 | 	5	 | 	6,71
  2	 | 	9	 | 	6,08
  3	 | 	8	 | 	7,07
  3	 | 	9	 | 	8,49
  4	 | 	5	 | 	7,28
  4	 | 	9	 | 	14,87
  5	 | 	7	 | 	4,47
  5	 | 	8	 | 	6,32
  6	 | 	7	 | 	6,32
  6	 | 	9	 | 	5,83
  8	 | 	9	 | 	1,41
  1	 | 	5	 | 	4,00
  6	 | 	8	 | 	4,47
  5	 | 	6	 | 	2,00
___________________________
