Simulation Topology 1
___________________________
[19]				[2]		
[11]				[4]		
[14]				[4]		
[12]				[5]		
[6]				[7]		
[1]				[8]		
[18]				[8]		
[15]				[9]		
[0]				[9]		
[8]				[10]		
___________________________
Simulation Topology [1:1]
___________________________
From 	  To 		Length
___________________________
  0	 | 	1	 | 	8,25
  0	 | 	3	 | 	7,62
  0	 | 	4	 | 	13,93
  0	 | 	6	 | 	6,08
  0	 | 	8	 | 	20,25
  1	 | 	5	 | 	10,77
  1	 | 	7	 | 	6,40
  2	 | 	3	 | 	2,24
  2	 | 	7	 | 	5,10
  2	 | 	9	 | 	8,49
  3	 | 	4	 | 	6,32
  3	 | 	6	 | 	6,71
  3	 | 	7	 | 	5,00
  3	 | 	8	 | 	12,65
  4	 | 	5	 | 	5,10
  4	 | 	7	 | 	9,22
  5	 | 	9	 | 	7,28
  6	 | 	7	 | 	3,16
  6	 | 	8	 | 	18,03
___________________________
Simulation Topology [1:2]
___________________________
From 	  To 		Length
___________________________
  0	 | 	1	 | 	8,25
  0	 | 	3	 | 	7,62
  0	 | 	4	 | 	13,93
  0	 | 	6	 | 	6,08
  0	 | 	8	 | 	20,25
  1	 | 	5	 | 	10,77
  1	 | 	7	 | 	6,40
  2	 | 	3	 | 	2,24
  2	 | 	7	 | 	5,10
  2	 | 	9	 | 	8,49
  3	 | 	4	 | 	6,32
  3	 | 	6	 | 	6,71
  3	 | 	7	 | 	5,00
  3	 | 	8	 | 	12,65
  4	 | 	5	 | 	5,10
  4	 | 	7	 | 	9,22
  5	 | 	9	 | 	7,28
  6	 | 	7	 | 	3,16
  6	 | 	8	 | 	18,03
  4	 | 	8	 | 	6,32
___________________________
