Simulation Topology 1
___________________________
[19]				[2]		
[13]				[2]		
[1]				[3]		
[6]				[3]		
[19]				[5]		
[13]				[5]		
[16]				[6]		
[6]				[7]		
[14]				[9]		
[1]				[9]		
___________________________
Simulation Topology [1:1]
___________________________
From 	  To 		Length
___________________________
  0	 | 	1	 | 	6,00
  0	 | 	2	 | 	18,03
  0	 | 	4	 | 	3,00
  1	 | 	8	 | 	7,07
  2	 | 	3	 | 	5,00
  2	 | 	5	 | 	12,17
  2	 | 	9	 | 	6,00
  3	 | 	4	 | 	13,15
  4	 | 	5	 | 	6,00
  4	 | 	8	 | 	6,40
  5	 | 	6	 | 	3,16
  5	 | 	7	 | 	7,28
  5	 | 	9	 | 	12,65
  6	 | 	7	 | 	10,05
  6	 | 	8	 | 	3,61
  6	 | 	9	 | 	15,30
  7	 | 	9	 | 	5,39
___________________________
Simulation Topology [1:2]
___________________________
From 	  To 		Length
___________________________
  0	 | 	1	 | 	6,00
  0	 | 	2	 | 	18,03
  0	 | 	4	 | 	3,00
  1	 | 	8	 | 	7,07
  2	 | 	3	 | 	5,00
  2	 | 	5	 | 	12,17
  2	 | 	9	 | 	6,00
  3	 | 	4	 | 	13,15
  4	 | 	5	 | 	6,00
  4	 | 	8	 | 	6,40
  5	 | 	6	 | 	3,16
  5	 | 	7	 | 	7,28
  5	 | 	9	 | 	12,65
  6	 | 	7	 | 	10,05
  6	 | 	8	 | 	3,61
  6	 | 	9	 | 	15,30
  7	 | 	9	 | 	5,39
  4	 | 	6	 | 	3,16
___________________________
Simulation Topology [1:3]
___________________________
From 	  To 		Length
___________________________
  0	 | 	1	 | 	6,00
  0	 | 	2	 | 	18,03
  0	 | 	4	 | 	3,00
  1	 | 	8	 | 	7,07
  2	 | 	3	 | 	5,00
  2	 | 	5	 | 	12,17
  2	 | 	9	 | 	6,00
  3	 | 	4	 | 	13,15
  4	 | 	5	 | 	6,00
  4	 | 	8	 | 	6,40
  5	 | 	6	 | 	3,16
  5	 | 	7	 | 	7,28
  5	 | 	9	 | 	12,65
  6	 | 	7	 | 	10,05
  6	 | 	8	 | 	3,61
  6	 | 	9	 | 	15,30
  7	 | 	9	 | 	5,39
  4	 | 	6	 | 	3,16
  1	 | 	5	 | 	3,00
___________________________
Simulation Topology [1:4]
___________________________
From 	  To 		Length
___________________________
  0	 | 	1	 | 	6,00
  0	 | 	2	 | 	18,03
  0	 | 	4	 | 	3,00
  1	 | 	8	 | 	7,07
  2	 | 	3	 | 	5,00
  2	 | 	5	 | 	12,17
  2	 | 	9	 | 	6,00
  3	 | 	4	 | 	13,15
  4	 | 	5	 | 	6,00
  4	 | 	8	 | 	6,40
  5	 | 	6	 | 	3,16
  5	 | 	7	 | 	7,28
  5	 | 	9	 | 	12,65
  6	 | 	7	 | 	10,05
  6	 | 	8	 | 	3,61
  6	 | 	9	 | 	15,30
  7	 | 	9	 | 	5,39
  4	 | 	6	 | 	3,16
  1	 | 	5	 | 	3,00
  7	 | 	8	 | 	8,25
___________________________
