Simulation Topology 1
___________________________
[15]				[1]		
[6]				[1]		
[16]				[2]		
[1]				[2]		
[1]				[3]		
[18]				[4]		
[6]				[4]		
[13]				[5]		
[10]				[7]		
[11]				[8]		
___________________________
Simulation Topology [1:1]
___________________________
From 	  To 		Length
___________________________
  0	 | 	1	 | 	9,00
  0	 | 	4	 | 	14,14
  0	 | 	6	 | 	9,49
  1	 | 	4	 | 	5,39
  1	 | 	6	 | 	3,00
  1	 | 	7	 | 	8,06
  1	 | 	8	 | 	7,21
  2	 | 	3	 | 	15,00
  2	 | 	4	 | 	15,03
  2	 | 	5	 | 	2,83
  2	 | 	7	 | 	4,24
  2	 | 	9	 | 	7,81
  3	 | 	6	 | 	5,39
  4	 | 	5	 | 	17,03
  4	 | 	6	 | 	5,10
  4	 | 	9	 | 	11,18
  7	 | 	8	 | 	3,61
  8	 | 	9	 | 	1,41
___________________________
Simulation Topology [1:2]
___________________________
From 	  To 		Length
___________________________
  0	 | 	1	 | 	9,00
  0	 | 	4	 | 	14,14
  0	 | 	6	 | 	9,49
  1	 | 	4	 | 	5,39
  1	 | 	6	 | 	3,00
  1	 | 	7	 | 	8,06
  1	 | 	8	 | 	7,21
  2	 | 	3	 | 	15,00
  2	 | 	4	 | 	15,03
  2	 | 	5	 | 	2,83
  2	 | 	7	 | 	4,24
  2	 | 	9	 | 	7,81
  3	 | 	6	 | 	5,39
  4	 | 	5	 | 	17,03
  4	 | 	6	 | 	5,10
  4	 | 	9	 | 	11,18
  7	 | 	8	 | 	3,61
  8	 | 	9	 | 	1,41
  3	 | 	4	 | 	1,00
___________________________
Simulation Topology [1:3]
___________________________
From 	  To 		Length
___________________________
  0	 | 	1	 | 	9,00
  0	 | 	4	 | 	14,14
  0	 | 	6	 | 	9,49
  1	 | 	4	 | 	5,39
  1	 | 	6	 | 	3,00
  1	 | 	7	 | 	8,06
  1	 | 	8	 | 	7,21
  2	 | 	3	 | 	15,00
  2	 | 	4	 | 	15,03
  2	 | 	5	 | 	2,83
  2	 | 	7	 | 	4,24
  2	 | 	9	 | 	7,81
  3	 | 	6	 | 	5,39
  4	 | 	5	 | 	17,03
  4	 | 	6	 | 	5,10
  4	 | 	9	 | 	11,18
  7	 | 	8	 | 	3,61
  8	 | 	9	 | 	1,41
  3	 | 	4	 | 	1,00
  0	 | 	5	 | 	4,24
___________________________
