Simulation Topology 1
___________________________
[1]				[0]		
[12]				[1]		
[17]				[2]		
[5]				[2]		
[7]				[3]		
[18]				[3]		
[15]				[5]		
[11]				[7]		
[3]				[8]		
[10]				[8]		
___________________________
Simulation Topology [1:1]
___________________________
From 	  To 		Length
___________________________
  0	 | 	1	 | 	11,05
  0	 | 	3	 | 	4,47
  0	 | 	4	 | 	6,71
  0	 | 	6	 | 	14,87
  1	 | 	3	 | 	7,07
  1	 | 	5	 | 	6,32
  1	 | 	6	 | 	5,00
  1	 | 	7	 | 	6,08
  1	 | 	8	 | 	11,40
  1	 | 	9	 | 	7,28
  2	 | 	3	 | 	12,00
  2	 | 	6	 | 	3,61
  4	 | 	5	 | 	11,00
  4	 | 	6	 | 	8,25
  4	 | 	7	 | 	5,66
  5	 | 	6	 | 	3,61
  5	 | 	9	 | 	9,43
  6	 | 	9	 | 	5,83
  7	 | 	8	 | 	8,06
___________________________
Simulation Topology [1:2]
___________________________
From 	  To 		Length
___________________________
  0	 | 	1	 | 	11,05
  0	 | 	3	 | 	4,47
  0	 | 	4	 | 	6,71
  0	 | 	6	 | 	14,87
  1	 | 	3	 | 	7,07
  1	 | 	5	 | 	6,32
  1	 | 	6	 | 	5,00
  1	 | 	7	 | 	6,08
  1	 | 	8	 | 	11,40
  1	 | 	9	 | 	7,28
  2	 | 	3	 | 	12,00
  2	 | 	6	 | 	3,61
  4	 | 	5	 | 	11,00
  4	 | 	6	 | 	8,25
  4	 | 	7	 | 	5,66
  5	 | 	6	 | 	3,61
  5	 | 	9	 | 	9,43
  6	 | 	9	 | 	5,83
  7	 | 	8	 | 	8,06
  3	 | 	8	 | 	6,32
___________________________
