Simulation Topology 1
___________________________
[12]				[0]		
[0]				[1]		
[11]				[2]		
[10]				[3]		
[15]				[3]		
[15]				[4]		
[1]				[5]		
[9]				[9]		
[15]				[9]		
[16]				[12]		
___________________________
Simulation Topology [1:1]
___________________________
From 	  To 		Length
___________________________
  0	 | 	1	 | 	12,04
  0	 | 	3	 | 	3,61
  0	 | 	9	 | 	12,65
  1	 | 	5	 | 	15,30
  1	 | 	6	 | 	4,12
  1	 | 	9	 | 	19,42
  2	 | 	3	 | 	1,41
  2	 | 	4	 | 	4,12
  2	 | 	5	 | 	4,47
  2	 | 	7	 | 	7,28
  3	 | 	5	 | 	5,10
  3	 | 	8	 | 	7,81
  4	 | 	7	 | 	8,49
  5	 | 	6	 | 	14,04
  5	 | 	7	 | 	7,81
  5	 | 	8	 | 	5,00
  6	 | 	7	 | 	8,94
  6	 | 	9	 | 	16,55
  8	 | 	9	 | 	3,16
___________________________
Simulation Topology [1:2]
___________________________
From 	  To 		Length
___________________________
  0	 | 	1	 | 	12,04
  0	 | 	3	 | 	3,61
  0	 | 	9	 | 	12,65
  1	 | 	5	 | 	15,30
  1	 | 	6	 | 	4,12
  1	 | 	9	 | 	19,42
  2	 | 	3	 | 	1,41
  2	 | 	4	 | 	4,12
  2	 | 	5	 | 	4,47
  2	 | 	7	 | 	7,28
  3	 | 	5	 | 	5,10
  3	 | 	8	 | 	7,81
  4	 | 	7	 | 	8,49
  5	 | 	6	 | 	14,04
  5	 | 	7	 | 	7,81
  5	 | 	8	 | 	5,00
  6	 | 	7	 | 	8,94
  6	 | 	9	 | 	16,55
  8	 | 	9	 | 	3,16
  0	 | 	2	 | 	2,24
___________________________
