Simulation Topology 1
___________________________
[9]				[1]		
[4]				[2]		
[16]				[2]		
[16]				[5]		
[3]				[5]		
[0]				[8]		
[14]				[8]		
[7]				[10]		
[14]				[10]		
[15]				[11]		
___________________________
Simulation Topology [1:1]
___________________________
From 	  To 		Length
___________________________
  0	 | 	1	 | 	5,10
  0	 | 	3	 | 	8,06
  0	 | 	4	 | 	7,21
  0	 | 	6	 | 	8,60
  1	 | 	5	 | 	7,21
  1	 | 	7	 | 	8,54
  1	 | 	9	 | 	14,21
  2	 | 	3	 | 	3,00
  2	 | 	7	 | 	12,04
  2	 | 	8	 | 	8,25
  3	 | 	8	 | 	5,39
  3	 | 	9	 | 	6,08
  4	 | 	5	 | 	4,24
  4	 | 	9	 | 	13,42
  5	 | 	8	 | 	14,14
  6	 | 	7	 | 	7,28
  6	 | 	9	 | 	3,16
  8	 | 	9	 | 	1,41
___________________________
Simulation Topology [1:2]
___________________________
From 	  To 		Length
___________________________
  0	 | 	1	 | 	5,10
  0	 | 	3	 | 	8,06
  0	 | 	4	 | 	7,21
  0	 | 	6	 | 	8,60
  1	 | 	5	 | 	7,21
  1	 | 	7	 | 	8,54
  1	 | 	9	 | 	14,21
  2	 | 	3	 | 	3,00
  2	 | 	7	 | 	12,04
  2	 | 	8	 | 	8,25
  3	 | 	8	 | 	5,39
  3	 | 	9	 | 	6,08
  4	 | 	5	 | 	4,24
  4	 | 	9	 | 	13,42
  5	 | 	8	 | 	14,14
  6	 | 	7	 | 	7,28
  6	 | 	9	 | 	3,16
  8	 | 	9	 | 	1,41
  2	 | 	6	 | 	6,32
___________________________
Simulation Topology [1:3]
___________________________
From 	  To 		Length
___________________________
  0	 | 	1	 | 	5,10
  0	 | 	3	 | 	8,06
  0	 | 	4	 | 	7,21
  0	 | 	6	 | 	8,60
  1	 | 	5	 | 	7,21
  1	 | 	7	 | 	8,54
  1	 | 	9	 | 	14,21
  2	 | 	3	 | 	3,00
  2	 | 	7	 | 	12,04
  2	 | 	8	 | 	8,25
  3	 | 	8	 | 	5,39
  3	 | 	9	 | 	6,08
  4	 | 	5	 | 	4,24
  4	 | 	9	 | 	13,42
  5	 | 	8	 | 	14,14
  6	 | 	7	 | 	7,28
  6	 | 	9	 | 	3,16
  8	 | 	9	 | 	1,41
  2	 | 	6	 | 	6,32
  6	 | 	8	 | 	2,00
___________________________
