Simulation Topology 1
___________________________
[13]				[0]		
[0]				[0]		
[14]				[1]		
[4]				[1]		
[9]				[4]		
[7]				[6]		
[12]				[6]		
[10]				[8]		
[10]				[10]		
[1]				[10]		
___________________________
Simulation Topology [1:1]
___________________________
From 	  To 		Length
___________________________
  0	 | 	1	 | 	13,00
  0	 | 	5	 | 	8,49
  1	 | 	2	 | 	14,04
  1	 | 	3	 | 	4,12
  1	 | 	4	 | 	9,85
  2	 | 	3	 | 	10,00
  2	 | 	7	 | 	8,06
  2	 | 	9	 | 	15,81
  3	 | 	5	 | 	5,83
  3	 | 	6	 | 	9,43
  4	 | 	5	 | 	2,83
  4	 | 	6	 | 	3,61
  4	 | 	7	 | 	4,12
  5	 | 	7	 | 	3,61
  5	 | 	8	 | 	5,00
  6	 | 	7	 | 	2,83
  6	 | 	8	 | 	4,47
  7	 | 	9	 | 	9,22
___________________________
Simulation Topology [1:2]
___________________________
From 	  To 		Length
___________________________
  0	 | 	1	 | 	13,00
  0	 | 	5	 | 	8,49
  1	 | 	2	 | 	14,04
  1	 | 	3	 | 	4,12
  1	 | 	4	 | 	9,85
  2	 | 	3	 | 	10,00
  2	 | 	7	 | 	8,06
  2	 | 	9	 | 	15,81
  3	 | 	5	 | 	5,83
  3	 | 	6	 | 	9,43
  4	 | 	5	 | 	2,83
  4	 | 	6	 | 	3,61
  4	 | 	7	 | 	4,12
  5	 | 	7	 | 	3,61
  5	 | 	8	 | 	5,00
  6	 | 	7	 | 	2,83
  6	 | 	8	 | 	4,47
  7	 | 	9	 | 	9,22
  7	 | 	8	 | 	2,00
___________________________
Simulation Topology [1:3]
___________________________
From 	  To 		Length
___________________________
  0	 | 	1	 | 	13,00
  0	 | 	5	 | 	8,49
  1	 | 	2	 | 	14,04
  1	 | 	3	 | 	4,12
  1	 | 	4	 | 	9,85
  2	 | 	3	 | 	10,00
  2	 | 	7	 | 	8,06
  2	 | 	9	 | 	15,81
  3	 | 	5	 | 	5,83
  3	 | 	6	 | 	9,43
  4	 | 	5	 | 	2,83
  4	 | 	6	 | 	3,61
  4	 | 	7	 | 	4,12
  5	 | 	7	 | 	3,61
  5	 | 	8	 | 	5,00
  6	 | 	7	 | 	2,83
  6	 | 	8	 | 	4,47
  7	 | 	9	 | 	9,22
  7	 | 	8	 | 	2,00
  0	 | 	2	 | 	1,41
___________________________
