Simulation Topology 1
___________________________
[9]				[0]		
[6]				[0]		
[2]				[2]		
[12]				[3]		
[14]				[3]		
[9]				[5]		
[2]				[6]		
[6]				[6]		
[16]				[7]		
[7]				[8]		
___________________________
Simulation Topology [1:1]
___________________________
From 	  To 		Length
___________________________
  0	 | 	1	 | 	3,00
  0	 | 	8	 | 	9,90
  0	 | 	9	 | 	8,25
  1	 | 	3	 | 	6,71
  1	 | 	4	 | 	8,54
  1	 | 	5	 | 	5,83
  1	 | 	9	 | 	8,06
  2	 | 	3	 | 	10,05
  2	 | 	6	 | 	4,00
  2	 | 	8	 | 	14,87
  2	 | 	9	 | 	7,81
  3	 | 	4	 | 	2,00
  4	 | 	5	 | 	5,39
  4	 | 	6	 | 	12,37
  4	 | 	8	 | 	4,47
  5	 | 	9	 | 	3,61
  6	 | 	7	 | 	4,00
  7	 | 	9	 | 	2,24
  8	 | 	9	 | 	9,06
___________________________
Simulation Topology [1:2]
___________________________
From 	  To 		Length
___________________________
  0	 | 	1	 | 	3,00
  0	 | 	8	 | 	9,90
  0	 | 	9	 | 	8,25
  1	 | 	3	 | 	6,71
  1	 | 	4	 | 	8,54
  1	 | 	5	 | 	5,83
  1	 | 	9	 | 	8,06
  2	 | 	3	 | 	10,05
  2	 | 	6	 | 	4,00
  2	 | 	8	 | 	14,87
  2	 | 	9	 | 	7,81
  3	 | 	4	 | 	2,00
  4	 | 	5	 | 	5,39
  4	 | 	6	 | 	12,37
  4	 | 	8	 | 	4,47
  5	 | 	9	 | 	3,61
  6	 | 	7	 | 	4,00
  7	 | 	9	 | 	2,24
  8	 | 	9	 | 	9,06
  1	 | 	2	 | 	4,47
___________________________
