Simulation Topology 1
___________________________
[4]				[0]		
[6]				[0]		
[14]				[3]		
[18]				[5]		
[16]				[6]		
[18]				[7]		
[4]				[7]		
[16]				[8]		
[16]				[9]		
[2]				[10]		
___________________________
Simulation Topology [1:1]
___________________________
From 	  To 		Length
___________________________
  0	 | 	1	 | 	2,00
  0	 | 	3	 | 	14,87
  0	 | 	4	 | 	13,42
  0	 | 	6	 | 	7,00
  1	 | 	2	 | 	8,54
  1	 | 	5	 | 	13,89
  1	 | 	7	 | 	12,81
  2	 | 	3	 | 	4,47
  2	 | 	4	 | 	3,61
  2	 | 	7	 | 	5,39
  2	 | 	9	 | 	13,89
  3	 | 	6	 | 	14,14
  3	 | 	7	 | 	3,61
  3	 | 	8	 | 	4,47
  4	 | 	5	 | 	2,24
  4	 | 	7	 | 	2,00
  4	 | 	9	 | 	14,56
  5	 | 	7	 | 	2,24
  6	 | 	8	 | 	12,17
  6	 | 	9	 | 	3,61
  8	 | 	9	 | 	14,04
___________________________
Simulation Topology [1:2]
___________________________
From 	  To 		Length
___________________________
  0	 | 	1	 | 	2,00
  0	 | 	3	 | 	14,87
  0	 | 	4	 | 	13,42
  0	 | 	6	 | 	7,00
  1	 | 	2	 | 	8,54
  1	 | 	5	 | 	13,89
  1	 | 	7	 | 	12,81
  2	 | 	3	 | 	4,47
  2	 | 	4	 | 	3,61
  2	 | 	7	 | 	5,39
  2	 | 	9	 | 	13,89
  3	 | 	6	 | 	14,14
  3	 | 	7	 | 	3,61
  3	 | 	8	 | 	4,47
  4	 | 	5	 | 	2,24
  4	 | 	7	 | 	2,00
  4	 | 	9	 | 	14,56
  5	 | 	7	 | 	2,24
  6	 | 	8	 | 	12,17
  6	 | 	9	 | 	3,61
  8	 | 	9	 | 	14,04
  3	 | 	4	 | 	2,24
___________________________
Simulation Topology [1:3]
___________________________
From 	  To 		Length
___________________________
  0	 | 	1	 | 	2,00
  0	 | 	3	 | 	14,87
  0	 | 	4	 | 	13,42
  0	 | 	6	 | 	7,00
  1	 | 	2	 | 	8,54
  1	 | 	5	 | 	13,89
  1	 | 	7	 | 	12,81
  2	 | 	3	 | 	4,47
  2	 | 	4	 | 	3,61
  2	 | 	7	 | 	5,39
  2	 | 	9	 | 	13,89
  3	 | 	6	 | 	14,14
  3	 | 	7	 | 	3,61
  3	 | 	8	 | 	4,47
  4	 | 	5	 | 	2,24
  4	 | 	7	 | 	2,00
  4	 | 	9	 | 	14,56
  5	 | 	7	 | 	2,24
  6	 | 	8	 | 	12,17
  6	 | 	9	 | 	3,61
  8	 | 	9	 | 	14,04
  3	 | 	4	 | 	2,24
  7	 | 	8	 | 	1,00
___________________________
Simulation Topology [1:4]
___________________________
From 	  To 		Length
___________________________
  0	 | 	1	 | 	2,00
  0	 | 	3	 | 	14,87
  0	 | 	4	 | 	13,42
  0	 | 	6	 | 	7,00
  1	 | 	2	 | 	8,54
  1	 | 	5	 | 	13,89
  1	 | 	7	 | 	12,81
  2	 | 	3	 | 	4,47
  2	 | 	4	 | 	3,61
  2	 | 	7	 | 	5,39
  2	 | 	9	 | 	13,89
  3	 | 	6	 | 	14,14
  3	 | 	7	 | 	3,61
  3	 | 	8	 | 	4,47
  4	 | 	5	 | 	2,24
  4	 | 	7	 | 	2,00
  4	 | 	9	 | 	14,56
  5	 | 	7	 | 	2,24
  6	 | 	8	 | 	12,17
  6	 | 	9	 | 	3,61
  8	 | 	9	 | 	14,04
  3	 | 	4	 | 	2,24
  7	 | 	8	 | 	1,00
  3	 | 	5	 | 	2,00
___________________________
Simulation Topology [1:5]
___________________________
From 	  To 		Length
___________________________
  0	 | 	1	 | 	2,00
  0	 | 	3	 | 	14,87
  0	 | 	4	 | 	13,42
  0	 | 	6	 | 	7,00
  1	 | 	2	 | 	8,54
  1	 | 	5	 | 	13,89
  1	 | 	7	 | 	12,81
  2	 | 	3	 | 	4,47
  2	 | 	4	 | 	3,61
  2	 | 	7	 | 	5,39
  2	 | 	9	 | 	13,89
  3	 | 	6	 | 	14,14
  3	 | 	7	 | 	3,61
  3	 | 	8	 | 	4,47
  4	 | 	5	 | 	2,24
  4	 | 	7	 | 	2,00
  4	 | 	9	 | 	14,56
  5	 | 	7	 | 	2,24
  6	 | 	8	 | 	12,17
  6	 | 	9	 | 	3,61
  8	 | 	9	 | 	14,04
  3	 | 	4	 | 	2,24
  7	 | 	8	 | 	1,00
  3	 | 	5	 | 	2,00
  5	 | 	8	 | 	2,83
___________________________
Simulation Topology [1:6]
___________________________
From 	  To 		Length
___________________________
  0	 | 	1	 | 	2,00
  0	 | 	3	 | 	14,87
  0	 | 	4	 | 	13,42
  0	 | 	6	 | 	7,00
  1	 | 	2	 | 	8,54
  1	 | 	5	 | 	13,89
  1	 | 	7	 | 	12,81
  2	 | 	3	 | 	4,47
  2	 | 	4	 | 	3,61
  2	 | 	7	 | 	5,39
  2	 | 	9	 | 	13,89
  3	 | 	6	 | 	14,14
  3	 | 	7	 | 	3,61
  3	 | 	8	 | 	4,47
  4	 | 	5	 | 	2,24
  4	 | 	7	 | 	2,00
  4	 | 	9	 | 	14,56
  5	 | 	7	 | 	2,24
  6	 | 	8	 | 	12,17
  6	 | 	9	 | 	3,61
  8	 | 	9	 | 	14,04
  3	 | 	4	 | 	2,24
  7	 | 	8	 | 	1,00
  3	 | 	5	 | 	2,00
  5	 | 	8	 | 	2,83
  4	 | 	8	 | 	3,00
___________________________
Simulation Topology [1:7]
___________________________
From 	  To 		Length
___________________________
  0	 | 	1	 | 	2,00
  0	 | 	3	 | 	14,87
  0	 | 	4	 | 	13,42
  0	 | 	6	 | 	7,00
  1	 | 	2	 | 	8,54
  1	 | 	5	 | 	13,89
  1	 | 	7	 | 	12,81
  2	 | 	3	 | 	4,47
  2	 | 	4	 | 	3,61
  2	 | 	7	 | 	5,39
  2	 | 	9	 | 	13,89
  3	 | 	6	 | 	14,14
  3	 | 	7	 | 	3,61
  3	 | 	8	 | 	4,47
  4	 | 	5	 | 	2,24
  4	 | 	7	 | 	2,00
  4	 | 	9	 | 	14,56
  5	 | 	7	 | 	2,24
  6	 | 	8	 | 	12,17
  6	 | 	9	 | 	3,61
  8	 | 	9	 | 	14,04
  3	 | 	4	 | 	2,24
  7	 | 	8	 | 	1,00
  3	 | 	5	 | 	2,00
  5	 | 	8	 | 	2,83
  4	 | 	8	 | 	3,00
  2	 | 	5	 | 	5,66
___________________________
Simulation Topology [1:8]
___________________________
From 	  To 		Length
___________________________
  0	 | 	1	 | 	2,00
  0	 | 	3	 | 	14,87
  0	 | 	4	 | 	13,42
  0	 | 	6	 | 	7,00
  1	 | 	2	 | 	8,54
  1	 | 	5	 | 	13,89
  1	 | 	7	 | 	12,81
  2	 | 	3	 | 	4,47
  2	 | 	4	 | 	3,61
  2	 | 	7	 | 	5,39
  2	 | 	9	 | 	13,89
  3	 | 	6	 | 	14,14
  3	 | 	7	 | 	3,61
  3	 | 	8	 | 	4,47
  4	 | 	5	 | 	2,24
  4	 | 	7	 | 	2,00
  4	 | 	9	 | 	14,56
  5	 | 	7	 | 	2,24
  6	 | 	8	 | 	12,17
  6	 | 	9	 | 	3,61
  8	 | 	9	 | 	14,04
  3	 | 	4	 | 	2,24
  7	 | 	8	 | 	1,00
  3	 | 	5	 | 	2,00
  5	 | 	8	 | 	2,83
  4	 | 	8	 | 	3,00
  2	 | 	5	 | 	5,66
  0	 | 	9	 | 	10,20
___________________________
Simulation Topology [1:9]
___________________________
From 	  To 		Length
___________________________
  0	 | 	1	 | 	2,00
  0	 | 	3	 | 	14,87
  0	 | 	4	 | 	13,42
  0	 | 	6	 | 	7,00
  1	 | 	2	 | 	8,54
  1	 | 	5	 | 	13,89
  1	 | 	7	 | 	12,81
  2	 | 	3	 | 	4,47
  2	 | 	4	 | 	3,61
  2	 | 	7	 | 	5,39
  2	 | 	9	 | 	13,89
  3	 | 	6	 | 	14,14
  3	 | 	7	 | 	3,61
  3	 | 	8	 | 	4,47
  4	 | 	5	 | 	2,24
  4	 | 	7	 | 	2,00
  4	 | 	9	 | 	14,56
  5	 | 	7	 | 	2,24
  6	 | 	8	 | 	12,17
  6	 | 	9	 | 	3,61
  8	 | 	9	 | 	14,04
  3	 | 	4	 | 	2,24
  7	 | 	8	 | 	1,00
  3	 | 	5	 | 	2,00
  5	 | 	8	 | 	2,83
  4	 | 	8	 | 	3,00
  2	 | 	5	 | 	5,66
  0	 | 	9	 | 	10,20
  2	 | 	6	 | 	10,77
___________________________
Simulation Topology [1:10]
___________________________
From 	  To 		Length
___________________________
  0	 | 	1	 | 	2,00
  0	 | 	3	 | 	14,87
  0	 | 	4	 | 	13,42
  0	 | 	6	 | 	7,00
  1	 | 	2	 | 	8,54
  1	 | 	5	 | 	13,89
  1	 | 	7	 | 	12,81
  2	 | 	3	 | 	4,47
  2	 | 	4	 | 	3,61
  2	 | 	7	 | 	5,39
  2	 | 	9	 | 	13,89
  3	 | 	6	 | 	14,14
  3	 | 	7	 | 	3,61
  3	 | 	8	 | 	4,47
  4	 | 	5	 | 	2,24
  4	 | 	7	 | 	2,00
  4	 | 	9	 | 	14,56
  5	 | 	7	 | 	2,24
  6	 | 	8	 | 	12,17
  6	 | 	9	 | 	3,61
  8	 | 	9	 | 	14,04
  3	 | 	4	 | 	2,24
  7	 | 	8	 | 	1,00
  3	 | 	5	 | 	2,00
  5	 | 	8	 | 	2,83
  4	 | 	8	 | 	3,00
  2	 | 	5	 | 	5,66
  0	 | 	9	 | 	10,20
  2	 | 	6	 | 	10,77
  2	 | 	8	 | 	6,32
___________________________
Simulation Topology [1:11]
___________________________
From 	  To 		Length
___________________________
  0	 | 	1	 | 	2,00
  0	 | 	3	 | 	14,87
  0	 | 	4	 | 	13,42
  0	 | 	6	 | 	7,00
  1	 | 	2	 | 	8,54
  1	 | 	5	 | 	13,89
  1	 | 	7	 | 	12,81
  2	 | 	3	 | 	4,47
  2	 | 	4	 | 	3,61
  2	 | 	7	 | 	5,39
  2	 | 	9	 | 	13,89
  3	 | 	6	 | 	14,14
  3	 | 	7	 | 	3,61
  3	 | 	8	 | 	4,47
  4	 | 	5	 | 	2,24
  4	 | 	7	 | 	2,00
  4	 | 	9	 | 	14,56
  5	 | 	7	 | 	2,24
  6	 | 	8	 | 	12,17
  6	 | 	9	 | 	3,61
  8	 | 	9	 | 	14,04
  3	 | 	4	 | 	2,24
  7	 | 	8	 | 	1,00
  3	 | 	5	 | 	2,00
  5	 | 	8	 | 	2,83
  4	 | 	8	 | 	3,00
  2	 | 	5	 | 	5,66
  0	 | 	9	 | 	10,20
  2	 | 	6	 | 	10,77
  2	 | 	8	 | 	6,32
  0	 | 	2	 | 	10,44
___________________________
Simulation Topology [1:12]
___________________________
From 	  To 		Length
___________________________
  0	 | 	1	 | 	2,00
  0	 | 	3	 | 	14,87
  0	 | 	4	 | 	13,42
  0	 | 	6	 | 	7,00
  1	 | 	2	 | 	8,54
  1	 | 	5	 | 	13,89
  1	 | 	7	 | 	12,81
  2	 | 	3	 | 	4,47
  2	 | 	4	 | 	3,61
  2	 | 	7	 | 	5,39
  2	 | 	9	 | 	13,89
  3	 | 	6	 | 	14,14
  3	 | 	7	 | 	3,61
  3	 | 	8	 | 	4,47
  4	 | 	5	 | 	2,24
  4	 | 	7	 | 	2,00
  4	 | 	9	 | 	14,56
  5	 | 	7	 | 	2,24
  6	 | 	8	 | 	12,17
  6	 | 	9	 | 	3,61
  8	 | 	9	 | 	14,04
  3	 | 	4	 | 	2,24
  7	 | 	8	 | 	1,00
  3	 | 	5	 | 	2,00
  5	 | 	8	 | 	2,83
  4	 | 	8	 | 	3,00
  2	 | 	5	 | 	5,66
  0	 | 	9	 | 	10,20
  2	 | 	6	 | 	10,77
  2	 | 	8	 | 	6,32
  0	 | 	2	 | 	10,44
  1	 | 	9	 | 	10,77
___________________________
Simulation Topology [1:13]
___________________________
From 	  To 		Length
___________________________
  0	 | 	1	 | 	2,00
  0	 | 	3	 | 	14,87
  0	 | 	4	 | 	13,42
  0	 | 	6	 | 	7,00
  1	 | 	2	 | 	8,54
  1	 | 	5	 | 	13,89
  1	 | 	7	 | 	12,81
  2	 | 	3	 | 	4,47
  2	 | 	4	 | 	3,61
  2	 | 	7	 | 	5,39
  2	 | 	9	 | 	13,89
  3	 | 	6	 | 	14,14
  3	 | 	7	 | 	3,61
  3	 | 	8	 | 	4,47
  4	 | 	5	 | 	2,24
  4	 | 	7	 | 	2,00
  4	 | 	9	 | 	14,56
  5	 | 	7	 | 	2,24
  6	 | 	8	 | 	12,17
  6	 | 	9	 | 	3,61
  8	 | 	9	 | 	14,04
  3	 | 	4	 | 	2,24
  7	 | 	8	 | 	1,00
  3	 | 	5	 | 	2,00
  5	 | 	8	 | 	2,83
  4	 | 	8	 | 	3,00
  2	 | 	5	 | 	5,66
  0	 | 	9	 | 	10,20
  2	 | 	6	 | 	10,77
  2	 | 	8	 | 	6,32
  0	 | 	2	 | 	10,44
  1	 | 	9	 | 	10,77
  1	 | 	6	 | 	7,28
___________________________
Simulation Topology [1:14]
___________________________
From 	  To 		Length
___________________________
  0	 | 	1	 | 	2,00
  0	 | 	3	 | 	14,87
  0	 | 	4	 | 	13,42
  0	 | 	6	 | 	7,00
  1	 | 	2	 | 	8,54
  1	 | 	5	 | 	13,89
  1	 | 	7	 | 	12,81
  2	 | 	3	 | 	4,47
  2	 | 	4	 | 	3,61
  2	 | 	7	 | 	5,39
  2	 | 	9	 | 	13,89
  3	 | 	6	 | 	14,14
  3	 | 	7	 | 	3,61
  3	 | 	8	 | 	4,47
  4	 | 	5	 | 	2,24
  4	 | 	7	 | 	2,00
  4	 | 	9	 | 	14,56
  5	 | 	7	 | 	2,24
  6	 | 	8	 | 	12,17
  6	 | 	9	 | 	3,61
  8	 | 	9	 | 	14,04
  3	 | 	4	 | 	2,24
  7	 | 	8	 | 	1,00
  3	 | 	5	 | 	2,00
  5	 | 	8	 | 	2,83
  4	 | 	8	 | 	3,00
  2	 | 	5	 | 	5,66
  0	 | 	9	 | 	10,20
  2	 | 	6	 | 	10,77
  2	 | 	8	 | 	6,32
  0	 | 	2	 | 	10,44
  1	 | 	9	 | 	10,77
  1	 | 	6	 | 	7,28
  4	 | 	6	 | 	12,04
___________________________
Simulation Topology [1:15]
___________________________
From 	  To 		Length
___________________________
  0	 | 	1	 | 	2,00
  0	 | 	3	 | 	14,87
  0	 | 	4	 | 	13,42
  0	 | 	6	 | 	7,00
  1	 | 	2	 | 	8,54
  1	 | 	5	 | 	13,89
  1	 | 	7	 | 	12,81
  2	 | 	3	 | 	4,47
  2	 | 	4	 | 	3,61
  2	 | 	7	 | 	5,39
  2	 | 	9	 | 	13,89
  3	 | 	6	 | 	14,14
  3	 | 	7	 | 	3,61
  3	 | 	8	 | 	4,47
  4	 | 	5	 | 	2,24
  4	 | 	7	 | 	2,00
  4	 | 	9	 | 	14,56
  5	 | 	7	 | 	2,24
  6	 | 	8	 | 	12,17
  6	 | 	9	 | 	3,61
  8	 | 	9	 | 	14,04
  3	 | 	4	 | 	2,24
  7	 | 	8	 | 	1,00
  3	 | 	5	 | 	2,00
  5	 | 	8	 | 	2,83
  4	 | 	8	 | 	3,00
  2	 | 	5	 | 	5,66
  0	 | 	9	 | 	10,20
  2	 | 	6	 | 	10,77
  2	 | 	8	 | 	6,32
  0	 | 	2	 | 	10,44
  1	 | 	9	 | 	10,77
  1	 | 	6	 | 	7,28
  4	 | 	6	 | 	12,04
  6	 | 	7	 | 	12,04
___________________________
Simulation Topology [1:16]
___________________________
From 	  To 		Length
___________________________
  0	 | 	1	 | 	2,00
  0	 | 	3	 | 	14,87
  0	 | 	4	 | 	13,42
  0	 | 	6	 | 	7,00
  1	 | 	2	 | 	8,54
  1	 | 	5	 | 	13,89
  1	 | 	7	 | 	12,81
  2	 | 	3	 | 	4,47
  2	 | 	4	 | 	3,61
  2	 | 	7	 | 	5,39
  2	 | 	9	 | 	13,89
  3	 | 	6	 | 	14,14
  3	 | 	7	 | 	3,61
  3	 | 	8	 | 	4,47
  4	 | 	5	 | 	2,24
  4	 | 	7	 | 	2,00
  4	 | 	9	 | 	14,56
  5	 | 	7	 | 	2,24
  6	 | 	8	 | 	12,17
  6	 | 	9	 | 	3,61
  8	 | 	9	 | 	14,04
  3	 | 	4	 | 	2,24
  7	 | 	8	 | 	1,00
  3	 | 	5	 | 	2,00
  5	 | 	8	 | 	2,83
  4	 | 	8	 | 	3,00
  2	 | 	5	 | 	5,66
  0	 | 	9	 | 	10,20
  2	 | 	6	 | 	10,77
  2	 | 	8	 | 	6,32
  0	 | 	2	 | 	10,44
  1	 | 	9	 | 	10,77
  1	 | 	6	 | 	7,28
  4	 | 	6	 | 	12,04
  6	 | 	7	 | 	12,04
  1	 | 	3	 | 	13,00
___________________________
Simulation Topology [1:17]
___________________________
From 	  To 		Length
___________________________
  0	 | 	1	 | 	2,00
  0	 | 	3	 | 	14,87
  0	 | 	4	 | 	13,42
  0	 | 	6	 | 	7,00
  1	 | 	2	 | 	8,54
  1	 | 	5	 | 	13,89
  1	 | 	7	 | 	12,81
  2	 | 	3	 | 	4,47
  2	 | 	4	 | 	3,61
  2	 | 	7	 | 	5,39
  2	 | 	9	 | 	13,89
  3	 | 	6	 | 	14,14
  3	 | 	7	 | 	3,61
  3	 | 	8	 | 	4,47
  4	 | 	5	 | 	2,24
  4	 | 	7	 | 	2,00
  4	 | 	9	 | 	14,56
  5	 | 	7	 | 	2,24
  6	 | 	8	 | 	12,17
  6	 | 	9	 | 	3,61
  8	 | 	9	 | 	14,04
  3	 | 	4	 | 	2,24
  7	 | 	8	 | 	1,00
  3	 | 	5	 | 	2,00
  5	 | 	8	 | 	2,83
  4	 | 	8	 | 	3,00
  2	 | 	5	 | 	5,66
  0	 | 	9	 | 	10,20
  2	 | 	6	 | 	10,77
  2	 | 	8	 | 	6,32
  0	 | 	2	 | 	10,44
  1	 | 	9	 | 	10,77
  1	 | 	6	 | 	7,28
  4	 | 	6	 | 	12,04
  6	 | 	7	 | 	12,04
  1	 | 	3	 | 	13,00
  0	 | 	8	 | 	15,00
___________________________
Simulation Topology [1:18]
___________________________
From 	  To 		Length
___________________________
  0	 | 	1	 | 	2,00
  0	 | 	3	 | 	14,87
  0	 | 	4	 | 	13,42
  0	 | 	6	 | 	7,00
  1	 | 	2	 | 	8,54
  1	 | 	5	 | 	13,89
  1	 | 	7	 | 	12,81
  2	 | 	3	 | 	4,47
  2	 | 	4	 | 	3,61
  2	 | 	7	 | 	5,39
  2	 | 	9	 | 	13,89
  3	 | 	6	 | 	14,14
  3	 | 	7	 | 	3,61
  3	 | 	8	 | 	4,47
  4	 | 	5	 | 	2,24
  4	 | 	7	 | 	2,00
  4	 | 	9	 | 	14,56
  5	 | 	7	 | 	2,24
  6	 | 	8	 | 	12,17
  6	 | 	9	 | 	3,61
  8	 | 	9	 | 	14,04
  3	 | 	4	 | 	2,24
  7	 | 	8	 | 	1,00
  3	 | 	5	 | 	2,00
  5	 | 	8	 | 	2,83
  4	 | 	8	 | 	3,00
  2	 | 	5	 | 	5,66
  0	 | 	9	 | 	10,20
  2	 | 	6	 | 	10,77
  2	 | 	8	 | 	6,32
  0	 | 	2	 | 	10,44
  1	 | 	9	 | 	10,77
  1	 | 	6	 | 	7,28
  4	 | 	6	 | 	12,04
  6	 | 	7	 | 	12,04
  1	 | 	3	 | 	13,00
  0	 | 	8	 | 	15,00
  0	 | 	7	 | 	14,42
___________________________
Simulation Topology [1:19]
___________________________
From 	  To 		Length
___________________________
  0	 | 	1	 | 	2,00
  0	 | 	3	 | 	14,87
  0	 | 	4	 | 	13,42
  0	 | 	6	 | 	7,00
  1	 | 	2	 | 	8,54
  1	 | 	5	 | 	13,89
  1	 | 	7	 | 	12,81
  2	 | 	3	 | 	4,47
  2	 | 	4	 | 	3,61
  2	 | 	7	 | 	5,39
  2	 | 	9	 | 	13,89
  3	 | 	6	 | 	14,14
  3	 | 	7	 | 	3,61
  3	 | 	8	 | 	4,47
  4	 | 	5	 | 	2,24
  4	 | 	7	 | 	2,00
  4	 | 	9	 | 	14,56
  5	 | 	7	 | 	2,24
  6	 | 	8	 | 	12,17
  6	 | 	9	 | 	3,61
  8	 | 	9	 | 	14,04
  3	 | 	4	 | 	2,24
  7	 | 	8	 | 	1,00
  3	 | 	5	 | 	2,00
  5	 | 	8	 | 	2,83
  4	 | 	8	 | 	3,00
  2	 | 	5	 | 	5,66
  0	 | 	9	 | 	10,20
  2	 | 	6	 | 	10,77
  2	 | 	8	 | 	6,32
  0	 | 	2	 | 	10,44
  1	 | 	9	 | 	10,77
  1	 | 	6	 | 	7,28
  4	 | 	6	 | 	12,04
  6	 | 	7	 | 	12,04
  1	 | 	3	 | 	13,00
  0	 | 	8	 | 	15,00
  0	 | 	7	 | 	14,42
  1	 | 	4	 | 	11,66
___________________________
Simulation Topology [1:20]
___________________________
From 	  To 		Length
___________________________
  0	 | 	1	 | 	2,00
  0	 | 	3	 | 	14,87
  0	 | 	4	 | 	13,42
  0	 | 	6	 | 	7,00
  1	 | 	2	 | 	8,54
  1	 | 	5	 | 	13,89
  1	 | 	7	 | 	12,81
  2	 | 	3	 | 	4,47
  2	 | 	4	 | 	3,61
  2	 | 	7	 | 	5,39
  2	 | 	9	 | 	13,89
  3	 | 	6	 | 	14,14
  3	 | 	7	 | 	3,61
  3	 | 	8	 | 	4,47
  4	 | 	5	 | 	2,24
  4	 | 	7	 | 	2,00
  4	 | 	9	 | 	14,56
  5	 | 	7	 | 	2,24
  6	 | 	8	 | 	12,17
  6	 | 	9	 | 	3,61
  8	 | 	9	 | 	14,04
  3	 | 	4	 | 	2,24
  7	 | 	8	 | 	1,00
  3	 | 	5	 | 	2,00
  5	 | 	8	 | 	2,83
  4	 | 	8	 | 	3,00
  2	 | 	5	 | 	5,66
  0	 | 	9	 | 	10,20
  2	 | 	6	 | 	10,77
  2	 | 	8	 | 	6,32
  0	 | 	2	 | 	10,44
  1	 | 	9	 | 	10,77
  1	 | 	6	 | 	7,28
  4	 | 	6	 | 	12,04
  6	 | 	7	 | 	12,04
  1	 | 	3	 | 	13,00
  0	 | 	8	 | 	15,00
  0	 | 	7	 | 	14,42
  1	 | 	4	 | 	11,66
  5	 | 	6	 | 	14,00
___________________________
