Simulation Topology 1
___________________________
[9]				[1]		
[17]				[6]		
[0]				[7]		
[0]				[8]		
[8]				[8]		
[9]				[9]		
[19]				[9]		
[0]				[10]		
[3]				[10]		
[17]				[11]		
___________________________
Simulation Topology [1:1]
___________________________
From 	  To 		Length
___________________________
  0	 | 	1	 | 	9,43
  0	 | 	2	 | 	10,82
  0	 | 	7	 | 	12,73
  0	 | 	8	 | 	10,82
  1	 | 	2	 | 	17,03
  1	 | 	4	 | 	9,22
  1	 | 	7	 | 	17,46
  2	 | 	3	 | 	1,00
  2	 | 	6	 | 	19,10
  2	 | 	7	 | 	3,00
  3	 | 	5	 | 	9,06
  3	 | 	8	 | 	3,61
  3	 | 	9	 | 	17,26
  4	 | 	5	 | 	1,41
  4	 | 	9	 | 	9,49
  5	 | 	9	 | 	8,25
  6	 | 	7	 | 	19,03
  7	 | 	8	 | 	3,00
  8	 | 	9	 | 	14,04
___________________________
Simulation Topology [1:2]
___________________________
From 	  To 		Length
___________________________
  0	 | 	1	 | 	9,43
  0	 | 	2	 | 	10,82
  0	 | 	7	 | 	12,73
  0	 | 	8	 | 	10,82
  1	 | 	2	 | 	17,03
  1	 | 	4	 | 	9,22
  1	 | 	7	 | 	17,46
  2	 | 	3	 | 	1,00
  2	 | 	6	 | 	19,10
  2	 | 	7	 | 	3,00
  3	 | 	5	 | 	9,06
  3	 | 	8	 | 	3,61
  3	 | 	9	 | 	17,26
  4	 | 	5	 | 	1,41
  4	 | 	9	 | 	9,49
  5	 | 	9	 | 	8,25
  6	 | 	7	 | 	19,03
  7	 | 	8	 | 	3,00
  8	 | 	9	 | 	14,04
  6	 | 	9	 | 	2,83
___________________________
