Simulation Topology 1
___________________________
[2]				[0]		
[7]				[2]		
[5]				[2]		
[6]				[3]		
[18]				[3]		
[8]				[5]		
[12]				[5]		
[7]				[8]		
[5]				[9]		
[2]				[9]		
___________________________
Simulation Topology [1:1]
___________________________
From 	  To 		Length
___________________________
  0	 | 	1	 | 	5,39
  0	 | 	2	 | 	3,61
  0	 | 	6	 | 	11,18
  0	 | 	7	 | 	9,43
  0	 | 	9	 | 	9,00
  1	 | 	9	 | 	8,60
  2	 | 	3	 | 	1,41
  2	 | 	5	 | 	4,24
  2	 | 	7	 | 	6,32
  2	 | 	9	 | 	7,62
  3	 | 	7	 | 	5,10
  3	 | 	8	 | 	6,08
  4	 | 	5	 | 	10,20
  4	 | 	8	 | 	14,32
  5	 | 	7	 | 	3,16
  5	 | 	8	 | 	5,00
  6	 | 	7	 | 	5,83
___________________________
Simulation Topology [1:2]
___________________________
From 	  To 		Length
___________________________
  0	 | 	1	 | 	5,39
  0	 | 	2	 | 	3,61
  0	 | 	6	 | 	11,18
  0	 | 	7	 | 	9,43
  0	 | 	9	 | 	9,00
  1	 | 	9	 | 	8,60
  2	 | 	3	 | 	1,41
  2	 | 	5	 | 	4,24
  2	 | 	7	 | 	6,32
  2	 | 	9	 | 	7,62
  3	 | 	7	 | 	5,10
  3	 | 	8	 | 	6,08
  4	 | 	5	 | 	10,20
  4	 | 	8	 | 	14,32
  5	 | 	7	 | 	3,16
  5	 | 	8	 | 	5,00
  6	 | 	7	 | 	5,83
  7	 | 	8	 | 	2,24
___________________________
Simulation Topology [1:3]
___________________________
From 	  To 		Length
___________________________
  0	 | 	1	 | 	5,39
  0	 | 	2	 | 	3,61
  0	 | 	6	 | 	11,18
  0	 | 	7	 | 	9,43
  0	 | 	9	 | 	9,00
  1	 | 	9	 | 	8,60
  2	 | 	3	 | 	1,41
  2	 | 	5	 | 	4,24
  2	 | 	7	 | 	6,32
  2	 | 	9	 | 	7,62
  3	 | 	7	 | 	5,10
  3	 | 	8	 | 	6,08
  4	 | 	5	 | 	10,20
  4	 | 	8	 | 	14,32
  5	 | 	7	 | 	3,16
  5	 | 	8	 | 	5,00
  6	 | 	7	 | 	5,83
  7	 | 	8	 | 	2,24
  5	 | 	9	 | 	7,21
___________________________
Simulation Topology [1:4]
___________________________
From 	  To 		Length
___________________________
  0	 | 	1	 | 	5,39
  0	 | 	2	 | 	3,61
  0	 | 	6	 | 	11,18
  0	 | 	7	 | 	9,43
  0	 | 	9	 | 	9,00
  1	 | 	9	 | 	8,60
  2	 | 	3	 | 	1,41
  2	 | 	5	 | 	4,24
  2	 | 	7	 | 	6,32
  2	 | 	9	 | 	7,62
  3	 | 	7	 | 	5,10
  3	 | 	8	 | 	6,08
  4	 | 	5	 | 	10,20
  4	 | 	8	 | 	14,32
  5	 | 	7	 | 	3,16
  5	 | 	8	 | 	5,00
  6	 | 	7	 | 	5,83
  7	 | 	8	 | 	2,24
  5	 | 	9	 | 	7,21
  1	 | 	5	 | 	3,16
___________________________
