Simulation Topology 1
___________________________
[18]				[0]		
[15]				[0]		
[17]				[1]		
[2]				[2]		
[13]				[2]		
[4]				[4]		
[6]				[4]		
[14]				[5]		
[1]				[5]		
[15]				[7]		
___________________________
Simulation Topology [1:1]
___________________________
From 	  To 		Length
___________________________
  0	 | 	1	 | 	3,00
  0	 | 	3	 | 	16,12
  0	 | 	4	 | 	5,39
  0	 | 	5	 | 	14,56
  1	 | 	2	 | 	2,24
  1	 | 	3	 | 	13,15
  1	 | 	8	 | 	14,87
  1	 | 	9	 | 	7,00
  2	 | 	3	 | 	15,03
  2	 | 	4	 | 	4,12
  2	 | 	7	 | 	5,00
  4	 | 	5	 | 	9,22
  4	 | 	9	 | 	5,39
  5	 | 	8	 | 	3,16
  5	 | 	9	 | 	11,40
  6	 | 	7	 | 	8,06
  6	 | 	9	 | 	9,49
  7	 | 	9	 | 	2,24
___________________________
Simulation Topology [1:2]
___________________________
From 	  To 		Length
___________________________
  0	 | 	1	 | 	3,00
  0	 | 	3	 | 	16,12
  0	 | 	4	 | 	5,39
  0	 | 	5	 | 	14,56
  1	 | 	2	 | 	2,24
  1	 | 	3	 | 	13,15
  1	 | 	8	 | 	14,87
  1	 | 	9	 | 	7,00
  2	 | 	3	 | 	15,03
  2	 | 	4	 | 	4,12
  2	 | 	7	 | 	5,00
  4	 | 	5	 | 	9,22
  4	 | 	9	 | 	5,39
  5	 | 	8	 | 	3,16
  5	 | 	9	 | 	11,40
  6	 | 	7	 | 	8,06
  6	 | 	9	 | 	9,49
  7	 | 	9	 | 	2,24
  0	 | 	2	 | 	1,41
___________________________
Simulation Topology [1:3]
___________________________
From 	  To 		Length
___________________________
  0	 | 	1	 | 	3,00
  0	 | 	3	 | 	16,12
  0	 | 	4	 | 	5,39
  0	 | 	5	 | 	14,56
  1	 | 	2	 | 	2,24
  1	 | 	3	 | 	13,15
  1	 | 	8	 | 	14,87
  1	 | 	9	 | 	7,00
  2	 | 	3	 | 	15,03
  2	 | 	4	 | 	4,12
  2	 | 	7	 | 	5,00
  4	 | 	5	 | 	9,22
  4	 | 	9	 | 	5,39
  5	 | 	8	 | 	3,16
  5	 | 	9	 | 	11,40
  6	 | 	7	 | 	8,06
  6	 | 	9	 | 	9,49
  7	 | 	9	 | 	2,24
  0	 | 	2	 | 	1,41
  1	 | 	4	 | 	2,83
___________________________
