Simulation Topology 1
___________________________
[13]				[2]		
[15]				[2]		
[1]				[3]		
[19]				[3]		
[0]				[4]		
[18]				[5]		
[16]				[5]		
[13]				[6]		
[16]				[6]		
[12]				[7]		
___________________________
Simulation Topology [1:1]
___________________________
From 	  To 		Length
___________________________
  0	 | 	1	 | 	2,00
  0	 | 	3	 | 	6,08
  0	 | 	5	 | 	5,83
  0	 | 	7	 | 	4,00
  0	 | 	9	 | 	5,10
  1	 | 	2	 | 	14,04
  1	 | 	6	 | 	3,16
  1	 | 	9	 | 	5,83
  2	 | 	3	 | 	18,00
  2	 | 	4	 | 	1,41
  2	 | 	5	 | 	17,12
  2	 | 	8	 | 	15,30
  3	 | 	7	 | 	6,71
  4	 | 	5	 | 	18,03
  4	 | 	6	 | 	16,03
  4	 | 	9	 | 	12,37
  5	 | 	8	 | 	2,24
  6	 | 	7	 | 	3,16
___________________________
Simulation Topology [1:2]
___________________________
From 	  To 		Length
___________________________
  0	 | 	1	 | 	2,00
  0	 | 	3	 | 	6,08
  0	 | 	5	 | 	5,83
  0	 | 	7	 | 	4,00
  0	 | 	9	 | 	5,10
  1	 | 	2	 | 	14,04
  1	 | 	6	 | 	3,16
  1	 | 	9	 | 	5,83
  2	 | 	3	 | 	18,00
  2	 | 	4	 | 	1,41
  2	 | 	5	 | 	17,12
  2	 | 	8	 | 	15,30
  3	 | 	7	 | 	6,71
  4	 | 	5	 | 	18,03
  4	 | 	6	 | 	16,03
  4	 | 	9	 | 	12,37
  5	 | 	8	 | 	2,24
  6	 | 	7	 | 	3,16
  3	 | 	5	 | 	2,24
___________________________
Simulation Topology [1:3]
___________________________
From 	  To 		Length
___________________________
  0	 | 	1	 | 	2,00
  0	 | 	3	 | 	6,08
  0	 | 	5	 | 	5,83
  0	 | 	7	 | 	4,00
  0	 | 	9	 | 	5,10
  1	 | 	2	 | 	14,04
  1	 | 	6	 | 	3,16
  1	 | 	9	 | 	5,83
  2	 | 	3	 | 	18,00
  2	 | 	4	 | 	1,41
  2	 | 	5	 | 	17,12
  2	 | 	8	 | 	15,30
  3	 | 	7	 | 	6,71
  4	 | 	5	 | 	18,03
  4	 | 	6	 | 	16,03
  4	 | 	9	 | 	12,37
  5	 | 	8	 | 	2,24
  6	 | 	7	 | 	3,16
  3	 | 	5	 | 	2,24
  6	 | 	8	 | 	1,00
___________________________
