Simulation Topology 1
___________________________
[6]				[0]		
[15]				[0]		
[1]				[1]		
[15]				[1]		
[10]				[3]		
[14]				[6]		
[5]				[6]		
[7]				[8]		
[9]				[9]		
[5]				[9]		
___________________________
Simulation Topology [1:1]
___________________________
From 	  To 		Length
___________________________
  0	 | 	1	 | 	9,00
  0	 | 	5	 | 	10,00
  0	 | 	6	 | 	6,08
  1	 | 	3	 | 	1,00
  1	 | 	7	 | 	11,31
  1	 | 	8	 | 	10,82
  1	 | 	9	 | 	13,45
  2	 | 	3	 | 	14,00
  2	 | 	6	 | 	6,40
  3	 | 	7	 | 	10,63
  4	 | 	5	 | 	5,00
  4	 | 	6	 | 	5,83
  4	 | 	9	 | 	7,81
  5	 | 	7	 | 	7,28
  5	 | 	8	 | 	5,83
  5	 | 	9	 | 	9,49
  6	 | 	7	 | 	2,83
  7	 | 	8	 | 	2,24
___________________________
Simulation Topology [1:2]
___________________________
From 	  To 		Length
___________________________
  0	 | 	1	 | 	9,00
  0	 | 	5	 | 	10,00
  0	 | 	6	 | 	6,08
  1	 | 	3	 | 	1,00
  1	 | 	7	 | 	11,31
  1	 | 	8	 | 	10,82
  1	 | 	9	 | 	13,45
  2	 | 	3	 | 	14,00
  2	 | 	6	 | 	6,40
  3	 | 	7	 | 	10,63
  4	 | 	5	 | 	5,00
  4	 | 	6	 | 	5,83
  4	 | 	9	 | 	7,81
  5	 | 	7	 | 	7,28
  5	 | 	8	 | 	5,83
  5	 | 	9	 | 	9,49
  6	 | 	7	 | 	2,83
  7	 | 	8	 | 	2,24
  0	 | 	2	 | 	5,10
___________________________
Simulation Topology [1:3]
___________________________
From 	  To 		Length
___________________________
  0	 | 	1	 | 	9,00
  0	 | 	5	 | 	10,00
  0	 | 	6	 | 	6,08
  1	 | 	3	 | 	1,00
  1	 | 	7	 | 	11,31
  1	 | 	8	 | 	10,82
  1	 | 	9	 | 	13,45
  2	 | 	3	 | 	14,00
  2	 | 	6	 | 	6,40
  3	 | 	7	 | 	10,63
  4	 | 	5	 | 	5,00
  4	 | 	6	 | 	5,83
  4	 | 	9	 | 	7,81
  5	 | 	7	 | 	7,28
  5	 | 	8	 | 	5,83
  5	 | 	9	 | 	9,49
  6	 | 	7	 | 	2,83
  7	 | 	8	 | 	2,24
  0	 | 	2	 | 	5,10
  7	 | 	9	 | 	2,24
___________________________
