Simulation Topology 1
___________________________
[1]				[0]		
[18]				[0]		
[8]				[7]		
[6]				[8]		
[19]				[8]		
[3]				[11]		
[13]				[12]		
[9]				[12]		
[10]				[14]		
[16]				[15]		
___________________________
Simulation Topology [1:1]
___________________________
From 	  To 		Length
___________________________
  0	 | 	1	 | 	17,00
  0	 | 	3	 | 	9,43
  0	 | 	5	 | 	11,18
  0	 | 	8	 | 	16,64
  1	 | 	3	 | 	14,42
  1	 | 	7	 | 	15,00
  1	 | 	8	 | 	16,12
  1	 | 	9	 | 	15,13
  2	 | 	3	 | 	2,24
  2	 | 	7	 | 	5,10
  2	 | 	9	 | 	11,31
  3	 | 	5	 | 	4,24
  3	 | 	6	 | 	8,06
  4	 | 	5	 | 	16,28
  4	 | 	6	 | 	7,21
  5	 | 	8	 | 	7,62
  5	 | 	9	 | 	13,60
  6	 | 	7	 | 	4,00
  6	 | 	8	 | 	3,61
___________________________
Simulation Topology [1:2]
___________________________
From 	  To 		Length
___________________________
  0	 | 	1	 | 	17,00
  0	 | 	3	 | 	9,43
  0	 | 	5	 | 	11,18
  0	 | 	8	 | 	16,64
  1	 | 	3	 | 	14,42
  1	 | 	7	 | 	15,00
  1	 | 	8	 | 	16,12
  1	 | 	9	 | 	15,13
  2	 | 	3	 | 	2,24
  2	 | 	7	 | 	5,10
  2	 | 	9	 | 	11,31
  3	 | 	5	 | 	4,24
  3	 | 	6	 | 	8,06
  4	 | 	5	 | 	16,28
  4	 | 	6	 | 	7,21
  5	 | 	8	 | 	7,62
  5	 | 	9	 | 	13,60
  6	 | 	7	 | 	4,00
  6	 | 	8	 | 	3,61
  7	 | 	8	 | 	2,24
___________________________
