Simulation Topology 1
___________________________
[11]				[1]		
[7]				[1]		
[7]				[3]		
[0]				[3]		
[0]				[4]		
[16]				[5]		
[4]				[7]		
[11]				[8]		
[17]				[9]		
[9]				[10]		
___________________________
Simulation Topology [1:1]
___________________________
From 	  To 		Length
___________________________
  0	 | 	1	 | 	4,00
  0	 | 	3	 | 	11,18
  0	 | 	5	 | 	6,40
  1	 | 	2	 | 	2,00
  1	 | 	3	 | 	7,28
  1	 | 	6	 | 	6,71
  1	 | 	9	 | 	9,22
  2	 | 	3	 | 	7,00
  2	 | 	5	 | 	9,22
  2	 | 	6	 | 	5,00
  2	 | 	7	 | 	6,40
  2	 | 	9	 | 	7,28
  3	 | 	4	 | 	1,00
  3	 | 	6	 | 	5,66
  3	 | 	8	 | 	18,03
  4	 | 	6	 | 	5,00
  4	 | 	7	 | 	11,70
  4	 | 	8	 | 	17,72
  5	 | 	8	 | 	4,12
  6	 | 	7	 | 	7,07
  7	 | 	9	 | 	2,83
___________________________
Simulation Topology [1:2]
___________________________
From 	  To 		Length
___________________________
  0	 | 	1	 | 	4,00
  0	 | 	3	 | 	11,18
  0	 | 	5	 | 	6,40
  1	 | 	2	 | 	2,00
  1	 | 	3	 | 	7,28
  1	 | 	6	 | 	6,71
  1	 | 	9	 | 	9,22
  2	 | 	3	 | 	7,00
  2	 | 	5	 | 	9,22
  2	 | 	6	 | 	5,00
  2	 | 	7	 | 	6,40
  2	 | 	9	 | 	7,28
  3	 | 	4	 | 	1,00
  3	 | 	6	 | 	5,66
  3	 | 	8	 | 	18,03
  4	 | 	6	 | 	5,00
  4	 | 	7	 | 	11,70
  4	 | 	8	 | 	17,72
  5	 | 	8	 | 	4,12
  6	 | 	7	 | 	7,07
  7	 | 	9	 | 	2,83
  0	 | 	8	 | 	10,00
___________________________
Simulation Topology [1:3]
___________________________
From 	  To 		Length
___________________________
  0	 | 	1	 | 	4,00
  0	 | 	3	 | 	11,18
  0	 | 	5	 | 	6,40
  1	 | 	2	 | 	2,00
  1	 | 	3	 | 	7,28
  1	 | 	6	 | 	6,71
  1	 | 	9	 | 	9,22
  2	 | 	3	 | 	7,00
  2	 | 	5	 | 	9,22
  2	 | 	6	 | 	5,00
  2	 | 	7	 | 	6,40
  2	 | 	9	 | 	7,28
  3	 | 	4	 | 	1,00
  3	 | 	6	 | 	5,66
  3	 | 	8	 | 	18,03
  4	 | 	6	 | 	5,00
  4	 | 	7	 | 	11,70
  4	 | 	8	 | 	17,72
  5	 | 	8	 | 	4,12
  6	 | 	7	 | 	7,07
  7	 | 	9	 | 	2,83
  0	 | 	8	 | 	10,00
  6	 | 	9	 | 	5,83
___________________________
Simulation Topology [1:4]
___________________________
From 	  To 		Length
___________________________
  0	 | 	1	 | 	4,00
  0	 | 	3	 | 	11,18
  0	 | 	5	 | 	6,40
  1	 | 	2	 | 	2,00
  1	 | 	3	 | 	7,28
  1	 | 	6	 | 	6,71
  1	 | 	9	 | 	9,22
  2	 | 	3	 | 	7,00
  2	 | 	5	 | 	9,22
  2	 | 	6	 | 	5,00
  2	 | 	7	 | 	6,40
  2	 | 	9	 | 	7,28
  3	 | 	4	 | 	1,00
  3	 | 	6	 | 	5,66
  3	 | 	8	 | 	18,03
  4	 | 	6	 | 	5,00
  4	 | 	7	 | 	11,70
  4	 | 	8	 | 	17,72
  5	 | 	8	 | 	4,12
  6	 | 	7	 | 	7,07
  7	 | 	9	 | 	2,83
  0	 | 	8	 | 	10,00
  6	 | 	9	 | 	5,83
  5	 | 	7	 | 	5,83
___________________________
Simulation Topology [1:5]
___________________________
From 	  To 		Length
___________________________
  0	 | 	1	 | 	4,00
  0	 | 	3	 | 	11,18
  0	 | 	5	 | 	6,40
  1	 | 	2	 | 	2,00
  1	 | 	3	 | 	7,28
  1	 | 	6	 | 	6,71
  1	 | 	9	 | 	9,22
  2	 | 	3	 | 	7,00
  2	 | 	5	 | 	9,22
  2	 | 	6	 | 	5,00
  2	 | 	7	 | 	6,40
  2	 | 	9	 | 	7,28
  3	 | 	4	 | 	1,00
  3	 | 	6	 | 	5,66
  3	 | 	8	 | 	18,03
  4	 | 	6	 | 	5,00
  4	 | 	7	 | 	11,70
  4	 | 	8	 | 	17,72
  5	 | 	8	 | 	4,12
  6	 | 	7	 | 	7,07
  7	 | 	9	 | 	2,83
  0	 | 	8	 | 	10,00
  6	 | 	9	 | 	5,83
  5	 | 	7	 | 	5,83
  0	 | 	2	 | 	4,47
___________________________
Simulation Topology [1:6]
___________________________
From 	  To 		Length
___________________________
  0	 | 	1	 | 	4,00
  0	 | 	3	 | 	11,18
  0	 | 	5	 | 	6,40
  1	 | 	2	 | 	2,00
  1	 | 	3	 | 	7,28
  1	 | 	6	 | 	6,71
  1	 | 	9	 | 	9,22
  2	 | 	3	 | 	7,00
  2	 | 	5	 | 	9,22
  2	 | 	6	 | 	5,00
  2	 | 	7	 | 	6,40
  2	 | 	9	 | 	7,28
  3	 | 	4	 | 	1,00
  3	 | 	6	 | 	5,66
  3	 | 	8	 | 	18,03
  4	 | 	6	 | 	5,00
  4	 | 	7	 | 	11,70
  4	 | 	8	 | 	17,72
  5	 | 	8	 | 	4,12
  6	 | 	7	 | 	7,07
  7	 | 	9	 | 	2,83
  0	 | 	8	 | 	10,00
  6	 | 	9	 | 	5,83
  5	 | 	7	 | 	5,83
  0	 | 	2	 | 	4,47
  7	 | 	8	 | 	6,08
___________________________
Simulation Topology [1:7]
___________________________
From 	  To 		Length
___________________________
  0	 | 	1	 | 	4,00
  0	 | 	3	 | 	11,18
  0	 | 	5	 | 	6,40
  1	 | 	2	 | 	2,00
  1	 | 	3	 | 	7,28
  1	 | 	6	 | 	6,71
  1	 | 	9	 | 	9,22
  2	 | 	3	 | 	7,00
  2	 | 	5	 | 	9,22
  2	 | 	6	 | 	5,00
  2	 | 	7	 | 	6,40
  2	 | 	9	 | 	7,28
  3	 | 	4	 | 	1,00
  3	 | 	6	 | 	5,66
  3	 | 	8	 | 	18,03
  4	 | 	6	 | 	5,00
  4	 | 	7	 | 	11,70
  4	 | 	8	 | 	17,72
  5	 | 	8	 | 	4,12
  6	 | 	7	 | 	7,07
  7	 | 	9	 | 	2,83
  0	 | 	8	 | 	10,00
  6	 | 	9	 | 	5,83
  5	 | 	7	 | 	5,83
  0	 | 	2	 | 	4,47
  7	 | 	8	 | 	6,08
  2	 | 	4	 | 	7,07
___________________________
Simulation Topology [1:8]
___________________________
From 	  To 		Length
___________________________
  0	 | 	1	 | 	4,00
  0	 | 	3	 | 	11,18
  0	 | 	5	 | 	6,40
  1	 | 	2	 | 	2,00
  1	 | 	3	 | 	7,28
  1	 | 	6	 | 	6,71
  1	 | 	9	 | 	9,22
  2	 | 	3	 | 	7,00
  2	 | 	5	 | 	9,22
  2	 | 	6	 | 	5,00
  2	 | 	7	 | 	6,40
  2	 | 	9	 | 	7,28
  3	 | 	4	 | 	1,00
  3	 | 	6	 | 	5,66
  3	 | 	8	 | 	18,03
  4	 | 	6	 | 	5,00
  4	 | 	7	 | 	11,70
  4	 | 	8	 | 	17,72
  5	 | 	8	 | 	4,12
  6	 | 	7	 | 	7,07
  7	 | 	9	 | 	2,83
  0	 | 	8	 | 	10,00
  6	 | 	9	 | 	5,83
  5	 | 	7	 | 	5,83
  0	 | 	2	 | 	4,47
  7	 | 	8	 | 	6,08
  2	 | 	4	 | 	7,07
  5	 | 	9	 | 	8,60
___________________________
Simulation Topology [1:9]
___________________________
From 	  To 		Length
___________________________
  0	 | 	1	 | 	4,00
  0	 | 	3	 | 	11,18
  0	 | 	5	 | 	6,40
  1	 | 	2	 | 	2,00
  1	 | 	3	 | 	7,28
  1	 | 	6	 | 	6,71
  1	 | 	9	 | 	9,22
  2	 | 	3	 | 	7,00
  2	 | 	5	 | 	9,22
  2	 | 	6	 | 	5,00
  2	 | 	7	 | 	6,40
  2	 | 	9	 | 	7,28
  3	 | 	4	 | 	1,00
  3	 | 	6	 | 	5,66
  3	 | 	8	 | 	18,03
  4	 | 	6	 | 	5,00
  4	 | 	7	 | 	11,70
  4	 | 	8	 | 	17,72
  5	 | 	8	 | 	4,12
  6	 | 	7	 | 	7,07
  7	 | 	9	 | 	2,83
  0	 | 	8	 | 	10,00
  6	 | 	9	 | 	5,83
  5	 | 	7	 | 	5,83
  0	 | 	2	 | 	4,47
  7	 | 	8	 | 	6,08
  2	 | 	4	 | 	7,07
  5	 | 	9	 | 	8,60
  0	 | 	7	 | 	7,00
___________________________
Simulation Topology [1:10]
___________________________
From 	  To 		Length
___________________________
  0	 | 	1	 | 	4,00
  0	 | 	3	 | 	11,18
  0	 | 	5	 | 	6,40
  1	 | 	2	 | 	2,00
  1	 | 	3	 | 	7,28
  1	 | 	6	 | 	6,71
  1	 | 	9	 | 	9,22
  2	 | 	3	 | 	7,00
  2	 | 	5	 | 	9,22
  2	 | 	6	 | 	5,00
  2	 | 	7	 | 	6,40
  2	 | 	9	 | 	7,28
  3	 | 	4	 | 	1,00
  3	 | 	6	 | 	5,66
  3	 | 	8	 | 	18,03
  4	 | 	6	 | 	5,00
  4	 | 	7	 | 	11,70
  4	 | 	8	 | 	17,72
  5	 | 	8	 | 	4,12
  6	 | 	7	 | 	7,07
  7	 | 	9	 | 	2,83
  0	 | 	8	 | 	10,00
  6	 | 	9	 | 	5,83
  5	 | 	7	 | 	5,83
  0	 | 	2	 | 	4,47
  7	 | 	8	 | 	6,08
  2	 | 	4	 | 	7,07
  5	 | 	9	 | 	8,60
  0	 | 	7	 | 	7,00
  1	 | 	4	 | 	7,62
___________________________
Simulation Topology [1:11]
___________________________
From 	  To 		Length
___________________________
  0	 | 	1	 | 	4,00
  0	 | 	3	 | 	11,18
  0	 | 	5	 | 	6,40
  1	 | 	2	 | 	2,00
  1	 | 	3	 | 	7,28
  1	 | 	6	 | 	6,71
  1	 | 	9	 | 	9,22
  2	 | 	3	 | 	7,00
  2	 | 	5	 | 	9,22
  2	 | 	6	 | 	5,00
  2	 | 	7	 | 	6,40
  2	 | 	9	 | 	7,28
  3	 | 	4	 | 	1,00
  3	 | 	6	 | 	5,66
  3	 | 	8	 | 	18,03
  4	 | 	6	 | 	5,00
  4	 | 	7	 | 	11,70
  4	 | 	8	 | 	17,72
  5	 | 	8	 | 	4,12
  6	 | 	7	 | 	7,07
  7	 | 	9	 | 	2,83
  0	 | 	8	 | 	10,00
  6	 | 	9	 | 	5,83
  5	 | 	7	 | 	5,83
  0	 | 	2	 | 	4,47
  7	 | 	8	 | 	6,08
  2	 | 	4	 | 	7,07
  5	 | 	9	 | 	8,60
  0	 | 	7	 | 	7,00
  1	 | 	4	 | 	7,62
  1	 | 	7	 | 	8,06
___________________________
Simulation Topology [1:12]
___________________________
From 	  To 		Length
___________________________
  0	 | 	1	 | 	4,00
  0	 | 	3	 | 	11,18
  0	 | 	5	 | 	6,40
  1	 | 	2	 | 	2,00
  1	 | 	3	 | 	7,28
  1	 | 	6	 | 	6,71
  1	 | 	9	 | 	9,22
  2	 | 	3	 | 	7,00
  2	 | 	5	 | 	9,22
  2	 | 	6	 | 	5,00
  2	 | 	7	 | 	6,40
  2	 | 	9	 | 	7,28
  3	 | 	4	 | 	1,00
  3	 | 	6	 | 	5,66
  3	 | 	8	 | 	18,03
  4	 | 	6	 | 	5,00
  4	 | 	7	 | 	11,70
  4	 | 	8	 | 	17,72
  5	 | 	8	 | 	4,12
  6	 | 	7	 | 	7,07
  7	 | 	9	 | 	2,83
  0	 | 	8	 | 	10,00
  6	 | 	9	 | 	5,83
  5	 | 	7	 | 	5,83
  0	 | 	2	 | 	4,47
  7	 | 	8	 | 	6,08
  2	 | 	4	 | 	7,07
  5	 | 	9	 | 	8,60
  0	 | 	7	 | 	7,00
  1	 | 	4	 | 	7,62
  1	 | 	7	 | 	8,06
  1	 | 	5	 | 	9,85
___________________________
Simulation Topology [1:13]
___________________________
From 	  To 		Length
___________________________
  0	 | 	1	 | 	4,00
  0	 | 	3	 | 	11,18
  0	 | 	5	 | 	6,40
  1	 | 	2	 | 	2,00
  1	 | 	3	 | 	7,28
  1	 | 	6	 | 	6,71
  1	 | 	9	 | 	9,22
  2	 | 	3	 | 	7,00
  2	 | 	5	 | 	9,22
  2	 | 	6	 | 	5,00
  2	 | 	7	 | 	6,40
  2	 | 	9	 | 	7,28
  3	 | 	4	 | 	1,00
  3	 | 	6	 | 	5,66
  3	 | 	8	 | 	18,03
  4	 | 	6	 | 	5,00
  4	 | 	7	 | 	11,70
  4	 | 	8	 | 	17,72
  5	 | 	8	 | 	4,12
  6	 | 	7	 | 	7,07
  7	 | 	9	 | 	2,83
  0	 | 	8	 | 	10,00
  6	 | 	9	 | 	5,83
  5	 | 	7	 | 	5,83
  0	 | 	2	 | 	4,47
  7	 | 	8	 | 	6,08
  2	 | 	4	 | 	7,07
  5	 | 	9	 | 	8,60
  0	 | 	7	 | 	7,00
  1	 | 	4	 | 	7,62
  1	 | 	7	 | 	8,06
  1	 | 	5	 | 	9,85
  3	 | 	9	 | 	11,40
___________________________
Simulation Topology [1:14]
___________________________
From 	  To 		Length
___________________________
  0	 | 	1	 | 	4,00
  0	 | 	3	 | 	11,18
  0	 | 	5	 | 	6,40
  1	 | 	2	 | 	2,00
  1	 | 	3	 | 	7,28
  1	 | 	6	 | 	6,71
  1	 | 	9	 | 	9,22
  2	 | 	3	 | 	7,00
  2	 | 	5	 | 	9,22
  2	 | 	6	 | 	5,00
  2	 | 	7	 | 	6,40
  2	 | 	9	 | 	7,28
  3	 | 	4	 | 	1,00
  3	 | 	6	 | 	5,66
  3	 | 	8	 | 	18,03
  4	 | 	6	 | 	5,00
  4	 | 	7	 | 	11,70
  4	 | 	8	 | 	17,72
  5	 | 	8	 | 	4,12
  6	 | 	7	 | 	7,07
  7	 | 	9	 | 	2,83
  0	 | 	8	 | 	10,00
  6	 | 	9	 | 	5,83
  5	 | 	7	 | 	5,83
  0	 | 	2	 | 	4,47
  7	 | 	8	 | 	6,08
  2	 | 	4	 | 	7,07
  5	 | 	9	 | 	8,60
  0	 | 	7	 | 	7,00
  1	 | 	4	 | 	7,62
  1	 | 	7	 | 	8,06
  1	 | 	5	 | 	9,85
  3	 | 	9	 | 	11,40
  0	 | 	9	 | 	9,22
___________________________
Simulation Topology [1:15]
___________________________
From 	  To 		Length
___________________________
  0	 | 	1	 | 	4,00
  0	 | 	3	 | 	11,18
  0	 | 	5	 | 	6,40
  1	 | 	2	 | 	2,00
  1	 | 	3	 | 	7,28
  1	 | 	6	 | 	6,71
  1	 | 	9	 | 	9,22
  2	 | 	3	 | 	7,00
  2	 | 	5	 | 	9,22
  2	 | 	6	 | 	5,00
  2	 | 	7	 | 	6,40
  2	 | 	9	 | 	7,28
  3	 | 	4	 | 	1,00
  3	 | 	6	 | 	5,66
  3	 | 	8	 | 	18,03
  4	 | 	6	 | 	5,00
  4	 | 	7	 | 	11,70
  4	 | 	8	 | 	17,72
  5	 | 	8	 | 	4,12
  6	 | 	7	 | 	7,07
  7	 | 	9	 | 	2,83
  0	 | 	8	 | 	10,00
  6	 | 	9	 | 	5,83
  5	 | 	7	 | 	5,83
  0	 | 	2	 | 	4,47
  7	 | 	8	 | 	6,08
  2	 | 	4	 | 	7,07
  5	 | 	9	 | 	8,60
  0	 | 	7	 | 	7,00
  1	 | 	4	 | 	7,62
  1	 | 	7	 | 	8,06
  1	 | 	5	 | 	9,85
  3	 | 	9	 | 	11,40
  0	 | 	9	 | 	9,22
  0	 | 	6	 | 	9,22
___________________________
Simulation Topology [1:16]
___________________________
From 	  To 		Length
___________________________
  0	 | 	1	 | 	4,00
  0	 | 	3	 | 	11,18
  0	 | 	5	 | 	6,40
  1	 | 	2	 | 	2,00
  1	 | 	3	 | 	7,28
  1	 | 	6	 | 	6,71
  1	 | 	9	 | 	9,22
  2	 | 	3	 | 	7,00
  2	 | 	5	 | 	9,22
  2	 | 	6	 | 	5,00
  2	 | 	7	 | 	6,40
  2	 | 	9	 | 	7,28
  3	 | 	4	 | 	1,00
  3	 | 	6	 | 	5,66
  3	 | 	8	 | 	18,03
  4	 | 	6	 | 	5,00
  4	 | 	7	 | 	11,70
  4	 | 	8	 | 	17,72
  5	 | 	8	 | 	4,12
  6	 | 	7	 | 	7,07
  7	 | 	9	 | 	2,83
  0	 | 	8	 | 	10,00
  6	 | 	9	 | 	5,83
  5	 | 	7	 | 	5,83
  0	 | 	2	 | 	4,47
  7	 | 	8	 | 	6,08
  2	 | 	4	 | 	7,07
  5	 | 	9	 | 	8,60
  0	 | 	7	 | 	7,00
  1	 | 	4	 | 	7,62
  1	 | 	7	 | 	8,06
  1	 | 	5	 | 	9,85
  3	 | 	9	 | 	11,40
  0	 | 	9	 | 	9,22
  0	 | 	6	 | 	9,22
  8	 | 	9	 | 	8,06
___________________________
Simulation Topology [1:17]
___________________________
From 	  To 		Length
___________________________
  0	 | 	1	 | 	4,00
  0	 | 	3	 | 	11,18
  0	 | 	5	 | 	6,40
  1	 | 	2	 | 	2,00
  1	 | 	3	 | 	7,28
  1	 | 	6	 | 	6,71
  1	 | 	9	 | 	9,22
  2	 | 	3	 | 	7,00
  2	 | 	5	 | 	9,22
  2	 | 	6	 | 	5,00
  2	 | 	7	 | 	6,40
  2	 | 	9	 | 	7,28
  3	 | 	4	 | 	1,00
  3	 | 	6	 | 	5,66
  3	 | 	8	 | 	18,03
  4	 | 	6	 | 	5,00
  4	 | 	7	 | 	11,70
  4	 | 	8	 | 	17,72
  5	 | 	8	 | 	4,12
  6	 | 	7	 | 	7,07
  7	 | 	9	 | 	2,83
  0	 | 	8	 | 	10,00
  6	 | 	9	 | 	5,83
  5	 | 	7	 | 	5,83
  0	 | 	2	 | 	4,47
  7	 | 	8	 | 	6,08
  2	 | 	4	 | 	7,07
  5	 | 	9	 | 	8,60
  0	 | 	7	 | 	7,00
  1	 | 	4	 | 	7,62
  1	 | 	7	 | 	8,06
  1	 | 	5	 | 	9,85
  3	 | 	9	 | 	11,40
  0	 | 	9	 | 	9,22
  0	 | 	6	 | 	9,22
  8	 | 	9	 | 	8,06
  5	 | 	6	 | 	12,17
___________________________
Simulation Topology [1:18]
___________________________
From 	  To 		Length
___________________________
  0	 | 	1	 | 	4,00
  0	 | 	3	 | 	11,18
  0	 | 	5	 | 	6,40
  1	 | 	2	 | 	2,00
  1	 | 	3	 | 	7,28
  1	 | 	6	 | 	6,71
  1	 | 	9	 | 	9,22
  2	 | 	3	 | 	7,00
  2	 | 	5	 | 	9,22
  2	 | 	6	 | 	5,00
  2	 | 	7	 | 	6,40
  2	 | 	9	 | 	7,28
  3	 | 	4	 | 	1,00
  3	 | 	6	 | 	5,66
  3	 | 	8	 | 	18,03
  4	 | 	6	 | 	5,00
  4	 | 	7	 | 	11,70
  4	 | 	8	 | 	17,72
  5	 | 	8	 | 	4,12
  6	 | 	7	 | 	7,07
  7	 | 	9	 | 	2,83
  0	 | 	8	 | 	10,00
  6	 | 	9	 | 	5,83
  5	 | 	7	 | 	5,83
  0	 | 	2	 | 	4,47
  7	 | 	8	 | 	6,08
  2	 | 	4	 | 	7,07
  5	 | 	9	 | 	8,60
  0	 | 	7	 | 	7,00
  1	 | 	4	 | 	7,62
  1	 | 	7	 | 	8,06
  1	 | 	5	 | 	9,85
  3	 | 	9	 | 	11,40
  0	 | 	9	 | 	9,22
  0	 | 	6	 | 	9,22
  8	 | 	9	 | 	8,06
  5	 | 	6	 | 	12,17
  4	 | 	9	 | 	10,82
___________________________
Simulation Topology [1:19]
___________________________
From 	  To 		Length
___________________________
  0	 | 	1	 | 	4,00
  0	 | 	3	 | 	11,18
  0	 | 	5	 | 	6,40
  1	 | 	2	 | 	2,00
  1	 | 	3	 | 	7,28
  1	 | 	6	 | 	6,71
  1	 | 	9	 | 	9,22
  2	 | 	3	 | 	7,00
  2	 | 	5	 | 	9,22
  2	 | 	6	 | 	5,00
  2	 | 	7	 | 	6,40
  2	 | 	9	 | 	7,28
  3	 | 	4	 | 	1,00
  3	 | 	6	 | 	5,66
  3	 | 	8	 | 	18,03
  4	 | 	6	 | 	5,00
  4	 | 	7	 | 	11,70
  4	 | 	8	 | 	17,72
  5	 | 	8	 | 	4,12
  6	 | 	7	 | 	7,07
  7	 | 	9	 | 	2,83
  0	 | 	8	 | 	10,00
  6	 | 	9	 | 	5,83
  5	 | 	7	 | 	5,83
  0	 | 	2	 | 	4,47
  7	 | 	8	 | 	6,08
  2	 | 	4	 | 	7,07
  5	 | 	9	 | 	8,60
  0	 | 	7	 | 	7,00
  1	 | 	4	 | 	7,62
  1	 | 	7	 | 	8,06
  1	 | 	5	 | 	9,85
  3	 | 	9	 | 	11,40
  0	 | 	9	 | 	9,22
  0	 | 	6	 | 	9,22
  8	 | 	9	 | 	8,06
  5	 | 	6	 | 	12,17
  4	 | 	9	 | 	10,82
  0	 | 	4	 | 	11,40
___________________________
Simulation Topology [1:20]
___________________________
From 	  To 		Length
___________________________
  0	 | 	1	 | 	4,00
  0	 | 	3	 | 	11,18
  0	 | 	5	 | 	6,40
  1	 | 	2	 | 	2,00
  1	 | 	3	 | 	7,28
  1	 | 	6	 | 	6,71
  1	 | 	9	 | 	9,22
  2	 | 	3	 | 	7,00
  2	 | 	5	 | 	9,22
  2	 | 	6	 | 	5,00
  2	 | 	7	 | 	6,40
  2	 | 	9	 | 	7,28
  3	 | 	4	 | 	1,00
  3	 | 	6	 | 	5,66
  3	 | 	8	 | 	18,03
  4	 | 	6	 | 	5,00
  4	 | 	7	 | 	11,70
  4	 | 	8	 | 	17,72
  5	 | 	8	 | 	4,12
  6	 | 	7	 | 	7,07
  7	 | 	9	 | 	2,83
  0	 | 	8	 | 	10,00
  6	 | 	9	 | 	5,83
  5	 | 	7	 | 	5,83
  0	 | 	2	 | 	4,47
  7	 | 	8	 | 	6,08
  2	 | 	4	 | 	7,07
  5	 | 	9	 | 	8,60
  0	 | 	7	 | 	7,00
  1	 | 	4	 | 	7,62
  1	 | 	7	 | 	8,06
  1	 | 	5	 | 	9,85
  3	 | 	9	 | 	11,40
  0	 | 	9	 | 	9,22
  0	 | 	6	 | 	9,22
  8	 | 	9	 | 	8,06
  5	 | 	6	 | 	12,17
  4	 | 	9	 | 	10,82
  0	 | 	4	 | 	11,40
  3	 | 	7	 | 	12,08
___________________________
