Simulation Topology 1
___________________________
[19]				[1]		
[12]				[1]		
[3]				[5]		
[19]				[5]		
[4]				[6]		
[11]				[6]		
[15]				[7]		
[19]				[9]		
[1]				[9]		
[7]				[11]		
___________________________
Simulation Topology [1:1]
___________________________
From 	  To 		Length
___________________________
  0	 | 	1	 | 	7,00
  0	 | 	2	 | 	16,49
  0	 | 	7	 | 	8,00
  1	 | 	3	 | 	8,06
  1	 | 	6	 | 	6,71
  1	 | 	8	 | 	13,60
  2	 | 	3	 | 	16,00
  2	 | 	5	 | 	8,06
  2	 | 	8	 | 	4,47
  3	 | 	6	 | 	4,47
  3	 | 	7	 | 	4,00
  3	 | 	9	 | 	13,42
  4	 | 	5	 | 	7,00
  4	 | 	6	 | 	11,05
  5	 | 	7	 | 	8,54
  5	 | 	9	 | 	6,40
  6	 | 	7	 | 	4,47
  6	 | 	8	 | 	14,14
___________________________
Simulation Topology [1:2]
___________________________
From 	  To 		Length
___________________________
  0	 | 	1	 | 	7,00
  0	 | 	2	 | 	16,49
  0	 | 	7	 | 	8,00
  1	 | 	3	 | 	8,06
  1	 | 	6	 | 	6,71
  1	 | 	8	 | 	13,60
  2	 | 	3	 | 	16,00
  2	 | 	5	 | 	8,06
  2	 | 	8	 | 	4,47
  3	 | 	6	 | 	4,47
  3	 | 	7	 | 	4,00
  3	 | 	9	 | 	13,42
  4	 | 	5	 | 	7,00
  4	 | 	6	 | 	11,05
  5	 | 	7	 | 	8,54
  5	 | 	9	 | 	6,40
  6	 | 	7	 | 	4,47
  6	 | 	8	 | 	14,14
  2	 | 	9	 | 	7,21
___________________________
Simulation Topology [1:3]
___________________________
From 	  To 		Length
___________________________
  0	 | 	1	 | 	7,00
  0	 | 	2	 | 	16,49
  0	 | 	7	 | 	8,00
  1	 | 	3	 | 	8,06
  1	 | 	6	 | 	6,71
  1	 | 	8	 | 	13,60
  2	 | 	3	 | 	16,00
  2	 | 	5	 | 	8,06
  2	 | 	8	 | 	4,47
  3	 | 	6	 | 	4,47
  3	 | 	7	 | 	4,00
  3	 | 	9	 | 	13,42
  4	 | 	5	 | 	7,00
  4	 | 	6	 | 	11,05
  5	 | 	7	 | 	8,54
  5	 | 	9	 | 	6,40
  6	 | 	7	 | 	4,47
  6	 | 	8	 | 	14,14
  2	 | 	9	 | 	7,21
  8	 | 	9	 | 	6,32
___________________________
