Simulation Topology 1
___________________________
[9]				[0]		
[4]				[0]		
[14]				[2]		
[3]				[2]		
[10]				[3]		
[15]				[3]		
[8]				[4]		
[10]				[5]		
[3]				[8]		
[7]				[8]		
___________________________
Simulation Topology [1:1]
___________________________
From 	  To 		Length
___________________________
  0	 | 	1	 | 	5,00
  0	 | 	4	 | 	3,16
  0	 | 	8	 | 	10,00
  1	 | 	5	 | 	11,40
  2	 | 	3	 | 	11,00
  2	 | 	5	 | 	1,41
  2	 | 	9	 | 	9,22
  3	 | 	6	 | 	5,39
  4	 | 	5	 | 	5,00
  4	 | 	7	 | 	2,00
  5	 | 	7	 | 	5,39
  5	 | 	9	 | 	9,43
  6	 | 	7	 | 	2,24
  6	 | 	8	 | 	6,40
___________________________
Simulation Topology [1:2]
___________________________
From 	  To 		Length
___________________________
  0	 | 	1	 | 	5,00
  0	 | 	4	 | 	3,16
  0	 | 	8	 | 	10,00
  1	 | 	5	 | 	11,40
  2	 | 	3	 | 	11,00
  2	 | 	5	 | 	1,41
  2	 | 	9	 | 	9,22
  3	 | 	6	 | 	5,39
  4	 | 	5	 | 	5,00
  4	 | 	7	 | 	2,00
  5	 | 	7	 | 	5,39
  5	 | 	9	 | 	9,43
  6	 | 	7	 | 	2,24
  6	 | 	8	 | 	6,40
  0	 | 	9	 | 	8,25
___________________________
Simulation Topology [1:3]
___________________________
From 	  To 		Length
___________________________
  0	 | 	1	 | 	5,00
  0	 | 	4	 | 	3,16
  0	 | 	8	 | 	10,00
  1	 | 	5	 | 	11,40
  2	 | 	3	 | 	11,00
  2	 | 	5	 | 	1,41
  2	 | 	9	 | 	9,22
  3	 | 	6	 | 	5,39
  4	 | 	5	 | 	5,00
  4	 | 	7	 | 	2,00
  5	 | 	7	 | 	5,39
  5	 | 	9	 | 	9,43
  6	 | 	7	 | 	2,24
  6	 | 	8	 | 	6,40
  0	 | 	9	 | 	8,25
  4	 | 	6	 | 	2,24
___________________________
Simulation Topology [1:4]
___________________________
From 	  To 		Length
___________________________
  0	 | 	1	 | 	5,00
  0	 | 	4	 | 	3,16
  0	 | 	8	 | 	10,00
  1	 | 	5	 | 	11,40
  2	 | 	3	 | 	11,00
  2	 | 	5	 | 	1,41
  2	 | 	9	 | 	9,22
  3	 | 	6	 | 	5,39
  4	 | 	5	 | 	5,00
  4	 | 	7	 | 	2,00
  5	 | 	7	 | 	5,39
  5	 | 	9	 | 	9,43
  6	 | 	7	 | 	2,24
  6	 | 	8	 | 	6,40
  0	 | 	9	 | 	8,25
  4	 | 	6	 | 	2,24
  3	 | 	5	 | 	12,04
___________________________
Simulation Topology [1:5]
___________________________
From 	  To 		Length
___________________________
  0	 | 	1	 | 	5,00
  0	 | 	4	 | 	3,16
  0	 | 	8	 | 	10,00
  1	 | 	5	 | 	11,40
  2	 | 	3	 | 	11,00
  2	 | 	5	 | 	1,41
  2	 | 	9	 | 	9,22
  3	 | 	6	 | 	5,39
  4	 | 	5	 | 	5,00
  4	 | 	7	 | 	2,00
  5	 | 	7	 | 	5,39
  5	 | 	9	 | 	9,43
  6	 | 	7	 | 	2,24
  6	 | 	8	 | 	6,40
  0	 | 	9	 | 	8,25
  4	 | 	6	 | 	2,24
  3	 | 	5	 | 	12,04
  0	 | 	6	 | 	4,12
___________________________
Simulation Topology [1:6]
___________________________
From 	  To 		Length
___________________________
  0	 | 	1	 | 	5,00
  0	 | 	4	 | 	3,16
  0	 | 	8	 | 	10,00
  1	 | 	5	 | 	11,40
  2	 | 	3	 | 	11,00
  2	 | 	5	 | 	1,41
  2	 | 	9	 | 	9,22
  3	 | 	6	 | 	5,39
  4	 | 	5	 | 	5,00
  4	 | 	7	 | 	2,00
  5	 | 	7	 | 	5,39
  5	 | 	9	 | 	9,43
  6	 | 	7	 | 	2,24
  6	 | 	8	 | 	6,40
  0	 | 	9	 | 	8,25
  4	 | 	6	 | 	2,24
  3	 | 	5	 | 	12,04
  0	 | 	6	 | 	4,12
  0	 | 	5	 | 	6,71
___________________________
Simulation Topology [1:7]
___________________________
From 	  To 		Length
___________________________
  0	 | 	1	 | 	5,00
  0	 | 	4	 | 	3,16
  0	 | 	8	 | 	10,00
  1	 | 	5	 | 	11,40
  2	 | 	3	 | 	11,00
  2	 | 	5	 | 	1,41
  2	 | 	9	 | 	9,22
  3	 | 	6	 | 	5,39
  4	 | 	5	 | 	5,00
  4	 | 	7	 | 	2,00
  5	 | 	7	 | 	5,39
  5	 | 	9	 | 	9,43
  6	 | 	7	 | 	2,24
  6	 | 	8	 | 	6,40
  0	 | 	9	 | 	8,25
  4	 | 	6	 | 	2,24
  3	 | 	5	 | 	12,04
  0	 | 	6	 | 	4,12
  0	 | 	5	 | 	6,71
  0	 | 	2	 | 	5,39
___________________________
