Simulation Topology 1
___________________________
[6]				[2]		
[11]				[2]		
[3]				[3]		
[0]				[3]		
[16]				[4]		
[19]				[5]		
[8]				[5]		
[13]				[7]		
[18]				[7]		
[8]				[8]		
___________________________
Simulation Topology [1:1]
___________________________
From 	  To 		Length
___________________________
  0	 | 	1	 | 	5,00
  0	 | 	2	 | 	3,16
  0	 | 	6	 | 	3,61
  0	 | 	9	 | 	6,32
  1	 | 	5	 | 	8,54
  1	 | 	9	 | 	6,71
  2	 | 	3	 | 	3,00
  2	 | 	5	 | 	16,12
  2	 | 	6	 | 	5,39
  2	 | 	8	 | 	15,52
  3	 | 	6	 | 	8,25
  4	 | 	5	 | 	3,16
  4	 | 	6	 | 	8,06
  4	 | 	7	 | 	4,24
  6	 | 	7	 | 	5,39
  6	 | 	9	 | 	3,00
  7	 | 	9	 | 	5,10
  8	 | 	9	 | 	10,05
___________________________
Simulation Topology [1:2]
___________________________
From 	  To 		Length
___________________________
  0	 | 	1	 | 	5,00
  0	 | 	2	 | 	3,16
  0	 | 	6	 | 	3,61
  0	 | 	9	 | 	6,32
  1	 | 	5	 | 	8,54
  1	 | 	9	 | 	6,71
  2	 | 	3	 | 	3,00
  2	 | 	5	 | 	16,12
  2	 | 	6	 | 	5,39
  2	 | 	8	 | 	15,52
  3	 | 	6	 | 	8,25
  4	 | 	5	 | 	3,16
  4	 | 	6	 | 	8,06
  4	 | 	7	 | 	4,24
  6	 | 	7	 | 	5,39
  6	 | 	9	 | 	3,00
  7	 | 	9	 | 	5,10
  8	 | 	9	 | 	10,05
  4	 | 	8	 | 	3,61
___________________________
Simulation Topology [1:3]
___________________________
From 	  To 		Length
___________________________
  0	 | 	1	 | 	5,00
  0	 | 	2	 | 	3,16
  0	 | 	6	 | 	3,61
  0	 | 	9	 | 	6,32
  1	 | 	5	 | 	8,54
  1	 | 	9	 | 	6,71
  2	 | 	3	 | 	3,00
  2	 | 	5	 | 	16,12
  2	 | 	6	 | 	5,39
  2	 | 	8	 | 	15,52
  3	 | 	6	 | 	8,25
  4	 | 	5	 | 	3,16
  4	 | 	6	 | 	8,06
  4	 | 	7	 | 	4,24
  6	 | 	7	 | 	5,39
  6	 | 	9	 | 	3,00
  7	 | 	9	 | 	5,10
  8	 | 	9	 | 	10,05
  4	 | 	8	 | 	3,61
  2	 | 	9	 | 	7,07
___________________________
