Simulation Topology 1
___________________________
[17]				[2]		
[4]				[3]		
[2]				[3]		
[6]				[4]		
[9]				[4]		
[3]				[7]		
[16]				[9]		
[6]				[9]		
[4]				[15]		
[2]				[15]		
___________________________
Simulation Topology [1:1]
___________________________
From 	  To 		Length
___________________________
  0	 | 	1	 | 	13,04
  0	 | 	2	 | 	15,03
  0	 | 	3	 | 	11,18
  0	 | 	9	 | 	19,85
  1	 | 	4	 | 	5,10
  1	 | 	5	 | 	4,12
  1	 | 	6	 | 	13,42
  1	 | 	8	 | 	12,00
  2	 | 	3	 | 	4,12
  2	 | 	6	 | 	15,23
  4	 | 	5	 | 	6,71
  4	 | 	8	 | 	12,08
  5	 | 	7	 | 	3,61
  6	 | 	7	 | 	10,00
  6	 | 	9	 | 	15,23
  7	 | 	9	 | 	7,21
  8	 | 	9	 | 	2,00
___________________________
Simulation Topology [1:2]
___________________________
From 	  To 		Length
___________________________
  0	 | 	1	 | 	13,04
  0	 | 	2	 | 	15,03
  0	 | 	3	 | 	11,18
  0	 | 	9	 | 	19,85
  1	 | 	4	 | 	5,10
  1	 | 	5	 | 	4,12
  1	 | 	6	 | 	13,42
  1	 | 	8	 | 	12,00
  2	 | 	3	 | 	4,12
  2	 | 	6	 | 	15,23
  4	 | 	5	 | 	6,71
  4	 | 	8	 | 	12,08
  5	 | 	7	 | 	3,61
  6	 | 	7	 | 	10,00
  6	 | 	9	 | 	15,23
  7	 | 	9	 | 	7,21
  8	 | 	9	 | 	2,00
  1	 | 	7	 | 	6,32
___________________________
Simulation Topology [1:3]
___________________________
From 	  To 		Length
___________________________
  0	 | 	1	 | 	13,04
  0	 | 	2	 | 	15,03
  0	 | 	3	 | 	11,18
  0	 | 	9	 | 	19,85
  1	 | 	4	 | 	5,10
  1	 | 	5	 | 	4,12
  1	 | 	6	 | 	13,42
  1	 | 	8	 | 	12,00
  2	 | 	3	 | 	4,12
  2	 | 	6	 | 	15,23
  4	 | 	5	 | 	6,71
  4	 | 	8	 | 	12,08
  5	 | 	7	 | 	3,61
  6	 | 	7	 | 	10,00
  6	 | 	9	 | 	15,23
  7	 | 	9	 | 	7,21
  8	 | 	9	 | 	2,00
  1	 | 	7	 | 	6,32
  1	 | 	2	 | 	2,00
___________________________
Simulation Topology [1:4]
___________________________
From 	  To 		Length
___________________________
  0	 | 	1	 | 	13,04
  0	 | 	2	 | 	15,03
  0	 | 	3	 | 	11,18
  0	 | 	9	 | 	19,85
  1	 | 	4	 | 	5,10
  1	 | 	5	 | 	4,12
  1	 | 	6	 | 	13,42
  1	 | 	8	 | 	12,00
  2	 | 	3	 | 	4,12
  2	 | 	6	 | 	15,23
  4	 | 	5	 | 	6,71
  4	 | 	8	 | 	12,08
  5	 | 	7	 | 	3,61
  6	 | 	7	 | 	10,00
  6	 | 	9	 | 	15,23
  7	 | 	9	 | 	7,21
  8	 | 	9	 | 	2,00
  1	 | 	7	 | 	6,32
  1	 | 	2	 | 	2,00
  4	 | 	7	 | 	5,83
___________________________
