Simulation Topology 1
___________________________
[2]				[0]		
[4]				[1]		
[6]				[1]		
[10]				[2]		
[13]				[2]		
[13]				[6]		
[18]				[6]		
[14]				[7]		
[7]				[7]		
[7]				[8]		
___________________________
Simulation Topology [1:1]
___________________________
From 	  To 		Length
___________________________
  0	 | 	1	 | 	2,24
  0	 | 	4	 | 	11,18
  0	 | 	6	 | 	17,09
  0	 | 	9	 | 	9,43
  1	 | 	4	 | 	9,06
  1	 | 	8	 | 	6,71
  2	 | 	3	 | 	4,12
  2	 | 	4	 | 	7,07
  2	 | 	6	 | 	13,00
  2	 | 	7	 | 	10,00
  3	 | 	5	 | 	5,00
  3	 | 	6	 | 	8,94
  3	 | 	8	 | 	5,83
  3	 | 	9	 | 	6,71
  4	 | 	5	 | 	4,00
  6	 | 	7	 | 	4,12
  7	 | 	9	 | 	7,07
  8	 | 	9	 | 	1,00
___________________________
Simulation Topology [1:2]
___________________________
From 	  To 		Length
___________________________
  0	 | 	1	 | 	2,24
  0	 | 	4	 | 	11,18
  0	 | 	6	 | 	17,09
  0	 | 	9	 | 	9,43
  1	 | 	4	 | 	9,06
  1	 | 	8	 | 	6,71
  2	 | 	3	 | 	4,12
  2	 | 	4	 | 	7,07
  2	 | 	6	 | 	13,00
  2	 | 	7	 | 	10,00
  3	 | 	5	 | 	5,00
  3	 | 	6	 | 	8,94
  3	 | 	8	 | 	5,83
  3	 | 	9	 | 	6,71
  4	 | 	5	 | 	4,00
  6	 | 	7	 | 	4,12
  7	 | 	9	 | 	7,07
  8	 | 	9	 | 	1,00
  3	 | 	4	 | 	3,00
___________________________
Simulation Topology [1:3]
___________________________
From 	  To 		Length
___________________________
  0	 | 	1	 | 	2,24
  0	 | 	4	 | 	11,18
  0	 | 	6	 | 	17,09
  0	 | 	9	 | 	9,43
  1	 | 	4	 | 	9,06
  1	 | 	8	 | 	6,71
  2	 | 	3	 | 	4,12
  2	 | 	4	 | 	7,07
  2	 | 	6	 | 	13,00
  2	 | 	7	 | 	10,00
  3	 | 	5	 | 	5,00
  3	 | 	6	 | 	8,94
  3	 | 	8	 | 	5,83
  3	 | 	9	 | 	6,71
  4	 | 	5	 | 	4,00
  6	 | 	7	 | 	4,12
  7	 | 	9	 | 	7,07
  8	 | 	9	 | 	1,00
  3	 | 	4	 | 	3,00
  5	 | 	7	 | 	1,41
___________________________
