Simulation Topology 1
___________________________
[7]				[0]		
[12]				[0]		
[8]				[1]		
[15]				[2]		
[0]				[3]		
[10]				[8]		
[12]				[9]		
[15]				[11]		
[1]				[11]		
[7]				[12]		
___________________________
Simulation Topology [1:1]
___________________________
From 	  To 		Length
___________________________
  0	 | 	1	 | 	5,00
  0	 | 	5	 | 	8,54
  0	 | 	6	 | 	10,30
  0	 | 	7	 | 	13,60
  1	 | 	2	 | 	4,12
  1	 | 	6	 | 	9,00
  2	 | 	3	 | 	7,07
  2	 | 	5	 | 	7,28
  2	 | 	8	 | 	12,21
  2	 | 	9	 | 	11,05
  3	 | 	5	 | 	7,81
  3	 | 	7	 | 	9,00
  3	 | 	9	 | 	12,81
  4	 | 	5	 | 	11,18
  4	 | 	6	 | 	13,42
  5	 | 	7	 | 	5,83
  7	 | 	9	 | 	8,06
  8	 | 	9	 | 	6,08
___________________________
Simulation Topology [1:2]
___________________________
From 	  To 		Length
___________________________
  0	 | 	1	 | 	5,00
  0	 | 	5	 | 	8,54
  0	 | 	6	 | 	10,30
  0	 | 	7	 | 	13,60
  1	 | 	2	 | 	4,12
  1	 | 	6	 | 	9,00
  2	 | 	3	 | 	7,07
  2	 | 	5	 | 	7,28
  2	 | 	8	 | 	12,21
  2	 | 	9	 | 	11,05
  3	 | 	5	 | 	7,81
  3	 | 	7	 | 	9,00
  3	 | 	9	 | 	12,81
  4	 | 	5	 | 	11,18
  4	 | 	6	 | 	13,42
  5	 | 	7	 | 	5,83
  7	 | 	9	 | 	8,06
  8	 | 	9	 | 	6,08
  5	 | 	9	 | 	5,00
___________________________
Simulation Topology [1:3]
___________________________
From 	  To 		Length
___________________________
  0	 | 	1	 | 	5,00
  0	 | 	5	 | 	8,54
  0	 | 	6	 | 	10,30
  0	 | 	7	 | 	13,60
  1	 | 	2	 | 	4,12
  1	 | 	6	 | 	9,00
  2	 | 	3	 | 	7,07
  2	 | 	5	 | 	7,28
  2	 | 	8	 | 	12,21
  2	 | 	9	 | 	11,05
  3	 | 	5	 | 	7,81
  3	 | 	7	 | 	9,00
  3	 | 	9	 | 	12,81
  4	 | 	5	 | 	11,18
  4	 | 	6	 | 	13,42
  5	 | 	7	 | 	5,83
  7	 | 	9	 | 	8,06
  8	 | 	9	 | 	6,08
  5	 | 	9	 | 	5,00
  5	 | 	8	 | 	9,49
___________________________
