Simulation Topology 1
___________________________
[2]				[0]		
[4]				[0]		
[18]				[2]		
[9]				[2]		
[15]				[3]		
[18]				[4]		
[3]				[4]		
[8]				[5]		
[16]				[6]		
[8]				[6]		
___________________________
Simulation Topology [1:1]
___________________________
From 	  To 		Length
___________________________
  0	 | 	1	 | 	2,00
  0	 | 	3	 | 	7,28
  0	 | 	5	 | 	16,49
  0	 | 	6	 | 	4,12
  0	 | 	7	 | 	7,81
  1	 | 	5	 | 	14,56
  1	 | 	9	 | 	7,21
  2	 | 	3	 | 	9,00
  2	 | 	4	 | 	3,16
  2	 | 	8	 | 	4,47
  2	 | 	9	 | 	10,77
  3	 | 	7	 | 	3,16
  4	 | 	5	 | 	3,16
  4	 | 	7	 | 	7,28
  4	 | 	8	 | 	3,16
  5	 | 	8	 | 	2,83
  6	 | 	7	 | 	5,10
  7	 | 	8	 | 	8,06
___________________________
Simulation Topology [1:2]
___________________________
From 	  To 		Length
___________________________
  0	 | 	1	 | 	2,00
  0	 | 	3	 | 	7,28
  0	 | 	5	 | 	16,49
  0	 | 	6	 | 	4,12
  0	 | 	7	 | 	7,81
  1	 | 	5	 | 	14,56
  1	 | 	9	 | 	7,21
  2	 | 	3	 | 	9,00
  2	 | 	4	 | 	3,16
  2	 | 	8	 | 	4,47
  2	 | 	9	 | 	10,77
  3	 | 	7	 | 	3,16
  4	 | 	5	 | 	3,16
  4	 | 	7	 | 	7,28
  4	 | 	8	 | 	3,16
  5	 | 	8	 | 	2,83
  6	 | 	7	 | 	5,10
  7	 | 	8	 | 	8,06
  7	 | 	9	 | 	1,00
___________________________
Simulation Topology [1:3]
___________________________
From 	  To 		Length
___________________________
  0	 | 	1	 | 	2,00
  0	 | 	3	 | 	7,28
  0	 | 	5	 | 	16,49
  0	 | 	6	 | 	4,12
  0	 | 	7	 | 	7,81
  1	 | 	5	 | 	14,56
  1	 | 	9	 | 	7,21
  2	 | 	3	 | 	9,00
  2	 | 	4	 | 	3,16
  2	 | 	8	 | 	4,47
  2	 | 	9	 | 	10,77
  3	 | 	7	 | 	3,16
  4	 | 	5	 | 	3,16
  4	 | 	7	 | 	7,28
  4	 | 	8	 | 	3,16
  5	 | 	8	 | 	2,83
  6	 | 	7	 | 	5,10
  7	 | 	8	 | 	8,06
  7	 | 	9	 | 	1,00
  1	 | 	7	 | 	6,40
___________________________
