Simulation Topology 1
___________________________
[9]				[0]		
[9]				[1]		
[17]				[2]		
[6]				[4]		
[1]				[4]		
[10]				[7]		
[2]				[7]		
[1]				[8]		
[4]				[8]		
[5]				[9]		
___________________________
Simulation Topology [1:1]
___________________________
From 	  To 		Length
___________________________
  0	 | 	1	 | 	1,00
  0	 | 	3	 | 	5,00
  0	 | 	8	 | 	9,43
  1	 | 	3	 | 	4,24
  1	 | 	4	 | 	8,54
  1	 | 	7	 | 	10,63
  1	 | 	9	 | 	8,94
  2	 | 	3	 | 	11,18
  2	 | 	7	 | 	17,09
  2	 | 	8	 | 	14,32
  2	 | 	9	 | 	13,89
  3	 | 	7	 | 	6,40
  3	 | 	9	 | 	5,10
  4	 | 	5	 | 	9,49
  4	 | 	6	 | 	3,16
  5	 | 	8	 | 	6,08
  6	 | 	7	 | 	1,41
  6	 | 	8	 | 	2,24
  8	 | 	9	 | 	1,41
___________________________
Simulation Topology [1:2]
___________________________
From 	  To 		Length
___________________________
  0	 | 	1	 | 	1,00
  0	 | 	3	 | 	5,00
  0	 | 	8	 | 	9,43
  1	 | 	3	 | 	4,24
  1	 | 	4	 | 	8,54
  1	 | 	7	 | 	10,63
  1	 | 	9	 | 	8,94
  2	 | 	3	 | 	11,18
  2	 | 	7	 | 	17,09
  2	 | 	8	 | 	14,32
  2	 | 	9	 | 	13,89
  3	 | 	7	 | 	6,40
  3	 | 	9	 | 	5,10
  4	 | 	5	 | 	9,49
  4	 | 	6	 | 	3,16
  5	 | 	8	 | 	6,08
  6	 | 	7	 | 	1,41
  6	 | 	8	 | 	2,24
  8	 | 	9	 | 	1,41
  5	 | 	9	 | 	5,39
___________________________
