Simulation Topology 1
___________________________
[3]				[1]		
[17]				[2]		
[12]				[2]		
[19]				[5]		
[8]				[5]		
[8]				[6]		
[3]				[6]		
[13]				[7]		
[11]				[8]		
[5]				[8]		
___________________________
Simulation Topology [1:1]
___________________________
From 	  To 		Length
___________________________
  0	 | 	1	 | 	14,04
  0	 | 	2	 | 	9,06
  0	 | 	3	 | 	16,49
  0	 | 	6	 | 	5,00
  1	 | 	7	 | 	6,40
  2	 | 	3	 | 	7,62
  2	 | 	5	 | 	5,66
  2	 | 	8	 | 	6,08
  3	 | 	6	 | 	16,03
  3	 | 	8	 | 	8,54
  3	 | 	9	 | 	14,32
  4	 | 	5	 | 	1,00
  4	 | 	7	 | 	5,39
  4	 | 	9	 | 	4,24
  5	 | 	9	 | 	3,61
  6	 | 	7	 | 	10,05
  7	 | 	8	 | 	2,24
  7	 | 	9	 | 	8,06
___________________________
Simulation Topology [1:2]
___________________________
From 	  To 		Length
___________________________
  0	 | 	1	 | 	14,04
  0	 | 	2	 | 	9,06
  0	 | 	3	 | 	16,49
  0	 | 	6	 | 	5,00
  1	 | 	7	 | 	6,40
  2	 | 	3	 | 	7,62
  2	 | 	5	 | 	5,66
  2	 | 	8	 | 	6,08
  3	 | 	6	 | 	16,03
  3	 | 	8	 | 	8,54
  3	 | 	9	 | 	14,32
  4	 | 	5	 | 	1,00
  4	 | 	7	 | 	5,39
  4	 | 	9	 | 	4,24
  5	 | 	9	 | 	3,61
  6	 | 	7	 | 	10,05
  7	 | 	8	 | 	2,24
  7	 | 	9	 | 	8,06
  5	 | 	7	 | 	5,10
___________________________
Simulation Topology [1:3]
___________________________
From 	  To 		Length
___________________________
  0	 | 	1	 | 	14,04
  0	 | 	2	 | 	9,06
  0	 | 	3	 | 	16,49
  0	 | 	6	 | 	5,00
  1	 | 	7	 | 	6,40
  2	 | 	3	 | 	7,62
  2	 | 	5	 | 	5,66
  2	 | 	8	 | 	6,08
  3	 | 	6	 | 	16,03
  3	 | 	8	 | 	8,54
  3	 | 	9	 | 	14,32
  4	 | 	5	 | 	1,00
  4	 | 	7	 | 	5,39
  4	 | 	9	 | 	4,24
  5	 | 	9	 | 	3,61
  6	 | 	7	 | 	10,05
  7	 | 	8	 | 	2,24
  7	 | 	9	 | 	8,06
  5	 | 	7	 | 	5,10
  5	 | 	8	 | 	3,61
___________________________
