Simulation Topology 1
___________________________
[16]				[0]		
[4]				[0]		
[2]				[1]		
[3]				[2]		
[17]				[3]		
[19]				[4]		
[3]				[7]		
[6]				[7]		
[1]				[8]		
[17]				[10]		
___________________________
Simulation Topology [1:1]
___________________________
From 	  To 		Length
___________________________
  0	 | 	1	 | 	12,00
  0	 | 	2	 | 	14,04
  0	 | 	9	 | 	10,05
  1	 | 	2	 | 	2,24
  1	 | 	5	 | 	15,52
  1	 | 	8	 | 	8,54
  2	 | 	3	 | 	1,41
  2	 | 	5	 | 	17,26
  2	 | 	6	 | 	6,08
  2	 | 	7	 | 	7,21
  3	 | 	4	 | 	14,04
  3	 | 	7	 | 	5,83
  3	 | 	8	 | 	6,32
  3	 | 	9	 | 	16,12
  4	 | 	6	 | 	14,56
  4	 | 	9	 | 	7,00
  5	 | 	6	 | 	16,28
  5	 | 	9	 | 	6,32
  7	 | 	8	 | 	5,10
___________________________
Simulation Topology [1:2]
___________________________
From 	  To 		Length
___________________________
  0	 | 	1	 | 	12,00
  0	 | 	2	 | 	14,04
  0	 | 	9	 | 	10,05
  1	 | 	2	 | 	2,24
  1	 | 	5	 | 	15,52
  1	 | 	8	 | 	8,54
  2	 | 	3	 | 	1,41
  2	 | 	5	 | 	17,26
  2	 | 	6	 | 	6,08
  2	 | 	7	 | 	7,21
  3	 | 	4	 | 	14,04
  3	 | 	7	 | 	5,83
  3	 | 	8	 | 	6,32
  3	 | 	9	 | 	16,12
  4	 | 	6	 | 	14,56
  4	 | 	9	 | 	7,00
  5	 | 	6	 | 	16,28
  5	 | 	9	 | 	6,32
  7	 | 	8	 | 	5,10
  6	 | 	7	 | 	3,00
___________________________
