Simulation Topology 1
___________________________
[15]				[0]		
[12]				[0]		
[12]				[1]		
[7]				[1]		
[17]				[4]		
[0]				[4]		
[7]				[5]		
[11]				[6]		
[2]				[7]		
[0]				[7]		
___________________________
Simulation Topology [1:1]
___________________________
From 	  To 		Length
___________________________
  0	 | 	1	 | 	3,00
  0	 | 	2	 | 	3,16
  0	 | 	4	 | 	4,47
  0	 | 	7	 | 	7,21
  1	 | 	2	 | 	1,00
  1	 | 	5	 | 	12,65
  1	 | 	6	 | 	7,07
  1	 | 	9	 | 	13,89
  2	 | 	3	 | 	5,00
  2	 | 	5	 | 	12,37
  3	 | 	7	 | 	6,40
  3	 | 	9	 | 	9,22
  4	 | 	5	 | 	17,00
  5	 | 	8	 | 	3,61
  6	 | 	7	 | 	4,12
  6	 | 	9	 | 	7,28
  7	 | 	8	 | 	9,06
___________________________
Simulation Topology [1:2]
___________________________
From 	  To 		Length
___________________________
  0	 | 	1	 | 	3,00
  0	 | 	2	 | 	3,16
  0	 | 	4	 | 	4,47
  0	 | 	7	 | 	7,21
  1	 | 	2	 | 	1,00
  1	 | 	5	 | 	12,65
  1	 | 	6	 | 	7,07
  1	 | 	9	 | 	13,89
  2	 | 	3	 | 	5,00
  2	 | 	5	 | 	12,37
  3	 | 	7	 | 	6,40
  3	 | 	9	 | 	9,22
  4	 | 	5	 | 	17,00
  5	 | 	8	 | 	3,61
  6	 | 	7	 | 	4,12
  6	 | 	9	 | 	7,28
  7	 | 	8	 | 	9,06
  2	 | 	7	 | 	5,10
___________________________
Simulation Topology [1:3]
___________________________
From 	  To 		Length
___________________________
  0	 | 	1	 | 	3,00
  0	 | 	2	 | 	3,16
  0	 | 	4	 | 	4,47
  0	 | 	7	 | 	7,21
  1	 | 	2	 | 	1,00
  1	 | 	5	 | 	12,65
  1	 | 	6	 | 	7,07
  1	 | 	9	 | 	13,89
  2	 | 	3	 | 	5,00
  2	 | 	5	 | 	12,37
  3	 | 	7	 | 	6,40
  3	 | 	9	 | 	9,22
  4	 | 	5	 | 	17,00
  5	 | 	8	 | 	3,61
  6	 | 	7	 | 	4,12
  6	 | 	9	 | 	7,28
  7	 | 	8	 | 	9,06
  2	 | 	7	 | 	5,10
  4	 | 	7	 | 	6,32
___________________________
Simulation Topology [1:4]
___________________________
From 	  To 		Length
___________________________
  0	 | 	1	 | 	3,00
  0	 | 	2	 | 	3,16
  0	 | 	4	 | 	4,47
  0	 | 	7	 | 	7,21
  1	 | 	2	 | 	1,00
  1	 | 	5	 | 	12,65
  1	 | 	6	 | 	7,07
  1	 | 	9	 | 	13,89
  2	 | 	3	 | 	5,00
  2	 | 	5	 | 	12,37
  3	 | 	7	 | 	6,40
  3	 | 	9	 | 	9,22
  4	 | 	5	 | 	17,00
  5	 | 	8	 | 	3,61
  6	 | 	7	 | 	4,12
  6	 | 	9	 | 	7,28
  7	 | 	8	 | 	9,06
  2	 | 	7	 | 	5,10
  4	 | 	7	 | 	6,32
  0	 | 	8	 | 	14,76
___________________________
