Simulation Topology 1
___________________________
[3]				[2]		
[0]				[7]		
[3]				[0]		
[3]				[26]		
[3]				[29]		
[1]				[26]		
[1]				[24]		
[7]				[16]		
[5]				[22]		
[8]				[18]		
[9]				[24]		
[8]				[28]		
[13]				[1]		
[14]				[6]		
[10]				[7]		
[10]				[13]		
[10]				[9]		
[12]				[23]		
[13]				[19]		
[10]				[21]		
___________________________
Simulation Topology [1:1]
___________________________
From 	  To 		Length
___________________________
  0	 | 	1	 | 	5,83
  0	 | 	2	 | 	2,00
  0	 | 	6	 | 	22,09
  0	 | 	13	 | 	11,70
  1	 | 	2	 | 	7,62
  1	 | 	15	 | 	11,66
  3	 | 	4	 | 	3,00
  3	 | 	6	 | 	2,83
  3	 | 	11	 | 	5,39
  4	 | 	5	 | 	3,61
  4	 | 	18	 | 	14,14
  4	 | 	19	 | 	10,63
  5	 | 	6	 | 	2,00
  5	 | 	8	 | 	5,66
  7	 | 	8	 | 	6,32
  7	 | 	9	 | 	2,24
  7	 | 	13	 | 	12,21
  7	 | 	16	 | 	7,62
  8	 | 	9	 | 	5,00
  9	 | 	15	 | 	5,39
  9	 | 	18	 | 	5,10
  9	 | 	19	 | 	3,61
  10	 | 	11	 | 	4,12
  10	 | 	15	 | 	11,05
  10	 | 	17	 | 	3,16
  12	 | 	13	 | 	5,10
  12	 | 	14	 | 	6,71
  12	 | 	17	 | 	22,02
  13	 | 	14	 | 	4,12
  15	 | 	16	 | 	4,00
  17	 | 	18	 | 	4,12
  17	 | 	19	 | 	2,83
  18	 | 	19	 | 	3,61
___________________________
Simulation Topology [1:2]
___________________________
From 	  To 		Length
___________________________
  0	 | 	1	 | 	5,83
  0	 | 	2	 | 	2,00
  0	 | 	6	 | 	22,09
  0	 | 	13	 | 	11,70
  1	 | 	2	 | 	7,62
  1	 | 	15	 | 	11,66
  3	 | 	4	 | 	3,00
  3	 | 	6	 | 	2,83
  3	 | 	11	 | 	5,39
  4	 | 	5	 | 	3,61
  4	 | 	18	 | 	14,14
  4	 | 	19	 | 	10,63
  5	 | 	6	 | 	2,00
  5	 | 	8	 | 	5,66
  7	 | 	8	 | 	6,32
  7	 | 	9	 | 	2,24
  7	 | 	13	 | 	12,21
  7	 | 	16	 | 	7,62
  8	 | 	9	 | 	5,00
  9	 | 	15	 | 	5,39
  9	 | 	18	 | 	5,10
  9	 | 	19	 | 	3,61
  10	 | 	11	 | 	4,12
  10	 | 	15	 | 	11,05
  10	 | 	17	 | 	3,16
  12	 | 	13	 | 	5,10
  12	 | 	14	 | 	6,71
  12	 | 	17	 | 	22,02
  13	 | 	14	 | 	4,12
  15	 | 	16	 | 	4,00
  17	 | 	18	 | 	4,12
  17	 | 	19	 | 	2,83
  18	 | 	19	 | 	3,61
  10	 | 	19	 | 	3,16
___________________________
Simulation Topology [1:3]
___________________________
From 	  To 		Length
___________________________
  0	 | 	1	 | 	5,83
  0	 | 	2	 | 	2,00
  0	 | 	6	 | 	22,09
  0	 | 	13	 | 	11,70
  1	 | 	2	 | 	7,62
  1	 | 	15	 | 	11,66
  3	 | 	4	 | 	3,00
  3	 | 	6	 | 	2,83
  3	 | 	11	 | 	5,39
  4	 | 	5	 | 	3,61
  4	 | 	18	 | 	14,14
  4	 | 	19	 | 	10,63
  5	 | 	6	 | 	2,00
  5	 | 	8	 | 	5,66
  7	 | 	8	 | 	6,32
  7	 | 	9	 | 	2,24
  7	 | 	13	 | 	12,21
  7	 | 	16	 | 	7,62
  8	 | 	9	 | 	5,00
  9	 | 	15	 | 	5,39
  9	 | 	18	 | 	5,10
  9	 | 	19	 | 	3,61
  10	 | 	11	 | 	4,12
  10	 | 	15	 | 	11,05
  10	 | 	17	 | 	3,16
  12	 | 	13	 | 	5,10
  12	 | 	14	 | 	6,71
  12	 | 	17	 | 	22,02
  13	 | 	14	 | 	4,12
  15	 | 	16	 | 	4,00
  17	 | 	18	 | 	4,12
  17	 | 	19	 | 	2,83
  18	 | 	19	 | 	3,61
  10	 | 	19	 | 	3,16
  4	 | 	11	 | 	5,10
___________________________
Simulation Topology [1:4]
___________________________
From 	  To 		Length
___________________________
  0	 | 	1	 | 	5,83
  0	 | 	2	 | 	2,00
  0	 | 	6	 | 	22,09
  0	 | 	13	 | 	11,70
  1	 | 	2	 | 	7,62
  1	 | 	15	 | 	11,66
  3	 | 	4	 | 	3,00
  3	 | 	6	 | 	2,83
  3	 | 	11	 | 	5,39
  4	 | 	5	 | 	3,61
  4	 | 	18	 | 	14,14
  4	 | 	19	 | 	10,63
  5	 | 	6	 | 	2,00
  5	 | 	8	 | 	5,66
  7	 | 	8	 | 	6,32
  7	 | 	9	 | 	2,24
  7	 | 	13	 | 	12,21
  7	 | 	16	 | 	7,62
  8	 | 	9	 | 	5,00
  9	 | 	15	 | 	5,39
  9	 | 	18	 | 	5,10
  9	 | 	19	 | 	3,61
  10	 | 	11	 | 	4,12
  10	 | 	15	 | 	11,05
  10	 | 	17	 | 	3,16
  12	 | 	13	 | 	5,10
  12	 | 	14	 | 	6,71
  12	 | 	17	 | 	22,02
  13	 | 	14	 | 	4,12
  15	 | 	16	 | 	4,00
  17	 | 	18	 | 	4,12
  17	 | 	19	 | 	2,83
  18	 | 	19	 | 	3,61
  10	 | 	19	 | 	3,16
  4	 | 	11	 | 	5,10
  9	 | 	10	 | 	6,08
___________________________
Simulation Topology [1:5]
___________________________
From 	  To 		Length
___________________________
  0	 | 	1	 | 	5,83
  0	 | 	2	 | 	2,00
  0	 | 	6	 | 	22,09
  0	 | 	13	 | 	11,70
  1	 | 	2	 | 	7,62
  1	 | 	15	 | 	11,66
  3	 | 	4	 | 	3,00
  3	 | 	6	 | 	2,83
  3	 | 	11	 | 	5,39
  4	 | 	5	 | 	3,61
  4	 | 	18	 | 	14,14
  4	 | 	19	 | 	10,63
  5	 | 	6	 | 	2,00
  5	 | 	8	 | 	5,66
  7	 | 	8	 | 	6,32
  7	 | 	9	 | 	2,24
  7	 | 	13	 | 	12,21
  7	 | 	16	 | 	7,62
  8	 | 	9	 | 	5,00
  9	 | 	15	 | 	5,39
  9	 | 	18	 | 	5,10
  9	 | 	19	 | 	3,61
  10	 | 	11	 | 	4,12
  10	 | 	15	 | 	11,05
  10	 | 	17	 | 	3,16
  12	 | 	13	 | 	5,10
  12	 | 	14	 | 	6,71
  12	 | 	17	 | 	22,02
  13	 | 	14	 | 	4,12
  15	 | 	16	 | 	4,00
  17	 | 	18	 | 	4,12
  17	 | 	19	 | 	2,83
  18	 | 	19	 | 	3,61
  10	 | 	19	 | 	3,16
  4	 | 	11	 | 	5,10
  9	 | 	10	 | 	6,08
  5	 | 	10	 | 	8,25
___________________________
Simulation Topology [1:6]
___________________________
From 	  To 		Length
___________________________
  0	 | 	1	 | 	5,83
  0	 | 	2	 | 	2,00
  0	 | 	6	 | 	22,09
  0	 | 	13	 | 	11,70
  1	 | 	2	 | 	7,62
  1	 | 	15	 | 	11,66
  3	 | 	4	 | 	3,00
  3	 | 	6	 | 	2,83
  3	 | 	11	 | 	5,39
  4	 | 	5	 | 	3,61
  4	 | 	18	 | 	14,14
  4	 | 	19	 | 	10,63
  5	 | 	6	 | 	2,00
  5	 | 	8	 | 	5,66
  7	 | 	8	 | 	6,32
  7	 | 	9	 | 	2,24
  7	 | 	13	 | 	12,21
  7	 | 	16	 | 	7,62
  8	 | 	9	 | 	5,00
  9	 | 	15	 | 	5,39
  9	 | 	18	 | 	5,10
  9	 | 	19	 | 	3,61
  10	 | 	11	 | 	4,12
  10	 | 	15	 | 	11,05
  10	 | 	17	 | 	3,16
  12	 | 	13	 | 	5,10
  12	 | 	14	 | 	6,71
  12	 | 	17	 | 	22,02
  13	 | 	14	 | 	4,12
  15	 | 	16	 | 	4,00
  17	 | 	18	 | 	4,12
  17	 | 	19	 | 	2,83
  18	 | 	19	 | 	3,61
  10	 | 	19	 | 	3,16
  4	 | 	11	 | 	5,10
  9	 | 	10	 | 	6,08
  5	 | 	10	 | 	8,25
  6	 | 	8	 | 	4,47
___________________________
Simulation Topology [1:7]
___________________________
From 	  To 		Length
___________________________
  0	 | 	1	 | 	5,83
  0	 | 	2	 | 	2,00
  0	 | 	6	 | 	22,09
  0	 | 	13	 | 	11,70
  1	 | 	2	 | 	7,62
  1	 | 	15	 | 	11,66
  3	 | 	4	 | 	3,00
  3	 | 	6	 | 	2,83
  3	 | 	11	 | 	5,39
  4	 | 	5	 | 	3,61
  4	 | 	18	 | 	14,14
  4	 | 	19	 | 	10,63
  5	 | 	6	 | 	2,00
  5	 | 	8	 | 	5,66
  7	 | 	8	 | 	6,32
  7	 | 	9	 | 	2,24
  7	 | 	13	 | 	12,21
  7	 | 	16	 | 	7,62
  8	 | 	9	 | 	5,00
  9	 | 	15	 | 	5,39
  9	 | 	18	 | 	5,10
  9	 | 	19	 | 	3,61
  10	 | 	11	 | 	4,12
  10	 | 	15	 | 	11,05
  10	 | 	17	 | 	3,16
  12	 | 	13	 | 	5,10
  12	 | 	14	 | 	6,71
  12	 | 	17	 | 	22,02
  13	 | 	14	 | 	4,12
  15	 | 	16	 | 	4,00
  17	 | 	18	 | 	4,12
  17	 | 	19	 | 	2,83
  18	 | 	19	 | 	3,61
  10	 | 	19	 | 	3,16
  4	 | 	11	 | 	5,10
  9	 | 	10	 | 	6,08
  5	 | 	10	 | 	8,25
  6	 | 	8	 | 	4,47
  2	 | 	14	 | 	9,90
___________________________
Simulation Topology [1:8]
___________________________
From 	  To 		Length
___________________________
  0	 | 	1	 | 	5,83
  0	 | 	2	 | 	2,00
  0	 | 	6	 | 	22,09
  0	 | 	13	 | 	11,70
  1	 | 	2	 | 	7,62
  1	 | 	15	 | 	11,66
  3	 | 	4	 | 	3,00
  3	 | 	6	 | 	2,83
  3	 | 	11	 | 	5,39
  4	 | 	5	 | 	3,61
  4	 | 	18	 | 	14,14
  4	 | 	19	 | 	10,63
  5	 | 	6	 | 	2,00
  5	 | 	8	 | 	5,66
  7	 | 	8	 | 	6,32
  7	 | 	9	 | 	2,24
  7	 | 	13	 | 	12,21
  7	 | 	16	 | 	7,62
  8	 | 	9	 | 	5,00
  9	 | 	15	 | 	5,39
  9	 | 	18	 | 	5,10
  9	 | 	19	 | 	3,61
  10	 | 	11	 | 	4,12
  10	 | 	15	 | 	11,05
  10	 | 	17	 | 	3,16
  12	 | 	13	 | 	5,10
  12	 | 	14	 | 	6,71
  12	 | 	17	 | 	22,02
  13	 | 	14	 | 	4,12
  15	 | 	16	 | 	4,00
  17	 | 	18	 | 	4,12
  17	 | 	19	 | 	2,83
  18	 | 	19	 | 	3,61
  10	 | 	19	 | 	3,16
  4	 | 	11	 | 	5,10
  9	 | 	10	 | 	6,08
  5	 | 	10	 | 	8,25
  6	 | 	8	 | 	4,47
  2	 | 	14	 | 	9,90
  3	 | 	5	 | 	2,00
___________________________
