Simulation Topology 1
___________________________
[12]				[1]		
[12]				[3]		
[15]				[6]		
[1]				[6]		
[18]				[8]		
[13]				[8]		
[10]				[9]		
[13]				[9]		
[1]				[12]		
[4]				[12]		
___________________________
Simulation Topology [1:1]
___________________________
From 	  To 		Length
___________________________
  0	 | 	1	 | 	2,00
  0	 | 	5	 | 	7,07
  0	 | 	6	 | 	8,25
  0	 | 	9	 | 	13,60
  1	 | 	3	 | 	11,40
  1	 | 	5	 | 	5,10
  2	 | 	3	 | 	14,00
  2	 | 	7	 | 	3,61
  2	 | 	9	 | 	12,53
  3	 | 	8	 | 	6,00
  4	 | 	5	 | 	5,00
  4	 | 	6	 | 	8,06
  4	 | 	7	 | 	5,10
  4	 | 	9	 | 	14,56
  6	 | 	7	 | 	3,00
  6	 | 	8	 | 	9,49
  7	 | 	9	 | 	9,49
___________________________
Simulation Topology [1:2]
___________________________
From 	  To 		Length
___________________________
  0	 | 	1	 | 	2,00
  0	 | 	5	 | 	7,07
  0	 | 	6	 | 	8,25
  0	 | 	9	 | 	13,60
  1	 | 	3	 | 	11,40
  1	 | 	5	 | 	5,10
  2	 | 	3	 | 	14,00
  2	 | 	7	 | 	3,61
  2	 | 	9	 | 	12,53
  3	 | 	8	 | 	6,00
  4	 | 	5	 | 	5,00
  4	 | 	6	 | 	8,06
  4	 | 	7	 | 	5,10
  4	 | 	9	 | 	14,56
  6	 | 	7	 | 	3,00
  6	 | 	8	 | 	9,49
  7	 | 	9	 | 	9,49
  5	 | 	6	 | 	3,16
___________________________
Simulation Topology [1:3]
___________________________
From 	  To 		Length
___________________________
  0	 | 	1	 | 	2,00
  0	 | 	5	 | 	7,07
  0	 | 	6	 | 	8,25
  0	 | 	9	 | 	13,60
  1	 | 	3	 | 	11,40
  1	 | 	5	 | 	5,10
  2	 | 	3	 | 	14,00
  2	 | 	7	 | 	3,61
  2	 | 	9	 | 	12,53
  3	 | 	8	 | 	6,00
  4	 | 	5	 | 	5,00
  4	 | 	6	 | 	8,06
  4	 | 	7	 | 	5,10
  4	 | 	9	 | 	14,56
  6	 | 	7	 | 	3,00
  6	 | 	8	 | 	9,49
  7	 | 	9	 | 	9,49
  5	 | 	6	 | 	3,16
  2	 | 	5	 | 	2,83
___________________________
Simulation Topology [1:4]
___________________________
From 	  To 		Length
___________________________
  0	 | 	1	 | 	2,00
  0	 | 	5	 | 	7,07
  0	 | 	6	 | 	8,25
  0	 | 	9	 | 	13,60
  1	 | 	3	 | 	11,40
  1	 | 	5	 | 	5,10
  2	 | 	3	 | 	14,00
  2	 | 	7	 | 	3,61
  2	 | 	9	 | 	12,53
  3	 | 	8	 | 	6,00
  4	 | 	5	 | 	5,00
  4	 | 	6	 | 	8,06
  4	 | 	7	 | 	5,10
  4	 | 	9	 | 	14,56
  6	 | 	7	 | 	3,00
  6	 | 	8	 | 	9,49
  7	 | 	9	 | 	9,49
  5	 | 	6	 | 	3,16
  2	 | 	5	 | 	2,83
  5	 | 	7	 | 	1,00
___________________________
