Simulation Topology 1
___________________________
[16]				[0]		
[5]				[1]		
[8]				[1]		
[5]				[3]		
[2]				[4]		
[10]				[4]		
[4]				[7]		
[5]				[8]		
[5]				[9]		
[15]				[11]		
___________________________
Simulation Topology [1:1]
___________________________
From 	  To 		Length
___________________________
  0	 | 	1	 | 	11,05
  0	 | 	3	 | 	11,40
  0	 | 	5	 | 	7,21
  0	 | 	8	 | 	14,21
  1	 | 	4	 | 	4,24
  1	 | 	7	 | 	7,00
  2	 | 	3	 | 	3,61
  2	 | 	5	 | 	3,61
  2	 | 	6	 | 	7,21
  2	 | 	7	 | 	7,62
  2	 | 	8	 | 	8,54
  2	 | 	9	 | 	12,21
  3	 | 	4	 | 	3,16
  3	 | 	9	 | 	12,81
  4	 | 	8	 | 	5,83
  5	 | 	7	 | 	6,40
  5	 | 	9	 | 	8,60
  6	 | 	8	 | 	2,24
  8	 | 	9	 | 	10,20
___________________________
Simulation Topology [1:2]
___________________________
From 	  To 		Length
___________________________
  0	 | 	1	 | 	11,05
  0	 | 	3	 | 	11,40
  0	 | 	5	 | 	7,21
  0	 | 	8	 | 	14,21
  1	 | 	4	 | 	4,24
  1	 | 	7	 | 	7,00
  2	 | 	3	 | 	3,61
  2	 | 	5	 | 	3,61
  2	 | 	6	 | 	7,21
  2	 | 	7	 | 	7,62
  2	 | 	8	 | 	8,54
  2	 | 	9	 | 	12,21
  3	 | 	4	 | 	3,16
  3	 | 	9	 | 	12,81
  4	 | 	8	 | 	5,83
  5	 | 	7	 | 	6,40
  5	 | 	9	 | 	8,60
  6	 | 	8	 | 	2,24
  8	 | 	9	 | 	10,20
  5	 | 	6	 | 	6,71
___________________________
