Simulation Topology 1
___________________________
[10]				[0]		
[15]				[0]		
[7]				[1]		
[1]				[1]		
[12]				[2]		
[17]				[4]		
[6]				[4]		
[19]				[5]		
[8]				[5]		
[6]				[6]		
___________________________
Simulation Topology [1:1]
___________________________
From 	  To 		Length
___________________________
  0	 | 	1	 | 	5,00
  0	 | 	7	 | 	10,30
  0	 | 	9	 | 	7,21
  1	 | 	4	 | 	3,61
  1	 | 	5	 | 	4,47
  2	 | 	3	 | 	6,00
  2	 | 	6	 | 	3,16
  2	 | 	7	 | 	12,65
  2	 | 	8	 | 	4,12
  2	 | 	9	 | 	5,10
  3	 | 	6	 | 	5,83
  3	 | 	7	 | 	18,44
  3	 | 	8	 | 	8,06
  3	 | 	9	 | 	7,07
  4	 | 	5	 | 	5,39
  4	 | 	6	 | 	6,32
  4	 | 	7	 | 	7,62
  6	 | 	7	 | 	13,04
  6	 | 	8	 | 	2,24
  6	 | 	9	 | 	2,00
  8	 | 	9	 | 	2,24
___________________________
Simulation Topology [1:2]
___________________________
From 	  To 		Length
___________________________
  0	 | 	1	 | 	5,00
  0	 | 	7	 | 	10,30
  0	 | 	9	 | 	7,21
  1	 | 	4	 | 	3,61
  1	 | 	5	 | 	4,47
  2	 | 	3	 | 	6,00
  2	 | 	6	 | 	3,16
  2	 | 	7	 | 	12,65
  2	 | 	8	 | 	4,12
  2	 | 	9	 | 	5,10
  3	 | 	6	 | 	5,83
  3	 | 	7	 | 	18,44
  3	 | 	8	 | 	8,06
  3	 | 	9	 | 	7,07
  4	 | 	5	 | 	5,39
  4	 | 	6	 | 	6,32
  4	 | 	7	 | 	7,62
  6	 | 	7	 | 	13,04
  6	 | 	8	 | 	2,24
  6	 | 	9	 | 	2,00
  8	 | 	9	 | 	2,24
  1	 | 	7	 | 	6,40
___________________________
Simulation Topology [1:3]
___________________________
From 	  To 		Length
___________________________
  0	 | 	1	 | 	5,00
  0	 | 	7	 | 	10,30
  0	 | 	9	 | 	7,21
  1	 | 	4	 | 	3,61
  1	 | 	5	 | 	4,47
  2	 | 	3	 | 	6,00
  2	 | 	6	 | 	3,16
  2	 | 	7	 | 	12,65
  2	 | 	8	 | 	4,12
  2	 | 	9	 | 	5,10
  3	 | 	6	 | 	5,83
  3	 | 	7	 | 	18,44
  3	 | 	8	 | 	8,06
  3	 | 	9	 | 	7,07
  4	 | 	5	 | 	5,39
  4	 | 	6	 | 	6,32
  4	 | 	7	 | 	7,62
  6	 | 	7	 | 	13,04
  6	 | 	8	 | 	2,24
  6	 | 	9	 | 	2,00
  8	 | 	9	 | 	2,24
  1	 | 	7	 | 	6,40
  5	 | 	7	 | 	2,24
___________________________
Simulation Topology [1:4]
___________________________
From 	  To 		Length
___________________________
  0	 | 	1	 | 	5,00
  0	 | 	7	 | 	10,30
  0	 | 	9	 | 	7,21
  1	 | 	4	 | 	3,61
  1	 | 	5	 | 	4,47
  2	 | 	3	 | 	6,00
  2	 | 	6	 | 	3,16
  2	 | 	7	 | 	12,65
  2	 | 	8	 | 	4,12
  2	 | 	9	 | 	5,10
  3	 | 	6	 | 	5,83
  3	 | 	7	 | 	18,44
  3	 | 	8	 | 	8,06
  3	 | 	9	 | 	7,07
  4	 | 	5	 | 	5,39
  4	 | 	6	 | 	6,32
  4	 | 	7	 | 	7,62
  6	 | 	7	 | 	13,04
  6	 | 	8	 | 	2,24
  6	 | 	9	 | 	2,00
  8	 | 	9	 | 	2,24
  1	 | 	7	 | 	6,40
  5	 | 	7	 | 	2,24
  0	 | 	2	 | 	3,16
___________________________
Simulation Topology [1:5]
___________________________
From 	  To 		Length
___________________________
  0	 | 	1	 | 	5,00
  0	 | 	7	 | 	10,30
  0	 | 	9	 | 	7,21
  1	 | 	4	 | 	3,61
  1	 | 	5	 | 	4,47
  2	 | 	3	 | 	6,00
  2	 | 	6	 | 	3,16
  2	 | 	7	 | 	12,65
  2	 | 	8	 | 	4,12
  2	 | 	9	 | 	5,10
  3	 | 	6	 | 	5,83
  3	 | 	7	 | 	18,44
  3	 | 	8	 | 	8,06
  3	 | 	9	 | 	7,07
  4	 | 	5	 | 	5,39
  4	 | 	6	 | 	6,32
  4	 | 	7	 | 	7,62
  6	 | 	7	 | 	13,04
  6	 | 	8	 | 	2,24
  6	 | 	9	 | 	2,00
  8	 | 	9	 | 	2,24
  1	 | 	7	 | 	6,40
  5	 | 	7	 | 	2,24
  0	 | 	2	 | 	3,16
  0	 | 	4	 | 	2,83
___________________________
Simulation Topology [1:6]
___________________________
From 	  To 		Length
___________________________
  0	 | 	1	 | 	5,00
  0	 | 	7	 | 	10,30
  0	 | 	9	 | 	7,21
  1	 | 	4	 | 	3,61
  1	 | 	5	 | 	4,47
  2	 | 	3	 | 	6,00
  2	 | 	6	 | 	3,16
  2	 | 	7	 | 	12,65
  2	 | 	8	 | 	4,12
  2	 | 	9	 | 	5,10
  3	 | 	6	 | 	5,83
  3	 | 	7	 | 	18,44
  3	 | 	8	 | 	8,06
  3	 | 	9	 | 	7,07
  4	 | 	5	 | 	5,39
  4	 | 	6	 | 	6,32
  4	 | 	7	 | 	7,62
  6	 | 	7	 | 	13,04
  6	 | 	8	 | 	2,24
  6	 | 	9	 | 	2,00
  8	 | 	9	 | 	2,24
  1	 | 	7	 | 	6,40
  5	 | 	7	 | 	2,24
  0	 | 	2	 | 	3,16
  0	 | 	4	 | 	2,83
  0	 | 	6	 | 	5,66
___________________________
Simulation Topology [1:7]
___________________________
From 	  To 		Length
___________________________
  0	 | 	1	 | 	5,00
  0	 | 	7	 | 	10,30
  0	 | 	9	 | 	7,21
  1	 | 	4	 | 	3,61
  1	 | 	5	 | 	4,47
  2	 | 	3	 | 	6,00
  2	 | 	6	 | 	3,16
  2	 | 	7	 | 	12,65
  2	 | 	8	 | 	4,12
  2	 | 	9	 | 	5,10
  3	 | 	6	 | 	5,83
  3	 | 	7	 | 	18,44
  3	 | 	8	 | 	8,06
  3	 | 	9	 | 	7,07
  4	 | 	5	 | 	5,39
  4	 | 	6	 | 	6,32
  4	 | 	7	 | 	7,62
  6	 | 	7	 | 	13,04
  6	 | 	8	 | 	2,24
  6	 | 	9	 | 	2,00
  8	 | 	9	 | 	2,24
  1	 | 	7	 | 	6,40
  5	 | 	7	 | 	2,24
  0	 | 	2	 | 	3,16
  0	 | 	4	 | 	2,83
  0	 | 	6	 | 	5,66
  0	 | 	8	 | 	5,39
___________________________
Simulation Topology [1:8]
___________________________
From 	  To 		Length
___________________________
  0	 | 	1	 | 	5,00
  0	 | 	7	 | 	10,30
  0	 | 	9	 | 	7,21
  1	 | 	4	 | 	3,61
  1	 | 	5	 | 	4,47
  2	 | 	3	 | 	6,00
  2	 | 	6	 | 	3,16
  2	 | 	7	 | 	12,65
  2	 | 	8	 | 	4,12
  2	 | 	9	 | 	5,10
  3	 | 	6	 | 	5,83
  3	 | 	7	 | 	18,44
  3	 | 	8	 | 	8,06
  3	 | 	9	 | 	7,07
  4	 | 	5	 | 	5,39
  4	 | 	6	 | 	6,32
  4	 | 	7	 | 	7,62
  6	 | 	7	 | 	13,04
  6	 | 	8	 | 	2,24
  6	 | 	9	 | 	2,00
  8	 | 	9	 | 	2,24
  1	 | 	7	 | 	6,40
  5	 | 	7	 | 	2,24
  0	 | 	2	 | 	3,16
  0	 | 	4	 | 	2,83
  0	 | 	6	 | 	5,66
  0	 | 	8	 | 	5,39
  4	 | 	8	 | 	5,00
___________________________
Simulation Topology [1:9]
___________________________
From 	  To 		Length
___________________________
  0	 | 	1	 | 	5,00
  0	 | 	7	 | 	10,30
  0	 | 	9	 | 	7,21
  1	 | 	4	 | 	3,61
  1	 | 	5	 | 	4,47
  2	 | 	3	 | 	6,00
  2	 | 	6	 | 	3,16
  2	 | 	7	 | 	12,65
  2	 | 	8	 | 	4,12
  2	 | 	9	 | 	5,10
  3	 | 	6	 | 	5,83
  3	 | 	7	 | 	18,44
  3	 | 	8	 | 	8,06
  3	 | 	9	 | 	7,07
  4	 | 	5	 | 	5,39
  4	 | 	6	 | 	6,32
  4	 | 	7	 | 	7,62
  6	 | 	7	 | 	13,04
  6	 | 	8	 | 	2,24
  6	 | 	9	 | 	2,00
  8	 | 	9	 | 	2,24
  1	 | 	7	 | 	6,40
  5	 | 	7	 | 	2,24
  0	 | 	2	 | 	3,16
  0	 | 	4	 | 	2,83
  0	 | 	6	 | 	5,66
  0	 | 	8	 | 	5,39
  4	 | 	8	 | 	5,00
  1	 | 	6	 | 	9,85
___________________________
Simulation Topology [1:10]
___________________________
From 	  To 		Length
___________________________
  0	 | 	1	 | 	5,00
  0	 | 	7	 | 	10,30
  0	 | 	9	 | 	7,21
  1	 | 	4	 | 	3,61
  1	 | 	5	 | 	4,47
  2	 | 	3	 | 	6,00
  2	 | 	6	 | 	3,16
  2	 | 	7	 | 	12,65
  2	 | 	8	 | 	4,12
  2	 | 	9	 | 	5,10
  3	 | 	6	 | 	5,83
  3	 | 	7	 | 	18,44
  3	 | 	8	 | 	8,06
  3	 | 	9	 | 	7,07
  4	 | 	5	 | 	5,39
  4	 | 	6	 | 	6,32
  4	 | 	7	 | 	7,62
  6	 | 	7	 | 	13,04
  6	 | 	8	 | 	2,24
  6	 | 	9	 | 	2,00
  8	 | 	9	 | 	2,24
  1	 | 	7	 | 	6,40
  5	 | 	7	 | 	2,24
  0	 | 	2	 | 	3,16
  0	 | 	4	 | 	2,83
  0	 | 	6	 | 	5,66
  0	 | 	8	 | 	5,39
  4	 | 	8	 | 	5,00
  1	 | 	6	 | 	9,85
  1	 | 	8	 | 	8,60
___________________________
Simulation Topology [1:11]
___________________________
From 	  To 		Length
___________________________
  0	 | 	1	 | 	5,00
  0	 | 	7	 | 	10,30
  0	 | 	9	 | 	7,21
  1	 | 	4	 | 	3,61
  1	 | 	5	 | 	4,47
  2	 | 	3	 | 	6,00
  2	 | 	6	 | 	3,16
  2	 | 	7	 | 	12,65
  2	 | 	8	 | 	4,12
  2	 | 	9	 | 	5,10
  3	 | 	6	 | 	5,83
  3	 | 	7	 | 	18,44
  3	 | 	8	 | 	8,06
  3	 | 	9	 | 	7,07
  4	 | 	5	 | 	5,39
  4	 | 	6	 | 	6,32
  4	 | 	7	 | 	7,62
  6	 | 	7	 | 	13,04
  6	 | 	8	 | 	2,24
  6	 | 	9	 | 	2,00
  8	 | 	9	 | 	2,24
  1	 | 	7	 | 	6,40
  5	 | 	7	 | 	2,24
  0	 | 	2	 | 	3,16
  0	 | 	4	 | 	2,83
  0	 | 	6	 | 	5,66
  0	 | 	8	 | 	5,39
  4	 | 	8	 | 	5,00
  1	 | 	6	 | 	9,85
  1	 | 	8	 | 	8,60
  1	 | 	2	 | 	8,06
___________________________
Simulation Topology [1:12]
___________________________
From 	  To 		Length
___________________________
  0	 | 	1	 | 	5,00
  0	 | 	7	 | 	10,30
  0	 | 	9	 | 	7,21
  1	 | 	4	 | 	3,61
  1	 | 	5	 | 	4,47
  2	 | 	3	 | 	6,00
  2	 | 	6	 | 	3,16
  2	 | 	7	 | 	12,65
  2	 | 	8	 | 	4,12
  2	 | 	9	 | 	5,10
  3	 | 	6	 | 	5,83
  3	 | 	7	 | 	18,44
  3	 | 	8	 | 	8,06
  3	 | 	9	 | 	7,07
  4	 | 	5	 | 	5,39
  4	 | 	6	 | 	6,32
  4	 | 	7	 | 	7,62
  6	 | 	7	 | 	13,04
  6	 | 	8	 | 	2,24
  6	 | 	9	 | 	2,00
  8	 | 	9	 | 	2,24
  1	 | 	7	 | 	6,40
  5	 | 	7	 | 	2,24
  0	 | 	2	 | 	3,16
  0	 | 	4	 | 	2,83
  0	 | 	6	 | 	5,66
  0	 | 	8	 | 	5,39
  4	 | 	8	 | 	5,00
  1	 | 	6	 | 	9,85
  1	 | 	8	 | 	8,60
  1	 | 	2	 | 	8,06
  2	 | 	4	 | 	5,10
___________________________
Simulation Topology [1:13]
___________________________
From 	  To 		Length
___________________________
  0	 | 	1	 | 	5,00
  0	 | 	7	 | 	10,30
  0	 | 	9	 | 	7,21
  1	 | 	4	 | 	3,61
  1	 | 	5	 | 	4,47
  2	 | 	3	 | 	6,00
  2	 | 	6	 | 	3,16
  2	 | 	7	 | 	12,65
  2	 | 	8	 | 	4,12
  2	 | 	9	 | 	5,10
  3	 | 	6	 | 	5,83
  3	 | 	7	 | 	18,44
  3	 | 	8	 | 	8,06
  3	 | 	9	 | 	7,07
  4	 | 	5	 | 	5,39
  4	 | 	6	 | 	6,32
  4	 | 	7	 | 	7,62
  6	 | 	7	 | 	13,04
  6	 | 	8	 | 	2,24
  6	 | 	9	 | 	2,00
  8	 | 	9	 | 	2,24
  1	 | 	7	 | 	6,40
  5	 | 	7	 | 	2,24
  0	 | 	2	 | 	3,16
  0	 | 	4	 | 	2,83
  0	 | 	6	 | 	5,66
  0	 | 	8	 | 	5,39
  4	 | 	8	 | 	5,00
  1	 | 	6	 | 	9,85
  1	 | 	8	 | 	8,60
  1	 | 	2	 | 	8,06
  2	 | 	4	 | 	5,10
  0	 | 	5	 | 	8,06
___________________________
Simulation Topology [1:14]
___________________________
From 	  To 		Length
___________________________
  0	 | 	1	 | 	5,00
  0	 | 	7	 | 	10,30
  0	 | 	9	 | 	7,21
  1	 | 	4	 | 	3,61
  1	 | 	5	 | 	4,47
  2	 | 	3	 | 	6,00
  2	 | 	6	 | 	3,16
  2	 | 	7	 | 	12,65
  2	 | 	8	 | 	4,12
  2	 | 	9	 | 	5,10
  3	 | 	6	 | 	5,83
  3	 | 	7	 | 	18,44
  3	 | 	8	 | 	8,06
  3	 | 	9	 | 	7,07
  4	 | 	5	 | 	5,39
  4	 | 	6	 | 	6,32
  4	 | 	7	 | 	7,62
  6	 | 	7	 | 	13,04
  6	 | 	8	 | 	2,24
  6	 | 	9	 | 	2,00
  8	 | 	9	 | 	2,24
  1	 | 	7	 | 	6,40
  5	 | 	7	 | 	2,24
  0	 | 	2	 | 	3,16
  0	 | 	4	 | 	2,83
  0	 | 	6	 | 	5,66
  0	 | 	8	 | 	5,39
  4	 | 	8	 | 	5,00
  1	 | 	6	 | 	9,85
  1	 | 	8	 | 	8,60
  1	 | 	2	 | 	8,06
  2	 | 	4	 | 	5,10
  0	 | 	5	 | 	8,06
  5	 | 	6	 | 	11,00
___________________________
Simulation Topology [1:15]
___________________________
From 	  To 		Length
___________________________
  0	 | 	1	 | 	5,00
  0	 | 	7	 | 	10,30
  0	 | 	9	 | 	7,21
  1	 | 	4	 | 	3,61
  1	 | 	5	 | 	4,47
  2	 | 	3	 | 	6,00
  2	 | 	6	 | 	3,16
  2	 | 	7	 | 	12,65
  2	 | 	8	 | 	4,12
  2	 | 	9	 | 	5,10
  3	 | 	6	 | 	5,83
  3	 | 	7	 | 	18,44
  3	 | 	8	 | 	8,06
  3	 | 	9	 | 	7,07
  4	 | 	5	 | 	5,39
  4	 | 	6	 | 	6,32
  4	 | 	7	 | 	7,62
  6	 | 	7	 | 	13,04
  6	 | 	8	 | 	2,24
  6	 | 	9	 | 	2,00
  8	 | 	9	 | 	2,24
  1	 | 	7	 | 	6,40
  5	 | 	7	 | 	2,24
  0	 | 	2	 | 	3,16
  0	 | 	4	 | 	2,83
  0	 | 	6	 | 	5,66
  0	 | 	8	 | 	5,39
  4	 | 	8	 | 	5,00
  1	 | 	6	 | 	9,85
  1	 | 	8	 | 	8,60
  1	 | 	2	 | 	8,06
  2	 | 	4	 | 	5,10
  0	 | 	5	 | 	8,06
  5	 | 	6	 | 	11,00
  4	 | 	9	 | 	7,21
___________________________
Simulation Topology [1:16]
___________________________
From 	  To 		Length
___________________________
  0	 | 	1	 | 	5,00
  0	 | 	7	 | 	10,30
  0	 | 	9	 | 	7,21
  1	 | 	4	 | 	3,61
  1	 | 	5	 | 	4,47
  2	 | 	3	 | 	6,00
  2	 | 	6	 | 	3,16
  2	 | 	7	 | 	12,65
  2	 | 	8	 | 	4,12
  2	 | 	9	 | 	5,10
  3	 | 	6	 | 	5,83
  3	 | 	7	 | 	18,44
  3	 | 	8	 | 	8,06
  3	 | 	9	 | 	7,07
  4	 | 	5	 | 	5,39
  4	 | 	6	 | 	6,32
  4	 | 	7	 | 	7,62
  6	 | 	7	 | 	13,04
  6	 | 	8	 | 	2,24
  6	 | 	9	 | 	2,00
  8	 | 	9	 | 	2,24
  1	 | 	7	 | 	6,40
  5	 | 	7	 | 	2,24
  0	 | 	2	 | 	3,16
  0	 | 	4	 | 	2,83
  0	 | 	6	 | 	5,66
  0	 | 	8	 | 	5,39
  4	 | 	8	 | 	5,00
  1	 | 	6	 | 	9,85
  1	 | 	8	 | 	8,60
  1	 | 	2	 | 	8,06
  2	 | 	4	 | 	5,10
  0	 | 	5	 | 	8,06
  5	 | 	6	 | 	11,00
  4	 | 	9	 | 	7,21
  1	 | 	3	 | 	14,04
___________________________
Simulation Topology [1:17]
___________________________
From 	  To 		Length
___________________________
  0	 | 	1	 | 	5,00
  0	 | 	7	 | 	10,30
  0	 | 	9	 | 	7,21
  1	 | 	4	 | 	3,61
  1	 | 	5	 | 	4,47
  2	 | 	3	 | 	6,00
  2	 | 	6	 | 	3,16
  2	 | 	7	 | 	12,65
  2	 | 	8	 | 	4,12
  2	 | 	9	 | 	5,10
  3	 | 	6	 | 	5,83
  3	 | 	7	 | 	18,44
  3	 | 	8	 | 	8,06
  3	 | 	9	 | 	7,07
  4	 | 	5	 | 	5,39
  4	 | 	6	 | 	6,32
  4	 | 	7	 | 	7,62
  6	 | 	7	 | 	13,04
  6	 | 	8	 | 	2,24
  6	 | 	9	 | 	2,00
  8	 | 	9	 | 	2,24
  1	 | 	7	 | 	6,40
  5	 | 	7	 | 	2,24
  0	 | 	2	 | 	3,16
  0	 | 	4	 | 	2,83
  0	 | 	6	 | 	5,66
  0	 | 	8	 | 	5,39
  4	 | 	8	 | 	5,00
  1	 | 	6	 | 	9,85
  1	 | 	8	 | 	8,60
  1	 | 	2	 | 	8,06
  2	 | 	4	 | 	5,10
  0	 | 	5	 | 	8,06
  5	 | 	6	 | 	11,00
  4	 | 	9	 | 	7,21
  1	 | 	3	 | 	14,04
  2	 | 	5	 | 	10,44
___________________________
Simulation Topology [1:18]
___________________________
From 	  To 		Length
___________________________
  0	 | 	1	 | 	5,00
  0	 | 	7	 | 	10,30
  0	 | 	9	 | 	7,21
  1	 | 	4	 | 	3,61
  1	 | 	5	 | 	4,47
  2	 | 	3	 | 	6,00
  2	 | 	6	 | 	3,16
  2	 | 	7	 | 	12,65
  2	 | 	8	 | 	4,12
  2	 | 	9	 | 	5,10
  3	 | 	6	 | 	5,83
  3	 | 	7	 | 	18,44
  3	 | 	8	 | 	8,06
  3	 | 	9	 | 	7,07
  4	 | 	5	 | 	5,39
  4	 | 	6	 | 	6,32
  4	 | 	7	 | 	7,62
  6	 | 	7	 | 	13,04
  6	 | 	8	 | 	2,24
  6	 | 	9	 | 	2,00
  8	 | 	9	 | 	2,24
  1	 | 	7	 | 	6,40
  5	 | 	7	 | 	2,24
  0	 | 	2	 | 	3,16
  0	 | 	4	 | 	2,83
  0	 | 	6	 | 	5,66
  0	 | 	8	 | 	5,39
  4	 | 	8	 | 	5,00
  1	 | 	6	 | 	9,85
  1	 | 	8	 | 	8,60
  1	 | 	2	 | 	8,06
  2	 | 	4	 | 	5,10
  0	 | 	5	 | 	8,06
  5	 | 	6	 | 	11,00
  4	 | 	9	 | 	7,21
  1	 | 	3	 | 	14,04
  2	 | 	5	 | 	10,44
  5	 | 	9	 | 	11,18
___________________________
Simulation Topology [1:19]
___________________________
From 	  To 		Length
___________________________
  0	 | 	1	 | 	5,00
  0	 | 	7	 | 	10,30
  0	 | 	9	 | 	7,21
  1	 | 	4	 | 	3,61
  1	 | 	5	 | 	4,47
  2	 | 	3	 | 	6,00
  2	 | 	6	 | 	3,16
  2	 | 	7	 | 	12,65
  2	 | 	8	 | 	4,12
  2	 | 	9	 | 	5,10
  3	 | 	6	 | 	5,83
  3	 | 	7	 | 	18,44
  3	 | 	8	 | 	8,06
  3	 | 	9	 | 	7,07
  4	 | 	5	 | 	5,39
  4	 | 	6	 | 	6,32
  4	 | 	7	 | 	7,62
  6	 | 	7	 | 	13,04
  6	 | 	8	 | 	2,24
  6	 | 	9	 | 	2,00
  8	 | 	9	 | 	2,24
  1	 | 	7	 | 	6,40
  5	 | 	7	 | 	2,24
  0	 | 	2	 | 	3,16
  0	 | 	4	 | 	2,83
  0	 | 	6	 | 	5,66
  0	 | 	8	 | 	5,39
  4	 | 	8	 | 	5,00
  1	 | 	6	 | 	9,85
  1	 | 	8	 | 	8,60
  1	 | 	2	 | 	8,06
  2	 | 	4	 | 	5,10
  0	 | 	5	 | 	8,06
  5	 | 	6	 | 	11,00
  4	 | 	9	 | 	7,21
  1	 | 	3	 | 	14,04
  2	 | 	5	 | 	10,44
  5	 | 	9	 | 	11,18
  5	 | 	8	 | 	9,06
___________________________
Simulation Topology [1:20]
___________________________
From 	  To 		Length
___________________________
  0	 | 	1	 | 	5,00
  0	 | 	7	 | 	10,30
  0	 | 	9	 | 	7,21
  1	 | 	4	 | 	3,61
  1	 | 	5	 | 	4,47
  2	 | 	3	 | 	6,00
  2	 | 	6	 | 	3,16
  2	 | 	7	 | 	12,65
  2	 | 	8	 | 	4,12
  2	 | 	9	 | 	5,10
  3	 | 	6	 | 	5,83
  3	 | 	7	 | 	18,44
  3	 | 	8	 | 	8,06
  3	 | 	9	 | 	7,07
  4	 | 	5	 | 	5,39
  4	 | 	6	 | 	6,32
  4	 | 	7	 | 	7,62
  6	 | 	7	 | 	13,04
  6	 | 	8	 | 	2,24
  6	 | 	9	 | 	2,00
  8	 | 	9	 | 	2,24
  1	 | 	7	 | 	6,40
  5	 | 	7	 | 	2,24
  0	 | 	2	 | 	3,16
  0	 | 	4	 | 	2,83
  0	 | 	6	 | 	5,66
  0	 | 	8	 | 	5,39
  4	 | 	8	 | 	5,00
  1	 | 	6	 | 	9,85
  1	 | 	8	 | 	8,60
  1	 | 	2	 | 	8,06
  2	 | 	4	 | 	5,10
  0	 | 	5	 | 	8,06
  5	 | 	6	 | 	11,00
  4	 | 	9	 | 	7,21
  1	 | 	3	 | 	14,04
  2	 | 	5	 | 	10,44
  5	 | 	9	 | 	11,18
  5	 | 	8	 | 	9,06
  0	 | 	3	 | 	9,06
___________________________
