Simulation Topology 1
___________________________
[5]				[0]		
[8]				[0]		
[10]				[2]		
[14]				[4]		
[11]				[4]		
[12]				[5]		
[15]				[5]		
[10]				[6]		
[19]				[6]		
[14]				[7]		
___________________________
Simulation Topology [1:1]
___________________________
From 	  To 		Length
___________________________
  0	 | 	1	 | 	3,00
  0	 | 	2	 | 	5,39
  0	 | 	9	 | 	11,40
  1	 | 	5	 | 	6,40
  2	 | 	3	 | 	4,47
  2	 | 	6	 | 	5,83
  2	 | 	8	 | 	9,85
  3	 | 	8	 | 	5,39
  3	 | 	9	 | 	3,00
  4	 | 	5	 | 	1,41
  4	 | 	7	 | 	2,24
  4	 | 	9	 | 	4,24
  5	 | 	7	 | 	2,24
  6	 | 	7	 | 	5,10
  6	 | 	9	 | 	2,24
  7	 | 	9	 | 	4,12
___________________________
Simulation Topology [1:2]
___________________________
From 	  To 		Length
___________________________
  0	 | 	1	 | 	3,00
  0	 | 	2	 | 	5,39
  0	 | 	9	 | 	11,40
  1	 | 	5	 | 	6,40
  2	 | 	3	 | 	4,47
  2	 | 	6	 | 	5,83
  2	 | 	8	 | 	9,85
  3	 | 	8	 | 	5,39
  3	 | 	9	 | 	3,00
  4	 | 	5	 | 	1,41
  4	 | 	7	 | 	2,24
  4	 | 	9	 | 	4,24
  5	 | 	7	 | 	2,24
  6	 | 	7	 | 	5,10
  6	 | 	9	 | 	2,24
  7	 | 	9	 | 	4,12
  5	 | 	6	 | 	3,00
___________________________
Simulation Topology [1:3]
___________________________
From 	  To 		Length
___________________________
  0	 | 	1	 | 	3,00
  0	 | 	2	 | 	5,39
  0	 | 	9	 | 	11,40
  1	 | 	5	 | 	6,40
  2	 | 	3	 | 	4,47
  2	 | 	6	 | 	5,83
  2	 | 	8	 | 	9,85
  3	 | 	8	 | 	5,39
  3	 | 	9	 | 	3,00
  4	 | 	5	 | 	1,41
  4	 | 	7	 | 	2,24
  4	 | 	9	 | 	4,24
  5	 | 	7	 | 	2,24
  6	 | 	7	 | 	5,10
  6	 | 	9	 | 	2,24
  7	 | 	9	 | 	4,12
  5	 | 	6	 | 	3,00
  2	 | 	7	 | 	4,00
___________________________
Simulation Topology [1:4]
___________________________
From 	  To 		Length
___________________________
  0	 | 	1	 | 	3,00
  0	 | 	2	 | 	5,39
  0	 | 	9	 | 	11,40
  1	 | 	5	 | 	6,40
  2	 | 	3	 | 	4,47
  2	 | 	6	 | 	5,83
  2	 | 	8	 | 	9,85
  3	 | 	8	 | 	5,39
  3	 | 	9	 | 	3,00
  4	 | 	5	 | 	1,41
  4	 | 	7	 | 	2,24
  4	 | 	9	 | 	4,24
  5	 | 	7	 | 	2,24
  6	 | 	7	 | 	5,10
  6	 | 	9	 | 	2,24
  7	 | 	9	 | 	4,12
  5	 | 	6	 | 	3,00
  2	 | 	7	 | 	4,00
  5	 | 	9	 | 	2,83
___________________________
Simulation Topology [1:5]
___________________________
From 	  To 		Length
___________________________
  0	 | 	1	 | 	3,00
  0	 | 	2	 | 	5,39
  0	 | 	9	 | 	11,40
  1	 | 	5	 | 	6,40
  2	 | 	3	 | 	4,47
  2	 | 	6	 | 	5,83
  2	 | 	8	 | 	9,85
  3	 | 	8	 | 	5,39
  3	 | 	9	 | 	3,00
  4	 | 	5	 | 	1,41
  4	 | 	7	 | 	2,24
  4	 | 	9	 | 	4,24
  5	 | 	7	 | 	2,24
  6	 | 	7	 | 	5,10
  6	 | 	9	 | 	2,24
  7	 | 	9	 | 	4,12
  5	 | 	6	 | 	3,00
  2	 | 	7	 | 	4,00
  5	 | 	9	 | 	2,83
  2	 | 	5	 | 	3,61
___________________________
