Simulation Topology 1
___________________________
[4]				[0]		
[13]				[1]		
[2]				[1]		
[8]				[2]		
[6]				[4]		
[0]				[4]		
[15]				[5]		
[17]				[5]		
[17]				[6]		
[8]				[6]		
___________________________
Simulation Topology [1:1]
___________________________
From 	  To 		Length
___________________________
  0	 | 	1	 | 	9,06
  0	 | 	7	 | 	13,93
  0	 | 	8	 | 	14,32
  0	 | 	9	 | 	7,21
  1	 | 	6	 | 	4,47
  1	 | 	7	 | 	5,66
  2	 | 	3	 | 	6,08
  2	 | 	5	 | 	3,61
  2	 | 	6	 | 	13,60
  3	 | 	6	 | 	7,62
  3	 | 	8	 | 	9,85
  4	 | 	5	 | 	6,00
  4	 | 	7	 | 	11,05
  5	 | 	6	 | 	15,03
  5	 | 	8	 | 	17,12
  5	 | 	9	 | 	8,25
  6	 | 	7	 | 	2,00
  7	 | 	8	 | 	1,00
___________________________
Simulation Topology [1:2]
___________________________
From 	  To 		Length
___________________________
  0	 | 	1	 | 	9,06
  0	 | 	7	 | 	13,93
  0	 | 	8	 | 	14,32
  0	 | 	9	 | 	7,21
  1	 | 	6	 | 	4,47
  1	 | 	7	 | 	5,66
  2	 | 	3	 | 	6,08
  2	 | 	5	 | 	3,61
  2	 | 	6	 | 	13,60
  3	 | 	6	 | 	7,62
  3	 | 	8	 | 	9,85
  4	 | 	5	 | 	6,00
  4	 | 	7	 | 	11,05
  5	 | 	6	 | 	15,03
  5	 | 	8	 | 	17,12
  5	 | 	9	 | 	8,25
  6	 | 	7	 | 	2,00
  7	 | 	8	 | 	1,00
  6	 | 	8	 | 	2,24
___________________________
Simulation Topology [1:3]
___________________________
From 	  To 		Length
___________________________
  0	 | 	1	 | 	9,06
  0	 | 	7	 | 	13,93
  0	 | 	8	 | 	14,32
  0	 | 	9	 | 	7,21
  1	 | 	6	 | 	4,47
  1	 | 	7	 | 	5,66
  2	 | 	3	 | 	6,08
  2	 | 	5	 | 	3,61
  2	 | 	6	 | 	13,60
  3	 | 	6	 | 	7,62
  3	 | 	8	 | 	9,85
  4	 | 	5	 | 	6,00
  4	 | 	7	 | 	11,05
  5	 | 	6	 | 	15,03
  5	 | 	8	 | 	17,12
  5	 | 	9	 | 	8,25
  6	 | 	7	 | 	2,00
  7	 | 	8	 | 	1,00
  6	 | 	8	 | 	2,24
  0	 | 	2	 | 	2,24
___________________________
