Simulation Topology 1
___________________________
[8]				[0]		
[0]				[1]		
[3]				[1]		
[13]				[4]		
[15]				[6]		
[4]				[6]		
[5]				[8]		
[5]				[10]		
[19]				[11]		
[7]				[11]		
___________________________
Simulation Topology [1:1]
___________________________
From 	  To 		Length
___________________________
  0	 | 	1	 | 	8,06
  0	 | 	2	 | 	5,10
  0	 | 	6	 | 	8,54
  0	 | 	9	 | 	11,05
  1	 | 	9	 | 	12,21
  2	 | 	3	 | 	10,44
  2	 | 	5	 | 	5,10
  2	 | 	7	 | 	9,22
  3	 | 	7	 | 	10,00
  3	 | 	8	 | 	9,22
  4	 | 	5	 | 	11,00
  4	 | 	7	 | 	10,77
  4	 | 	8	 | 	6,40
  4	 | 	9	 | 	9,43
  5	 | 	7	 | 	4,12
  5	 | 	9	 | 	5,83
  6	 | 	8	 | 	14,32
  7	 | 	9	 | 	2,24
___________________________
Simulation Topology [1:2]
___________________________
From 	  To 		Length
___________________________
  0	 | 	1	 | 	8,06
  0	 | 	2	 | 	5,10
  0	 | 	6	 | 	8,54
  0	 | 	9	 | 	11,05
  1	 | 	9	 | 	12,21
  2	 | 	3	 | 	10,44
  2	 | 	5	 | 	5,10
  2	 | 	7	 | 	9,22
  3	 | 	7	 | 	10,00
  3	 | 	8	 | 	9,22
  4	 | 	5	 | 	11,00
  4	 | 	7	 | 	10,77
  4	 | 	8	 | 	6,40
  4	 | 	9	 | 	9,43
  5	 | 	7	 | 	4,12
  5	 | 	9	 | 	5,83
  6	 | 	8	 | 	14,32
  7	 | 	9	 | 	2,24
  6	 | 	9	 | 	3,61
___________________________
Simulation Topology [1:3]
___________________________
From 	  To 		Length
___________________________
  0	 | 	1	 | 	8,06
  0	 | 	2	 | 	5,10
  0	 | 	6	 | 	8,54
  0	 | 	9	 | 	11,05
  1	 | 	9	 | 	12,21
  2	 | 	3	 | 	10,44
  2	 | 	5	 | 	5,10
  2	 | 	7	 | 	9,22
  3	 | 	7	 | 	10,00
  3	 | 	8	 | 	9,22
  4	 | 	5	 | 	11,00
  4	 | 	7	 | 	10,77
  4	 | 	8	 | 	6,40
  4	 | 	9	 | 	9,43
  5	 | 	7	 | 	4,12
  5	 | 	9	 | 	5,83
  6	 | 	8	 | 	14,32
  7	 | 	9	 | 	2,24
  6	 | 	9	 | 	3,61
  5	 | 	6	 | 	2,24
___________________________
