Simulation Topology 1
___________________________
[2]				[2]		
[18]				[3]		
[6]				[3]		
[18]				[4]		
[0]				[5]		
[14]				[6]		
[9]				[6]		
[2]				[7]		
[4]				[10]		
[6]				[12]		
___________________________
Simulation Topology [1:1]
___________________________
From 	  To 		Length
___________________________
  0	 | 	1	 | 	16,03
  0	 | 	2	 | 	4,12
  0	 | 	3	 | 	16,12
  0	 | 	7	 | 	5,00
  1	 | 	4	 | 	18,11
  1	 | 	5	 | 	5,00
  2	 | 	3	 | 	12,04
  2	 | 	8	 | 	7,28
  2	 | 	9	 | 	9,00
  3	 | 	5	 | 	4,47
  3	 | 	9	 | 	14,42
  4	 | 	6	 | 	9,06
  4	 | 	8	 | 	6,40
  6	 | 	7	 | 	7,07
  6	 | 	8	 | 	6,40
  6	 | 	9	 | 	6,71
  7	 | 	8	 | 	3,61
  7	 | 	9	 | 	6,40
  8	 | 	9	 | 	2,83
___________________________
Simulation Topology [1:2]
___________________________
From 	  To 		Length
___________________________
  0	 | 	1	 | 	16,03
  0	 | 	2	 | 	4,12
  0	 | 	3	 | 	16,12
  0	 | 	7	 | 	5,00
  1	 | 	4	 | 	18,11
  1	 | 	5	 | 	5,00
  2	 | 	3	 | 	12,04
  2	 | 	8	 | 	7,28
  2	 | 	9	 | 	9,00
  3	 | 	5	 | 	4,47
  3	 | 	9	 | 	14,42
  4	 | 	6	 | 	9,06
  4	 | 	8	 | 	6,40
  6	 | 	7	 | 	7,07
  6	 | 	8	 | 	6,40
  6	 | 	9	 | 	6,71
  7	 | 	8	 | 	3,61
  7	 | 	9	 | 	6,40
  8	 | 	9	 | 	2,83
  1	 | 	3	 | 	1,00
___________________________
