Simulation Topology 1
___________________________
[9]				[0]		
[9]				[2]		
[1]				[4]		
[11]				[5]		
[2]				[6]		
[18]				[7]		
[7]				[7]		
[11]				[10]		
[8]				[11]		
[17]				[12]		
___________________________
Simulation Topology [1:1]
___________________________
From 	  To 		Length
___________________________
  0	 | 	1	 | 	2,00
  0	 | 	4	 | 	9,22
  0	 | 	6	 | 	7,28
  0	 | 	7	 | 	10,20
  1	 | 	2	 | 	8,25
  1	 | 	3	 | 	3,61
  1	 | 	5	 | 	10,30
  1	 | 	8	 | 	9,06
  2	 | 	5	 | 	17,26
  2	 | 	7	 | 	11,66
  2	 | 	8	 | 	9,90
  3	 | 	4	 | 	9,06
  3	 | 	7	 | 	5,00
  3	 | 	9	 | 	9,22
  4	 | 	6	 | 	5,10
  4	 | 	9	 | 	16,16
  6	 | 	8	 | 	4,12
  6	 | 	9	 | 	11,18
  7	 | 	8	 | 	3,16
___________________________
Simulation Topology [1:2]
___________________________
From 	  To 		Length
___________________________
  0	 | 	1	 | 	2,00
  0	 | 	4	 | 	9,22
  0	 | 	6	 | 	7,28
  0	 | 	7	 | 	10,20
  1	 | 	2	 | 	8,25
  1	 | 	3	 | 	3,61
  1	 | 	5	 | 	10,30
  1	 | 	8	 | 	9,06
  2	 | 	5	 | 	17,26
  2	 | 	7	 | 	11,66
  2	 | 	8	 | 	9,90
  3	 | 	4	 | 	9,06
  3	 | 	7	 | 	5,00
  3	 | 	9	 | 	9,22
  4	 | 	6	 | 	5,10
  4	 | 	9	 | 	16,16
  6	 | 	8	 | 	4,12
  6	 | 	9	 | 	11,18
  7	 | 	8	 | 	3,16
  4	 | 	8	 | 	7,81
___________________________
