Simulation Topology 1
___________________________
[5]				[0]		
[15]				[0]		
[15]				[1]		
[9]				[2]		
[9]				[4]		
[18]				[4]		
[8]				[6]		
[9]				[7]		
[7]				[7]		
[11]				[8]		
___________________________
Simulation Topology [1:1]
___________________________
From 	  To 		Length
___________________________
  0	 | 	1	 | 	10,00
  0	 | 	3	 | 	4,47
  0	 | 	4	 | 	5,66
  0	 | 	5	 | 	13,60
  1	 | 	7	 | 	9,22
  1	 | 	8	 | 	10,63
  1	 | 	9	 | 	8,94
  2	 | 	3	 | 	6,08
  2	 | 	4	 | 	6,71
  2	 | 	6	 | 	8,60
  3	 | 	7	 | 	5,00
  3	 | 	8	 | 	5,39
  4	 | 	5	 | 	9,00
  4	 | 	6	 | 	2,24
  5	 | 	8	 | 	11,40
  5	 | 	9	 | 	8,06
  6	 | 	7	 | 	1,41
  6	 | 	9	 | 	3,61
  7	 | 	9	 | 	2,24
___________________________
Simulation Topology [1:2]
___________________________
From 	  To 		Length
___________________________
  0	 | 	1	 | 	10,00
  0	 | 	3	 | 	4,47
  0	 | 	4	 | 	5,66
  0	 | 	5	 | 	13,60
  1	 | 	7	 | 	9,22
  1	 | 	8	 | 	10,63
  1	 | 	9	 | 	8,94
  2	 | 	3	 | 	6,08
  2	 | 	4	 | 	6,71
  2	 | 	6	 | 	8,60
  3	 | 	7	 | 	5,00
  3	 | 	8	 | 	5,39
  4	 | 	5	 | 	9,00
  4	 | 	6	 | 	2,24
  5	 | 	8	 | 	11,40
  5	 | 	9	 | 	8,06
  6	 | 	7	 | 	1,41
  6	 | 	9	 | 	3,61
  7	 | 	9	 | 	2,24
  7	 | 	8	 | 	2,00
___________________________
