Simulation Topology 1
___________________________
[13]				[0]		
[17]				[2]		
[2]				[2]		
[13]				[3]		
[0]				[4]		
[17]				[5]		
[0]				[7]		
[14]				[7]		
[14]				[8]		
[1]				[8]		
___________________________
Simulation Topology [1:1]
___________________________
From 	  To 		Length
___________________________
  0	 | 	1	 | 	4,47
  0	 | 	4	 | 	13,60
  0	 | 	6	 | 	14,76
  0	 | 	7	 | 	7,07
  1	 | 	5	 | 	3,00
  1	 | 	7	 | 	5,83
  2	 | 	3	 | 	11,05
  2	 | 	5	 | 	15,30
  2	 | 	6	 | 	5,39
  2	 | 	8	 | 	13,42
  3	 | 	4	 | 	13,04
  3	 | 	9	 | 	13,00
  4	 | 	5	 | 	17,03
  4	 | 	6	 | 	3,00
  4	 | 	7	 | 	14,32
  5	 | 	7	 | 	3,61
  5	 | 	9	 | 	16,28
  7	 | 	9	 | 	13,04
  8	 | 	9	 | 	13,00
___________________________
Simulation Topology [1:2]
___________________________
From 	  To 		Length
___________________________
  0	 | 	1	 | 	4,47
  0	 | 	4	 | 	13,60
  0	 | 	6	 | 	14,76
  0	 | 	7	 | 	7,07
  1	 | 	5	 | 	3,00
  1	 | 	7	 | 	5,83
  2	 | 	3	 | 	11,05
  2	 | 	5	 | 	15,30
  2	 | 	6	 | 	5,39
  2	 | 	8	 | 	13,42
  3	 | 	4	 | 	13,04
  3	 | 	9	 | 	13,00
  4	 | 	5	 | 	17,03
  4	 | 	6	 | 	3,00
  4	 | 	7	 | 	14,32
  5	 | 	7	 | 	3,61
  5	 | 	9	 | 	16,28
  7	 | 	9	 | 	13,04
  8	 | 	9	 | 	13,00
  7	 | 	8	 | 	1,00
___________________________
