Simulation Topology 1
___________________________
[5]				[2]		
[16]				[2]		
[10]				[3]		
[6]				[6]		
[7]				[7]		
[17]				[7]		
[17]				[8]		
[5]				[8]		
[19]				[9]		
[18]				[13]		
___________________________
Simulation Topology [1:1]
___________________________
From 	  To 		Length
___________________________
  0	 | 	1	 | 	11,00
  0	 | 	2	 | 	5,10
  0	 | 	5	 | 	13,00
  0	 | 	7	 | 	6,00
  1	 | 	5	 | 	5,10
  1	 | 	6	 | 	6,08
  1	 | 	8	 | 	7,62
  2	 | 	3	 | 	5,00
  2	 | 	5	 | 	8,06
  3	 | 	4	 | 	1,41
  3	 | 	6	 | 	11,18
  3	 | 	8	 | 	13,34
  4	 | 	5	 | 	10,00
  4	 | 	8	 | 	12,17
  4	 | 	9	 | 	12,53
  5	 | 	7	 | 	12,04
  5	 | 	8	 | 	2,83
  5	 | 	9	 | 	6,08
  6	 | 	9	 | 	5,10
___________________________
Simulation Topology [1:2]
___________________________
From 	  To 		Length
___________________________
  0	 | 	1	 | 	11,00
  0	 | 	2	 | 	5,10
  0	 | 	5	 | 	13,00
  0	 | 	7	 | 	6,00
  1	 | 	5	 | 	5,10
  1	 | 	6	 | 	6,08
  1	 | 	8	 | 	7,62
  2	 | 	3	 | 	5,00
  2	 | 	5	 | 	8,06
  3	 | 	4	 | 	1,41
  3	 | 	6	 | 	11,18
  3	 | 	8	 | 	13,34
  4	 | 	5	 | 	10,00
  4	 | 	8	 | 	12,17
  4	 | 	9	 | 	12,53
  5	 | 	7	 | 	12,04
  5	 | 	8	 | 	2,83
  5	 | 	9	 | 	6,08
  6	 | 	9	 | 	5,10
  6	 | 	8	 | 	2,24
___________________________
