Simulation Topology 1
___________________________
[2]				[0]		
[10]				[0]		
[10]				[2]		
[17]				[2]		
[17]				[3]		
[8]				[3]		
[2]				[4]		
[9]				[4]		
[4]				[6]		
[17]				[6]		
___________________________
Simulation Topology [1:1]
___________________________
From 	  To 		Length
___________________________
  0	 | 	1	 | 	8,00
  0	 | 	3	 | 	15,13
  1	 | 	2	 | 	2,00
  1	 | 	4	 | 	7,62
  1	 | 	5	 | 	3,61
  2	 | 	3	 | 	7,00
  2	 | 	5	 | 	2,24
  2	 | 	7	 | 	2,24
  3	 | 	7	 | 	8,25
  4	 | 	5	 | 	9,00
  5	 | 	7	 | 	1,41
  5	 | 	8	 | 	5,00
  5	 | 	9	 | 	9,49
  6	 | 	7	 | 	7,00
  6	 | 	8	 | 	2,83
  7	 | 	8	 | 	5,39
  8	 | 	9	 | 	13,00
___________________________
Simulation Topology [1:2]
___________________________
From 	  To 		Length
___________________________
  0	 | 	1	 | 	8,00
  0	 | 	3	 | 	15,13
  1	 | 	2	 | 	2,00
  1	 | 	4	 | 	7,62
  1	 | 	5	 | 	3,61
  2	 | 	3	 | 	7,00
  2	 | 	5	 | 	2,24
  2	 | 	7	 | 	2,24
  3	 | 	7	 | 	8,25
  4	 | 	5	 | 	9,00
  5	 | 	7	 | 	1,41
  5	 | 	8	 | 	5,00
  5	 | 	9	 | 	9,49
  6	 | 	7	 | 	7,00
  6	 | 	8	 | 	2,83
  7	 | 	8	 | 	5,39
  8	 | 	9	 | 	13,00
  0	 | 	6	 | 	4,00
___________________________
Simulation Topology [1:3]
___________________________
From 	  To 		Length
___________________________
  0	 | 	1	 | 	8,00
  0	 | 	3	 | 	15,13
  1	 | 	2	 | 	2,00
  1	 | 	4	 | 	7,62
  1	 | 	5	 | 	3,61
  2	 | 	3	 | 	7,00
  2	 | 	5	 | 	2,24
  2	 | 	7	 | 	2,24
  3	 | 	7	 | 	8,25
  4	 | 	5	 | 	9,00
  5	 | 	7	 | 	1,41
  5	 | 	8	 | 	5,00
  5	 | 	9	 | 	9,49
  6	 | 	7	 | 	7,00
  6	 | 	8	 | 	2,83
  7	 | 	8	 | 	5,39
  8	 | 	9	 | 	13,00
  0	 | 	6	 | 	4,00
  4	 | 	7	 | 	8,06
___________________________
Simulation Topology [1:4]
___________________________
From 	  To 		Length
___________________________
  0	 | 	1	 | 	8,00
  0	 | 	3	 | 	15,13
  1	 | 	2	 | 	2,00
  1	 | 	4	 | 	7,62
  1	 | 	5	 | 	3,61
  2	 | 	3	 | 	7,00
  2	 | 	5	 | 	2,24
  2	 | 	7	 | 	2,24
  3	 | 	7	 | 	8,25
  4	 | 	5	 | 	9,00
  5	 | 	7	 | 	1,41
  5	 | 	8	 | 	5,00
  5	 | 	9	 | 	9,49
  6	 | 	7	 | 	7,00
  6	 | 	8	 | 	2,83
  7	 | 	8	 | 	5,39
  8	 | 	9	 | 	13,00
  0	 | 	6	 | 	4,00
  4	 | 	7	 | 	8,06
  4	 | 	9	 | 	3,00
___________________________
