Simulation Topology 1
___________________________
[5]				[0]		
[1]				[1]		
[13]				[3]		
[3]				[3]		
[15]				[4]		
[13]				[4]		
[14]				[6]		
[10]				[6]		
[4]				[7]		
[2]				[7]		
___________________________
Simulation Topology [1:1]
___________________________
From 	  To 		Length
___________________________
  0	 | 	1	 | 	4,12
  0	 | 	2	 | 	8,54
  0	 | 	7	 | 	7,81
  1	 | 	5	 | 	12,37
  1	 | 	6	 | 	13,93
  1	 | 	8	 | 	6,71
  2	 | 	3	 | 	10,00
  2	 | 	6	 | 	3,16
  2	 | 	9	 | 	11,70
  3	 | 	4	 | 	12,04
  3	 | 	7	 | 	7,62
  3	 | 	8	 | 	4,12
  4	 | 	5	 | 	2,00
  4	 | 	7	 | 	5,39
  5	 | 	7	 | 	3,61
  6	 | 	7	 | 	4,00
  6	 | 	9	 | 	12,04
___________________________
Simulation Topology [1:2]
___________________________
From 	  To 		Length
___________________________
  0	 | 	1	 | 	4,12
  0	 | 	2	 | 	8,54
  0	 | 	7	 | 	7,81
  1	 | 	5	 | 	12,37
  1	 | 	6	 | 	13,93
  1	 | 	8	 | 	6,71
  2	 | 	3	 | 	10,00
  2	 | 	6	 | 	3,16
  2	 | 	9	 | 	11,70
  3	 | 	4	 | 	12,04
  3	 | 	7	 | 	7,62
  3	 | 	8	 | 	4,12
  4	 | 	5	 | 	2,00
  4	 | 	7	 | 	5,39
  5	 | 	7	 | 	3,61
  6	 | 	7	 | 	4,00
  6	 | 	9	 | 	12,04
  2	 | 	5	 | 	1,00
___________________________
Simulation Topology [1:3]
___________________________
From 	  To 		Length
___________________________
  0	 | 	1	 | 	4,12
  0	 | 	2	 | 	8,54
  0	 | 	7	 | 	7,81
  1	 | 	5	 | 	12,37
  1	 | 	6	 | 	13,93
  1	 | 	8	 | 	6,71
  2	 | 	3	 | 	10,00
  2	 | 	6	 | 	3,16
  2	 | 	9	 | 	11,70
  3	 | 	4	 | 	12,04
  3	 | 	7	 | 	7,62
  3	 | 	8	 | 	4,12
  4	 | 	5	 | 	2,00
  4	 | 	7	 | 	5,39
  5	 | 	7	 | 	3,61
  6	 | 	7	 | 	4,00
  6	 | 	9	 | 	12,04
  2	 | 	5	 | 	1,00
  2	 | 	4	 | 	2,24
___________________________
Simulation Topology [1:4]
___________________________
From 	  To 		Length
___________________________
  0	 | 	1	 | 	4,12
  0	 | 	2	 | 	8,54
  0	 | 	7	 | 	7,81
  1	 | 	5	 | 	12,37
  1	 | 	6	 | 	13,93
  1	 | 	8	 | 	6,71
  2	 | 	3	 | 	10,00
  2	 | 	6	 | 	3,16
  2	 | 	9	 | 	11,70
  3	 | 	4	 | 	12,04
  3	 | 	7	 | 	7,62
  3	 | 	8	 | 	4,12
  4	 | 	5	 | 	2,00
  4	 | 	7	 | 	5,39
  5	 | 	7	 | 	3,61
  6	 | 	7	 | 	4,00
  6	 | 	9	 | 	12,04
  2	 | 	5	 | 	1,00
  2	 | 	4	 | 	2,24
  0	 | 	5	 | 	8,94
___________________________
