Simulation Topology 1
___________________________
[15]				[0]		
[3]				[3]		
[5]				[3]		
[15]				[4]		
[14]				[5]		
[17]				[5]		
[9]				[6]		
[11]				[6]		
[6]				[8]		
[0]				[8]		
___________________________
Simulation Topology [1:1]
___________________________
From 	  To 		Length
___________________________
  0	 | 	1	 | 	12,37
  0	 | 	5	 | 	5,39
  0	 | 	6	 | 	8,49
  1	 | 	2	 | 	2,00
  1	 | 	8	 | 	5,83
  1	 | 	9	 | 	5,83
  2	 | 	3	 | 	10,05
  2	 | 	4	 | 	9,22
  2	 | 	6	 | 	5,00
  3	 | 	6	 | 	6,32
  3	 | 	7	 | 	4,47
  3	 | 	8	 | 	9,85
  4	 | 	5	 | 	3,00
  4	 | 	7	 | 	3,16
  4	 | 	8	 | 	8,54
  5	 | 	9	 | 	17,26
  6	 | 	7	 | 	2,00
___________________________
Simulation Topology [1:2]
___________________________
From 	  To 		Length
___________________________
  0	 | 	1	 | 	12,37
  0	 | 	5	 | 	5,39
  0	 | 	6	 | 	8,49
  1	 | 	2	 | 	2,00
  1	 | 	8	 | 	5,83
  1	 | 	9	 | 	5,83
  2	 | 	3	 | 	10,05
  2	 | 	4	 | 	9,22
  2	 | 	6	 | 	5,00
  3	 | 	6	 | 	6,32
  3	 | 	7	 | 	4,47
  3	 | 	8	 | 	9,85
  4	 | 	5	 | 	3,00
  4	 | 	7	 | 	3,16
  4	 | 	8	 | 	8,54
  5	 | 	9	 | 	17,26
  6	 | 	7	 | 	2,00
  0	 | 	4	 | 	5,10
___________________________
Simulation Topology [1:3]
___________________________
From 	  To 		Length
___________________________
  0	 | 	1	 | 	12,37
  0	 | 	5	 | 	5,39
  0	 | 	6	 | 	8,49
  1	 | 	2	 | 	2,00
  1	 | 	8	 | 	5,83
  1	 | 	9	 | 	5,83
  2	 | 	3	 | 	10,05
  2	 | 	4	 | 	9,22
  2	 | 	6	 | 	5,00
  3	 | 	6	 | 	6,32
  3	 | 	7	 | 	4,47
  3	 | 	8	 | 	9,85
  4	 | 	5	 | 	3,00
  4	 | 	7	 | 	3,16
  4	 | 	8	 | 	8,54
  5	 | 	9	 | 	17,26
  6	 | 	7	 | 	2,00
  0	 | 	4	 | 	5,10
  5	 | 	7	 | 	6,08
___________________________
Simulation Topology [1:4]
___________________________
From 	  To 		Length
___________________________
  0	 | 	1	 | 	12,37
  0	 | 	5	 | 	5,39
  0	 | 	6	 | 	8,49
  1	 | 	2	 | 	2,00
  1	 | 	8	 | 	5,83
  1	 | 	9	 | 	5,83
  2	 | 	3	 | 	10,05
  2	 | 	4	 | 	9,22
  2	 | 	6	 | 	5,00
  3	 | 	6	 | 	6,32
  3	 | 	7	 | 	4,47
  3	 | 	8	 | 	9,85
  4	 | 	5	 | 	3,00
  4	 | 	7	 | 	3,16
  4	 | 	8	 | 	8,54
  5	 | 	9	 | 	17,26
  6	 | 	7	 | 	2,00
  0	 | 	4	 | 	5,10
  5	 | 	7	 | 	6,08
  2	 | 	8	 | 	5,10
___________________________
