Simulation Topology 1
___________________________
[5]				[0]		
[17]				[1]		
[15]				[2]		
[4]				[3]		
[3]				[4]		
[17]				[6]		
[2]				[6]		
[10]				[7]		
[8]				[7]		
[15]				[8]		
___________________________
Simulation Topology [1:1]
___________________________
From 	  To 		Length
___________________________
  0	 | 	1	 | 	12,04
  0	 | 	4	 | 	4,47
  0	 | 	5	 | 	13,42
  1	 | 	3	 | 	13,15
  1	 | 	6	 | 	15,81
  1	 | 	7	 | 	9,22
  2	 | 	3	 | 	11,05
  2	 | 	4	 | 	12,17
  2	 | 	7	 | 	7,07
  3	 | 	5	 | 	13,34
  3	 | 	6	 | 	3,61
  3	 | 	7	 | 	7,21
  3	 | 	8	 | 	5,66
  4	 | 	5	 | 	14,14
  4	 | 	6	 | 	2,24
  4	 | 	7	 | 	7,62
  4	 | 	8	 | 	5,83
  4	 | 	9	 | 	12,65
  5	 | 	9	 | 	2,83
___________________________
Simulation Topology [1:2]
___________________________
From 	  To 		Length
___________________________
  0	 | 	1	 | 	12,04
  0	 | 	4	 | 	4,47
  0	 | 	5	 | 	13,42
  1	 | 	3	 | 	13,15
  1	 | 	6	 | 	15,81
  1	 | 	7	 | 	9,22
  2	 | 	3	 | 	11,05
  2	 | 	4	 | 	12,17
  2	 | 	7	 | 	7,07
  3	 | 	5	 | 	13,34
  3	 | 	6	 | 	3,61
  3	 | 	7	 | 	7,21
  3	 | 	8	 | 	5,66
  4	 | 	5	 | 	14,14
  4	 | 	6	 | 	2,24
  4	 | 	7	 | 	7,62
  4	 | 	8	 | 	5,83
  4	 | 	9	 | 	12,65
  5	 | 	9	 | 	2,83
  7	 | 	8	 | 	2,00
___________________________
