Simulation Topology 1
___________________________
[6]				[0]		
[4]				[0]		
[14]				[2]		
[17]				[2]		
[10]				[3]		
[0]				[3]		
[4]				[5]		
[9]				[5]		
[6]				[7]		
[17]				[7]		
___________________________
Simulation Topology [1:1]
___________________________
From 	  To 		Length
___________________________
  0	 | 	1	 | 	2,00
  0	 | 	2	 | 	8,25
  1	 | 	4	 | 	6,71
  2	 | 	3	 | 	3,00
  2	 | 	5	 | 	14,04
  3	 | 	9	 | 	5,00
  4	 | 	5	 | 	10,00
  4	 | 	6	 | 	6,32
  4	 | 	7	 | 	2,24
  4	 | 	8	 | 	5,66
  5	 | 	6	 | 	4,47
  5	 | 	8	 | 	7,21
  6	 | 	7	 | 	5,00
  6	 | 	8	 | 	2,83
  7	 | 	9	 | 	8,25
  8	 | 	9	 | 	11,00
___________________________
Simulation Topology [1:2]
___________________________
From 	  To 		Length
___________________________
  0	 | 	1	 | 	2,00
  0	 | 	2	 | 	8,25
  1	 | 	4	 | 	6,71
  2	 | 	3	 | 	3,00
  2	 | 	5	 | 	14,04
  3	 | 	9	 | 	5,00
  4	 | 	5	 | 	10,00
  4	 | 	6	 | 	6,32
  4	 | 	7	 | 	2,24
  4	 | 	8	 | 	5,66
  5	 | 	6	 | 	4,47
  5	 | 	8	 | 	7,21
  6	 | 	7	 | 	5,00
  6	 | 	8	 | 	2,83
  7	 | 	9	 | 	8,25
  8	 | 	9	 | 	11,00
  3	 | 	7	 | 	8,54
___________________________
Simulation Topology [1:3]
___________________________
From 	  To 		Length
___________________________
  0	 | 	1	 | 	2,00
  0	 | 	2	 | 	8,25
  1	 | 	4	 | 	6,71
  2	 | 	3	 | 	3,00
  2	 | 	5	 | 	14,04
  3	 | 	9	 | 	5,00
  4	 | 	5	 | 	10,00
  4	 | 	6	 | 	6,32
  4	 | 	7	 | 	2,24
  4	 | 	8	 | 	5,66
  5	 | 	6	 | 	4,47
  5	 | 	8	 | 	7,21
  6	 | 	7	 | 	5,00
  6	 | 	8	 | 	2,83
  7	 | 	9	 | 	8,25
  8	 | 	9	 | 	11,00
  3	 | 	7	 | 	8,54
  7	 | 	8	 | 	3,61
___________________________
Simulation Topology [1:4]
___________________________
From 	  To 		Length
___________________________
  0	 | 	1	 | 	2,00
  0	 | 	2	 | 	8,25
  1	 | 	4	 | 	6,71
  2	 | 	3	 | 	3,00
  2	 | 	5	 | 	14,04
  3	 | 	9	 | 	5,00
  4	 | 	5	 | 	10,00
  4	 | 	6	 | 	6,32
  4	 | 	7	 | 	2,24
  4	 | 	8	 | 	5,66
  5	 | 	6	 | 	4,47
  5	 | 	8	 | 	7,21
  6	 | 	7	 | 	5,00
  6	 | 	8	 | 	2,83
  7	 | 	9	 | 	8,25
  8	 | 	9	 | 	11,00
  3	 | 	7	 | 	8,54
  7	 | 	8	 | 	3,61
  1	 | 	5	 | 	5,00
___________________________
Simulation Topology [1:5]
___________________________
From 	  To 		Length
___________________________
  0	 | 	1	 | 	2,00
  0	 | 	2	 | 	8,25
  1	 | 	4	 | 	6,71
  2	 | 	3	 | 	3,00
  2	 | 	5	 | 	14,04
  3	 | 	9	 | 	5,00
  4	 | 	5	 | 	10,00
  4	 | 	6	 | 	6,32
  4	 | 	7	 | 	2,24
  4	 | 	8	 | 	5,66
  5	 | 	6	 | 	4,47
  5	 | 	8	 | 	7,21
  6	 | 	7	 | 	5,00
  6	 | 	8	 | 	2,83
  7	 | 	9	 | 	8,25
  8	 | 	9	 | 	11,00
  3	 | 	7	 | 	8,54
  7	 | 	8	 | 	3,61
  1	 | 	5	 | 	5,00
  3	 | 	4	 | 	7,07
___________________________
