Simulation Topology 1
___________________________
[2]				[0]		
[2]				[2]		
[3]				[3]		
[16]				[4]		
[6]				[4]		
[16]				[5]		
[8]				[6]		
[18]				[6]		
[14]				[10]		
[1]				[13]		
___________________________
Simulation Topology [1:1]
___________________________
From 	  To 		Length
___________________________
  0	 | 	1	 | 	2,00
  0	 | 	2	 | 	3,16
  0	 | 	4	 | 	5,66
  0	 | 	8	 | 	15,62
  1	 | 	4	 | 	4,47
  1	 | 	6	 | 	7,21
  1	 | 	9	 | 	11,05
  2	 | 	3	 | 	13,04
  2	 | 	4	 | 	3,16
  2	 | 	5	 | 	13,15
  2	 | 	7	 | 	15,30
  3	 | 	8	 | 	6,32
  4	 | 	6	 | 	2,83
  5	 | 	6	 | 	8,06
  5	 | 	7	 | 	2,24
  5	 | 	9	 | 	17,00
  8	 | 	9	 | 	13,34
___________________________
Simulation Topology [1:2]
___________________________
From 	  To 		Length
___________________________
  0	 | 	1	 | 	2,00
  0	 | 	2	 | 	3,16
  0	 | 	4	 | 	5,66
  0	 | 	8	 | 	15,62
  1	 | 	4	 | 	4,47
  1	 | 	6	 | 	7,21
  1	 | 	9	 | 	11,05
  2	 | 	3	 | 	13,04
  2	 | 	4	 | 	3,16
  2	 | 	5	 | 	13,15
  2	 | 	7	 | 	15,30
  3	 | 	8	 | 	6,32
  4	 | 	6	 | 	2,83
  5	 | 	6	 | 	8,06
  5	 | 	7	 | 	2,24
  5	 | 	9	 | 	17,00
  8	 | 	9	 | 	13,34
  3	 | 	7	 | 	2,83
___________________________
Simulation Topology [1:3]
___________________________
From 	  To 		Length
___________________________
  0	 | 	1	 | 	2,00
  0	 | 	2	 | 	3,16
  0	 | 	4	 | 	5,66
  0	 | 	8	 | 	15,62
  1	 | 	4	 | 	4,47
  1	 | 	6	 | 	7,21
  1	 | 	9	 | 	11,05
  2	 | 	3	 | 	13,04
  2	 | 	4	 | 	3,16
  2	 | 	5	 | 	13,15
  2	 | 	7	 | 	15,30
  3	 | 	8	 | 	6,32
  4	 | 	6	 | 	2,83
  5	 | 	6	 | 	8,06
  5	 | 	7	 | 	2,24
  5	 | 	9	 | 	17,00
  8	 | 	9	 | 	13,34
  3	 | 	7	 | 	2,83
  5	 | 	8	 | 	5,39
___________________________
Simulation Topology [1:4]
___________________________
From 	  To 		Length
___________________________
  0	 | 	1	 | 	2,00
  0	 | 	2	 | 	3,16
  0	 | 	4	 | 	5,66
  0	 | 	8	 | 	15,62
  1	 | 	4	 | 	4,47
  1	 | 	6	 | 	7,21
  1	 | 	9	 | 	11,05
  2	 | 	3	 | 	13,04
  2	 | 	4	 | 	3,16
  2	 | 	5	 | 	13,15
  2	 | 	7	 | 	15,30
  3	 | 	8	 | 	6,32
  4	 | 	6	 | 	2,83
  5	 | 	6	 | 	8,06
  5	 | 	7	 | 	2,24
  5	 | 	9	 | 	17,00
  8	 | 	9	 | 	13,34
  3	 | 	7	 | 	2,83
  5	 | 	8	 | 	5,39
  6	 | 	8	 | 	7,21
___________________________
