Simulation Topology 1
___________________________
[18]				[0]		
[5]				[0]		
[14]				[1]		
[3]				[2]		
[7]				[8]		
[4]				[8]		
[15]				[9]		
[7]				[10]		
[6]				[11]		
[15]				[13]		
___________________________
Simulation Topology [1:1]
___________________________
From 	  To 		Length
___________________________
  0	 | 	1	 | 	13,00
  0	 | 	2	 | 	4,12
  0	 | 	4	 | 	13,60
  1	 | 	3	 | 	2,83
  1	 | 	8	 | 	11,05
  2	 | 	3	 | 	11,05
  2	 | 	4	 | 	9,90
  2	 | 	6	 | 	8,06
  2	 | 	8	 | 	12,81
  3	 | 	5	 | 	6,08
  3	 | 	6	 | 	13,89
  4	 | 	5	 | 	3,00
  4	 | 	7	 | 	2,00
  4	 | 	8	 | 	3,16
  4	 | 	9	 | 	9,43
  5	 | 	6	 | 	11,05
  5	 | 	7	 | 	3,61
  5	 | 	8	 | 	3,61
  7	 | 	8	 | 	1,41
  7	 | 	9	 | 	8,54
  8	 | 	9	 | 	9,22
___________________________
Simulation Topology [1:2]
___________________________
From 	  To 		Length
___________________________
  0	 | 	1	 | 	13,00
  0	 | 	2	 | 	4,12
  0	 | 	4	 | 	13,60
  1	 | 	3	 | 	2,83
  1	 | 	8	 | 	11,05
  2	 | 	3	 | 	11,05
  2	 | 	4	 | 	9,90
  2	 | 	6	 | 	8,06
  2	 | 	8	 | 	12,81
  3	 | 	5	 | 	6,08
  3	 | 	6	 | 	13,89
  4	 | 	5	 | 	3,00
  4	 | 	7	 | 	2,00
  4	 | 	8	 | 	3,16
  4	 | 	9	 | 	9,43
  5	 | 	6	 | 	11,05
  5	 | 	7	 | 	3,61
  5	 | 	8	 | 	3,61
  7	 | 	8	 | 	1,41
  7	 | 	9	 | 	8,54
  8	 | 	9	 | 	9,22
  0	 | 	6	 | 	9,49
___________________________
Simulation Topology [1:3]
___________________________
From 	  To 		Length
___________________________
  0	 | 	1	 | 	13,00
  0	 | 	2	 | 	4,12
  0	 | 	4	 | 	13,60
  1	 | 	3	 | 	2,83
  1	 | 	8	 | 	11,05
  2	 | 	3	 | 	11,05
  2	 | 	4	 | 	9,90
  2	 | 	6	 | 	8,06
  2	 | 	8	 | 	12,81
  3	 | 	5	 | 	6,08
  3	 | 	6	 | 	13,89
  4	 | 	5	 | 	3,00
  4	 | 	7	 | 	2,00
  4	 | 	8	 | 	3,16
  4	 | 	9	 | 	9,43
  5	 | 	6	 | 	11,05
  5	 | 	7	 | 	3,61
  5	 | 	8	 | 	3,61
  7	 | 	8	 | 	1,41
  7	 | 	9	 | 	8,54
  8	 | 	9	 | 	9,22
  0	 | 	6	 | 	9,49
  1	 | 	7	 | 	10,20
___________________________
Simulation Topology [1:4]
___________________________
From 	  To 		Length
___________________________
  0	 | 	1	 | 	13,00
  0	 | 	2	 | 	4,12
  0	 | 	4	 | 	13,60
  1	 | 	3	 | 	2,83
  1	 | 	8	 | 	11,05
  2	 | 	3	 | 	11,05
  2	 | 	4	 | 	9,90
  2	 | 	6	 | 	8,06
  2	 | 	8	 | 	12,81
  3	 | 	5	 | 	6,08
  3	 | 	6	 | 	13,89
  4	 | 	5	 | 	3,00
  4	 | 	7	 | 	2,00
  4	 | 	8	 | 	3,16
  4	 | 	9	 | 	9,43
  5	 | 	6	 | 	11,05
  5	 | 	7	 | 	3,61
  5	 | 	8	 | 	3,61
  7	 | 	8	 | 	1,41
  7	 | 	9	 | 	8,54
  8	 | 	9	 | 	9,22
  0	 | 	6	 | 	9,49
  1	 | 	7	 | 	10,20
  6	 | 	9	 | 	4,00
___________________________
Simulation Topology [1:5]
___________________________
From 	  To 		Length
___________________________
  0	 | 	1	 | 	13,00
  0	 | 	2	 | 	4,12
  0	 | 	4	 | 	13,60
  1	 | 	3	 | 	2,83
  1	 | 	8	 | 	11,05
  2	 | 	3	 | 	11,05
  2	 | 	4	 | 	9,90
  2	 | 	6	 | 	8,06
  2	 | 	8	 | 	12,81
  3	 | 	5	 | 	6,08
  3	 | 	6	 | 	13,89
  4	 | 	5	 | 	3,00
  4	 | 	7	 | 	2,00
  4	 | 	8	 | 	3,16
  4	 | 	9	 | 	9,43
  5	 | 	6	 | 	11,05
  5	 | 	7	 | 	3,61
  5	 | 	8	 | 	3,61
  7	 | 	8	 | 	1,41
  7	 | 	9	 | 	8,54
  8	 | 	9	 | 	9,22
  0	 | 	6	 | 	9,49
  1	 | 	7	 | 	10,20
  6	 | 	9	 | 	4,00
  6	 | 	7	 | 	8,06
___________________________
Simulation Topology [1:6]
___________________________
From 	  To 		Length
___________________________
  0	 | 	1	 | 	13,00
  0	 | 	2	 | 	4,12
  0	 | 	4	 | 	13,60
  1	 | 	3	 | 	2,83
  1	 | 	8	 | 	11,05
  2	 | 	3	 | 	11,05
  2	 | 	4	 | 	9,90
  2	 | 	6	 | 	8,06
  2	 | 	8	 | 	12,81
  3	 | 	5	 | 	6,08
  3	 | 	6	 | 	13,89
  4	 | 	5	 | 	3,00
  4	 | 	7	 | 	2,00
  4	 | 	8	 | 	3,16
  4	 | 	9	 | 	9,43
  5	 | 	6	 | 	11,05
  5	 | 	7	 | 	3,61
  5	 | 	8	 | 	3,61
  7	 | 	8	 | 	1,41
  7	 | 	9	 | 	8,54
  8	 | 	9	 | 	9,22
  0	 | 	6	 | 	9,49
  1	 | 	7	 | 	10,20
  6	 | 	9	 | 	4,00
  6	 | 	7	 | 	8,06
  1	 | 	5	 | 	8,06
___________________________
Simulation Topology [1:7]
___________________________
From 	  To 		Length
___________________________
  0	 | 	1	 | 	13,00
  0	 | 	2	 | 	4,12
  0	 | 	4	 | 	13,60
  1	 | 	3	 | 	2,83
  1	 | 	8	 | 	11,05
  2	 | 	3	 | 	11,05
  2	 | 	4	 | 	9,90
  2	 | 	6	 | 	8,06
  2	 | 	8	 | 	12,81
  3	 | 	5	 | 	6,08
  3	 | 	6	 | 	13,89
  4	 | 	5	 | 	3,00
  4	 | 	7	 | 	2,00
  4	 | 	8	 | 	3,16
  4	 | 	9	 | 	9,43
  5	 | 	6	 | 	11,05
  5	 | 	7	 | 	3,61
  5	 | 	8	 | 	3,61
  7	 | 	8	 | 	1,41
  7	 | 	9	 | 	8,54
  8	 | 	9	 | 	9,22
  0	 | 	6	 | 	9,49
  1	 | 	7	 | 	10,20
  6	 | 	9	 | 	4,00
  6	 | 	7	 | 	8,06
  1	 | 	5	 | 	8,06
  4	 | 	6	 | 	8,06
___________________________
Simulation Topology [1:8]
___________________________
From 	  To 		Length
___________________________
  0	 | 	1	 | 	13,00
  0	 | 	2	 | 	4,12
  0	 | 	4	 | 	13,60
  1	 | 	3	 | 	2,83
  1	 | 	8	 | 	11,05
  2	 | 	3	 | 	11,05
  2	 | 	4	 | 	9,90
  2	 | 	6	 | 	8,06
  2	 | 	8	 | 	12,81
  3	 | 	5	 | 	6,08
  3	 | 	6	 | 	13,89
  4	 | 	5	 | 	3,00
  4	 | 	7	 | 	2,00
  4	 | 	8	 | 	3,16
  4	 | 	9	 | 	9,43
  5	 | 	6	 | 	11,05
  5	 | 	7	 | 	3,61
  5	 | 	8	 | 	3,61
  7	 | 	8	 | 	1,41
  7	 | 	9	 | 	8,54
  8	 | 	9	 | 	9,22
  0	 | 	6	 | 	9,49
  1	 | 	7	 | 	10,20
  6	 | 	9	 | 	4,00
  6	 | 	7	 | 	8,06
  1	 | 	5	 | 	8,06
  4	 | 	6	 | 	8,06
  3	 | 	8	 | 	9,49
___________________________
Simulation Topology [1:9]
___________________________
From 	  To 		Length
___________________________
  0	 | 	1	 | 	13,00
  0	 | 	2	 | 	4,12
  0	 | 	4	 | 	13,60
  1	 | 	3	 | 	2,83
  1	 | 	8	 | 	11,05
  2	 | 	3	 | 	11,05
  2	 | 	4	 | 	9,90
  2	 | 	6	 | 	8,06
  2	 | 	8	 | 	12,81
  3	 | 	5	 | 	6,08
  3	 | 	6	 | 	13,89
  4	 | 	5	 | 	3,00
  4	 | 	7	 | 	2,00
  4	 | 	8	 | 	3,16
  4	 | 	9	 | 	9,43
  5	 | 	6	 | 	11,05
  5	 | 	7	 | 	3,61
  5	 | 	8	 | 	3,61
  7	 | 	8	 | 	1,41
  7	 | 	9	 | 	8,54
  8	 | 	9	 | 	9,22
  0	 | 	6	 | 	9,49
  1	 | 	7	 | 	10,20
  6	 | 	9	 | 	4,00
  6	 | 	7	 | 	8,06
  1	 | 	5	 | 	8,06
  4	 | 	6	 | 	8,06
  3	 | 	8	 | 	9,49
  3	 | 	4	 | 	7,21
___________________________
Simulation Topology [1:10]
___________________________
From 	  To 		Length
___________________________
  0	 | 	1	 | 	13,00
  0	 | 	2	 | 	4,12
  0	 | 	4	 | 	13,60
  1	 | 	3	 | 	2,83
  1	 | 	8	 | 	11,05
  2	 | 	3	 | 	11,05
  2	 | 	4	 | 	9,90
  2	 | 	6	 | 	8,06
  2	 | 	8	 | 	12,81
  3	 | 	5	 | 	6,08
  3	 | 	6	 | 	13,89
  4	 | 	5	 | 	3,00
  4	 | 	7	 | 	2,00
  4	 | 	8	 | 	3,16
  4	 | 	9	 | 	9,43
  5	 | 	6	 | 	11,05
  5	 | 	7	 | 	3,61
  5	 | 	8	 | 	3,61
  7	 | 	8	 | 	1,41
  7	 | 	9	 | 	8,54
  8	 | 	9	 | 	9,22
  0	 | 	6	 | 	9,49
  1	 | 	7	 | 	10,20
  6	 | 	9	 | 	4,00
  6	 | 	7	 | 	8,06
  1	 | 	5	 | 	8,06
  4	 | 	6	 | 	8,06
  3	 | 	8	 | 	9,49
  3	 | 	4	 | 	7,21
  1	 | 	4	 | 	8,25
___________________________
Simulation Topology [1:11]
___________________________
From 	  To 		Length
___________________________
  0	 | 	1	 | 	13,00
  0	 | 	2	 | 	4,12
  0	 | 	4	 | 	13,60
  1	 | 	3	 | 	2,83
  1	 | 	8	 | 	11,05
  2	 | 	3	 | 	11,05
  2	 | 	4	 | 	9,90
  2	 | 	6	 | 	8,06
  2	 | 	8	 | 	12,81
  3	 | 	5	 | 	6,08
  3	 | 	6	 | 	13,89
  4	 | 	5	 | 	3,00
  4	 | 	7	 | 	2,00
  4	 | 	8	 | 	3,16
  4	 | 	9	 | 	9,43
  5	 | 	6	 | 	11,05
  5	 | 	7	 | 	3,61
  5	 | 	8	 | 	3,61
  7	 | 	8	 | 	1,41
  7	 | 	9	 | 	8,54
  8	 | 	9	 | 	9,22
  0	 | 	6	 | 	9,49
  1	 | 	7	 | 	10,20
  6	 | 	9	 | 	4,00
  6	 | 	7	 | 	8,06
  1	 | 	5	 | 	8,06
  4	 | 	6	 | 	8,06
  3	 | 	8	 | 	9,49
  3	 | 	4	 | 	7,21
  1	 | 	4	 | 	8,25
  6	 | 	8	 | 	9,22
___________________________
Simulation Topology [1:12]
___________________________
From 	  To 		Length
___________________________
  0	 | 	1	 | 	13,00
  0	 | 	2	 | 	4,12
  0	 | 	4	 | 	13,60
  1	 | 	3	 | 	2,83
  1	 | 	8	 | 	11,05
  2	 | 	3	 | 	11,05
  2	 | 	4	 | 	9,90
  2	 | 	6	 | 	8,06
  2	 | 	8	 | 	12,81
  3	 | 	5	 | 	6,08
  3	 | 	6	 | 	13,89
  4	 | 	5	 | 	3,00
  4	 | 	7	 | 	2,00
  4	 | 	8	 | 	3,16
  4	 | 	9	 | 	9,43
  5	 | 	6	 | 	11,05
  5	 | 	7	 | 	3,61
  5	 | 	8	 | 	3,61
  7	 | 	8	 | 	1,41
  7	 | 	9	 | 	8,54
  8	 | 	9	 | 	9,22
  0	 | 	6	 | 	9,49
  1	 | 	7	 | 	10,20
  6	 | 	9	 | 	4,00
  6	 | 	7	 | 	8,06
  1	 | 	5	 | 	8,06
  4	 | 	6	 | 	8,06
  3	 | 	8	 | 	9,49
  3	 | 	4	 | 	7,21
  1	 | 	4	 | 	8,25
  6	 | 	8	 | 	9,22
  2	 | 	9	 | 	12,04
___________________________
Simulation Topology [1:13]
___________________________
From 	  To 		Length
___________________________
  0	 | 	1	 | 	13,00
  0	 | 	2	 | 	4,12
  0	 | 	4	 | 	13,60
  1	 | 	3	 | 	2,83
  1	 | 	8	 | 	11,05
  2	 | 	3	 | 	11,05
  2	 | 	4	 | 	9,90
  2	 | 	6	 | 	8,06
  2	 | 	8	 | 	12,81
  3	 | 	5	 | 	6,08
  3	 | 	6	 | 	13,89
  4	 | 	5	 | 	3,00
  4	 | 	7	 | 	2,00
  4	 | 	8	 | 	3,16
  4	 | 	9	 | 	9,43
  5	 | 	6	 | 	11,05
  5	 | 	7	 | 	3,61
  5	 | 	8	 | 	3,61
  7	 | 	8	 | 	1,41
  7	 | 	9	 | 	8,54
  8	 | 	9	 | 	9,22
  0	 | 	6	 | 	9,49
  1	 | 	7	 | 	10,20
  6	 | 	9	 | 	4,00
  6	 | 	7	 | 	8,06
  1	 | 	5	 | 	8,06
  4	 | 	6	 | 	8,06
  3	 | 	8	 | 	9,49
  3	 | 	4	 | 	7,21
  1	 | 	4	 | 	8,25
  6	 | 	8	 | 	9,22
  2	 | 	9	 | 	12,04
  1	 | 	2	 | 	9,06
___________________________
Simulation Topology [1:14]
___________________________
From 	  To 		Length
___________________________
  0	 | 	1	 | 	13,00
  0	 | 	2	 | 	4,12
  0	 | 	4	 | 	13,60
  1	 | 	3	 | 	2,83
  1	 | 	8	 | 	11,05
  2	 | 	3	 | 	11,05
  2	 | 	4	 | 	9,90
  2	 | 	6	 | 	8,06
  2	 | 	8	 | 	12,81
  3	 | 	5	 | 	6,08
  3	 | 	6	 | 	13,89
  4	 | 	5	 | 	3,00
  4	 | 	7	 | 	2,00
  4	 | 	8	 | 	3,16
  4	 | 	9	 | 	9,43
  5	 | 	6	 | 	11,05
  5	 | 	7	 | 	3,61
  5	 | 	8	 | 	3,61
  7	 | 	8	 | 	1,41
  7	 | 	9	 | 	8,54
  8	 | 	9	 | 	9,22
  0	 | 	6	 | 	9,49
  1	 | 	7	 | 	10,20
  6	 | 	9	 | 	4,00
  6	 | 	7	 | 	8,06
  1	 | 	5	 | 	8,06
  4	 | 	6	 | 	8,06
  3	 | 	8	 | 	9,49
  3	 | 	4	 | 	7,21
  1	 | 	4	 | 	8,25
  6	 | 	8	 | 	9,22
  2	 | 	9	 | 	12,04
  1	 | 	2	 | 	9,06
  3	 | 	7	 | 	8,94
___________________________
Simulation Topology [1:15]
___________________________
From 	  To 		Length
___________________________
  0	 | 	1	 | 	13,00
  0	 | 	2	 | 	4,12
  0	 | 	4	 | 	13,60
  1	 | 	3	 | 	2,83
  1	 | 	8	 | 	11,05
  2	 | 	3	 | 	11,05
  2	 | 	4	 | 	9,90
  2	 | 	6	 | 	8,06
  2	 | 	8	 | 	12,81
  3	 | 	5	 | 	6,08
  3	 | 	6	 | 	13,89
  4	 | 	5	 | 	3,00
  4	 | 	7	 | 	2,00
  4	 | 	8	 | 	3,16
  4	 | 	9	 | 	9,43
  5	 | 	6	 | 	11,05
  5	 | 	7	 | 	3,61
  5	 | 	8	 | 	3,61
  7	 | 	8	 | 	1,41
  7	 | 	9	 | 	8,54
  8	 | 	9	 | 	9,22
  0	 | 	6	 | 	9,49
  1	 | 	7	 | 	10,20
  6	 | 	9	 | 	4,00
  6	 | 	7	 | 	8,06
  1	 | 	5	 | 	8,06
  4	 | 	6	 | 	8,06
  3	 | 	8	 | 	9,49
  3	 | 	4	 | 	7,21
  1	 | 	4	 | 	8,25
  6	 | 	8	 | 	9,22
  2	 | 	9	 | 	12,04
  1	 | 	2	 | 	9,06
  3	 | 	7	 | 	8,94
  2	 | 	5	 | 	12,21
___________________________
Simulation Topology [1:16]
___________________________
From 	  To 		Length
___________________________
  0	 | 	1	 | 	13,00
  0	 | 	2	 | 	4,12
  0	 | 	4	 | 	13,60
  1	 | 	3	 | 	2,83
  1	 | 	8	 | 	11,05
  2	 | 	3	 | 	11,05
  2	 | 	4	 | 	9,90
  2	 | 	6	 | 	8,06
  2	 | 	8	 | 	12,81
  3	 | 	5	 | 	6,08
  3	 | 	6	 | 	13,89
  4	 | 	5	 | 	3,00
  4	 | 	7	 | 	2,00
  4	 | 	8	 | 	3,16
  4	 | 	9	 | 	9,43
  5	 | 	6	 | 	11,05
  5	 | 	7	 | 	3,61
  5	 | 	8	 | 	3,61
  7	 | 	8	 | 	1,41
  7	 | 	9	 | 	8,54
  8	 | 	9	 | 	9,22
  0	 | 	6	 | 	9,49
  1	 | 	7	 | 	10,20
  6	 | 	9	 | 	4,00
  6	 | 	7	 | 	8,06
  1	 | 	5	 | 	8,06
  4	 | 	6	 | 	8,06
  3	 | 	8	 | 	9,49
  3	 | 	4	 | 	7,21
  1	 | 	4	 | 	8,25
  6	 | 	8	 | 	9,22
  2	 | 	9	 | 	12,04
  1	 | 	2	 | 	9,06
  3	 | 	7	 | 	8,94
  2	 | 	5	 | 	12,21
  0	 | 	8	 | 	16,28
___________________________
Simulation Topology [1:17]
___________________________
From 	  To 		Length
___________________________
  0	 | 	1	 | 	13,00
  0	 | 	2	 | 	4,12
  0	 | 	4	 | 	13,60
  1	 | 	3	 | 	2,83
  1	 | 	8	 | 	11,05
  2	 | 	3	 | 	11,05
  2	 | 	4	 | 	9,90
  2	 | 	6	 | 	8,06
  2	 | 	8	 | 	12,81
  3	 | 	5	 | 	6,08
  3	 | 	6	 | 	13,89
  4	 | 	5	 | 	3,00
  4	 | 	7	 | 	2,00
  4	 | 	8	 | 	3,16
  4	 | 	9	 | 	9,43
  5	 | 	6	 | 	11,05
  5	 | 	7	 | 	3,61
  5	 | 	8	 | 	3,61
  7	 | 	8	 | 	1,41
  7	 | 	9	 | 	8,54
  8	 | 	9	 | 	9,22
  0	 | 	6	 | 	9,49
  1	 | 	7	 | 	10,20
  6	 | 	9	 | 	4,00
  6	 | 	7	 | 	8,06
  1	 | 	5	 | 	8,06
  4	 | 	6	 | 	8,06
  3	 | 	8	 | 	9,49
  3	 | 	4	 | 	7,21
  1	 | 	4	 | 	8,25
  6	 | 	8	 | 	9,22
  2	 | 	9	 | 	12,04
  1	 | 	2	 | 	9,06
  3	 | 	7	 | 	8,94
  2	 | 	5	 | 	12,21
  0	 | 	8	 | 	16,28
  2	 | 	7	 | 	11,40
___________________________
Simulation Topology [1:18]
___________________________
From 	  To 		Length
___________________________
  0	 | 	1	 | 	13,00
  0	 | 	2	 | 	4,12
  0	 | 	4	 | 	13,60
  1	 | 	3	 | 	2,83
  1	 | 	8	 | 	11,05
  2	 | 	3	 | 	11,05
  2	 | 	4	 | 	9,90
  2	 | 	6	 | 	8,06
  2	 | 	8	 | 	12,81
  3	 | 	5	 | 	6,08
  3	 | 	6	 | 	13,89
  4	 | 	5	 | 	3,00
  4	 | 	7	 | 	2,00
  4	 | 	8	 | 	3,16
  4	 | 	9	 | 	9,43
  5	 | 	6	 | 	11,05
  5	 | 	7	 | 	3,61
  5	 | 	8	 | 	3,61
  7	 | 	8	 | 	1,41
  7	 | 	9	 | 	8,54
  8	 | 	9	 | 	9,22
  0	 | 	6	 | 	9,49
  1	 | 	7	 | 	10,20
  6	 | 	9	 | 	4,00
  6	 | 	7	 | 	8,06
  1	 | 	5	 | 	8,06
  4	 | 	6	 | 	8,06
  3	 | 	8	 | 	9,49
  3	 | 	4	 | 	7,21
  1	 | 	4	 | 	8,25
  6	 | 	8	 | 	9,22
  2	 | 	9	 | 	12,04
  1	 | 	2	 | 	9,06
  3	 | 	7	 | 	8,94
  2	 | 	5	 | 	12,21
  0	 | 	8	 | 	16,28
  2	 | 	7	 | 	11,40
  5	 | 	9	 | 	12,08
___________________________
Simulation Topology [1:19]
___________________________
From 	  To 		Length
___________________________
  0	 | 	1	 | 	13,00
  0	 | 	2	 | 	4,12
  0	 | 	4	 | 	13,60
  1	 | 	3	 | 	2,83
  1	 | 	8	 | 	11,05
  2	 | 	3	 | 	11,05
  2	 | 	4	 | 	9,90
  2	 | 	6	 | 	8,06
  2	 | 	8	 | 	12,81
  3	 | 	5	 | 	6,08
  3	 | 	6	 | 	13,89
  4	 | 	5	 | 	3,00
  4	 | 	7	 | 	2,00
  4	 | 	8	 | 	3,16
  4	 | 	9	 | 	9,43
  5	 | 	6	 | 	11,05
  5	 | 	7	 | 	3,61
  5	 | 	8	 | 	3,61
  7	 | 	8	 | 	1,41
  7	 | 	9	 | 	8,54
  8	 | 	9	 | 	9,22
  0	 | 	6	 | 	9,49
  1	 | 	7	 | 	10,20
  6	 | 	9	 | 	4,00
  6	 | 	7	 | 	8,06
  1	 | 	5	 | 	8,06
  4	 | 	6	 | 	8,06
  3	 | 	8	 | 	9,49
  3	 | 	4	 | 	7,21
  1	 | 	4	 | 	8,25
  6	 | 	8	 | 	9,22
  2	 | 	9	 | 	12,04
  1	 | 	2	 | 	9,06
  3	 | 	7	 | 	8,94
  2	 | 	5	 | 	12,21
  0	 | 	8	 | 	16,28
  2	 | 	7	 | 	11,40
  5	 | 	9	 | 	12,08
  1	 | 	9	 | 	16,40
___________________________
Simulation Topology [1:20]
___________________________
From 	  To 		Length
___________________________
  0	 | 	1	 | 	13,00
  0	 | 	2	 | 	4,12
  0	 | 	4	 | 	13,60
  1	 | 	3	 | 	2,83
  1	 | 	8	 | 	11,05
  2	 | 	3	 | 	11,05
  2	 | 	4	 | 	9,90
  2	 | 	6	 | 	8,06
  2	 | 	8	 | 	12,81
  3	 | 	5	 | 	6,08
  3	 | 	6	 | 	13,89
  4	 | 	5	 | 	3,00
  4	 | 	7	 | 	2,00
  4	 | 	8	 | 	3,16
  4	 | 	9	 | 	9,43
  5	 | 	6	 | 	11,05
  5	 | 	7	 | 	3,61
  5	 | 	8	 | 	3,61
  7	 | 	8	 | 	1,41
  7	 | 	9	 | 	8,54
  8	 | 	9	 | 	9,22
  0	 | 	6	 | 	9,49
  1	 | 	7	 | 	10,20
  6	 | 	9	 | 	4,00
  6	 | 	7	 | 	8,06
  1	 | 	5	 | 	8,06
  4	 | 	6	 | 	8,06
  3	 | 	8	 | 	9,49
  3	 | 	4	 | 	7,21
  1	 | 	4	 | 	8,25
  6	 | 	8	 | 	9,22
  2	 | 	9	 | 	12,04
  1	 | 	2	 | 	9,06
  3	 | 	7	 | 	8,94
  2	 | 	5	 | 	12,21
  0	 | 	8	 | 	16,28
  2	 | 	7	 | 	11,40
  5	 | 	9	 | 	12,08
  1	 | 	9	 | 	16,40
  0	 | 	5	 | 	16,12
___________________________
