Simulation Topology 1
___________________________
[12]				[1]		
[8]				[1]		
[15]				[2]		
[6]				[4]		
[1]				[5]		
[18]				[5]		
[13]				[7]		
[13]				[9]		
[7]				[9]		
[1]				[11]		
___________________________
Simulation Topology [1:1]
___________________________
From 	  To 		Length
___________________________
  0	 | 	1	 | 	4,00
  0	 | 	3	 | 	6,71
  1	 | 	3	 | 	3,61
  1	 | 	5	 | 	10,77
  1	 | 	6	 | 	7,81
  2	 | 	3	 | 	9,22
  2	 | 	5	 | 	4,24
  2	 | 	6	 | 	5,39
  2	 | 	7	 | 	7,28
  2	 | 	9	 | 	16,64
  3	 | 	4	 | 	5,10
  4	 | 	5	 | 	17,00
  4	 | 	6	 | 	12,17
  4	 | 	8	 | 	7,21
  5	 | 	6	 | 	5,39
  6	 | 	7	 | 	2,00
  7	 | 	9	 | 	12,17
  8	 | 	9	 | 	6,32
___________________________
Simulation Topology [1:2]
___________________________
From 	  To 		Length
___________________________
  0	 | 	1	 | 	4,00
  0	 | 	3	 | 	6,71
  1	 | 	3	 | 	3,61
  1	 | 	5	 | 	10,77
  1	 | 	6	 | 	7,81
  2	 | 	3	 | 	9,22
  2	 | 	5	 | 	4,24
  2	 | 	6	 | 	5,39
  2	 | 	7	 | 	7,28
  2	 | 	9	 | 	16,64
  3	 | 	4	 | 	5,10
  4	 | 	5	 | 	17,00
  4	 | 	6	 | 	12,17
  4	 | 	8	 | 	7,21
  5	 | 	6	 | 	5,39
  6	 | 	7	 | 	2,00
  7	 | 	9	 | 	12,17
  8	 | 	9	 | 	6,32
  3	 | 	6	 | 	7,62
___________________________
Simulation Topology [1:3]
___________________________
From 	  To 		Length
___________________________
  0	 | 	1	 | 	4,00
  0	 | 	3	 | 	6,71
  1	 | 	3	 | 	3,61
  1	 | 	5	 | 	10,77
  1	 | 	6	 | 	7,81
  2	 | 	3	 | 	9,22
  2	 | 	5	 | 	4,24
  2	 | 	6	 | 	5,39
  2	 | 	7	 | 	7,28
  2	 | 	9	 | 	16,64
  3	 | 	4	 | 	5,10
  4	 | 	5	 | 	17,00
  4	 | 	6	 | 	12,17
  4	 | 	8	 | 	7,21
  5	 | 	6	 | 	5,39
  6	 | 	7	 | 	2,00
  7	 | 	9	 | 	12,17
  8	 | 	9	 | 	6,32
  3	 | 	6	 | 	7,62
  0	 | 	2	 | 	3,16
___________________________
