Simulation Topology 1
___________________________
[19]				[1]		
[8]				[1]		
[9]				[2]		
[15]				[2]		
[7]				[3]		
[8]				[4]		
[16]				[7]		
[0]				[9]		
[16]				[10]		
[7]				[11]		
___________________________
Simulation Topology [1:1]
___________________________
From 	  To 		Length
___________________________
  0	 | 	1	 | 	11,00
  0	 | 	7	 | 	20,62
  0	 | 	8	 | 	9,49
  0	 | 	9	 | 	15,62
  1	 | 	4	 | 	2,24
  1	 | 	6	 | 	10,00
  1	 | 	7	 | 	11,31
  1	 | 	8	 | 	12,04
  2	 | 	3	 | 	6,00
  2	 | 	5	 | 	2,24
  2	 | 	9	 | 	9,22
  3	 | 	6	 | 	5,10
  3	 | 	7	 | 	16,55
  3	 | 	8	 | 	8,06
  4	 | 	6	 | 	9,85
  4	 | 	7	 | 	9,22
  4	 | 	8	 | 	11,40
  5	 | 	6	 | 	8,54
  5	 | 	7	 | 	9,43
___________________________
Simulation Topology [1:2]
___________________________
From 	  To 		Length
___________________________
  0	 | 	1	 | 	11,00
  0	 | 	7	 | 	20,62
  0	 | 	8	 | 	9,49
  0	 | 	9	 | 	15,62
  1	 | 	4	 | 	2,24
  1	 | 	6	 | 	10,00
  1	 | 	7	 | 	11,31
  1	 | 	8	 | 	12,04
  2	 | 	3	 | 	6,00
  2	 | 	5	 | 	2,24
  2	 | 	9	 | 	9,22
  3	 | 	6	 | 	5,10
  3	 | 	7	 | 	16,55
  3	 | 	8	 | 	8,06
  4	 | 	6	 | 	9,85
  4	 | 	7	 | 	9,22
  4	 | 	8	 | 	11,40
  5	 | 	6	 | 	8,54
  5	 | 	7	 | 	9,43
  5	 | 	9	 | 	7,07
___________________________
