Simulation Topology 1
___________________________
[14]				[0]		
[16]				[0]		
[14]				[2]		
[4]				[2]		
[0]				[3]		
[12]				[3]		
[4]				[4]		
[16]				[7]		
[5]				[8]		
[12]				[8]		
___________________________
Simulation Topology [1:1]
___________________________
From 	  To 		Length
___________________________
  0	 | 	1	 | 	2,00
  0	 | 	9	 | 	8,25
  1	 | 	4	 | 	16,28
  1	 | 	6	 | 	12,65
  2	 | 	3	 | 	10,00
  2	 | 	5	 | 	2,24
  2	 | 	6	 | 	10,20
  3	 | 	4	 | 	4,12
  3	 | 	7	 | 	13,00
  3	 | 	8	 | 	6,08
  4	 | 	5	 | 	12,00
  4	 | 	6	 | 	4,12
  4	 | 	9	 | 	13,00
  5	 | 	6	 | 	8,06
  5	 | 	7	 | 	5,66
  6	 | 	7	 | 	12,37
  6	 | 	8	 | 	4,12
  7	 | 	9	 | 	4,12
___________________________
Simulation Topology [1:2]
___________________________
From 	  To 		Length
___________________________
  0	 | 	1	 | 	2,00
  0	 | 	9	 | 	8,25
  1	 | 	4	 | 	16,28
  1	 | 	6	 | 	12,65
  2	 | 	3	 | 	10,00
  2	 | 	5	 | 	2,24
  2	 | 	6	 | 	10,20
  3	 | 	4	 | 	4,12
  3	 | 	7	 | 	13,00
  3	 | 	8	 | 	6,08
  4	 | 	5	 | 	12,00
  4	 | 	6	 | 	4,12
  4	 | 	9	 | 	13,00
  5	 | 	6	 | 	8,06
  5	 | 	7	 | 	5,66
  6	 | 	7	 | 	12,37
  6	 | 	8	 | 	4,12
  7	 | 	9	 | 	4,12
  0	 | 	2	 | 	2,00
___________________________
Simulation Topology [1:3]
___________________________
From 	  To 		Length
___________________________
  0	 | 	1	 | 	2,00
  0	 | 	9	 | 	8,25
  1	 | 	4	 | 	16,28
  1	 | 	6	 | 	12,65
  2	 | 	3	 | 	10,00
  2	 | 	5	 | 	2,24
  2	 | 	6	 | 	10,20
  3	 | 	4	 | 	4,12
  3	 | 	7	 | 	13,00
  3	 | 	8	 | 	6,08
  4	 | 	5	 | 	12,00
  4	 | 	6	 | 	4,12
  4	 | 	9	 | 	13,00
  5	 | 	6	 | 	8,06
  5	 | 	7	 | 	5,66
  6	 | 	7	 | 	12,37
  6	 | 	8	 | 	4,12
  7	 | 	9	 | 	4,12
  0	 | 	2	 | 	2,00
  1	 | 	2	 | 	2,83
___________________________
