Simulation Topology 1
___________________________
[11]				[0]		
[9]				[0]		
[16]				[4]		
[1]				[4]		
[12]				[6]		
[7]				[6]		
[11]				[7]		
[3]				[7]		
[13]				[9]		
[17]				[9]		
___________________________
Simulation Topology [1:1]
___________________________
From 	  To 		Length
___________________________
  0	 | 	1	 | 	2,00
  0	 | 	2	 | 	6,40
  0	 | 	8	 | 	9,22
  0	 | 	9	 | 	10,82
  1	 | 	3	 | 	8,94
  1	 | 	6	 | 	7,28
  2	 | 	3	 | 	15,00
  3	 | 	6	 | 	10,44
  3	 | 	7	 | 	3,61
  4	 | 	5	 | 	5,00
  4	 | 	9	 | 	5,83
  5	 | 	6	 | 	4,12
  6	 | 	7	 | 	8,00
  6	 | 	9	 | 	6,32
  7	 | 	9	 | 	14,14
  8	 | 	9	 | 	4,00
___________________________
Simulation Topology [1:2]
___________________________
From 	  To 		Length
___________________________
  0	 | 	1	 | 	2,00
  0	 | 	2	 | 	6,40
  0	 | 	8	 | 	9,22
  0	 | 	9	 | 	10,82
  1	 | 	3	 | 	8,94
  1	 | 	6	 | 	7,28
  2	 | 	3	 | 	15,00
  3	 | 	6	 | 	10,44
  3	 | 	7	 | 	3,61
  4	 | 	5	 | 	5,00
  4	 | 	9	 | 	5,83
  5	 | 	6	 | 	4,12
  6	 | 	7	 | 	8,00
  6	 | 	9	 | 	6,32
  7	 | 	9	 | 	14,14
  8	 | 	9	 | 	4,00
  4	 | 	8	 | 	3,16
___________________________
Simulation Topology [1:3]
___________________________
From 	  To 		Length
___________________________
  0	 | 	1	 | 	2,00
  0	 | 	2	 | 	6,40
  0	 | 	8	 | 	9,22
  0	 | 	9	 | 	10,82
  1	 | 	3	 | 	8,94
  1	 | 	6	 | 	7,28
  2	 | 	3	 | 	15,00
  3	 | 	6	 | 	10,44
  3	 | 	7	 | 	3,61
  4	 | 	5	 | 	5,00
  4	 | 	9	 | 	5,83
  5	 | 	6	 | 	4,12
  6	 | 	7	 | 	8,00
  6	 | 	9	 | 	6,32
  7	 | 	9	 | 	14,14
  8	 | 	9	 | 	4,00
  4	 | 	8	 | 	3,16
  2	 | 	4	 | 	4,47
___________________________
Simulation Topology [1:4]
___________________________
From 	  To 		Length
___________________________
  0	 | 	1	 | 	2,00
  0	 | 	2	 | 	6,40
  0	 | 	8	 | 	9,22
  0	 | 	9	 | 	10,82
  1	 | 	3	 | 	8,94
  1	 | 	6	 | 	7,28
  2	 | 	3	 | 	15,00
  3	 | 	6	 | 	10,44
  3	 | 	7	 | 	3,61
  4	 | 	5	 | 	5,00
  4	 | 	9	 | 	5,83
  5	 | 	6	 | 	4,12
  6	 | 	7	 | 	8,00
  6	 | 	9	 | 	6,32
  7	 | 	9	 | 	14,14
  8	 | 	9	 | 	4,00
  4	 | 	8	 | 	3,16
  2	 | 	4	 | 	4,47
  4	 | 	6	 | 	1,41
___________________________
Simulation Topology [1:5]
___________________________
From 	  To 		Length
___________________________
  0	 | 	1	 | 	2,00
  0	 | 	2	 | 	6,40
  0	 | 	8	 | 	9,22
  0	 | 	9	 | 	10,82
  1	 | 	3	 | 	8,94
  1	 | 	6	 | 	7,28
  2	 | 	3	 | 	15,00
  3	 | 	6	 | 	10,44
  3	 | 	7	 | 	3,61
  4	 | 	5	 | 	5,00
  4	 | 	9	 | 	5,83
  5	 | 	6	 | 	4,12
  6	 | 	7	 | 	8,00
  6	 | 	9	 | 	6,32
  7	 | 	9	 | 	14,14
  8	 | 	9	 | 	4,00
  4	 | 	8	 | 	3,16
  2	 | 	4	 | 	4,47
  4	 | 	6	 | 	1,41
  0	 | 	5	 | 	7,21
___________________________
