Simulation Topology 1
___________________________
[0]				[0]		
[19]				[1]		
[3]				[1]		
[11]				[2]		
[4]				[2]		
[9]				[5]		
[12]				[5]		
[18]				[7]		
[0]				[8]		
[4]				[8]		
___________________________
Simulation Topology [1:1]
___________________________
From 	  To 		Length
___________________________
  0	 | 	1	 | 	19,03
  0	 | 	3	 | 	11,18
  0	 | 	7	 | 	19,31
  0	 | 	8	 | 	8,00
  0	 | 	9	 | 	8,94
  1	 | 	4	 | 	15,03
  1	 | 	6	 | 	8,06
  1	 | 	9	 | 	16,55
  2	 | 	3	 | 	8,06
  2	 | 	5	 | 	7,21
  2	 | 	8	 | 	7,62
  3	 | 	5	 | 	3,61
  3	 | 	7	 | 	8,60
  4	 | 	5	 | 	5,83
  4	 | 	6	 | 	8,54
  4	 | 	8	 | 	7,21
  5	 | 	9	 | 	5,83
  6	 | 	7	 | 	6,32
___________________________
Simulation Topology [1:2]
___________________________
From 	  To 		Length
___________________________
  0	 | 	1	 | 	19,03
  0	 | 	3	 | 	11,18
  0	 | 	7	 | 	19,31
  0	 | 	8	 | 	8,00
  0	 | 	9	 | 	8,94
  1	 | 	4	 | 	15,03
  1	 | 	6	 | 	8,06
  1	 | 	9	 | 	16,55
  2	 | 	3	 | 	8,06
  2	 | 	5	 | 	7,21
  2	 | 	8	 | 	7,62
  3	 | 	5	 | 	3,61
  3	 | 	7	 | 	8,60
  4	 | 	5	 | 	5,83
  4	 | 	6	 | 	8,54
  4	 | 	8	 | 	7,21
  5	 | 	9	 | 	5,83
  6	 | 	7	 | 	6,32
  5	 | 	6	 | 	3,00
___________________________
Simulation Topology [1:3]
___________________________
From 	  To 		Length
___________________________
  0	 | 	1	 | 	19,03
  0	 | 	3	 | 	11,18
  0	 | 	7	 | 	19,31
  0	 | 	8	 | 	8,00
  0	 | 	9	 | 	8,94
  1	 | 	4	 | 	15,03
  1	 | 	6	 | 	8,06
  1	 | 	9	 | 	16,55
  2	 | 	3	 | 	8,06
  2	 | 	5	 | 	7,21
  2	 | 	8	 | 	7,62
  3	 | 	5	 | 	3,61
  3	 | 	7	 | 	8,60
  4	 | 	5	 | 	5,83
  4	 | 	6	 | 	8,54
  4	 | 	8	 | 	7,21
  5	 | 	9	 | 	5,83
  6	 | 	7	 | 	6,32
  5	 | 	6	 | 	3,00
  5	 | 	7	 | 	9,22
___________________________
