Simulation Topology 1
___________________________
[6]				[0]		
[10]				[0]		
[0]				[2]		
[18]				[7]		
[1]				[7]		
[9]				[8]		
[6]				[9]		
[12]				[11]		
[16]				[11]		
[2]				[12]		
___________________________
Simulation Topology [1:1]
___________________________
From 	  To 		Length
___________________________
  0	 | 	1	 | 	4,00
  0	 | 	5	 | 	8,54
  0	 | 	6	 | 	9,00
  0	 | 	9	 | 	12,65
  1	 | 	2	 | 	10,20
  1	 | 	6	 | 	9,85
  1	 | 	7	 | 	11,18
  2	 | 	3	 | 	18,68
  2	 | 	4	 | 	5,10
  2	 | 	7	 | 	15,00
  3	 | 	5	 | 	9,06
  3	 | 	7	 | 	7,21
  4	 | 	5	 | 	8,06
  4	 | 	8	 | 	15,52
  4	 | 	9	 | 	5,10
  5	 | 	8	 | 	7,62
  6	 | 	9	 | 	5,00
  7	 | 	8	 | 	4,00
  7	 | 	9	 | 	10,05
___________________________
Simulation Topology [1:2]
___________________________
From 	  To 		Length
___________________________
  0	 | 	1	 | 	4,00
  0	 | 	5	 | 	8,54
  0	 | 	6	 | 	9,00
  0	 | 	9	 | 	12,65
  1	 | 	2	 | 	10,20
  1	 | 	6	 | 	9,85
  1	 | 	7	 | 	11,18
  2	 | 	3	 | 	18,68
  2	 | 	4	 | 	5,10
  2	 | 	7	 | 	15,00
  3	 | 	5	 | 	9,06
  3	 | 	7	 | 	7,21
  4	 | 	5	 | 	8,06
  4	 | 	8	 | 	15,52
  4	 | 	9	 | 	5,10
  5	 | 	8	 | 	7,62
  6	 | 	9	 | 	5,00
  7	 | 	8	 | 	4,00
  7	 | 	9	 | 	10,05
  5	 | 	6	 | 	3,16
___________________________
