Simulation Topology 1
___________________________
[5]				[2]		
[11]				[2]		
[10]				[3]		
[13]				[3]		
[16]				[4]		
[6]				[5]		
[19]				[6]		
[10]				[6]		
[5]				[8]		
[16]				[8]		
___________________________
Simulation Topology [1:1]
___________________________
From 	  To 		Length
___________________________
  0	 | 	1	 | 	6,00
  0	 | 	6	 | 	14,56
  0	 | 	8	 | 	6,00
  0	 | 	9	 | 	12,53
  1	 | 	4	 | 	5,39
  1	 | 	6	 | 	8,94
  2	 | 	3	 | 	3,00
  2	 | 	7	 | 	3,00
  2	 | 	8	 | 	7,07
  3	 | 	4	 | 	3,16
  3	 | 	7	 | 	4,24
  4	 | 	5	 | 	10,05
  4	 | 	9	 | 	4,00
  5	 | 	6	 | 	13,04
  5	 | 	7	 | 	4,12
  5	 | 	9	 | 	10,44
  6	 | 	7	 | 	9,00
  6	 | 	9	 | 	3,61
___________________________
Simulation Topology [1:2]
___________________________
From 	  To 		Length
___________________________
  0	 | 	1	 | 	6,00
  0	 | 	6	 | 	14,56
  0	 | 	8	 | 	6,00
  0	 | 	9	 | 	12,53
  1	 | 	4	 | 	5,39
  1	 | 	6	 | 	8,94
  2	 | 	3	 | 	3,00
  2	 | 	7	 | 	3,00
  2	 | 	8	 | 	7,07
  3	 | 	4	 | 	3,16
  3	 | 	7	 | 	4,24
  4	 | 	5	 | 	10,05
  4	 | 	9	 | 	4,00
  5	 | 	6	 | 	13,04
  5	 | 	7	 | 	4,12
  5	 | 	9	 | 	10,44
  6	 | 	7	 | 	9,00
  6	 | 	9	 | 	3,61
  3	 | 	5	 | 	7,28
___________________________
Simulation Topology [1:3]
___________________________
From 	  To 		Length
___________________________
  0	 | 	1	 | 	6,00
  0	 | 	6	 | 	14,56
  0	 | 	8	 | 	6,00
  0	 | 	9	 | 	12,53
  1	 | 	4	 | 	5,39
  1	 | 	6	 | 	8,94
  2	 | 	3	 | 	3,00
  2	 | 	7	 | 	3,00
  2	 | 	8	 | 	7,07
  3	 | 	4	 | 	3,16
  3	 | 	7	 | 	4,24
  4	 | 	5	 | 	10,05
  4	 | 	9	 | 	4,00
  5	 | 	6	 | 	13,04
  5	 | 	7	 | 	4,12
  5	 | 	9	 | 	10,44
  6	 | 	7	 | 	9,00
  6	 | 	9	 | 	3,61
  3	 | 	5	 | 	7,28
  7	 | 	8	 | 	5,39
___________________________
