Simulation Topology 1
___________________________
[17]				[1]		
[10]				[1]		
[3]				[3]		
[0]				[3]		
[3]				[4]		
[13]				[8]		
[8]				[8]		
[17]				[9]		
[1]				[9]		
[12]				[10]		
___________________________
Simulation Topology [1:1]
___________________________
From 	  To 		Length
___________________________
  0	 | 	1	 | 	7,00
  0	 | 	3	 | 	17,12
  0	 | 	5	 | 	8,06
  0	 | 	7	 | 	8,00
  0	 | 	9	 | 	10,30
  1	 | 	5	 | 	7,62
  2	 | 	3	 | 	3,00
  2	 | 	5	 | 	11,18
  2	 | 	8	 | 	6,32
  2	 | 	9	 | 	11,40
  3	 | 	6	 | 	9,43
  3	 | 	9	 | 	13,89
  4	 | 	5	 | 	10,77
  4	 | 	6	 | 	6,40
  4	 | 	8	 | 	5,39
  6	 | 	7	 | 	9,06
  6	 | 	9	 | 	4,47
  8	 | 	9	 | 	11,05
___________________________
Simulation Topology [1:2]
___________________________
From 	  To 		Length
___________________________
  0	 | 	1	 | 	7,00
  0	 | 	3	 | 	17,12
  0	 | 	5	 | 	8,06
  0	 | 	7	 | 	8,00
  0	 | 	9	 | 	10,30
  1	 | 	5	 | 	7,62
  2	 | 	3	 | 	3,00
  2	 | 	5	 | 	11,18
  2	 | 	8	 | 	6,32
  2	 | 	9	 | 	11,40
  3	 | 	6	 | 	9,43
  3	 | 	9	 | 	13,89
  4	 | 	5	 | 	10,77
  4	 | 	6	 | 	6,40
  4	 | 	8	 | 	5,39
  6	 | 	7	 | 	9,06
  6	 | 	9	 | 	4,47
  8	 | 	9	 | 	11,05
  3	 | 	4	 | 	3,16
___________________________
Simulation Topology [1:3]
___________________________
From 	  To 		Length
___________________________
  0	 | 	1	 | 	7,00
  0	 | 	3	 | 	17,12
  0	 | 	5	 | 	8,06
  0	 | 	7	 | 	8,00
  0	 | 	9	 | 	10,30
  1	 | 	5	 | 	7,62
  2	 | 	3	 | 	3,00
  2	 | 	5	 | 	11,18
  2	 | 	8	 | 	6,32
  2	 | 	9	 | 	11,40
  3	 | 	6	 | 	9,43
  3	 | 	9	 | 	13,89
  4	 | 	5	 | 	10,77
  4	 | 	6	 | 	6,40
  4	 | 	8	 | 	5,39
  6	 | 	7	 | 	9,06
  6	 | 	9	 | 	4,47
  8	 | 	9	 | 	11,05
  3	 | 	4	 | 	3,16
  1	 | 	6	 | 	7,28
___________________________
