Simulation Topology 1
___________________________
[5]				[1]		
[13]				[3]		
[4]				[3]		
[12]				[4]		
[17]				[5]		
[4]				[5]		
[5]				[6]		
[3]				[7]		
[14]				[7]		
[0]				[8]		
___________________________
Simulation Topology [1:1]
___________________________
From 	  To 		Length
___________________________
  0	 | 	1	 | 	8,25
  0	 | 	3	 | 	7,62
  0	 | 	4	 | 	12,65
  0	 | 	5	 | 	4,12
  0	 | 	8	 | 	10,82
  1	 | 	8	 | 	4,12
  1	 | 	9	 | 	13,93
  2	 | 	3	 | 	8,06
  2	 | 	5	 | 	2,00
  2	 | 	7	 | 	4,12
  3	 | 	4	 | 	5,10
  3	 | 	8	 | 	3,61
  4	 | 	5	 | 	13,00
  4	 | 	8	 | 	3,61
  5	 | 	6	 | 	1,41
  6	 | 	7	 | 	2,24
  6	 | 	8	 | 	9,06
  6	 | 	9	 | 	5,39
  7	 | 	9	 | 	3,16
___________________________
Simulation Topology [1:2]
___________________________
From 	  To 		Length
___________________________
  0	 | 	1	 | 	8,25
  0	 | 	3	 | 	7,62
  0	 | 	4	 | 	12,65
  0	 | 	5	 | 	4,12
  0	 | 	8	 | 	10,82
  1	 | 	8	 | 	4,12
  1	 | 	9	 | 	13,93
  2	 | 	3	 | 	8,06
  2	 | 	5	 | 	2,00
  2	 | 	7	 | 	4,12
  3	 | 	4	 | 	5,10
  3	 | 	8	 | 	3,61
  4	 | 	5	 | 	13,00
  4	 | 	8	 | 	3,61
  5	 | 	6	 | 	1,41
  6	 | 	7	 | 	2,24
  6	 | 	8	 | 	9,06
  6	 | 	9	 | 	5,39
  7	 | 	9	 | 	3,16
  0	 | 	9	 | 	8,60
___________________________
