Simulation Topology 1
___________________________
[15]				[0]		
[10]				[1]		
[13]				[1]		
[8]				[2]		
[16]				[3]		
[7]				[5]		
[0]				[5]		
[1]				[6]		
[6]				[6]		
[0]				[8]		
___________________________
Simulation Topology [1:1]
___________________________
From 	  To 		Length
___________________________
  0	 | 	1	 | 	5,10
  0	 | 	2	 | 	2,24
  0	 | 	7	 | 	15,23
  1	 | 	5	 | 	5,00
  1	 | 	9	 | 	12,21
  2	 | 	3	 | 	5,10
  2	 | 	4	 | 	3,61
  2	 | 	8	 | 	8,60
  3	 | 	5	 | 	3,16
  3	 | 	6	 | 	8,54
  3	 | 	8	 | 	4,47
  4	 | 	5	 | 	9,22
  4	 | 	7	 | 	15,30
  4	 | 	8	 | 	10,44
  5	 | 	8	 | 	1,41
  5	 | 	9	 | 	7,62
  6	 | 	8	 | 	6,08
  6	 | 	9	 | 	3,00
  7	 | 	9	 | 	2,24
___________________________
Simulation Topology [1:2]
___________________________
From 	  To 		Length
___________________________
  0	 | 	1	 | 	5,10
  0	 | 	2	 | 	2,24
  0	 | 	7	 | 	15,23
  1	 | 	5	 | 	5,00
  1	 | 	9	 | 	12,21
  2	 | 	3	 | 	5,10
  2	 | 	4	 | 	3,61
  2	 | 	8	 | 	8,60
  3	 | 	5	 | 	3,16
  3	 | 	6	 | 	8,54
  3	 | 	8	 | 	4,47
  4	 | 	5	 | 	9,22
  4	 | 	7	 | 	15,30
  4	 | 	8	 | 	10,44
  5	 | 	8	 | 	1,41
  5	 | 	9	 | 	7,62
  6	 | 	8	 | 	6,08
  6	 | 	9	 | 	3,00
  7	 | 	9	 | 	2,24
  1	 | 	3	 | 	2,24
___________________________
