Simulation Topology 1
___________________________
[11]				[0]		
[6]				[2]		
[16]				[4]		
[18]				[5]		
[9]				[12]		
[1]				[14]		
[10]				[15]		
[17]				[15]		
[13]				[16]		
[1]				[16]		
___________________________
Simulation Topology [1:1]
___________________________
From 	  To 		Length
___________________________
  0	 | 	1	 | 	5,39
  0	 | 	4	 | 	12,17
  0	 | 	6	 | 	15,03
  0	 | 	7	 | 	16,16
  1	 | 	3	 | 	12,37
  1	 | 	8	 | 	15,65
  1	 | 	9	 | 	14,87
  2	 | 	3	 | 	2,24
  2	 | 	6	 | 	12,53
  2	 | 	8	 | 	12,37
  2	 | 	9	 | 	19,21
  3	 | 	4	 | 	11,40
  4	 | 	6	 | 	3,16
  4	 | 	9	 | 	8,94
  5	 | 	8	 | 	12,17
  5	 | 	9	 | 	2,00
  7	 | 	8	 | 	4,12
  7	 | 	9	 | 	16,03
___________________________
Simulation Topology [1:2]
___________________________
From 	  To 		Length
___________________________
  0	 | 	1	 | 	5,39
  0	 | 	4	 | 	12,17
  0	 | 	6	 | 	15,03
  0	 | 	7	 | 	16,16
  1	 | 	3	 | 	12,37
  1	 | 	8	 | 	15,65
  1	 | 	9	 | 	14,87
  2	 | 	3	 | 	2,24
  2	 | 	6	 | 	12,53
  2	 | 	8	 | 	12,37
  2	 | 	9	 | 	19,21
  3	 | 	4	 | 	11,40
  4	 | 	6	 | 	3,16
  4	 | 	9	 | 	8,94
  5	 | 	8	 | 	12,17
  5	 | 	9	 | 	2,00
  7	 | 	8	 | 	4,12
  7	 | 	9	 | 	16,03
  6	 | 	7	 | 	7,00
___________________________
Simulation Topology [1:3]
___________________________
From 	  To 		Length
___________________________
  0	 | 	1	 | 	5,39
  0	 | 	4	 | 	12,17
  0	 | 	6	 | 	15,03
  0	 | 	7	 | 	16,16
  1	 | 	3	 | 	12,37
  1	 | 	8	 | 	15,65
  1	 | 	9	 | 	14,87
  2	 | 	3	 | 	2,24
  2	 | 	6	 | 	12,53
  2	 | 	8	 | 	12,37
  2	 | 	9	 | 	19,21
  3	 | 	4	 | 	11,40
  4	 | 	6	 | 	3,16
  4	 | 	9	 | 	8,94
  5	 | 	8	 | 	12,17
  5	 | 	9	 | 	2,00
  7	 | 	8	 | 	4,12
  7	 | 	9	 | 	16,03
  6	 | 	7	 | 	7,00
  6	 | 	8	 | 	3,16
___________________________
