Simulation Topology 1
___________________________
[14]				[0]		
[4]				[0]		
[10]				[1]		
[3]				[1]		
[9]				[2]		
[15]				[3]		
[11]				[5]		
[2]				[5]		
[7]				[6]		
[12]				[7]		
___________________________
Simulation Topology [1:1]
___________________________
From 	  To 		Length
___________________________
  0	 | 	1	 | 	10,00
  0	 | 	3	 | 	11,05
  0	 | 	5	 | 	3,16
  0	 | 	7	 | 	13,00
  0	 | 	8	 | 	9,22
  1	 | 	4	 | 	5,39
  1	 | 	6	 | 	8,60
  1	 | 	8	 | 	6,71
  1	 | 	9	 | 	10,63
  2	 | 	3	 | 	7,00
  2	 | 	4	 | 	1,41
  2	 | 	6	 | 	4,12
  2	 | 	8	 | 	5,83
  3	 | 	5	 | 	12,17
  3	 | 	9	 | 	10,82
  4	 | 	5	 | 	6,08
  4	 | 	6	 | 	3,61
  6	 | 	8	 | 	4,12
  7	 | 	9	 | 	10,20
___________________________
Simulation Topology [1:2]
___________________________
From 	  To 		Length
___________________________
  0	 | 	1	 | 	10,00
  0	 | 	3	 | 	11,05
  0	 | 	5	 | 	3,16
  0	 | 	7	 | 	13,00
  0	 | 	8	 | 	9,22
  1	 | 	4	 | 	5,39
  1	 | 	6	 | 	8,60
  1	 | 	8	 | 	6,71
  1	 | 	9	 | 	10,63
  2	 | 	3	 | 	7,00
  2	 | 	4	 | 	1,41
  2	 | 	6	 | 	4,12
  2	 | 	8	 | 	5,83
  3	 | 	5	 | 	12,17
  3	 | 	9	 | 	10,82
  4	 | 	5	 | 	6,08
  4	 | 	6	 | 	3,61
  6	 | 	8	 | 	4,12
  7	 | 	9	 | 	10,20
  1	 | 	2	 | 	6,08
___________________________
