Simulation Topology 1
___________________________
[16]				[0]		
[9]				[1]		
[6]				[1]		
[13]				[2]		
[19]				[3]		
[11]				[3]		
[15]				[4]		
[0]				[5]		
[16]				[5]		
[9]				[7]		
___________________________
Simulation Topology [1:1]
___________________________
From 	  To 		Length
___________________________
  0	 | 	1	 | 	7,07
  0	 | 	2	 | 	10,05
  0	 | 	3	 | 	3,61
  0	 | 	6	 | 	4,12
  0	 | 	7	 | 	16,76
  1	 | 	4	 | 	10,20
  2	 | 	3	 | 	7,07
  2	 | 	4	 | 	13,15
  2	 | 	9	 | 	6,71
  3	 | 	8	 | 	4,24
  3	 | 	9	 | 	6,40
  4	 | 	5	 | 	8,00
  4	 | 	9	 | 	10,77
  5	 | 	6	 | 	4,12
  5	 | 	7	 | 	11,18
  5	 | 	8	 | 	5,39
  5	 | 	9	 | 	4,47
  6	 | 	7	 | 	15,03
  7	 | 	9	 | 	9,22
___________________________
Simulation Topology [1:2]
___________________________
From 	  To 		Length
___________________________
  0	 | 	1	 | 	7,07
  0	 | 	2	 | 	10,05
  0	 | 	3	 | 	3,61
  0	 | 	6	 | 	4,12
  0	 | 	7	 | 	16,76
  1	 | 	4	 | 	10,20
  2	 | 	3	 | 	7,07
  2	 | 	4	 | 	13,15
  2	 | 	9	 | 	6,71
  3	 | 	8	 | 	4,24
  3	 | 	9	 | 	6,40
  4	 | 	5	 | 	8,00
  4	 | 	9	 | 	10,77
  5	 | 	6	 | 	4,12
  5	 | 	7	 | 	11,18
  5	 | 	8	 | 	5,39
  5	 | 	9	 | 	4,47
  6	 | 	7	 | 	15,03
  7	 | 	9	 | 	9,22
  0	 | 	4	 | 	4,24
___________________________
