Simulation Topology 1
___________________________
[8]				[0]		
[14]				[1]		
[14]				[2]		
[9]				[2]		
[7]				[3]		
[2]				[3]		
[11]				[4]		
[3]				[4]		
[6]				[7]		
[18]				[7]		
___________________________
Simulation Topology [1:1]
___________________________
From 	  To 		Length
___________________________
  0	 | 	1	 | 	6,08
  0	 | 	2	 | 	6,32
  0	 | 	7	 | 	6,40
  0	 | 	8	 | 	7,28
  0	 | 	9	 | 	12,21
  1	 | 	2	 | 	1,00
  1	 | 	4	 | 	7,28
  1	 | 	9	 | 	7,21
  2	 | 	3	 | 	5,00
  2	 | 	9	 | 	6,40
  3	 | 	4	 | 	2,24
  3	 | 	7	 | 	6,32
  4	 | 	5	 | 	5,00
  4	 | 	7	 | 	4,12
  4	 | 	9	 | 	11,70
  5	 | 	9	 | 	16,49
  6	 | 	7	 | 	8,00
  6	 | 	8	 | 	5,83
___________________________
Simulation Topology [1:2]
___________________________
From 	  To 		Length
___________________________
  0	 | 	1	 | 	6,08
  0	 | 	2	 | 	6,32
  0	 | 	7	 | 	6,40
  0	 | 	8	 | 	7,28
  0	 | 	9	 | 	12,21
  1	 | 	2	 | 	1,00
  1	 | 	4	 | 	7,28
  1	 | 	9	 | 	7,21
  2	 | 	3	 | 	5,00
  2	 | 	9	 | 	6,40
  3	 | 	4	 | 	2,24
  3	 | 	7	 | 	6,32
  4	 | 	5	 | 	5,00
  4	 | 	7	 | 	4,12
  4	 | 	9	 | 	11,70
  5	 | 	9	 | 	16,49
  6	 | 	7	 | 	8,00
  6	 | 	8	 | 	5,83
  3	 | 	6	 | 	2,83
___________________________
Simulation Topology [1:3]
___________________________
From 	  To 		Length
___________________________
  0	 | 	1	 | 	6,08
  0	 | 	2	 | 	6,32
  0	 | 	7	 | 	6,40
  0	 | 	8	 | 	7,28
  0	 | 	9	 | 	12,21
  1	 | 	2	 | 	1,00
  1	 | 	4	 | 	7,28
  1	 | 	9	 | 	7,21
  2	 | 	3	 | 	5,00
  2	 | 	9	 | 	6,40
  3	 | 	4	 | 	2,24
  3	 | 	7	 | 	6,32
  4	 | 	5	 | 	5,00
  4	 | 	7	 | 	4,12
  4	 | 	9	 | 	11,70
  5	 | 	9	 | 	16,49
  6	 | 	7	 | 	8,00
  6	 | 	8	 | 	5,83
  3	 | 	6	 | 	2,83
  5	 | 	7	 | 	1,41
___________________________
