Simulation Topology 1
___________________________
[17]				[0]		
[6]				[2]		
[4]				[2]		
[2]				[3]		
[1]				[4]		
[14]				[5]		
[11]				[6]		
[9]				[6]		
[14]				[7]		
[16]				[8]		
___________________________
Simulation Topology [1:1]
___________________________
From 	  To 		Length
___________________________
  0	 | 	1	 | 	11,18
  0	 | 	2	 | 	13,15
  0	 | 	3	 | 	15,30
  0	 | 	7	 | 	10,00
  0	 | 	8	 | 	7,62
  1	 | 	3	 | 	4,12
  1	 | 	5	 | 	8,54
  1	 | 	9	 | 	11,66
  2	 | 	3	 | 	2,24
  2	 | 	8	 | 	11,18
  3	 | 	8	 | 	12,65
  4	 | 	5	 | 	13,04
  4	 | 	6	 | 	10,20
  4	 | 	8	 | 	13,34
  4	 | 	9	 | 	15,52
  5	 | 	9	 | 	3,61
  6	 | 	9	 | 	5,39
  7	 | 	9	 | 	7,28
___________________________
Simulation Topology [1:2]
___________________________
From 	  To 		Length
___________________________
  0	 | 	1	 | 	11,18
  0	 | 	2	 | 	13,15
  0	 | 	3	 | 	15,30
  0	 | 	7	 | 	10,00
  0	 | 	8	 | 	7,62
  1	 | 	3	 | 	4,12
  1	 | 	5	 | 	8,54
  1	 | 	9	 | 	11,66
  2	 | 	3	 | 	2,24
  2	 | 	8	 | 	11,18
  3	 | 	8	 | 	12,65
  4	 | 	5	 | 	13,04
  4	 | 	6	 | 	10,20
  4	 | 	8	 | 	13,34
  4	 | 	9	 | 	15,52
  5	 | 	9	 | 	3,61
  6	 | 	9	 | 	5,39
  7	 | 	9	 | 	7,28
  3	 | 	4	 | 	1,41
___________________________
Simulation Topology [1:3]
___________________________
From 	  To 		Length
___________________________
  0	 | 	1	 | 	11,18
  0	 | 	2	 | 	13,15
  0	 | 	3	 | 	15,30
  0	 | 	7	 | 	10,00
  0	 | 	8	 | 	7,62
  1	 | 	3	 | 	4,12
  1	 | 	5	 | 	8,54
  1	 | 	9	 | 	11,66
  2	 | 	3	 | 	2,24
  2	 | 	8	 | 	11,18
  3	 | 	8	 | 	12,65
  4	 | 	5	 | 	13,04
  4	 | 	6	 | 	10,20
  4	 | 	8	 | 	13,34
  4	 | 	9	 | 	15,52
  5	 | 	9	 | 	3,61
  6	 | 	9	 | 	5,39
  7	 | 	9	 | 	7,28
  3	 | 	4	 | 	1,41
  3	 | 	7	 | 	7,62
___________________________
