Simulation Topology 1
___________________________
[3]				[1]		
[10]				[1]		
[2]				[2]		
[14]				[3]		
[16]				[3]		
[13]				[4]		
[11]				[5]		
[5]				[5]		
[18]				[6]		
[14]				[6]		
___________________________
Simulation Topology [1:1]
___________________________
From 	  To 		Length
___________________________
  0	 | 	1	 | 	7,00
  0	 | 	2	 | 	1,41
  0	 | 	4	 | 	13,15
  1	 | 	3	 | 	4,47
  1	 | 	5	 | 	4,24
  1	 | 	9	 | 	6,40
  2	 | 	3	 | 	12,04
  2	 | 	5	 | 	11,18
  2	 | 	7	 | 	4,24
  2	 | 	8	 | 	16,49
  3	 | 	5	 | 	1,41
  3	 | 	6	 | 	3,61
  3	 | 	7	 | 	9,22
  3	 | 	9	 | 	3,00
  4	 | 	5	 | 	3,16
  4	 | 	6	 | 	5,39
  4	 | 	9	 | 	3,61
  5	 | 	6	 | 	2,24
  5	 | 	9	 | 	2,24
  6	 | 	7	 | 	6,00
  7	 | 	8	 | 	13,04
___________________________
Simulation Topology [1:2]
___________________________
From 	  To 		Length
___________________________
  0	 | 	1	 | 	7,00
  0	 | 	2	 | 	1,41
  0	 | 	4	 | 	13,15
  1	 | 	3	 | 	4,47
  1	 | 	5	 | 	4,24
  1	 | 	9	 | 	6,40
  2	 | 	3	 | 	12,04
  2	 | 	5	 | 	11,18
  2	 | 	7	 | 	4,24
  2	 | 	8	 | 	16,49
  3	 | 	5	 | 	1,41
  3	 | 	6	 | 	3,61
  3	 | 	7	 | 	9,22
  3	 | 	9	 | 	3,00
  4	 | 	5	 | 	3,16
  4	 | 	6	 | 	5,39
  4	 | 	9	 | 	3,61
  5	 | 	6	 | 	2,24
  5	 | 	9	 | 	2,24
  6	 | 	7	 | 	6,00
  7	 | 	8	 | 	13,04
  4	 | 	8	 | 	3,61
___________________________
Simulation Topology [1:3]
___________________________
From 	  To 		Length
___________________________
  0	 | 	1	 | 	7,00
  0	 | 	2	 | 	1,41
  0	 | 	4	 | 	13,15
  1	 | 	3	 | 	4,47
  1	 | 	5	 | 	4,24
  1	 | 	9	 | 	6,40
  2	 | 	3	 | 	12,04
  2	 | 	5	 | 	11,18
  2	 | 	7	 | 	4,24
  2	 | 	8	 | 	16,49
  3	 | 	5	 | 	1,41
  3	 | 	6	 | 	3,61
  3	 | 	7	 | 	9,22
  3	 | 	9	 | 	3,00
  4	 | 	5	 | 	3,16
  4	 | 	6	 | 	5,39
  4	 | 	9	 | 	3,61
  5	 | 	6	 | 	2,24
  5	 | 	9	 | 	2,24
  6	 | 	7	 | 	6,00
  7	 | 	8	 | 	13,04
  4	 | 	8	 | 	3,61
  0	 | 	9	 | 	12,08
___________________________
Simulation Topology [1:4]
___________________________
From 	  To 		Length
___________________________
  0	 | 	1	 | 	7,00
  0	 | 	2	 | 	1,41
  0	 | 	4	 | 	13,15
  1	 | 	3	 | 	4,47
  1	 | 	5	 | 	4,24
  1	 | 	9	 | 	6,40
  2	 | 	3	 | 	12,04
  2	 | 	5	 | 	11,18
  2	 | 	7	 | 	4,24
  2	 | 	8	 | 	16,49
  3	 | 	5	 | 	1,41
  3	 | 	6	 | 	3,61
  3	 | 	7	 | 	9,22
  3	 | 	9	 | 	3,00
  4	 | 	5	 | 	3,16
  4	 | 	6	 | 	5,39
  4	 | 	9	 | 	3,61
  5	 | 	6	 | 	2,24
  5	 | 	9	 | 	2,24
  6	 | 	7	 | 	6,00
  7	 | 	8	 | 	13,04
  4	 | 	8	 | 	3,61
  0	 | 	9	 | 	12,08
  0	 | 	7	 | 	4,47
___________________________
Simulation Topology [1:5]
___________________________
From 	  To 		Length
___________________________
  0	 | 	1	 | 	7,00
  0	 | 	2	 | 	1,41
  0	 | 	4	 | 	13,15
  1	 | 	3	 | 	4,47
  1	 | 	5	 | 	4,24
  1	 | 	9	 | 	6,40
  2	 | 	3	 | 	12,04
  2	 | 	5	 | 	11,18
  2	 | 	7	 | 	4,24
  2	 | 	8	 | 	16,49
  3	 | 	5	 | 	1,41
  3	 | 	6	 | 	3,61
  3	 | 	7	 | 	9,22
  3	 | 	9	 | 	3,00
  4	 | 	5	 | 	3,16
  4	 | 	6	 | 	5,39
  4	 | 	9	 | 	3,61
  5	 | 	6	 | 	2,24
  5	 | 	9	 | 	2,24
  6	 | 	7	 | 	6,00
  7	 | 	8	 | 	13,04
  4	 | 	8	 | 	3,61
  0	 | 	9	 | 	12,08
  0	 | 	7	 | 	4,47
  6	 | 	8	 | 	7,07
___________________________
Simulation Topology [1:6]
___________________________
From 	  To 		Length
___________________________
  0	 | 	1	 | 	7,00
  0	 | 	2	 | 	1,41
  0	 | 	4	 | 	13,15
  1	 | 	3	 | 	4,47
  1	 | 	5	 | 	4,24
  1	 | 	9	 | 	6,40
  2	 | 	3	 | 	12,04
  2	 | 	5	 | 	11,18
  2	 | 	7	 | 	4,24
  2	 | 	8	 | 	16,49
  3	 | 	5	 | 	1,41
  3	 | 	6	 | 	3,61
  3	 | 	7	 | 	9,22
  3	 | 	9	 | 	3,00
  4	 | 	5	 | 	3,16
  4	 | 	6	 | 	5,39
  4	 | 	9	 | 	3,61
  5	 | 	6	 | 	2,24
  5	 | 	9	 | 	2,24
  6	 | 	7	 | 	6,00
  7	 | 	8	 | 	13,04
  4	 | 	8	 | 	3,61
  0	 | 	9	 | 	12,08
  0	 | 	7	 | 	4,47
  6	 | 	8	 | 	7,07
  6	 | 	9	 | 	3,16
___________________________
Simulation Topology [1:7]
___________________________
From 	  To 		Length
___________________________
  0	 | 	1	 | 	7,00
  0	 | 	2	 | 	1,41
  0	 | 	4	 | 	13,15
  1	 | 	3	 | 	4,47
  1	 | 	5	 | 	4,24
  1	 | 	9	 | 	6,40
  2	 | 	3	 | 	12,04
  2	 | 	5	 | 	11,18
  2	 | 	7	 | 	4,24
  2	 | 	8	 | 	16,49
  3	 | 	5	 | 	1,41
  3	 | 	6	 | 	3,61
  3	 | 	7	 | 	9,22
  3	 | 	9	 | 	3,00
  4	 | 	5	 | 	3,16
  4	 | 	6	 | 	5,39
  4	 | 	9	 | 	3,61
  5	 | 	6	 | 	2,24
  5	 | 	9	 | 	2,24
  6	 | 	7	 | 	6,00
  7	 | 	8	 | 	13,04
  4	 | 	8	 | 	3,61
  0	 | 	9	 | 	12,08
  0	 | 	7	 | 	4,47
  6	 | 	8	 | 	7,07
  6	 | 	9	 | 	3,16
  1	 | 	6	 | 	4,12
___________________________
Simulation Topology [1:8]
___________________________
From 	  To 		Length
___________________________
  0	 | 	1	 | 	7,00
  0	 | 	2	 | 	1,41
  0	 | 	4	 | 	13,15
  1	 | 	3	 | 	4,47
  1	 | 	5	 | 	4,24
  1	 | 	9	 | 	6,40
  2	 | 	3	 | 	12,04
  2	 | 	5	 | 	11,18
  2	 | 	7	 | 	4,24
  2	 | 	8	 | 	16,49
  3	 | 	5	 | 	1,41
  3	 | 	6	 | 	3,61
  3	 | 	7	 | 	9,22
  3	 | 	9	 | 	3,00
  4	 | 	5	 | 	3,16
  4	 | 	6	 | 	5,39
  4	 | 	9	 | 	3,61
  5	 | 	6	 | 	2,24
  5	 | 	9	 | 	2,24
  6	 | 	7	 | 	6,00
  7	 | 	8	 | 	13,04
  4	 | 	8	 | 	3,61
  0	 | 	9	 | 	12,08
  0	 | 	7	 | 	4,47
  6	 | 	8	 | 	7,07
  6	 | 	9	 | 	3,16
  1	 | 	6	 | 	4,12
  7	 | 	9	 | 	9,06
___________________________
Simulation Topology [1:9]
___________________________
From 	  To 		Length
___________________________
  0	 | 	1	 | 	7,00
  0	 | 	2	 | 	1,41
  0	 | 	4	 | 	13,15
  1	 | 	3	 | 	4,47
  1	 | 	5	 | 	4,24
  1	 | 	9	 | 	6,40
  2	 | 	3	 | 	12,04
  2	 | 	5	 | 	11,18
  2	 | 	7	 | 	4,24
  2	 | 	8	 | 	16,49
  3	 | 	5	 | 	1,41
  3	 | 	6	 | 	3,61
  3	 | 	7	 | 	9,22
  3	 | 	9	 | 	3,00
  4	 | 	5	 | 	3,16
  4	 | 	6	 | 	5,39
  4	 | 	9	 | 	3,61
  5	 | 	6	 | 	2,24
  5	 | 	9	 | 	2,24
  6	 | 	7	 | 	6,00
  7	 | 	8	 | 	13,04
  4	 | 	8	 | 	3,61
  0	 | 	9	 | 	12,08
  0	 | 	7	 | 	4,47
  6	 | 	8	 | 	7,07
  6	 | 	9	 | 	3,16
  1	 | 	6	 | 	4,12
  7	 | 	9	 | 	9,06
  1	 | 	7	 | 	6,40
___________________________
Simulation Topology [1:10]
___________________________
From 	  To 		Length
___________________________
  0	 | 	1	 | 	7,00
  0	 | 	2	 | 	1,41
  0	 | 	4	 | 	13,15
  1	 | 	3	 | 	4,47
  1	 | 	5	 | 	4,24
  1	 | 	9	 | 	6,40
  2	 | 	3	 | 	12,04
  2	 | 	5	 | 	11,18
  2	 | 	7	 | 	4,24
  2	 | 	8	 | 	16,49
  3	 | 	5	 | 	1,41
  3	 | 	6	 | 	3,61
  3	 | 	7	 | 	9,22
  3	 | 	9	 | 	3,00
  4	 | 	5	 | 	3,16
  4	 | 	6	 | 	5,39
  4	 | 	9	 | 	3,61
  5	 | 	6	 | 	2,24
  5	 | 	9	 | 	2,24
  6	 | 	7	 | 	6,00
  7	 | 	8	 | 	13,04
  4	 | 	8	 | 	3,61
  0	 | 	9	 | 	12,08
  0	 | 	7	 | 	4,47
  6	 | 	8	 | 	7,07
  6	 | 	9	 | 	3,16
  1	 | 	6	 | 	4,12
  7	 | 	9	 | 	9,06
  1	 | 	7	 | 	6,40
  3	 | 	8	 | 	5,00
___________________________
Simulation Topology [1:11]
___________________________
From 	  To 		Length
___________________________
  0	 | 	1	 | 	7,00
  0	 | 	2	 | 	1,41
  0	 | 	4	 | 	13,15
  1	 | 	3	 | 	4,47
  1	 | 	5	 | 	4,24
  1	 | 	9	 | 	6,40
  2	 | 	3	 | 	12,04
  2	 | 	5	 | 	11,18
  2	 | 	7	 | 	4,24
  2	 | 	8	 | 	16,49
  3	 | 	5	 | 	1,41
  3	 | 	6	 | 	3,61
  3	 | 	7	 | 	9,22
  3	 | 	9	 | 	3,00
  4	 | 	5	 | 	3,16
  4	 | 	6	 | 	5,39
  4	 | 	9	 | 	3,61
  5	 | 	6	 | 	2,24
  5	 | 	9	 | 	2,24
  6	 | 	7	 | 	6,00
  7	 | 	8	 | 	13,04
  4	 | 	8	 | 	3,61
  0	 | 	9	 | 	12,08
  0	 | 	7	 | 	4,47
  6	 | 	8	 | 	7,07
  6	 | 	9	 | 	3,16
  1	 | 	6	 | 	4,12
  7	 | 	9	 | 	9,06
  1	 | 	7	 | 	6,40
  3	 | 	8	 | 	5,00
  8	 | 	9	 | 	4,00
___________________________
Simulation Topology [1:12]
___________________________
From 	  To 		Length
___________________________
  0	 | 	1	 | 	7,00
  0	 | 	2	 | 	1,41
  0	 | 	4	 | 	13,15
  1	 | 	3	 | 	4,47
  1	 | 	5	 | 	4,24
  1	 | 	9	 | 	6,40
  2	 | 	3	 | 	12,04
  2	 | 	5	 | 	11,18
  2	 | 	7	 | 	4,24
  2	 | 	8	 | 	16,49
  3	 | 	5	 | 	1,41
  3	 | 	6	 | 	3,61
  3	 | 	7	 | 	9,22
  3	 | 	9	 | 	3,00
  4	 | 	5	 | 	3,16
  4	 | 	6	 | 	5,39
  4	 | 	9	 | 	3,61
  5	 | 	6	 | 	2,24
  5	 | 	9	 | 	2,24
  6	 | 	7	 | 	6,00
  7	 | 	8	 | 	13,04
  4	 | 	8	 | 	3,61
  0	 | 	9	 | 	12,08
  0	 | 	7	 | 	4,47
  6	 | 	8	 | 	7,07
  6	 | 	9	 | 	3,16
  1	 | 	6	 | 	4,12
  7	 | 	9	 | 	9,06
  1	 | 	7	 | 	6,40
  3	 | 	8	 | 	5,00
  8	 | 	9	 | 	4,00
  1	 | 	4	 | 	6,32
___________________________
Simulation Topology [1:13]
___________________________
From 	  To 		Length
___________________________
  0	 | 	1	 | 	7,00
  0	 | 	2	 | 	1,41
  0	 | 	4	 | 	13,15
  1	 | 	3	 | 	4,47
  1	 | 	5	 | 	4,24
  1	 | 	9	 | 	6,40
  2	 | 	3	 | 	12,04
  2	 | 	5	 | 	11,18
  2	 | 	7	 | 	4,24
  2	 | 	8	 | 	16,49
  3	 | 	5	 | 	1,41
  3	 | 	6	 | 	3,61
  3	 | 	7	 | 	9,22
  3	 | 	9	 | 	3,00
  4	 | 	5	 | 	3,16
  4	 | 	6	 | 	5,39
  4	 | 	9	 | 	3,61
  5	 | 	6	 | 	2,24
  5	 | 	9	 | 	2,24
  6	 | 	7	 | 	6,00
  7	 | 	8	 | 	13,04
  4	 | 	8	 | 	3,61
  0	 | 	9	 | 	12,08
  0	 | 	7	 | 	4,47
  6	 | 	8	 | 	7,07
  6	 | 	9	 | 	3,16
  1	 | 	6	 | 	4,12
  7	 | 	9	 | 	9,06
  1	 | 	7	 | 	6,40
  3	 | 	8	 | 	5,00
  8	 | 	9	 | 	4,00
  1	 | 	4	 | 	6,32
  5	 | 	8	 | 	5,39
___________________________
Simulation Topology [1:14]
___________________________
From 	  To 		Length
___________________________
  0	 | 	1	 | 	7,00
  0	 | 	2	 | 	1,41
  0	 | 	4	 | 	13,15
  1	 | 	3	 | 	4,47
  1	 | 	5	 | 	4,24
  1	 | 	9	 | 	6,40
  2	 | 	3	 | 	12,04
  2	 | 	5	 | 	11,18
  2	 | 	7	 | 	4,24
  2	 | 	8	 | 	16,49
  3	 | 	5	 | 	1,41
  3	 | 	6	 | 	3,61
  3	 | 	7	 | 	9,22
  3	 | 	9	 | 	3,00
  4	 | 	5	 | 	3,16
  4	 | 	6	 | 	5,39
  4	 | 	9	 | 	3,61
  5	 | 	6	 | 	2,24
  5	 | 	9	 | 	2,24
  6	 | 	7	 | 	6,00
  7	 | 	8	 | 	13,04
  4	 | 	8	 | 	3,61
  0	 | 	9	 | 	12,08
  0	 | 	7	 | 	4,47
  6	 | 	8	 | 	7,07
  6	 | 	9	 | 	3,16
  1	 | 	6	 | 	4,12
  7	 | 	9	 | 	9,06
  1	 | 	7	 | 	6,40
  3	 | 	8	 | 	5,00
  8	 | 	9	 | 	4,00
  1	 | 	4	 | 	6,32
  5	 | 	8	 | 	5,39
  3	 | 	4	 | 	2,00
___________________________
Simulation Topology [1:15]
___________________________
From 	  To 		Length
___________________________
  0	 | 	1	 | 	7,00
  0	 | 	2	 | 	1,41
  0	 | 	4	 | 	13,15
  1	 | 	3	 | 	4,47
  1	 | 	5	 | 	4,24
  1	 | 	9	 | 	6,40
  2	 | 	3	 | 	12,04
  2	 | 	5	 | 	11,18
  2	 | 	7	 | 	4,24
  2	 | 	8	 | 	16,49
  3	 | 	5	 | 	1,41
  3	 | 	6	 | 	3,61
  3	 | 	7	 | 	9,22
  3	 | 	9	 | 	3,00
  4	 | 	5	 | 	3,16
  4	 | 	6	 | 	5,39
  4	 | 	9	 | 	3,61
  5	 | 	6	 | 	2,24
  5	 | 	9	 | 	2,24
  6	 | 	7	 | 	6,00
  7	 | 	8	 | 	13,04
  4	 | 	8	 | 	3,61
  0	 | 	9	 | 	12,08
  0	 | 	7	 | 	4,47
  6	 | 	8	 | 	7,07
  6	 | 	9	 | 	3,16
  1	 | 	6	 | 	4,12
  7	 | 	9	 | 	9,06
  1	 | 	7	 | 	6,40
  3	 | 	8	 | 	5,00
  8	 | 	9	 | 	4,00
  1	 | 	4	 | 	6,32
  5	 | 	8	 | 	5,39
  3	 | 	4	 | 	2,00
  1	 | 	8	 | 	9,43
___________________________
Simulation Topology [1:16]
___________________________
From 	  To 		Length
___________________________
  0	 | 	1	 | 	7,00
  0	 | 	2	 | 	1,41
  0	 | 	4	 | 	13,15
  1	 | 	3	 | 	4,47
  1	 | 	5	 | 	4,24
  1	 | 	9	 | 	6,40
  2	 | 	3	 | 	12,04
  2	 | 	5	 | 	11,18
  2	 | 	7	 | 	4,24
  2	 | 	8	 | 	16,49
  3	 | 	5	 | 	1,41
  3	 | 	6	 | 	3,61
  3	 | 	7	 | 	9,22
  3	 | 	9	 | 	3,00
  4	 | 	5	 | 	3,16
  4	 | 	6	 | 	5,39
  4	 | 	9	 | 	3,61
  5	 | 	6	 | 	2,24
  5	 | 	9	 | 	2,24
  6	 | 	7	 | 	6,00
  7	 | 	8	 | 	13,04
  4	 | 	8	 | 	3,61
  0	 | 	9	 | 	12,08
  0	 | 	7	 | 	4,47
  6	 | 	8	 | 	7,07
  6	 | 	9	 | 	3,16
  1	 | 	6	 | 	4,12
  7	 | 	9	 | 	9,06
  1	 | 	7	 | 	6,40
  3	 | 	8	 | 	5,00
  8	 | 	9	 | 	4,00
  1	 | 	4	 | 	6,32
  5	 | 	8	 | 	5,39
  3	 | 	4	 | 	2,00
  1	 | 	8	 | 	9,43
  1	 | 	2	 | 	8,06
___________________________
Simulation Topology [1:17]
___________________________
From 	  To 		Length
___________________________
  0	 | 	1	 | 	7,00
  0	 | 	2	 | 	1,41
  0	 | 	4	 | 	13,15
  1	 | 	3	 | 	4,47
  1	 | 	5	 | 	4,24
  1	 | 	9	 | 	6,40
  2	 | 	3	 | 	12,04
  2	 | 	5	 | 	11,18
  2	 | 	7	 | 	4,24
  2	 | 	8	 | 	16,49
  3	 | 	5	 | 	1,41
  3	 | 	6	 | 	3,61
  3	 | 	7	 | 	9,22
  3	 | 	9	 | 	3,00
  4	 | 	5	 | 	3,16
  4	 | 	6	 | 	5,39
  4	 | 	9	 | 	3,61
  5	 | 	6	 | 	2,24
  5	 | 	9	 | 	2,24
  6	 | 	7	 | 	6,00
  7	 | 	8	 | 	13,04
  4	 | 	8	 | 	3,61
  0	 | 	9	 | 	12,08
  0	 | 	7	 | 	4,47
  6	 | 	8	 | 	7,07
  6	 | 	9	 | 	3,16
  1	 | 	6	 | 	4,12
  7	 | 	9	 | 	9,06
  1	 | 	7	 | 	6,40
  3	 | 	8	 | 	5,00
  8	 | 	9	 | 	4,00
  1	 | 	4	 | 	6,32
  5	 | 	8	 | 	5,39
  3	 | 	4	 | 	2,00
  1	 | 	8	 | 	9,43
  1	 | 	2	 | 	8,06
  0	 | 	6	 | 	8,94
___________________________
Simulation Topology [1:18]
___________________________
From 	  To 		Length
___________________________
  0	 | 	1	 | 	7,00
  0	 | 	2	 | 	1,41
  0	 | 	4	 | 	13,15
  1	 | 	3	 | 	4,47
  1	 | 	5	 | 	4,24
  1	 | 	9	 | 	6,40
  2	 | 	3	 | 	12,04
  2	 | 	5	 | 	11,18
  2	 | 	7	 | 	4,24
  2	 | 	8	 | 	16,49
  3	 | 	5	 | 	1,41
  3	 | 	6	 | 	3,61
  3	 | 	7	 | 	9,22
  3	 | 	9	 | 	3,00
  4	 | 	5	 | 	3,16
  4	 | 	6	 | 	5,39
  4	 | 	9	 | 	3,61
  5	 | 	6	 | 	2,24
  5	 | 	9	 | 	2,24
  6	 | 	7	 | 	6,00
  7	 | 	8	 | 	13,04
  4	 | 	8	 | 	3,61
  0	 | 	9	 | 	12,08
  0	 | 	7	 | 	4,47
  6	 | 	8	 | 	7,07
  6	 | 	9	 | 	3,16
  1	 | 	6	 | 	4,12
  7	 | 	9	 | 	9,06
  1	 | 	7	 | 	6,40
  3	 | 	8	 | 	5,00
  8	 | 	9	 | 	4,00
  1	 | 	4	 | 	6,32
  5	 | 	8	 | 	5,39
  3	 | 	4	 | 	2,00
  1	 | 	8	 | 	9,43
  1	 | 	2	 | 	8,06
  0	 | 	6	 | 	8,94
  2	 | 	6	 | 	9,49
___________________________
Simulation Topology [1:19]
___________________________
From 	  To 		Length
___________________________
  0	 | 	1	 | 	7,00
  0	 | 	2	 | 	1,41
  0	 | 	4	 | 	13,15
  1	 | 	3	 | 	4,47
  1	 | 	5	 | 	4,24
  1	 | 	9	 | 	6,40
  2	 | 	3	 | 	12,04
  2	 | 	5	 | 	11,18
  2	 | 	7	 | 	4,24
  2	 | 	8	 | 	16,49
  3	 | 	5	 | 	1,41
  3	 | 	6	 | 	3,61
  3	 | 	7	 | 	9,22
  3	 | 	9	 | 	3,00
  4	 | 	5	 | 	3,16
  4	 | 	6	 | 	5,39
  4	 | 	9	 | 	3,61
  5	 | 	6	 | 	2,24
  5	 | 	9	 | 	2,24
  6	 | 	7	 | 	6,00
  7	 | 	8	 | 	13,04
  4	 | 	8	 | 	3,61
  0	 | 	9	 | 	12,08
  0	 | 	7	 | 	4,47
  6	 | 	8	 | 	7,07
  6	 | 	9	 | 	3,16
  1	 | 	6	 | 	4,12
  7	 | 	9	 | 	9,06
  1	 | 	7	 | 	6,40
  3	 | 	8	 | 	5,00
  8	 | 	9	 | 	4,00
  1	 | 	4	 | 	6,32
  5	 | 	8	 | 	5,39
  3	 | 	4	 | 	2,00
  1	 | 	8	 | 	9,43
  1	 | 	2	 | 	8,06
  0	 | 	6	 | 	8,94
  2	 | 	6	 | 	9,49
  5	 | 	7	 | 	8,06
___________________________
Simulation Topology [1:20]
___________________________
From 	  To 		Length
___________________________
  0	 | 	1	 | 	7,00
  0	 | 	2	 | 	1,41
  0	 | 	4	 | 	13,15
  1	 | 	3	 | 	4,47
  1	 | 	5	 | 	4,24
  1	 | 	9	 | 	6,40
  2	 | 	3	 | 	12,04
  2	 | 	5	 | 	11,18
  2	 | 	7	 | 	4,24
  2	 | 	8	 | 	16,49
  3	 | 	5	 | 	1,41
  3	 | 	6	 | 	3,61
  3	 | 	7	 | 	9,22
  3	 | 	9	 | 	3,00
  4	 | 	5	 | 	3,16
  4	 | 	6	 | 	5,39
  4	 | 	9	 | 	3,61
  5	 | 	6	 | 	2,24
  5	 | 	9	 | 	2,24
  6	 | 	7	 | 	6,00
  7	 | 	8	 | 	13,04
  4	 | 	8	 | 	3,61
  0	 | 	9	 | 	12,08
  0	 | 	7	 | 	4,47
  6	 | 	8	 | 	7,07
  6	 | 	9	 | 	3,16
  1	 | 	6	 | 	4,12
  7	 | 	9	 | 	9,06
  1	 | 	7	 | 	6,40
  3	 | 	8	 | 	5,00
  8	 | 	9	 | 	4,00
  1	 | 	4	 | 	6,32
  5	 | 	8	 | 	5,39
  3	 | 	4	 | 	2,00
  1	 | 	8	 | 	9,43
  1	 | 	2	 | 	8,06
  0	 | 	6	 | 	8,94
  2	 | 	6	 | 	9,49
  5	 | 	7	 | 	8,06
  0	 | 	5	 | 	10,44
___________________________
