Simulation Topology 1
___________________________
[7]				[1]		
[17]				[1]		
[4]				[2]		
[6]				[2]		
[0]				[4]		
[17]				[4]		
[6]				[5]		
[17]				[8]		
[6]				[9]		
[8]				[9]		
___________________________
Simulation Topology [1:1]
___________________________
From 	  To 		Length
___________________________
  0	 | 	1	 | 	10,00
  0	 | 	4	 | 	7,62
  0	 | 	7	 | 	12,21
  0	 | 	8	 | 	8,06
  1	 | 	3	 | 	11,05
  1	 | 	5	 | 	3,00
  1	 | 	6	 | 	11,70
  2	 | 	3	 | 	2,00
  2	 | 	4	 | 	4,47
  2	 | 	6	 | 	3,61
  2	 | 	9	 | 	8,06
  3	 | 	8	 | 	7,00
  4	 | 	5	 | 	17,00
  5	 | 	6	 | 	11,05
  5	 | 	9	 | 	10,30
  6	 | 	7	 | 	11,40
  7	 | 	8	 | 	11,05
  8	 | 	9	 | 	2,00
___________________________
Simulation Topology [1:2]
___________________________
From 	  To 		Length
___________________________
  0	 | 	1	 | 	10,00
  0	 | 	4	 | 	7,62
  0	 | 	7	 | 	12,21
  0	 | 	8	 | 	8,06
  1	 | 	3	 | 	11,05
  1	 | 	5	 | 	3,00
  1	 | 	6	 | 	11,70
  2	 | 	3	 | 	2,00
  2	 | 	4	 | 	4,47
  2	 | 	6	 | 	3,61
  2	 | 	9	 | 	8,06
  3	 | 	8	 | 	7,00
  4	 | 	5	 | 	17,00
  5	 | 	6	 | 	11,05
  5	 | 	9	 | 	10,30
  6	 | 	7	 | 	11,40
  7	 | 	8	 | 	11,05
  8	 | 	9	 | 	2,00
  0	 | 	2	 | 	3,16
___________________________
Simulation Topology [1:3]
___________________________
From 	  To 		Length
___________________________
  0	 | 	1	 | 	10,00
  0	 | 	4	 | 	7,62
  0	 | 	7	 | 	12,21
  0	 | 	8	 | 	8,06
  1	 | 	3	 | 	11,05
  1	 | 	5	 | 	3,00
  1	 | 	6	 | 	11,70
  2	 | 	3	 | 	2,00
  2	 | 	4	 | 	4,47
  2	 | 	6	 | 	3,61
  2	 | 	9	 | 	8,06
  3	 | 	8	 | 	7,00
  4	 | 	5	 | 	17,00
  5	 | 	6	 | 	11,05
  5	 | 	9	 | 	10,30
  6	 | 	7	 | 	11,40
  7	 | 	8	 | 	11,05
  8	 | 	9	 | 	2,00
  0	 | 	2	 | 	3,16
  0	 | 	3	 | 	1,41
___________________________
