Simulation Topology 1
___________________________
[15]				[0]		
[6]				[2]		
[3]				[2]		
[7]				[3]		
[2]				[4]		
[16]				[4]		
[10]				[5]		
[14]				[6]		
[8]				[6]		
[13]				[7]		
___________________________
Simulation Topology [1:1]
___________________________
From 	  To 		Length
___________________________
  0	 | 	1	 | 	9,22
  0	 | 	3	 | 	8,54
  0	 | 	7	 | 	6,08
  0	 | 	8	 | 	9,22
  1	 | 	7	 | 	8,94
  2	 | 	3	 | 	4,12
  2	 | 	6	 | 	7,62
  2	 | 	7	 | 	11,70
  2	 | 	8	 | 	6,40
  2	 | 	9	 | 	11,18
  3	 | 	9	 | 	7,21
  4	 | 	5	 | 	14,00
  4	 | 	6	 | 	8,06
  4	 | 	8	 | 	6,32
  4	 | 	9	 | 	11,40
  5	 | 	6	 | 	6,08
  6	 | 	9	 | 	3,61
___________________________
Simulation Topology [1:2]
___________________________
From 	  To 		Length
___________________________
  0	 | 	1	 | 	9,22
  0	 | 	3	 | 	8,54
  0	 | 	7	 | 	6,08
  0	 | 	8	 | 	9,22
  1	 | 	7	 | 	8,94
  2	 | 	3	 | 	4,12
  2	 | 	6	 | 	7,62
  2	 | 	7	 | 	11,70
  2	 | 	8	 | 	6,40
  2	 | 	9	 | 	11,18
  3	 | 	9	 | 	7,21
  4	 | 	5	 | 	14,00
  4	 | 	6	 | 	8,06
  4	 | 	8	 | 	6,32
  4	 | 	9	 | 	11,40
  5	 | 	6	 | 	6,08
  6	 | 	9	 | 	3,61
  5	 | 	7	 | 	2,83
___________________________
Simulation Topology [1:3]
___________________________
From 	  To 		Length
___________________________
  0	 | 	1	 | 	9,22
  0	 | 	3	 | 	8,54
  0	 | 	7	 | 	6,08
  0	 | 	8	 | 	9,22
  1	 | 	7	 | 	8,94
  2	 | 	3	 | 	4,12
  2	 | 	6	 | 	7,62
  2	 | 	7	 | 	11,70
  2	 | 	8	 | 	6,40
  2	 | 	9	 | 	11,18
  3	 | 	9	 | 	7,21
  4	 | 	5	 | 	14,00
  4	 | 	6	 | 	8,06
  4	 | 	8	 | 	6,32
  4	 | 	9	 | 	11,40
  5	 | 	6	 | 	6,08
  6	 | 	9	 | 	3,61
  5	 | 	7	 | 	2,83
  1	 | 	3	 | 	1,41
___________________________
Simulation Topology [1:4]
___________________________
From 	  To 		Length
___________________________
  0	 | 	1	 | 	9,22
  0	 | 	3	 | 	8,54
  0	 | 	7	 | 	6,08
  0	 | 	8	 | 	9,22
  1	 | 	7	 | 	8,94
  2	 | 	3	 | 	4,12
  2	 | 	6	 | 	7,62
  2	 | 	7	 | 	11,70
  2	 | 	8	 | 	6,40
  2	 | 	9	 | 	11,18
  3	 | 	9	 | 	7,21
  4	 | 	5	 | 	14,00
  4	 | 	6	 | 	8,06
  4	 | 	8	 | 	6,32
  4	 | 	9	 | 	11,40
  5	 | 	6	 | 	6,08
  6	 | 	9	 | 	3,61
  5	 | 	7	 | 	2,83
  1	 | 	3	 | 	1,41
  1	 | 	2	 | 	3,00
___________________________
