Simulation Topology 1
___________________________
[9]				[1]		
[1]				[1]		
[0]				[2]		
[13]				[3]		
[10]				[4]		
[2]				[4]		
[3]				[5]		
[4]				[7]		
[18]				[7]		
[16]				[8]		
___________________________
Simulation Topology [1:1]
___________________________
From 	  To 		Length
___________________________
  0	 | 	1	 | 	8,00
  0	 | 	2	 | 	9,06
  0	 | 	4	 | 	3,16
  0	 | 	7	 | 	7,81
  0	 | 	9	 | 	9,90
  1	 | 	3	 | 	12,17
  1	 | 	4	 | 	9,49
  2	 | 	3	 | 	13,04
  2	 | 	9	 | 	17,09
  3	 | 	4	 | 	3,16
  3	 | 	6	 | 	10,20
  3	 | 	8	 | 	6,40
  4	 | 	5	 | 	8,00
  4	 | 	6	 | 	7,07
  4	 | 	7	 | 	6,71
  4	 | 	9	 | 	7,21
  5	 | 	8	 | 	16,28
  7	 | 	9	 | 	12,04
  8	 | 	9	 | 	2,24
___________________________
Simulation Topology [1:2]
___________________________
From 	  To 		Length
___________________________
  0	 | 	1	 | 	8,00
  0	 | 	2	 | 	9,06
  0	 | 	4	 | 	3,16
  0	 | 	7	 | 	7,81
  0	 | 	9	 | 	9,90
  1	 | 	3	 | 	12,17
  1	 | 	4	 | 	9,49
  2	 | 	3	 | 	13,04
  2	 | 	9	 | 	17,09
  3	 | 	4	 | 	3,16
  3	 | 	6	 | 	10,20
  3	 | 	8	 | 	6,40
  4	 | 	5	 | 	8,00
  4	 | 	6	 | 	7,07
  4	 | 	7	 | 	6,71
  4	 | 	9	 | 	7,21
  5	 | 	8	 | 	16,28
  7	 | 	9	 | 	12,04
  8	 | 	9	 | 	2,24
  1	 | 	6	 | 	4,47
___________________________
