Simulation Topology 1
___________________________
[5]				[0]		
[6]				[3]		
[17]				[4]		
[9]				[5]		
[7]				[5]		
[9]				[6]		
[17]				[6]		
[8]				[7]		
[19]				[7]		
[19]				[8]		
___________________________
Simulation Topology [1:1]
___________________________
From 	  To 		Length
___________________________
  0	 | 	1	 | 	3,16
  0	 | 	2	 | 	12,65
  0	 | 	7	 | 	7,62
  0	 | 	9	 | 	16,12
  1	 | 	4	 | 	2,24
  1	 | 	5	 | 	4,24
  2	 | 	3	 | 	8,06
  2	 | 	5	 | 	8,25
  2	 | 	8	 | 	3,61
  3	 | 	5	 | 	1,00
  3	 | 	6	 | 	8,06
  3	 | 	7	 | 	2,24
  4	 | 	5	 | 	2,24
  4	 | 	8	 | 	12,17
  4	 | 	9	 | 	12,37
  5	 | 	7	 | 	1,41
  5	 | 	8	 | 	10,05
  6	 | 	8	 | 	2,24
  6	 | 	9	 | 	2,83
___________________________
Simulation Topology [1:2]
___________________________
From 	  To 		Length
___________________________
  0	 | 	1	 | 	3,16
  0	 | 	2	 | 	12,65
  0	 | 	7	 | 	7,62
  0	 | 	9	 | 	16,12
  1	 | 	4	 | 	2,24
  1	 | 	5	 | 	4,24
  2	 | 	3	 | 	8,06
  2	 | 	5	 | 	8,25
  2	 | 	8	 | 	3,61
  3	 | 	5	 | 	1,00
  3	 | 	6	 | 	8,06
  3	 | 	7	 | 	2,24
  4	 | 	5	 | 	2,24
  4	 | 	8	 | 	12,17
  4	 | 	9	 | 	12,37
  5	 | 	7	 | 	1,41
  5	 | 	8	 | 	10,05
  6	 | 	8	 | 	2,24
  6	 | 	9	 | 	2,83
  8	 | 	9	 | 	1,00
___________________________
