Simulation Topology 1
___________________________
[3]				[0]		
[13]				[1]		
[4]				[2]		
[12]				[2]		
[6]				[3]		
[4]				[3]		
[15]				[4]		
[15]				[5]		
[8]				[6]		
[17]				[7]		
___________________________
Simulation Topology [1:1]
___________________________
From 	  To 		Length
___________________________
  0	 | 	1	 | 	10,05
  0	 | 	2	 | 	2,24
  0	 | 	3	 | 	9,22
  0	 | 	4	 | 	4,24
  0	 | 	5	 | 	3,16
  0	 | 	6	 | 	12,65
  0	 | 	7	 | 	13,00
  0	 | 	9	 | 	15,65
  1	 | 	4	 | 	7,28
  1	 | 	8	 | 	7,07
  2	 | 	3	 | 	8,00
  2	 | 	7	 | 	11,40
  2	 | 	9	 | 	13,93
  3	 | 	5	 | 	8,06
  3	 | 	6	 | 	3,61
  4	 | 	8	 | 	3,61
  4	 | 	9	 | 	11,70
  6	 | 	9	 | 	3,61
  7	 | 	8	 | 	7,07
___________________________
Simulation Topology [1:2]
___________________________
From 	  To 		Length
___________________________
  0	 | 	1	 | 	10,05
  0	 | 	2	 | 	2,24
  0	 | 	3	 | 	9,22
  0	 | 	4	 | 	4,24
  0	 | 	5	 | 	3,16
  0	 | 	6	 | 	12,65
  0	 | 	7	 | 	13,00
  0	 | 	9	 | 	15,65
  1	 | 	4	 | 	7,28
  1	 | 	8	 | 	7,07
  2	 | 	3	 | 	8,00
  2	 | 	7	 | 	11,40
  2	 | 	9	 | 	13,93
  3	 | 	5	 | 	8,06
  3	 | 	6	 | 	3,61
  4	 | 	8	 | 	3,61
  4	 | 	9	 | 	11,70
  6	 | 	9	 | 	3,61
  7	 | 	8	 | 	7,07
  1	 | 	5	 | 	9,22
___________________________
