Simulation Topology 1
___________________________
[12]				[0]		
[14]				[0]		
[10]				[2]		
[12]				[3]		
[3]				[3]		
[6]				[6]		
[13]				[6]		
[6]				[8]		
[10]				[8]		
[11]				[10]		
___________________________
Simulation Topology [1:1]
___________________________
From 	  To 		Length
___________________________
  0	 | 	1	 | 	2,00
  0	 | 	3	 | 	3,00
  0	 | 	5	 | 	8,49
  1	 | 	6	 | 	6,08
  2	 | 	3	 | 	2,24
  2	 | 	5	 | 	5,66
  2	 | 	9	 | 	8,06
  3	 | 	6	 | 	3,16
  4	 | 	5	 | 	4,24
  4	 | 	6	 | 	10,44
  4	 | 	8	 | 	8,60
  4	 | 	9	 | 	10,63
  5	 | 	7	 | 	2,00
  6	 | 	7	 | 	7,28
  6	 | 	8	 | 	3,61
  7	 | 	9	 | 	5,39
  8	 | 	9	 | 	2,24
___________________________
Simulation Topology [1:2]
___________________________
From 	  To 		Length
___________________________
  0	 | 	1	 | 	2,00
  0	 | 	3	 | 	3,00
  0	 | 	5	 | 	8,49
  1	 | 	6	 | 	6,08
  2	 | 	3	 | 	2,24
  2	 | 	5	 | 	5,66
  2	 | 	9	 | 	8,06
  3	 | 	6	 | 	3,16
  4	 | 	5	 | 	4,24
  4	 | 	6	 | 	10,44
  4	 | 	8	 | 	8,60
  4	 | 	9	 | 	10,63
  5	 | 	7	 | 	2,00
  6	 | 	7	 | 	7,28
  6	 | 	8	 | 	3,61
  7	 | 	9	 | 	5,39
  8	 | 	9	 | 	2,24
  0	 | 	2	 | 	2,83
___________________________
Simulation Topology [1:3]
___________________________
From 	  To 		Length
___________________________
  0	 | 	1	 | 	2,00
  0	 | 	3	 | 	3,00
  0	 | 	5	 | 	8,49
  1	 | 	6	 | 	6,08
  2	 | 	3	 | 	2,24
  2	 | 	5	 | 	5,66
  2	 | 	9	 | 	8,06
  3	 | 	6	 | 	3,16
  4	 | 	5	 | 	4,24
  4	 | 	6	 | 	10,44
  4	 | 	8	 | 	8,60
  4	 | 	9	 | 	10,63
  5	 | 	7	 | 	2,00
  6	 | 	7	 | 	7,28
  6	 | 	8	 | 	3,61
  7	 | 	9	 | 	5,39
  8	 | 	9	 | 	2,24
  0	 | 	2	 | 	2,83
  4	 | 	7	 | 	5,83
___________________________
Simulation Topology [1:4]
___________________________
From 	  To 		Length
___________________________
  0	 | 	1	 | 	2,00
  0	 | 	3	 | 	3,00
  0	 | 	5	 | 	8,49
  1	 | 	6	 | 	6,08
  2	 | 	3	 | 	2,24
  2	 | 	5	 | 	5,66
  2	 | 	9	 | 	8,06
  3	 | 	6	 | 	3,16
  4	 | 	5	 | 	4,24
  4	 | 	6	 | 	10,44
  4	 | 	8	 | 	8,60
  4	 | 	9	 | 	10,63
  5	 | 	7	 | 	2,00
  6	 | 	7	 | 	7,28
  6	 | 	8	 | 	3,61
  7	 | 	9	 | 	5,39
  8	 | 	9	 | 	2,24
  0	 | 	2	 | 	2,83
  4	 | 	7	 | 	5,83
  1	 | 	3	 | 	3,61
___________________________
