Simulation Topology 1
___________________________
[14]				[1]		
[14]				[2]		
[2]				[2]		
[1]				[3]		
[1]				[5]		
[6]				[7]		
[17]				[8]		
[14]				[9]		
[12]				[12]		
[2]				[12]		
___________________________
Simulation Topology [1:1]
___________________________
From 	  To 		Length
___________________________
  0	 | 	1	 | 	1,00
  0	 | 	3	 | 	13,15
  0	 | 	8	 | 	11,18
  1	 | 	5	 | 	9,43
  1	 | 	6	 | 	6,71
  1	 | 	7	 | 	7,00
  1	 | 	9	 | 	15,62
  2	 | 	3	 | 	1,41
  2	 | 	5	 | 	6,40
  2	 | 	7	 | 	13,89
  2	 | 	9	 | 	10,00
  3	 | 	4	 | 	2,00
  3	 | 	5	 | 	6,40
  3	 | 	7	 | 	14,32
  4	 | 	5	 | 	5,39
  4	 | 	6	 | 	16,28
  6	 | 	8	 | 	6,40
  7	 | 	8	 | 	3,61
___________________________
Simulation Topology [1:2]
___________________________
From 	  To 		Length
___________________________
  0	 | 	1	 | 	1,00
  0	 | 	3	 | 	13,15
  0	 | 	8	 | 	11,18
  1	 | 	5	 | 	9,43
  1	 | 	6	 | 	6,71
  1	 | 	7	 | 	7,00
  1	 | 	9	 | 	15,62
  2	 | 	3	 | 	1,41
  2	 | 	5	 | 	6,40
  2	 | 	7	 | 	13,89
  2	 | 	9	 | 	10,00
  3	 | 	4	 | 	2,00
  3	 | 	5	 | 	6,40
  3	 | 	7	 | 	14,32
  4	 | 	5	 | 	5,39
  4	 | 	6	 | 	16,28
  6	 | 	8	 | 	6,40
  7	 | 	8	 | 	3,61
  2	 | 	4	 | 	3,16
___________________________
Simulation Topology [1:3]
___________________________
From 	  To 		Length
___________________________
  0	 | 	1	 | 	1,00
  0	 | 	3	 | 	13,15
  0	 | 	8	 | 	11,18
  1	 | 	5	 | 	9,43
  1	 | 	6	 | 	6,71
  1	 | 	7	 | 	7,00
  1	 | 	9	 | 	15,62
  2	 | 	3	 | 	1,41
  2	 | 	5	 | 	6,40
  2	 | 	7	 | 	13,89
  2	 | 	9	 | 	10,00
  3	 | 	4	 | 	2,00
  3	 | 	5	 | 	6,40
  3	 | 	7	 | 	14,32
  4	 | 	5	 | 	5,39
  4	 | 	6	 | 	16,28
  6	 | 	8	 | 	6,40
  7	 | 	8	 | 	3,61
  2	 | 	4	 | 	3,16
  0	 | 	7	 | 	8,00
___________________________
