Simulation Topology 1
___________________________
[8]				[2]		
[8]				[3]		
[13]				[5]		
[9]				[5]		
[4]				[6]		
[13]				[6]		
[19]				[9]		
[8]				[10]		
[18]				[10]		
[16]				[11]		
___________________________
Simulation Topology [1:1]
___________________________
From 	  To 		Length
___________________________
  0	 | 	1	 | 	1,00
  0	 | 	6	 | 	13,04
  0	 | 	7	 | 	8,00
  1	 | 	3	 | 	2,24
  1	 | 	5	 | 	5,83
  1	 | 	6	 | 	12,53
  2	 | 	3	 | 	4,00
  2	 | 	4	 | 	9,06
  2	 | 	9	 | 	6,71
  3	 | 	6	 | 	10,77
  3	 | 	9	 | 	9,22
  4	 | 	5	 | 	9,00
  4	 | 	6	 | 	15,30
  5	 | 	7	 | 	6,40
  5	 | 	8	 | 	6,40
  6	 | 	8	 | 	1,41
  7	 | 	9	 | 	8,06
  8	 | 	9	 | 	2,24
___________________________
Simulation Topology [1:2]
___________________________
From 	  To 		Length
___________________________
  0	 | 	1	 | 	1,00
  0	 | 	6	 | 	13,04
  0	 | 	7	 | 	8,00
  1	 | 	3	 | 	2,24
  1	 | 	5	 | 	5,83
  1	 | 	6	 | 	12,53
  2	 | 	3	 | 	4,00
  2	 | 	4	 | 	9,06
  2	 | 	9	 | 	6,71
  3	 | 	6	 | 	10,77
  3	 | 	9	 | 	9,22
  4	 | 	5	 | 	9,00
  4	 | 	6	 | 	15,30
  5	 | 	7	 | 	6,40
  5	 | 	8	 | 	6,40
  6	 | 	8	 | 	1,41
  7	 | 	9	 | 	8,06
  8	 | 	9	 | 	2,24
  2	 | 	5	 | 	1,00
___________________________
Simulation Topology [1:3]
___________________________
From 	  To 		Length
___________________________
  0	 | 	1	 | 	1,00
  0	 | 	6	 | 	13,04
  0	 | 	7	 | 	8,00
  1	 | 	3	 | 	2,24
  1	 | 	5	 | 	5,83
  1	 | 	6	 | 	12,53
  2	 | 	3	 | 	4,00
  2	 | 	4	 | 	9,06
  2	 | 	9	 | 	6,71
  3	 | 	6	 | 	10,77
  3	 | 	9	 | 	9,22
  4	 | 	5	 | 	9,00
  4	 | 	6	 | 	15,30
  5	 | 	7	 | 	6,40
  5	 | 	8	 | 	6,40
  6	 | 	8	 | 	1,41
  7	 | 	9	 | 	8,06
  8	 | 	9	 | 	2,24
  2	 | 	5	 | 	1,00
  6	 | 	9	 | 	3,61
___________________________
