Simulation Topology 1
___________________________
[9]				[0]		
[11]				[1]		
[15]				[1]		
[19]				[2]		
[16]				[2]		
[12]				[3]		
[16]				[3]		
[17]				[4]		
[3]				[5]		
[7]				[5]		
___________________________
Simulation Topology [1:1]
___________________________
From 	  To 		Length
___________________________
  0	 | 	1	 | 	2,24
  0	 | 	3	 | 	10,20
  0	 | 	7	 | 	8,94
  0	 | 	9	 | 	5,39
  1	 | 	3	 | 	8,06
  1	 | 	4	 | 	5,10
  1	 | 	6	 | 	5,39
  2	 | 	3	 | 	4,12
  2	 | 	6	 | 	2,24
  2	 | 	8	 | 	12,65
  2	 | 	9	 | 	8,94
  3	 | 	8	 | 	16,28
  3	 | 	9	 | 	12,37
  4	 | 	5	 | 	4,12
  4	 | 	7	 | 	2,24
  5	 | 	9	 | 	5,39
  6	 | 	7	 | 	1,41
  7	 | 	9	 | 	10,05
___________________________
Simulation Topology [1:2]
___________________________
From 	  To 		Length
___________________________
  0	 | 	1	 | 	2,24
  0	 | 	3	 | 	10,20
  0	 | 	7	 | 	8,94
  0	 | 	9	 | 	5,39
  1	 | 	3	 | 	8,06
  1	 | 	4	 | 	5,10
  1	 | 	6	 | 	5,39
  2	 | 	3	 | 	4,12
  2	 | 	6	 | 	2,24
  2	 | 	8	 | 	12,65
  2	 | 	9	 | 	8,94
  3	 | 	8	 | 	16,28
  3	 | 	9	 | 	12,37
  4	 | 	5	 | 	4,12
  4	 | 	7	 | 	2,24
  5	 | 	9	 | 	5,39
  6	 | 	7	 | 	1,41
  7	 | 	9	 | 	10,05
  3	 | 	4	 | 	3,00
___________________________
Simulation Topology [1:3]
___________________________
From 	  To 		Length
___________________________
  0	 | 	1	 | 	2,24
  0	 | 	3	 | 	10,20
  0	 | 	7	 | 	8,94
  0	 | 	9	 | 	5,39
  1	 | 	3	 | 	8,06
  1	 | 	4	 | 	5,10
  1	 | 	6	 | 	5,39
  2	 | 	3	 | 	4,12
  2	 | 	6	 | 	2,24
  2	 | 	8	 | 	12,65
  2	 | 	9	 | 	8,94
  3	 | 	8	 | 	16,28
  3	 | 	9	 | 	12,37
  4	 | 	5	 | 	4,12
  4	 | 	7	 | 	2,24
  5	 | 	9	 | 	5,39
  6	 | 	7	 | 	1,41
  7	 | 	9	 | 	10,05
  3	 | 	4	 | 	3,00
  8	 | 	9	 | 	4,00
___________________________
