Simulation Topology 1
___________________________
[9]				[1]		
[11]				[2]		
[14]				[3]		
[4]				[3]		
[11]				[6]		
[7]				[7]		
[15]				[8]		
[8]				[8]		
[9]				[9]		
[19]				[9]		
___________________________
Simulation Topology [1:1]
___________________________
From 	  To 		Length
___________________________
  0	 | 	1	 | 	2,24
  0	 | 	4	 | 	5,39
  0	 | 	7	 | 	7,07
  1	 | 	2	 | 	3,16
  1	 | 	3	 | 	7,07
  1	 | 	7	 | 	6,71
  2	 | 	3	 | 	10,00
  2	 | 	4	 | 	4,24
  2	 | 	8	 | 	7,81
  2	 | 	9	 | 	7,81
  3	 | 	4	 | 	7,62
  3	 | 	5	 | 	5,00
  4	 | 	5	 | 	4,12
  4	 | 	6	 | 	4,47
  4	 | 	7	 | 	3,61
  4	 | 	8	 | 	3,61
  5	 | 	6	 | 	8,06
  5	 | 	8	 | 	2,83
  7	 | 	9	 | 	11,05
___________________________
Simulation Topology [1:2]
___________________________
From 	  To 		Length
___________________________
  0	 | 	1	 | 	2,24
  0	 | 	4	 | 	5,39
  0	 | 	7	 | 	7,07
  1	 | 	2	 | 	3,16
  1	 | 	3	 | 	7,07
  1	 | 	7	 | 	6,71
  2	 | 	3	 | 	10,00
  2	 | 	4	 | 	4,24
  2	 | 	8	 | 	7,81
  2	 | 	9	 | 	7,81
  3	 | 	4	 | 	7,62
  3	 | 	5	 | 	5,00
  4	 | 	5	 | 	4,12
  4	 | 	6	 | 	4,47
  4	 | 	7	 | 	3,61
  4	 | 	8	 | 	3,61
  5	 | 	6	 | 	8,06
  5	 | 	8	 | 	2,83
  7	 | 	9	 | 	11,05
  6	 | 	9	 | 	4,12
___________________________
