Simulation Topology 1
___________________________
[12]				[1]		
[8]				[1]		
[15]				[2]		
[9]				[3]		
[13]				[5]		
[2]				[5]		
[8]				[6]		
[3]				[7]		
[18]				[8]		
[11]				[9]		
___________________________
Simulation Topology [1:1]
___________________________
From 	  To 		Length
___________________________
  0	 | 	1	 | 	4,00
  0	 | 	7	 | 	10,82
  1	 | 	2	 | 	7,07
  1	 | 	3	 | 	2,24
  1	 | 	6	 | 	5,00
  1	 | 	9	 | 	8,54
  2	 | 	3	 | 	6,08
  2	 | 	8	 | 	6,71
  3	 | 	8	 | 	10,30
  3	 | 	9	 | 	6,32
  4	 | 	6	 | 	5,10
  4	 | 	7	 | 	10,20
  5	 | 	7	 | 	2,24
  5	 | 	8	 | 	16,28
  6	 | 	9	 | 	4,24
___________________________
Simulation Topology [1:2]
___________________________
From 	  To 		Length
___________________________
  0	 | 	1	 | 	4,00
  0	 | 	7	 | 	10,82
  1	 | 	2	 | 	7,07
  1	 | 	3	 | 	2,24
  1	 | 	6	 | 	5,00
  1	 | 	9	 | 	8,54
  2	 | 	3	 | 	6,08
  2	 | 	8	 | 	6,71
  3	 | 	8	 | 	10,30
  3	 | 	9	 | 	6,32
  4	 | 	6	 | 	5,10
  4	 | 	7	 | 	10,20
  5	 | 	7	 | 	2,24
  5	 | 	8	 | 	16,28
  6	 | 	9	 | 	4,24
  5	 | 	6	 | 	6,08
___________________________
Simulation Topology [1:3]
___________________________
From 	  To 		Length
___________________________
  0	 | 	1	 | 	4,00
  0	 | 	7	 | 	10,82
  1	 | 	2	 | 	7,07
  1	 | 	3	 | 	2,24
  1	 | 	6	 | 	5,00
  1	 | 	9	 | 	8,54
  2	 | 	3	 | 	6,08
  2	 | 	8	 | 	6,71
  3	 | 	8	 | 	10,30
  3	 | 	9	 | 	6,32
  4	 | 	6	 | 	5,10
  4	 | 	7	 | 	10,20
  5	 | 	7	 | 	2,24
  5	 | 	8	 | 	16,28
  6	 | 	9	 | 	4,24
  5	 | 	6	 | 	6,08
  2	 | 	9	 | 	8,06
___________________________
Simulation Topology [1:4]
___________________________
From 	  To 		Length
___________________________
  0	 | 	1	 | 	4,00
  0	 | 	7	 | 	10,82
  1	 | 	2	 | 	7,07
  1	 | 	3	 | 	2,24
  1	 | 	6	 | 	5,00
  1	 | 	9	 | 	8,54
  2	 | 	3	 | 	6,08
  2	 | 	8	 | 	6,71
  3	 | 	8	 | 	10,30
  3	 | 	9	 | 	6,32
  4	 | 	6	 | 	5,10
  4	 | 	7	 | 	10,20
  5	 | 	7	 | 	2,24
  5	 | 	8	 | 	16,28
  6	 | 	9	 | 	4,24
  5	 | 	6	 | 	6,08
  2	 | 	9	 | 	8,06
  0	 | 	2	 | 	3,16
___________________________
Simulation Topology [1:5]
___________________________
From 	  To 		Length
___________________________
  0	 | 	1	 | 	4,00
  0	 | 	7	 | 	10,82
  1	 | 	2	 | 	7,07
  1	 | 	3	 | 	2,24
  1	 | 	6	 | 	5,00
  1	 | 	9	 | 	8,54
  2	 | 	3	 | 	6,08
  2	 | 	8	 | 	6,71
  3	 | 	8	 | 	10,30
  3	 | 	9	 | 	6,32
  4	 | 	6	 | 	5,10
  4	 | 	7	 | 	10,20
  5	 | 	7	 | 	2,24
  5	 | 	8	 | 	16,28
  6	 | 	9	 | 	4,24
  5	 | 	6	 | 	6,08
  2	 | 	9	 | 	8,06
  0	 | 	2	 | 	3,16
  3	 | 	6	 | 	3,16
___________________________
Simulation Topology [1:6]
___________________________
From 	  To 		Length
___________________________
  0	 | 	1	 | 	4,00
  0	 | 	7	 | 	10,82
  1	 | 	2	 | 	7,07
  1	 | 	3	 | 	2,24
  1	 | 	6	 | 	5,00
  1	 | 	9	 | 	8,54
  2	 | 	3	 | 	6,08
  2	 | 	8	 | 	6,71
  3	 | 	8	 | 	10,30
  3	 | 	9	 | 	6,32
  4	 | 	6	 | 	5,10
  4	 | 	7	 | 	10,20
  5	 | 	7	 | 	2,24
  5	 | 	8	 | 	16,28
  6	 | 	9	 | 	4,24
  5	 | 	6	 | 	6,08
  2	 | 	9	 | 	8,06
  0	 | 	2	 | 	3,16
  3	 | 	6	 | 	3,16
  0	 | 	3	 | 	3,61
___________________________
