Simulation Topology 1
___________________________
[18]				[1]		
[1]				[1]		
[9]				[2]		
[17]				[5]		
[18]				[6]		
[3]				[8]		
[12]				[11]		
[6]				[11]		
[5]				[13]		
[11]				[14]		
___________________________
Simulation Topology [1:1]
___________________________
From 	  To 		Length
___________________________
  0	 | 	1	 | 	17,00
  0	 | 	4	 | 	5,00
  0	 | 	8	 | 	17,69
  0	 | 	9	 | 	14,76
  1	 | 	3	 | 	16,49
  1	 | 	4	 | 	17,72
  1	 | 	6	 | 	14,87
  1	 | 	8	 | 	12,65
  2	 | 	3	 | 	8,54
  2	 | 	5	 | 	8,49
  2	 | 	6	 | 	9,49
  2	 | 	9	 | 	12,17
  3	 | 	6	 | 	7,81
  3	 | 	7	 | 	12,53
  4	 | 	9	 | 	10,63
  5	 | 	6	 | 	9,49
  5	 | 	8	 | 	5,39
  7	 | 	8	 | 	2,24
  8	 | 	9	 | 	6,08
___________________________
Simulation Topology [1:2]
___________________________
From 	  To 		Length
___________________________
  0	 | 	1	 | 	17,00
  0	 | 	4	 | 	5,00
  0	 | 	8	 | 	17,69
  0	 | 	9	 | 	14,76
  1	 | 	3	 | 	16,49
  1	 | 	4	 | 	17,72
  1	 | 	6	 | 	14,87
  1	 | 	8	 | 	12,65
  2	 | 	3	 | 	8,54
  2	 | 	5	 | 	8,49
  2	 | 	6	 | 	9,49
  2	 | 	9	 | 	12,17
  3	 | 	6	 | 	7,81
  3	 | 	7	 | 	12,53
  4	 | 	9	 | 	10,63
  5	 | 	6	 | 	9,49
  5	 | 	8	 | 	5,39
  7	 | 	8	 | 	2,24
  8	 | 	9	 | 	6,08
  3	 | 	4	 | 	1,41
___________________________
