Simulation Topology 1
___________________________
[0]				[0]		
[18]				[0]		
[16]				[1]		
[4]				[1]		
[12]				[3]		
[7]				[4]		
[8]				[5]		
[4]				[7]		
[7]				[8]		
[11]				[9]		
___________________________
Simulation Topology [1:1]
___________________________
From 	  To 		Length
___________________________
  0	 | 	1	 | 	18,00
  0	 | 	5	 | 	8,06
  0	 | 	8	 | 	10,63
  1	 | 	2	 | 	2,24
  2	 | 	3	 | 	12,00
  2	 | 	4	 | 	4,47
  2	 | 	5	 | 	9,49
  2	 | 	7	 | 	13,42
  2	 | 	9	 | 	9,43
  3	 | 	9	 | 	10,63
  4	 | 	8	 | 	7,07
  4	 | 	9	 | 	6,08
  5	 | 	6	 | 	1,41
  5	 | 	9	 | 	6,40
  6	 | 	7	 | 	4,47
  6	 | 	8	 | 	3,16
  6	 | 	9	 | 	5,00
  7	 | 	8	 | 	3,16
  7	 | 	9	 | 	7,28
___________________________
Simulation Topology [1:2]
___________________________
From 	  To 		Length
___________________________
  0	 | 	1	 | 	18,00
  0	 | 	5	 | 	8,06
  0	 | 	8	 | 	10,63
  1	 | 	2	 | 	2,24
  2	 | 	3	 | 	12,00
  2	 | 	4	 | 	4,47
  2	 | 	5	 | 	9,49
  2	 | 	7	 | 	13,42
  2	 | 	9	 | 	9,43
  3	 | 	9	 | 	10,63
  4	 | 	8	 | 	7,07
  4	 | 	9	 | 	6,08
  5	 | 	6	 | 	1,41
  5	 | 	9	 | 	6,40
  6	 | 	7	 | 	4,47
  6	 | 	8	 | 	3,16
  6	 | 	9	 | 	5,00
  7	 | 	8	 | 	3,16
  7	 | 	9	 | 	7,28
  0	 | 	9	 | 	14,21
___________________________
