Simulation Topology 1
___________________________
[11]				[0]		
[16]				[0]		
[17]				[3]		
[13]				[3]		
[11]				[4]		
[1]				[4]		
[6]				[5]		
[7]				[6]		
[12]				[8]		
[16]				[8]		
___________________________
Simulation Topology [1:1]
___________________________
From 	  To 		Length
___________________________
  0	 | 	1	 | 	5,00
  0	 | 	3	 | 	3,61
  0	 | 	5	 | 	10,77
  0	 | 	6	 | 	7,07
  0	 | 	7	 | 	7,21
  1	 | 	5	 | 	15,52
  2	 | 	3	 | 	4,00
  2	 | 	6	 | 	11,18
  2	 | 	8	 | 	7,07
  3	 | 	6	 | 	7,28
  3	 | 	8	 | 	5,10
  3	 | 	9	 | 	5,83
  4	 | 	5	 | 	10,00
  4	 | 	7	 | 	4,47
  5	 | 	6	 | 	5,10
  6	 | 	7	 | 	1,41
  6	 | 	9	 | 	10,44
  7	 | 	9	 | 	9,22
___________________________
Simulation Topology [1:2]
___________________________
From 	  To 		Length
___________________________
  0	 | 	1	 | 	5,00
  0	 | 	3	 | 	3,61
  0	 | 	5	 | 	10,77
  0	 | 	6	 | 	7,07
  0	 | 	7	 | 	7,21
  1	 | 	5	 | 	15,52
  2	 | 	3	 | 	4,00
  2	 | 	6	 | 	11,18
  2	 | 	8	 | 	7,07
  3	 | 	6	 | 	7,28
  3	 | 	8	 | 	5,10
  3	 | 	9	 | 	5,83
  4	 | 	5	 | 	10,00
  4	 | 	7	 | 	4,47
  5	 | 	6	 | 	5,10
  6	 | 	7	 | 	1,41
  6	 | 	9	 | 	10,44
  7	 | 	9	 | 	9,22
  3	 | 	4	 | 	2,24
___________________________
Simulation Topology [1:3]
___________________________
From 	  To 		Length
___________________________
  0	 | 	1	 | 	5,00
  0	 | 	3	 | 	3,61
  0	 | 	5	 | 	10,77
  0	 | 	6	 | 	7,07
  0	 | 	7	 | 	7,21
  1	 | 	5	 | 	15,52
  2	 | 	3	 | 	4,00
  2	 | 	6	 | 	11,18
  2	 | 	8	 | 	7,07
  3	 | 	6	 | 	7,28
  3	 | 	8	 | 	5,10
  3	 | 	9	 | 	5,83
  4	 | 	5	 | 	10,00
  4	 | 	7	 | 	4,47
  5	 | 	6	 | 	5,10
  6	 | 	7	 | 	1,41
  6	 | 	9	 | 	10,44
  7	 | 	9	 | 	9,22
  3	 | 	4	 | 	2,24
  6	 | 	8	 | 	6,71
___________________________
