Simulation Topology 1
___________________________
[12]				[0]		
[18]				[0]		
[16]				[1]		
[16]				[2]		
[3]				[2]		
[17]				[4]		
[13]				[4]		
[5]				[5]		
[10]				[5]		
[12]				[6]		
___________________________
Simulation Topology [1:1]
___________________________
From 	  To 		Length
___________________________
  0	 | 	1	 | 	6,00
  0	 | 	2	 | 	4,12
  0	 | 	3	 | 	4,47
  0	 | 	4	 | 	9,22
  1	 | 	2	 | 	2,24
  1	 | 	8	 | 	9,43
  2	 | 	3	 | 	1,00
  2	 | 	5	 | 	3,16
  2	 | 	6	 | 	4,24
  2	 | 	9	 | 	6,40
  3	 | 	6	 | 	3,61
  4	 | 	5	 | 	14,14
  4	 | 	7	 | 	3,61
  4	 | 	8	 | 	7,62
  5	 | 	6	 | 	4,00
  6	 | 	7	 | 	8,06
  6	 | 	9	 | 	2,24
  8	 | 	9	 | 	2,24
___________________________
Simulation Topology [1:2]
___________________________
From 	  To 		Length
___________________________
  0	 | 	1	 | 	6,00
  0	 | 	2	 | 	4,12
  0	 | 	3	 | 	4,47
  0	 | 	4	 | 	9,22
  1	 | 	2	 | 	2,24
  1	 | 	8	 | 	9,43
  2	 | 	3	 | 	1,00
  2	 | 	5	 | 	3,16
  2	 | 	6	 | 	4,24
  2	 | 	9	 | 	6,40
  3	 | 	6	 | 	3,61
  4	 | 	5	 | 	14,14
  4	 | 	7	 | 	3,61
  4	 | 	8	 | 	7,62
  5	 | 	6	 | 	4,00
  6	 | 	7	 | 	8,06
  6	 | 	9	 | 	2,24
  8	 | 	9	 | 	2,24
  5	 | 	9	 | 	5,39
___________________________
Simulation Topology [1:3]
___________________________
From 	  To 		Length
___________________________
  0	 | 	1	 | 	6,00
  0	 | 	2	 | 	4,12
  0	 | 	3	 | 	4,47
  0	 | 	4	 | 	9,22
  1	 | 	2	 | 	2,24
  1	 | 	8	 | 	9,43
  2	 | 	3	 | 	1,00
  2	 | 	5	 | 	3,16
  2	 | 	6	 | 	4,24
  2	 | 	9	 | 	6,40
  3	 | 	6	 | 	3,61
  4	 | 	5	 | 	14,14
  4	 | 	7	 | 	3,61
  4	 | 	8	 | 	7,62
  5	 | 	6	 | 	4,00
  6	 | 	7	 | 	8,06
  6	 | 	9	 | 	2,24
  8	 | 	9	 | 	2,24
  5	 | 	9	 | 	5,39
  1	 | 	3	 | 	2,83
___________________________
