Simulation Topology 1
___________________________
[6]				[0]		
[18]				[1]		
[6]				[1]		
[14]				[2]		
[11]				[2]		
[1]				[4]		
[19]				[7]		
[15]				[7]		
[6]				[8]		
[8]				[9]		
___________________________
Simulation Topology [1:1]
___________________________
From 	  To 		Length
___________________________
  0	 | 	1	 | 	12,04
  0	 | 	2	 | 	1,00
  0	 | 	3	 | 	8,25
  0	 | 	6	 | 	14,76
  0	 | 	8	 | 	8,00
  0	 | 	9	 | 	9,22
  1	 | 	4	 | 	7,07
  1	 | 	8	 | 	13,89
  2	 | 	3	 | 	8,06
  2	 | 	4	 | 	5,10
  2	 | 	9	 | 	8,25
  3	 | 	5	 | 	13,15
  3	 | 	6	 | 	7,07
  4	 | 	5	 | 	10,20
  4	 | 	9	 | 	7,62
  5	 | 	8	 | 	6,40
  5	 | 	9	 | 	8,60
  7	 | 	8	 | 	9,06
  7	 | 	9	 | 	7,28
___________________________
Simulation Topology [1:2]
___________________________
From 	  To 		Length
___________________________
  0	 | 	1	 | 	12,04
  0	 | 	2	 | 	1,00
  0	 | 	3	 | 	8,25
  0	 | 	6	 | 	14,76
  0	 | 	8	 | 	8,00
  0	 | 	9	 | 	9,22
  1	 | 	4	 | 	7,07
  1	 | 	8	 | 	13,89
  2	 | 	3	 | 	8,06
  2	 | 	4	 | 	5,10
  2	 | 	9	 | 	8,25
  3	 | 	5	 | 	13,15
  3	 | 	6	 | 	7,07
  4	 | 	5	 | 	10,20
  4	 | 	9	 | 	7,62
  5	 | 	8	 | 	6,40
  5	 | 	9	 | 	8,60
  7	 | 	8	 | 	9,06
  7	 | 	9	 | 	7,28
  1	 | 	3	 | 	4,12
___________________________
