Simulation Topology 1
___________________________
[18]				[0]		
[14]				[0]		
[17]				[3]		
[8]				[4]		
[15]				[6]		
[3]				[6]		
[3]				[7]		
[17]				[7]		
[8]				[10]		
[15]				[10]		
___________________________
Simulation Topology [1:1]
___________________________
From 	  To 		Length
___________________________
  0	 | 	1	 | 	4,00
  0	 | 	3	 | 	10,77
  0	 | 	6	 | 	16,55
  0	 | 	9	 | 	10,44
  1	 | 	4	 | 	6,08
  1	 | 	6	 | 	13,04
  2	 | 	3	 | 	9,06
  2	 | 	5	 | 	14,32
  2	 | 	6	 | 	14,56
  2	 | 	8	 | 	11,40
  3	 | 	7	 | 	9,49
  3	 | 	8	 | 	6,00
  4	 | 	5	 | 	12,00
  4	 | 	7	 | 	2,24
  4	 | 	9	 | 	4,00
  5	 | 	6	 | 	1,00
  6	 | 	7	 | 	14,00
  7	 | 	8	 | 	9,49
___________________________
Simulation Topology [1:2]
___________________________
From 	  To 		Length
___________________________
  0	 | 	1	 | 	4,00
  0	 | 	3	 | 	10,77
  0	 | 	6	 | 	16,55
  0	 | 	9	 | 	10,44
  1	 | 	4	 | 	6,08
  1	 | 	6	 | 	13,04
  2	 | 	3	 | 	9,06
  2	 | 	5	 | 	14,32
  2	 | 	6	 | 	14,56
  2	 | 	8	 | 	11,40
  3	 | 	7	 | 	9,49
  3	 | 	8	 | 	6,00
  4	 | 	5	 | 	12,00
  4	 | 	7	 | 	2,24
  4	 | 	9	 | 	4,00
  5	 | 	6	 | 	1,00
  6	 | 	7	 | 	14,00
  7	 | 	8	 | 	9,49
  0	 | 	2	 | 	3,16
___________________________
Simulation Topology [1:3]
___________________________
From 	  To 		Length
___________________________
  0	 | 	1	 | 	4,00
  0	 | 	3	 | 	10,77
  0	 | 	6	 | 	16,55
  0	 | 	9	 | 	10,44
  1	 | 	4	 | 	6,08
  1	 | 	6	 | 	13,04
  2	 | 	3	 | 	9,06
  2	 | 	5	 | 	14,32
  2	 | 	6	 | 	14,56
  2	 | 	8	 | 	11,40
  3	 | 	7	 | 	9,49
  3	 | 	8	 | 	6,00
  4	 | 	5	 | 	12,00
  4	 | 	7	 | 	2,24
  4	 | 	9	 | 	4,00
  5	 | 	6	 | 	1,00
  6	 | 	7	 | 	14,00
  7	 | 	8	 | 	9,49
  0	 | 	2	 | 	3,16
  2	 | 	7	 | 	4,00
___________________________
