Simulation Topology 1
___________________________
[14]				[0]		
[18]				[2]		
[16]				[5]		
[10]				[5]		
[13]				[6]		
[12]				[7]		
[6]				[7]		
[7]				[8]		
[11]				[8]		
[16]				[9]		
___________________________
Simulation Topology [1:1]
___________________________
From 	  To 		Length
___________________________
  0	 | 	1	 | 	4,47
  0	 | 	3	 | 	6,40
  0	 | 	6	 | 	10,63
  0	 | 	9	 | 	9,22
  1	 | 	4	 | 	6,40
  1	 | 	5	 | 	7,81
  2	 | 	3	 | 	6,00
  2	 | 	5	 | 	4,47
  2	 | 	6	 | 	10,20
  2	 | 	7	 | 	9,49
  3	 | 	4	 | 	3,16
  3	 | 	6	 | 	4,47
  3	 | 	8	 | 	3,16
  4	 | 	5	 | 	1,41
  4	 | 	8	 | 	2,83
  5	 | 	7	 | 	5,10
  5	 | 	9	 | 	4,47
  7	 | 	9	 | 	9,06
  8	 | 	9	 | 	5,10
___________________________
Simulation Topology [1:2]
___________________________
From 	  To 		Length
___________________________
  0	 | 	1	 | 	4,47
  0	 | 	3	 | 	6,40
  0	 | 	6	 | 	10,63
  0	 | 	9	 | 	9,22
  1	 | 	4	 | 	6,40
  1	 | 	5	 | 	7,81
  2	 | 	3	 | 	6,00
  2	 | 	5	 | 	4,47
  2	 | 	6	 | 	10,20
  2	 | 	7	 | 	9,49
  3	 | 	4	 | 	3,16
  3	 | 	6	 | 	4,47
  3	 | 	8	 | 	3,16
  4	 | 	5	 | 	1,41
  4	 | 	8	 | 	2,83
  5	 | 	7	 | 	5,10
  5	 | 	9	 | 	4,47
  7	 | 	9	 | 	9,06
  8	 | 	9	 | 	5,10
  5	 | 	6	 | 	6,00
___________________________
