Simulation Topology 1
___________________________
[9]				[0]		
[11]				[0]		
[4]				[2]		
[14]				[2]		
[13]				[3]		
[3]				[3]		
[13]				[5]		
[9]				[5]		
[1]				[6]		
[7]				[6]		
___________________________
Simulation Topology [1:1]
___________________________
From 	  To 		Length
___________________________
  0	 | 	1	 | 	2,00
  0	 | 	2	 | 	5,39
  1	 | 	3	 | 	3,61
  1	 | 	5	 | 	8,54
  2	 | 	3	 | 	10,00
  2	 | 	9	 | 	5,00
  3	 | 	4	 | 	1,41
  3	 | 	6	 | 	3,16
  4	 | 	5	 | 	10,00
  4	 | 	6	 | 	2,00
  4	 | 	7	 | 	4,47
  4	 | 	9	 | 	6,71
  5	 | 	9	 | 	5,00
  6	 | 	7	 | 	4,00
  6	 | 	8	 | 	12,04
  7	 | 	8	 | 	8,06
  8	 | 	9	 | 	6,00
___________________________
Simulation Topology [1:2]
___________________________
From 	  To 		Length
___________________________
  0	 | 	1	 | 	2,00
  0	 | 	2	 | 	5,39
  1	 | 	3	 | 	3,61
  1	 | 	5	 | 	8,54
  2	 | 	3	 | 	10,00
  2	 | 	9	 | 	5,00
  3	 | 	4	 | 	1,41
  3	 | 	6	 | 	3,16
  4	 | 	5	 | 	10,00
  4	 | 	6	 | 	2,00
  4	 | 	7	 | 	4,47
  4	 | 	9	 | 	6,71
  5	 | 	9	 | 	5,00
  6	 | 	7	 | 	4,00
  6	 | 	8	 | 	12,04
  7	 | 	8	 | 	8,06
  8	 | 	9	 | 	6,00
  7	 | 	9	 | 	2,24
___________________________
Simulation Topology [1:3]
___________________________
From 	  To 		Length
___________________________
  0	 | 	1	 | 	2,00
  0	 | 	2	 | 	5,39
  1	 | 	3	 | 	3,61
  1	 | 	5	 | 	8,54
  2	 | 	3	 | 	10,00
  2	 | 	9	 | 	5,00
  3	 | 	4	 | 	1,41
  3	 | 	6	 | 	3,16
  4	 | 	5	 | 	10,00
  4	 | 	6	 | 	2,00
  4	 | 	7	 | 	4,47
  4	 | 	9	 | 	6,71
  5	 | 	9	 | 	5,00
  6	 | 	7	 | 	4,00
  6	 | 	8	 | 	12,04
  7	 | 	8	 | 	8,06
  8	 | 	9	 | 	6,00
  7	 | 	9	 | 	2,24
  0	 | 	3	 | 	5,39
___________________________
Simulation Topology [1:4]
___________________________
From 	  To 		Length
___________________________
  0	 | 	1	 | 	2,00
  0	 | 	2	 | 	5,39
  1	 | 	3	 | 	3,61
  1	 | 	5	 | 	8,54
  2	 | 	3	 | 	10,00
  2	 | 	9	 | 	5,00
  3	 | 	4	 | 	1,41
  3	 | 	6	 | 	3,16
  4	 | 	5	 | 	10,00
  4	 | 	6	 | 	2,00
  4	 | 	7	 | 	4,47
  4	 | 	9	 | 	6,71
  5	 | 	9	 | 	5,00
  6	 | 	7	 | 	4,00
  6	 | 	8	 | 	12,04
  7	 | 	8	 | 	8,06
  8	 | 	9	 | 	6,00
  7	 | 	9	 | 	2,24
  0	 | 	3	 | 	5,39
  2	 | 	8	 | 	5,00
___________________________
