Simulation Topology 1
___________________________
[11]				[0]		
[16]				[0]		
[11]				[1]		
[4]				[2]		
[16]				[3]		
[6]				[3]		
[0]				[4]		
[10]				[4]		
[11]				[5]		
[13]				[5]		
___________________________
Simulation Topology [1:1]
___________________________
From 	  To 		Length
___________________________
  0	 | 	1	 | 	5,00
  0	 | 	2	 | 	1,00
  0	 | 	5	 | 	5,83
  1	 | 	7	 | 	7,21
  1	 | 	9	 | 	5,83
  2	 | 	3	 | 	7,07
  2	 | 	4	 | 	5,39
  2	 | 	6	 | 	11,40
  2	 | 	8	 | 	4,00
  3	 | 	4	 | 	12,04
  3	 | 	5	 | 	2,24
  3	 | 	9	 | 	9,49
  4	 | 	5	 | 	10,00
  4	 | 	8	 | 	5,39
  5	 | 	7	 | 	4,12
  6	 | 	7	 | 	10,00
  6	 | 	8	 | 	11,05
___________________________
Simulation Topology [1:2]
___________________________
From 	  To 		Length
___________________________
  0	 | 	1	 | 	5,00
  0	 | 	2	 | 	1,00
  0	 | 	5	 | 	5,83
  1	 | 	7	 | 	7,21
  1	 | 	9	 | 	5,83
  2	 | 	3	 | 	7,07
  2	 | 	4	 | 	5,39
  2	 | 	6	 | 	11,40
  2	 | 	8	 | 	4,00
  3	 | 	4	 | 	12,04
  3	 | 	5	 | 	2,24
  3	 | 	9	 | 	9,49
  4	 | 	5	 | 	10,00
  4	 | 	8	 | 	5,39
  5	 | 	7	 | 	4,12
  6	 | 	7	 | 	10,00
  6	 | 	8	 | 	11,05
  5	 | 	6	 | 	6,08
___________________________
Simulation Topology [1:3]
___________________________
From 	  To 		Length
___________________________
  0	 | 	1	 | 	5,00
  0	 | 	2	 | 	1,00
  0	 | 	5	 | 	5,83
  1	 | 	7	 | 	7,21
  1	 | 	9	 | 	5,83
  2	 | 	3	 | 	7,07
  2	 | 	4	 | 	5,39
  2	 | 	6	 | 	11,40
  2	 | 	8	 | 	4,00
  3	 | 	4	 | 	12,04
  3	 | 	5	 | 	2,24
  3	 | 	9	 | 	9,49
  4	 | 	5	 | 	10,00
  4	 | 	8	 | 	5,39
  5	 | 	7	 | 	4,12
  6	 | 	7	 | 	10,00
  6	 | 	8	 | 	11,05
  5	 | 	6	 | 	6,08
  7	 | 	8	 | 	1,41
___________________________
Simulation Topology [1:4]
___________________________
From 	  To 		Length
___________________________
  0	 | 	1	 | 	5,00
  0	 | 	2	 | 	1,00
  0	 | 	5	 | 	5,83
  1	 | 	7	 | 	7,21
  1	 | 	9	 | 	5,83
  2	 | 	3	 | 	7,07
  2	 | 	4	 | 	5,39
  2	 | 	6	 | 	11,40
  2	 | 	8	 | 	4,00
  3	 | 	4	 | 	12,04
  3	 | 	5	 | 	2,24
  3	 | 	9	 | 	9,49
  4	 | 	5	 | 	10,00
  4	 | 	8	 | 	5,39
  5	 | 	7	 | 	4,12
  6	 | 	7	 | 	10,00
  6	 | 	8	 | 	11,05
  5	 | 	6	 | 	6,08
  7	 | 	8	 | 	1,41
  8	 | 	9	 | 	2,00
___________________________
