Simulation Topology 1
___________________________
[3]				[0]		
[0]				[1]		
[15]				[1]		
[12]				[2]		
[17]				[2]		
[9]				[3]		
[5]				[3]		
[1]				[5]		
[7]				[6]		
[18]				[6]		
___________________________
Simulation Topology [1:1]
___________________________
From 	  To 		Length
___________________________
  0	 | 	1	 | 	3,16
  0	 | 	4	 | 	14,14
  0	 | 	5	 | 	6,71
  0	 | 	6	 | 	3,61
  1	 | 	5	 | 	9,22
  1	 | 	7	 | 	4,12
  1	 | 	8	 | 	8,60
  1	 | 	9	 | 	18,68
  2	 | 	3	 | 	3,16
  2	 | 	4	 | 	2,24
  2	 | 	6	 | 	10,20
  3	 | 	5	 | 	3,16
  3	 | 	8	 | 	6,40
  4	 | 	5	 | 	8,06
  4	 | 	7	 | 	16,28
  4	 | 	9	 | 	4,12
  6	 | 	7	 | 	4,47
___________________________
Simulation Topology [1:2]
___________________________
From 	  To 		Length
___________________________
  0	 | 	1	 | 	3,16
  0	 | 	4	 | 	14,14
  0	 | 	5	 | 	6,71
  0	 | 	6	 | 	3,61
  1	 | 	5	 | 	9,22
  1	 | 	7	 | 	4,12
  1	 | 	8	 | 	8,60
  1	 | 	9	 | 	18,68
  2	 | 	3	 | 	3,16
  2	 | 	4	 | 	2,24
  2	 | 	6	 | 	10,20
  3	 | 	5	 | 	3,16
  3	 | 	8	 | 	6,40
  4	 | 	5	 | 	8,06
  4	 | 	7	 | 	16,28
  4	 | 	9	 | 	4,12
  6	 | 	7	 | 	4,47
  4	 | 	8	 | 	10,77
___________________________
Simulation Topology [1:3]
___________________________
From 	  To 		Length
___________________________
  0	 | 	1	 | 	3,16
  0	 | 	4	 | 	14,14
  0	 | 	5	 | 	6,71
  0	 | 	6	 | 	3,61
  1	 | 	5	 | 	9,22
  1	 | 	7	 | 	4,12
  1	 | 	8	 | 	8,60
  1	 | 	9	 | 	18,68
  2	 | 	3	 | 	3,16
  2	 | 	4	 | 	2,24
  2	 | 	6	 | 	10,20
  3	 | 	5	 | 	3,16
  3	 | 	8	 | 	6,40
  4	 | 	5	 | 	8,06
  4	 | 	7	 | 	16,28
  4	 | 	9	 | 	4,12
  6	 | 	7	 | 	4,47
  4	 | 	8	 | 	10,77
  2	 | 	8	 | 	9,43
___________________________
Simulation Topology [1:4]
___________________________
From 	  To 		Length
___________________________
  0	 | 	1	 | 	3,16
  0	 | 	4	 | 	14,14
  0	 | 	5	 | 	6,71
  0	 | 	6	 | 	3,61
  1	 | 	5	 | 	9,22
  1	 | 	7	 | 	4,12
  1	 | 	8	 | 	8,60
  1	 | 	9	 | 	18,68
  2	 | 	3	 | 	3,16
  2	 | 	4	 | 	2,24
  2	 | 	6	 | 	10,20
  3	 | 	5	 | 	3,16
  3	 | 	8	 | 	6,40
  4	 | 	5	 | 	8,06
  4	 | 	7	 | 	16,28
  4	 | 	9	 | 	4,12
  6	 | 	7	 | 	4,47
  4	 | 	8	 | 	10,77
  2	 | 	8	 | 	9,43
  2	 | 	9	 | 	5,83
___________________________
