Simulation Topology 1
___________________________
[8]				[0]		
[16]				[0]		
[14]				[1]		
[5]				[1]		
[12]				[3]		
[1]				[4]		
[8]				[4]		
[15]				[5]		
[5]				[5]		
[12]				[6]		
___________________________
Simulation Topology [1:1]
___________________________
From 	  To 		Length
___________________________
  0	 | 	1	 | 	8,00
  0	 | 	8	 | 	5,83
  1	 | 	2	 | 	2,24
  1	 | 	4	 | 	5,00
  1	 | 	5	 | 	15,52
  2	 | 	3	 | 	9,00
  2	 | 	7	 | 	4,12
  2	 | 	8	 | 	9,85
  2	 | 	9	 | 	5,39
  3	 | 	7	 | 	10,77
  3	 | 	8	 | 	4,00
  4	 | 	5	 | 	11,05
  4	 | 	6	 | 	4,12
  4	 | 	7	 | 	3,61
  5	 | 	6	 | 	7,00
  6	 | 	7	 | 	7,07
  8	 | 	9	 | 	7,07
___________________________
Simulation Topology [1:2]
___________________________
From 	  To 		Length
___________________________
  0	 | 	1	 | 	8,00
  0	 | 	8	 | 	5,83
  1	 | 	2	 | 	2,24
  1	 | 	4	 | 	5,00
  1	 | 	5	 | 	15,52
  2	 | 	3	 | 	9,00
  2	 | 	7	 | 	4,12
  2	 | 	8	 | 	9,85
  2	 | 	9	 | 	5,39
  3	 | 	7	 | 	10,77
  3	 | 	8	 | 	4,00
  4	 | 	5	 | 	11,05
  4	 | 	6	 | 	4,12
  4	 | 	7	 | 	3,61
  5	 | 	6	 | 	7,00
  6	 | 	7	 | 	7,07
  8	 | 	9	 | 	7,07
  7	 | 	9	 | 	3,16
___________________________
Simulation Topology [1:3]
___________________________
From 	  To 		Length
___________________________
  0	 | 	1	 | 	8,00
  0	 | 	8	 | 	5,83
  1	 | 	2	 | 	2,24
  1	 | 	4	 | 	5,00
  1	 | 	5	 | 	15,52
  2	 | 	3	 | 	9,00
  2	 | 	7	 | 	4,12
  2	 | 	8	 | 	9,85
  2	 | 	9	 | 	5,39
  3	 | 	7	 | 	10,77
  3	 | 	8	 | 	4,00
  4	 | 	5	 | 	11,05
  4	 | 	6	 | 	4,12
  4	 | 	7	 | 	3,61
  5	 | 	6	 | 	7,00
  6	 | 	7	 | 	7,07
  8	 | 	9	 | 	7,07
  7	 | 	9	 | 	3,16
  0	 | 	3	 | 	3,16
___________________________
Simulation Topology [1:4]
___________________________
From 	  To 		Length
___________________________
  0	 | 	1	 | 	8,00
  0	 | 	8	 | 	5,83
  1	 | 	2	 | 	2,24
  1	 | 	4	 | 	5,00
  1	 | 	5	 | 	15,52
  2	 | 	3	 | 	9,00
  2	 | 	7	 | 	4,12
  2	 | 	8	 | 	9,85
  2	 | 	9	 | 	5,39
  3	 | 	7	 | 	10,77
  3	 | 	8	 | 	4,00
  4	 | 	5	 | 	11,05
  4	 | 	6	 | 	4,12
  4	 | 	7	 | 	3,61
  5	 | 	6	 | 	7,00
  6	 | 	7	 | 	7,07
  8	 | 	9	 | 	7,07
  7	 | 	9	 | 	3,16
  0	 | 	3	 | 	3,16
  2	 | 	4	 | 	2,83
___________________________
