Simulation Topology 1
___________________________
[7]				[0]		
[18]				[1]		
[11]				[1]		
[2]				[3]		
[16]				[3]		
[2]				[4]		
[7]				[5]		
[6]				[6]		
[12]				[6]		
[18]				[7]		
___________________________
Simulation Topology [1:1]
___________________________
From 	  To 		Length
___________________________
  0	 | 	1	 | 	11,05
  0	 | 	4	 | 	9,49
  0	 | 	6	 | 	5,00
  0	 | 	8	 | 	7,81
  1	 | 	3	 | 	16,12
  1	 | 	4	 | 	2,83
  1	 | 	5	 | 	16,28
  1	 | 	8	 | 	7,81
  2	 | 	3	 | 	9,22
  2	 | 	5	 | 	9,49
  2	 | 	6	 | 	5,66
  3	 | 	5	 | 	1,00
  3	 | 	7	 | 	5,00
  4	 | 	5	 | 	14,04
  5	 | 	6	 | 	5,10
  5	 | 	7	 | 	4,47
  6	 | 	9	 | 	11,18
  7	 | 	9	 | 	12,04
___________________________
Simulation Topology [1:2]
___________________________
From 	  To 		Length
___________________________
  0	 | 	1	 | 	11,05
  0	 | 	4	 | 	9,49
  0	 | 	6	 | 	5,00
  0	 | 	8	 | 	7,81
  1	 | 	3	 | 	16,12
  1	 | 	4	 | 	2,83
  1	 | 	5	 | 	16,28
  1	 | 	8	 | 	7,81
  2	 | 	3	 | 	9,22
  2	 | 	5	 | 	9,49
  2	 | 	6	 | 	5,66
  3	 | 	5	 | 	1,00
  3	 | 	7	 | 	5,00
  4	 | 	5	 | 	14,04
  5	 | 	6	 | 	5,10
  5	 | 	7	 | 	4,47
  6	 | 	9	 | 	11,18
  7	 | 	9	 | 	12,04
  0	 | 	7	 | 	6,08
___________________________
Simulation Topology [1:3]
___________________________
From 	  To 		Length
___________________________
  0	 | 	1	 | 	11,05
  0	 | 	4	 | 	9,49
  0	 | 	6	 | 	5,00
  0	 | 	8	 | 	7,81
  1	 | 	3	 | 	16,12
  1	 | 	4	 | 	2,83
  1	 | 	5	 | 	16,28
  1	 | 	8	 | 	7,81
  2	 | 	3	 | 	9,22
  2	 | 	5	 | 	9,49
  2	 | 	6	 | 	5,66
  3	 | 	5	 | 	1,00
  3	 | 	7	 | 	5,00
  4	 | 	5	 | 	14,04
  5	 | 	6	 | 	5,10
  5	 | 	7	 | 	4,47
  6	 | 	9	 | 	11,18
  7	 | 	9	 | 	12,04
  0	 | 	7	 | 	6,08
  0	 | 	2	 | 	4,12
___________________________
