Simulation Topology 1
___________________________
[0]				[0]		
[11]				[0]		
[13]				[1]		
[16]				[1]		
[4]				[3]		
[12]				[4]		
[5]				[5]		
[12]				[5]		
[13]				[6]		
[12]				[7]		
___________________________
Simulation Topology [1:1]
___________________________
From 	  To 		Length
___________________________
  0	 | 	1	 | 	11,00
  0	 | 	2	 | 	13,04
  0	 | 	4	 | 	5,00
  1	 | 	2	 | 	2,24
  1	 | 	3	 | 	5,10
  1	 | 	4	 | 	7,62
  1	 | 	6	 | 	7,81
  2	 | 	3	 | 	3,00
  2	 | 	8	 | 	5,00
  3	 | 	5	 | 	5,00
  3	 | 	7	 | 	5,66
  3	 | 	8	 | 	5,83
  3	 | 	9	 | 	7,21
  4	 | 	5	 | 	8,06
  5	 | 	8	 | 	2,24
  5	 | 	9	 | 	3,00
  6	 | 	8	 | 	8,06
  7	 | 	9	 | 	2,00
___________________________
Simulation Topology [1:2]
___________________________
From 	  To 		Length
___________________________
  0	 | 	1	 | 	11,00
  0	 | 	2	 | 	13,04
  0	 | 	4	 | 	5,00
  1	 | 	2	 | 	2,24
  1	 | 	3	 | 	5,10
  1	 | 	4	 | 	7,62
  1	 | 	6	 | 	7,81
  2	 | 	3	 | 	3,00
  2	 | 	8	 | 	5,00
  3	 | 	5	 | 	5,00
  3	 | 	7	 | 	5,66
  3	 | 	8	 | 	5,83
  3	 | 	9	 | 	7,21
  4	 | 	5	 | 	8,06
  5	 | 	8	 | 	2,24
  5	 | 	9	 | 	3,00
  6	 | 	8	 | 	8,06
  7	 | 	9	 | 	2,00
  5	 | 	6	 | 	7,07
___________________________
Simulation Topology [1:3]
___________________________
From 	  To 		Length
___________________________
  0	 | 	1	 | 	11,00
  0	 | 	2	 | 	13,04
  0	 | 	4	 | 	5,00
  1	 | 	2	 | 	2,24
  1	 | 	3	 | 	5,10
  1	 | 	4	 | 	7,62
  1	 | 	6	 | 	7,81
  2	 | 	3	 | 	3,00
  2	 | 	8	 | 	5,00
  3	 | 	5	 | 	5,00
  3	 | 	7	 | 	5,66
  3	 | 	8	 | 	5,83
  3	 | 	9	 | 	7,21
  4	 | 	5	 | 	8,06
  5	 | 	8	 | 	2,24
  5	 | 	9	 | 	3,00
  6	 | 	8	 | 	8,06
  7	 | 	9	 | 	2,00
  5	 | 	6	 | 	7,07
  4	 | 	6	 | 	2,24
___________________________
