Simulation Topology 1
___________________________
[16]				[0]		
[4]				[0]		
[18]				[2]		
[2]				[2]		
[4]				[3]		
[15]				[4]		
[12]				[4]		
[18]				[6]		
[0]				[6]		
[11]				[7]		
___________________________
Simulation Topology [1:1]
___________________________
From 	  To 		Length
___________________________
  0	 | 	1	 | 	12,00
  0	 | 	4	 | 	12,37
  0	 | 	5	 | 	4,12
  0	 | 	6	 | 	5,66
  1	 | 	4	 | 	3,00
  1	 | 	9	 | 	9,90
  2	 | 	3	 | 	16,00
  2	 | 	5	 | 	3,61
  3	 | 	5	 | 	13,15
  3	 | 	6	 | 	10,20
  4	 | 	5	 | 	11,05
  4	 | 	8	 | 	5,00
  4	 | 	9	 | 	8,06
  6	 | 	7	 | 	6,32
  7	 | 	8	 | 	18,00
  7	 | 	9	 | 	7,07
  8	 | 	9	 | 	11,05
___________________________
Simulation Topology [1:2]
___________________________
From 	  To 		Length
___________________________
  0	 | 	1	 | 	12,00
  0	 | 	4	 | 	12,37
  0	 | 	5	 | 	4,12
  0	 | 	6	 | 	5,66
  1	 | 	4	 | 	3,00
  1	 | 	9	 | 	9,90
  2	 | 	3	 | 	16,00
  2	 | 	5	 | 	3,61
  3	 | 	5	 | 	13,15
  3	 | 	6	 | 	10,20
  4	 | 	5	 | 	11,05
  4	 | 	8	 | 	5,00
  4	 | 	9	 | 	8,06
  6	 | 	7	 | 	6,32
  7	 | 	8	 | 	18,00
  7	 | 	9	 | 	7,07
  8	 | 	9	 | 	11,05
  5	 | 	9	 | 	5,00
___________________________
Simulation Topology [1:3]
___________________________
From 	  To 		Length
___________________________
  0	 | 	1	 | 	12,00
  0	 | 	4	 | 	12,37
  0	 | 	5	 | 	4,12
  0	 | 	6	 | 	5,66
  1	 | 	4	 | 	3,00
  1	 | 	9	 | 	9,90
  2	 | 	3	 | 	16,00
  2	 | 	5	 | 	3,61
  3	 | 	5	 | 	13,15
  3	 | 	6	 | 	10,20
  4	 | 	5	 | 	11,05
  4	 | 	8	 | 	5,00
  4	 | 	9	 | 	8,06
  6	 | 	7	 | 	6,32
  7	 | 	8	 | 	18,00
  7	 | 	9	 | 	7,07
  8	 | 	9	 | 	11,05
  5	 | 	9	 | 	5,00
  5	 | 	7	 | 	3,61
___________________________
Simulation Topology [1:4]
___________________________
From 	  To 		Length
___________________________
  0	 | 	1	 | 	12,00
  0	 | 	4	 | 	12,37
  0	 | 	5	 | 	4,12
  0	 | 	6	 | 	5,66
  1	 | 	4	 | 	3,00
  1	 | 	9	 | 	9,90
  2	 | 	3	 | 	16,00
  2	 | 	5	 | 	3,61
  3	 | 	5	 | 	13,15
  3	 | 	6	 | 	10,20
  4	 | 	5	 | 	11,05
  4	 | 	8	 | 	5,00
  4	 | 	9	 | 	8,06
  6	 | 	7	 | 	6,32
  7	 | 	8	 | 	18,00
  7	 | 	9	 | 	7,07
  8	 | 	9	 | 	11,05
  5	 | 	9	 | 	5,00
  5	 | 	7	 | 	3,61
  2	 | 	7	 | 	4,00
___________________________
