Simulation Topology 1
___________________________
[18]				[1]		
[15]				[1]		
[13]				[5]		
[18]				[6]		
[9]				[6]		
[13]				[7]		
[14]				[8]		
[10]				[8]		
[9]				[9]		
[19]				[10]		
___________________________
Simulation Topology [1:1]
___________________________
From 	  To 		Length
___________________________
  0	 | 	1	 | 	3,00
  0	 | 	2	 | 	6,40
  0	 | 	7	 | 	10,63
  1	 | 	3	 | 	5,83
  1	 | 	4	 | 	7,81
  2	 | 	3	 | 	5,10
  2	 | 	5	 | 	2,00
  2	 | 	7	 | 	4,24
  3	 | 	5	 | 	5,10
  3	 | 	8	 | 	9,49
  4	 | 	5	 | 	4,12
  4	 | 	8	 | 	3,00
  4	 | 	9	 | 	10,77
  5	 | 	7	 | 	3,16
  5	 | 	9	 | 	6,71
  6	 | 	8	 | 	5,10
  6	 | 	9	 | 	5,39
  7	 | 	9	 | 	9,22
  8	 | 	9	 | 	10,05
___________________________
Simulation Topology [1:2]
___________________________
From 	  To 		Length
___________________________
  0	 | 	1	 | 	3,00
  0	 | 	2	 | 	6,40
  0	 | 	7	 | 	10,63
  1	 | 	3	 | 	5,83
  1	 | 	4	 | 	7,81
  2	 | 	3	 | 	5,10
  2	 | 	5	 | 	2,00
  2	 | 	7	 | 	4,24
  3	 | 	5	 | 	5,10
  3	 | 	8	 | 	9,49
  4	 | 	5	 | 	4,12
  4	 | 	8	 | 	3,00
  4	 | 	9	 | 	10,77
  5	 | 	7	 | 	3,16
  5	 | 	9	 | 	6,71
  6	 | 	8	 | 	5,10
  6	 | 	9	 | 	5,39
  7	 | 	9	 | 	9,22
  8	 | 	9	 | 	10,05
  2	 | 	9	 | 	7,81
___________________________
