Simulation Topology 1
___________________________
[10]				[0]		
[11]				[1]		
[0]				[1]		
[7]				[2]		
[10]				[2]		
[7]				[3]		
[9]				[3]		
[1]				[4]		
[10]				[4]		
[8]				[5]		
___________________________
Simulation Topology [1:1]
___________________________
From 	  To 		Length
___________________________
  0	 | 	1	 | 	1,41
  0	 | 	5	 | 	4,24
  0	 | 	6	 | 	3,16
  0	 | 	7	 | 	9,85
  1	 | 	3	 | 	4,12
  1	 | 	5	 | 	4,47
  1	 | 	6	 | 	2,83
  2	 | 	3	 | 	7,07
  2	 | 	4	 | 	10,05
  2	 | 	9	 | 	8,94
  3	 | 	5	 | 	1,00
  3	 | 	7	 | 	6,32
  4	 | 	5	 | 	3,16
  4	 | 	8	 | 	2,00
  5	 | 	6	 | 	2,00
  6	 | 	7	 | 	8,06
  6	 | 	9	 | 	2,24
  8	 | 	9	 | 	2,24
___________________________
Simulation Topology [1:2]
___________________________
From 	  To 		Length
___________________________
  0	 | 	1	 | 	1,41
  0	 | 	5	 | 	4,24
  0	 | 	6	 | 	3,16
  0	 | 	7	 | 	9,85
  1	 | 	3	 | 	4,12
  1	 | 	5	 | 	4,47
  1	 | 	6	 | 	2,83
  2	 | 	3	 | 	7,07
  2	 | 	4	 | 	10,05
  2	 | 	9	 | 	8,94
  3	 | 	5	 | 	1,00
  3	 | 	7	 | 	6,32
  4	 | 	5	 | 	3,16
  4	 | 	8	 | 	2,00
  5	 | 	6	 | 	2,00
  6	 | 	7	 | 	8,06
  6	 | 	9	 | 	2,24
  8	 | 	9	 | 	2,24
  3	 | 	8	 | 	3,61
___________________________
Simulation Topology [1:3]
___________________________
From 	  To 		Length
___________________________
  0	 | 	1	 | 	1,41
  0	 | 	5	 | 	4,24
  0	 | 	6	 | 	3,16
  0	 | 	7	 | 	9,85
  1	 | 	3	 | 	4,12
  1	 | 	5	 | 	4,47
  1	 | 	6	 | 	2,83
  2	 | 	3	 | 	7,07
  2	 | 	4	 | 	10,05
  2	 | 	9	 | 	8,94
  3	 | 	5	 | 	1,00
  3	 | 	7	 | 	6,32
  4	 | 	5	 | 	3,16
  4	 | 	8	 | 	2,00
  5	 | 	6	 | 	2,00
  6	 | 	7	 | 	8,06
  6	 | 	9	 | 	2,24
  8	 | 	9	 | 	2,24
  3	 | 	8	 | 	3,61
  2	 | 	7	 | 	3,16
___________________________
