Simulation Topology 1
___________________________
[8]				[0]		
[11]				[1]		
[5]				[1]		
[5]				[2]		
[10]				[2]		
[16]				[3]		
[8]				[5]		
[12]				[5]		
[9]				[7]		
[1]				[7]		
___________________________
Simulation Topology [1:1]
___________________________
From 	  To 		Length
___________________________
  0	 | 	1	 | 	3,16
  0	 | 	2	 | 	3,16
  0	 | 	4	 | 	2,83
  0	 | 	5	 | 	8,54
  0	 | 	8	 | 	7,07
  1	 | 	3	 | 	6,08
  1	 | 	6	 | 	5,00
  2	 | 	3	 | 	1,00
  2	 | 	9	 | 	7,21
  3	 | 	5	 | 	11,05
  3	 | 	7	 | 	7,62
  4	 | 	5	 | 	6,08
  4	 | 	6	 | 	3,61
  4	 | 	9	 | 	10,30
  5	 | 	7	 | 	4,47
  5	 | 	9	 | 	15,52
  6	 | 	7	 | 	4,00
  7	 | 	8	 | 	3,61
___________________________
Simulation Topology [1:2]
___________________________
From 	  To 		Length
___________________________
  0	 | 	1	 | 	3,16
  0	 | 	2	 | 	3,16
  0	 | 	4	 | 	2,83
  0	 | 	5	 | 	8,54
  0	 | 	8	 | 	7,07
  1	 | 	3	 | 	6,08
  1	 | 	6	 | 	5,00
  2	 | 	3	 | 	1,00
  2	 | 	9	 | 	7,21
  3	 | 	5	 | 	11,05
  3	 | 	7	 | 	7,62
  4	 | 	5	 | 	6,08
  4	 | 	6	 | 	3,61
  4	 | 	9	 | 	10,30
  5	 | 	7	 | 	4,47
  5	 | 	9	 | 	15,52
  6	 | 	7	 | 	4,00
  7	 | 	8	 | 	3,61
  6	 | 	8	 | 	2,24
___________________________
Simulation Topology [1:3]
___________________________
From 	  To 		Length
___________________________
  0	 | 	1	 | 	3,16
  0	 | 	2	 | 	3,16
  0	 | 	4	 | 	2,83
  0	 | 	5	 | 	8,54
  0	 | 	8	 | 	7,07
  1	 | 	3	 | 	6,08
  1	 | 	6	 | 	5,00
  2	 | 	3	 | 	1,00
  2	 | 	9	 | 	7,21
  3	 | 	5	 | 	11,05
  3	 | 	7	 | 	7,62
  4	 | 	5	 | 	6,08
  4	 | 	6	 | 	3,61
  4	 | 	9	 | 	10,30
  5	 | 	7	 | 	4,47
  5	 | 	9	 | 	15,52
  6	 | 	7	 | 	4,00
  7	 | 	8	 | 	3,61
  6	 | 	8	 | 	2,24
  4	 | 	7	 | 	3,61
___________________________
