Simulation Topology 1
___________________________
[17]				[5]		
[11]				[6]		
[16]				[6]		
[1]				[8]		
[3]				[8]		
[5]				[9]		
[16]				[11]		
[13]				[12]		
[4]				[13]		
[15]				[13]		
___________________________
Simulation Topology [1:1]
___________________________
From 	  To 		Length
___________________________
  0	 | 	1	 | 	6,08
  0	 | 	2	 | 	1,41
  0	 | 	3	 | 	16,28
  0	 | 	5	 | 	12,65
  0	 | 	7	 | 	8,06
  1	 | 	3	 | 	10,20
  1	 | 	7	 | 	6,32
  1	 | 	8	 | 	9,90
  2	 | 	3	 | 	15,13
  2	 | 	6	 | 	5,00
  3	 | 	4	 | 	2,00
  3	 | 	6	 | 	15,30
  4	 | 	5	 | 	2,24
  4	 | 	8	 | 	5,10
  4	 | 	9	 | 	13,00
  5	 | 	6	 | 	11,18
  5	 | 	8	 | 	4,12
  6	 | 	9	 | 	2,24
  7	 | 	9	 | 	2,24
___________________________
Simulation Topology [1:2]
___________________________
From 	  To 		Length
___________________________
  0	 | 	1	 | 	6,08
  0	 | 	2	 | 	1,41
  0	 | 	3	 | 	16,28
  0	 | 	5	 | 	12,65
  0	 | 	7	 | 	8,06
  1	 | 	3	 | 	10,20
  1	 | 	7	 | 	6,32
  1	 | 	8	 | 	9,90
  2	 | 	3	 | 	15,13
  2	 | 	6	 | 	5,00
  3	 | 	4	 | 	2,00
  3	 | 	6	 | 	15,30
  4	 | 	5	 | 	2,24
  4	 | 	8	 | 	5,10
  4	 | 	9	 | 	13,00
  5	 | 	6	 | 	11,18
  5	 | 	8	 | 	4,12
  6	 | 	9	 | 	2,24
  7	 | 	9	 | 	2,24
  1	 | 	2	 | 	5,00
___________________________
