Simulation Topology 1
___________________________
[11]				[4]		
[10]				[7]		
[0]				[7]		
[9]				[9]		
[0]				[9]		
[4]				[15]		
[11]				[15]		
[11]				[17]		
[4]				[17]		
[1]				[18]		
___________________________
Simulation Topology [1:1]
___________________________
From 	  To 		Length
___________________________
  0	 | 	1	 | 	3,16
  0	 | 	3	 | 	5,39
  0	 | 	4	 | 	12,08
  0	 | 	9	 | 	17,20
  1	 | 	6	 | 	8,06
  2	 | 	3	 | 	9,22
  2	 | 	4	 | 	2,00
  2	 | 	5	 | 	8,94
  2	 | 	6	 | 	13,60
  3	 | 	7	 | 	8,25
  3	 | 	8	 | 	9,43
  4	 | 	5	 | 	7,21
  4	 | 	8	 | 	8,94
  5	 | 	9	 | 	4,24
  6	 | 	7	 | 	2,00
  6	 | 	8	 | 	7,28
  6	 | 	9	 | 	10,44
___________________________
Simulation Topology [1:2]
___________________________
From 	  To 		Length
___________________________
  0	 | 	1	 | 	3,16
  0	 | 	3	 | 	5,39
  0	 | 	4	 | 	12,08
  0	 | 	9	 | 	17,20
  1	 | 	6	 | 	8,06
  2	 | 	3	 | 	9,22
  2	 | 	4	 | 	2,00
  2	 | 	5	 | 	8,94
  2	 | 	6	 | 	13,60
  3	 | 	7	 | 	8,25
  3	 | 	8	 | 	9,43
  4	 | 	5	 | 	7,21
  4	 | 	8	 | 	8,94
  5	 | 	9	 | 	4,24
  6	 | 	7	 | 	2,00
  6	 | 	8	 | 	7,28
  6	 | 	9	 | 	10,44
  1	 | 	2	 | 	10,00
___________________________
Simulation Topology [1:3]
___________________________
From 	  To 		Length
___________________________
  0	 | 	1	 | 	3,16
  0	 | 	3	 | 	5,39
  0	 | 	4	 | 	12,08
  0	 | 	9	 | 	17,20
  1	 | 	6	 | 	8,06
  2	 | 	3	 | 	9,22
  2	 | 	4	 | 	2,00
  2	 | 	5	 | 	8,94
  2	 | 	6	 | 	13,60
  3	 | 	7	 | 	8,25
  3	 | 	8	 | 	9,43
  4	 | 	5	 | 	7,21
  4	 | 	8	 | 	8,94
  5	 | 	9	 | 	4,24
  6	 | 	7	 | 	2,00
  6	 | 	8	 | 	7,28
  6	 | 	9	 | 	10,44
  1	 | 	2	 | 	10,00
  1	 | 	3	 | 	2,24
___________________________
Simulation Topology [1:4]
___________________________
From 	  To 		Length
___________________________
  0	 | 	1	 | 	3,16
  0	 | 	3	 | 	5,39
  0	 | 	4	 | 	12,08
  0	 | 	9	 | 	17,20
  1	 | 	6	 | 	8,06
  2	 | 	3	 | 	9,22
  2	 | 	4	 | 	2,00
  2	 | 	5	 | 	8,94
  2	 | 	6	 | 	13,60
  3	 | 	7	 | 	8,25
  3	 | 	8	 | 	9,43
  4	 | 	5	 | 	7,21
  4	 | 	8	 | 	8,94
  5	 | 	9	 | 	4,24
  6	 | 	7	 | 	2,00
  6	 | 	8	 | 	7,28
  6	 | 	9	 | 	10,44
  1	 | 	2	 | 	10,00
  1	 | 	3	 | 	2,24
  5	 | 	8	 | 	2,00
___________________________
