Simulation Topology 1
___________________________
[3]				[0]		
[13]				[0]		
[6]				[1]		
[13]				[1]		
[4]				[2]		
[6]				[2]		
[16]				[3]		
[12]				[3]		
[16]				[4]		
[3]				[5]		
___________________________
Simulation Topology [1:1]
___________________________
From 	  To 		Length
___________________________
  0	 | 	1	 | 	10,00
  0	 | 	5	 | 	3,61
  0	 | 	7	 | 	9,49
  0	 | 	8	 | 	13,60
  0	 | 	9	 | 	5,00
  1	 | 	7	 | 	3,16
  1	 | 	8	 | 	5,00
  2	 | 	3	 | 	7,00
  2	 | 	4	 | 	2,24
  2	 | 	6	 | 	10,20
  2	 | 	9	 | 	5,00
  3	 | 	9	 | 	10,77
  4	 | 	5	 | 	2,00
  4	 | 	6	 | 	12,04
  4	 | 	7	 | 	8,06
  6	 | 	7	 | 	4,00
  7	 | 	8	 | 	4,12
  8	 | 	9	 | 	13,04
___________________________
Simulation Topology [1:2]
___________________________
From 	  To 		Length
___________________________
  0	 | 	1	 | 	10,00
  0	 | 	5	 | 	3,61
  0	 | 	7	 | 	9,49
  0	 | 	8	 | 	13,60
  0	 | 	9	 | 	5,00
  1	 | 	7	 | 	3,16
  1	 | 	8	 | 	5,00
  2	 | 	3	 | 	7,00
  2	 | 	4	 | 	2,24
  2	 | 	6	 | 	10,20
  2	 | 	9	 | 	5,00
  3	 | 	9	 | 	10,77
  4	 | 	5	 | 	2,00
  4	 | 	6	 | 	12,04
  4	 | 	7	 | 	8,06
  6	 | 	7	 | 	4,00
  7	 | 	8	 | 	4,12
  8	 | 	9	 | 	13,04
  6	 | 	8	 | 	1,00
___________________________
Simulation Topology [1:3]
___________________________
From 	  To 		Length
___________________________
  0	 | 	1	 | 	10,00
  0	 | 	5	 | 	3,61
  0	 | 	7	 | 	9,49
  0	 | 	8	 | 	13,60
  0	 | 	9	 | 	5,00
  1	 | 	7	 | 	3,16
  1	 | 	8	 | 	5,00
  2	 | 	3	 | 	7,00
  2	 | 	4	 | 	2,24
  2	 | 	6	 | 	10,20
  2	 | 	9	 | 	5,00
  3	 | 	9	 | 	10,77
  4	 | 	5	 | 	2,00
  4	 | 	6	 | 	12,04
  4	 | 	7	 | 	8,06
  6	 | 	7	 | 	4,00
  7	 | 	8	 | 	4,12
  8	 | 	9	 | 	13,04
  6	 | 	8	 | 	1,00
  2	 | 	5	 | 	1,00
___________________________
