Simulation Topology 1
___________________________
[18]				[2]		
[7]				[2]		
[13]				[3]		
[16]				[7]		
[4]				[8]		
[11]				[8]		
[10]				[9]		
[17]				[10]		
[5]				[13]		
[19]				[13]		
___________________________
Simulation Topology [1:1]
___________________________
From 	  To 		Length
___________________________
  0	 | 	1	 | 	11,00
  0	 | 	7	 | 	8,06
  0	 | 	9	 | 	11,05
  1	 | 	2	 | 	6,08
  1	 | 	5	 | 	7,21
  1	 | 	9	 | 	16,28
  2	 | 	3	 | 	5,00
  2	 | 	6	 | 	6,71
  2	 | 	9	 | 	11,66
  3	 | 	4	 | 	12,04
  3	 | 	5	 | 	5,10
  3	 | 	7	 | 	3,16
  3	 | 	8	 | 	12,53
  3	 | 	9	 | 	6,71
  4	 | 	5	 | 	7,00
  4	 | 	6	 | 	6,08
  6	 | 	7	 | 	7,07
  6	 | 	8	 | 	6,40
  7	 | 	8	 | 	12,37
___________________________
Simulation Topology [1:2]
___________________________
From 	  To 		Length
___________________________
  0	 | 	1	 | 	11,00
  0	 | 	7	 | 	8,06
  0	 | 	9	 | 	11,05
  1	 | 	2	 | 	6,08
  1	 | 	5	 | 	7,21
  1	 | 	9	 | 	16,28
  2	 | 	3	 | 	5,00
  2	 | 	6	 | 	6,71
  2	 | 	9	 | 	11,66
  3	 | 	4	 | 	12,04
  3	 | 	5	 | 	5,10
  3	 | 	7	 | 	3,16
  3	 | 	8	 | 	12,53
  3	 | 	9	 | 	6,71
  4	 | 	5	 | 	7,00
  4	 | 	6	 | 	6,08
  6	 | 	7	 | 	7,07
  6	 | 	8	 | 	6,40
  7	 | 	8	 | 	12,37
  5	 | 	6	 | 	1,41
___________________________
