Simulation Topology 1
___________________________
[5]				[0]		
[11]				[1]		
[19]				[1]		
[3]				[2]		
[3]				[3]		
[12]				[5]		
[9]				[5]		
[14]				[7]		
[11]				[7]		
[10]				[9]		
___________________________
Simulation Topology [1:1]
___________________________
From 	  To 		Length
___________________________
  0	 | 	1	 | 	6,08
  0	 | 	2	 | 	14,04
  0	 | 	3	 | 	2,83
  0	 | 	5	 | 	8,60
  1	 | 	3	 | 	8,06
  1	 | 	8	 | 	6,00
  2	 | 	3	 | 	16,03
  2	 | 	4	 | 	16,12
  2	 | 	5	 | 	8,06
  2	 | 	6	 | 	10,77
  2	 | 	9	 | 	12,04
  3	 | 	8	 | 	9,43
  3	 | 	9	 | 	9,90
  4	 | 	5	 | 	9,22
  4	 | 	9	 | 	9,22
  6	 | 	7	 | 	5,39
  6	 | 	8	 | 	2,83
  6	 | 	9	 | 	4,12
  7	 | 	9	 | 	4,47
___________________________
Simulation Topology [1:2]
___________________________
From 	  To 		Length
___________________________
  0	 | 	1	 | 	6,08
  0	 | 	2	 | 	14,04
  0	 | 	3	 | 	2,83
  0	 | 	5	 | 	8,60
  1	 | 	3	 | 	8,06
  1	 | 	8	 | 	6,00
  2	 | 	3	 | 	16,03
  2	 | 	4	 | 	16,12
  2	 | 	5	 | 	8,06
  2	 | 	6	 | 	10,77
  2	 | 	9	 | 	12,04
  3	 | 	8	 | 	9,43
  3	 | 	9	 | 	9,90
  4	 | 	5	 | 	9,22
  4	 | 	9	 | 	9,22
  6	 | 	7	 | 	5,39
  6	 | 	8	 | 	2,83
  6	 | 	9	 | 	4,12
  7	 | 	9	 | 	4,47
  5	 | 	7	 | 	2,83
___________________________
