Simulation Topology 1
___________________________
[10]				[1]		
[2]				[1]		
[7]				[2]		
[13]				[3]		
[8]				[6]		
[18]				[6]		
[4]				[7]		
[7]				[7]		
[8]				[8]		
[10]				[9]		
___________________________
Simulation Topology [1:1]
___________________________
From 	  To 		Length
___________________________
  0	 | 	1	 | 	8,00
  0	 | 	2	 | 	3,16
  0	 | 	3	 | 	3,61
  0	 | 	5	 | 	9,43
  1	 | 	4	 | 	7,81
  1	 | 	8	 | 	9,22
  1	 | 	9	 | 	11,31
  2	 | 	3	 | 	6,08
  2	 | 	4	 | 	4,12
  2	 | 	7	 | 	5,00
  3	 | 	6	 | 	9,85
  3	 | 	7	 | 	7,21
  4	 | 	5	 | 	10,00
  4	 | 	9	 | 	3,61
  5	 | 	6	 | 	14,04
  5	 | 	7	 | 	11,05
  6	 | 	9	 | 	6,32
  8	 | 	9	 | 	2,24
___________________________
Simulation Topology [1:2]
___________________________
From 	  To 		Length
___________________________
  0	 | 	1	 | 	8,00
  0	 | 	2	 | 	3,16
  0	 | 	3	 | 	3,61
  0	 | 	5	 | 	9,43
  1	 | 	4	 | 	7,81
  1	 | 	8	 | 	9,22
  1	 | 	9	 | 	11,31
  2	 | 	3	 | 	6,08
  2	 | 	4	 | 	4,12
  2	 | 	7	 | 	5,00
  3	 | 	6	 | 	9,85
  3	 | 	7	 | 	7,21
  4	 | 	5	 | 	10,00
  4	 | 	9	 | 	3,61
  5	 | 	6	 | 	14,04
  5	 | 	7	 | 	11,05
  6	 | 	9	 | 	6,32
  8	 | 	9	 | 	2,24
  1	 | 	2	 | 	5,10
___________________________
Simulation Topology [1:3]
___________________________
From 	  To 		Length
___________________________
  0	 | 	1	 | 	8,00
  0	 | 	2	 | 	3,16
  0	 | 	3	 | 	3,61
  0	 | 	5	 | 	9,43
  1	 | 	4	 | 	7,81
  1	 | 	8	 | 	9,22
  1	 | 	9	 | 	11,31
  2	 | 	3	 | 	6,08
  2	 | 	4	 | 	4,12
  2	 | 	7	 | 	5,00
  3	 | 	6	 | 	9,85
  3	 | 	7	 | 	7,21
  4	 | 	5	 | 	10,00
  4	 | 	9	 | 	3,61
  5	 | 	6	 | 	14,04
  5	 | 	7	 | 	11,05
  6	 | 	9	 | 	6,32
  8	 | 	9	 | 	2,24
  1	 | 	2	 | 	5,10
  1	 | 	6	 | 	6,32
___________________________
