Simulation Topology 1
___________________________
[10]				[0]		
[18]				[0]		
[6]				[1]		
[13]				[1]		
[16]				[2]		
[2]				[3]		
[4]				[6]		
[15]				[6]		
[11]				[7]		
[5]				[9]		
___________________________
Simulation Topology [1:1]
___________________________
From 	  To 		Length
___________________________
  0	 | 	1	 | 	8,00
  0	 | 	3	 | 	3,16
  0	 | 	8	 | 	7,07
  1	 | 	3	 | 	5,10
  1	 | 	4	 | 	2,83
  1	 | 	5	 | 	16,28
  1	 | 	9	 | 	15,81
  2	 | 	3	 | 	7,00
  2	 | 	8	 | 	7,81
  2	 | 	9	 | 	8,06
  3	 | 	7	 | 	5,39
  4	 | 	5	 | 	14,04
  4	 | 	6	 | 	12,65
  4	 | 	7	 | 	4,12
  5	 | 	6	 | 	3,61
  5	 | 	9	 | 	6,71
  6	 | 	9	 | 	3,16
  7	 | 	8	 | 	4,12
___________________________
Simulation Topology [1:2]
___________________________
From 	  To 		Length
___________________________
  0	 | 	1	 | 	8,00
  0	 | 	3	 | 	3,16
  0	 | 	8	 | 	7,07
  1	 | 	3	 | 	5,10
  1	 | 	4	 | 	2,83
  1	 | 	5	 | 	16,28
  1	 | 	9	 | 	15,81
  2	 | 	3	 | 	7,00
  2	 | 	8	 | 	7,81
  2	 | 	9	 | 	8,06
  3	 | 	7	 | 	5,39
  4	 | 	5	 | 	14,04
  4	 | 	6	 | 	12,65
  4	 | 	7	 | 	4,12
  5	 | 	6	 | 	3,61
  5	 | 	9	 | 	6,71
  6	 | 	9	 | 	3,16
  7	 | 	8	 | 	4,12
  0	 | 	5	 | 	8,54
___________________________
Simulation Topology [1:3]
___________________________
From 	  To 		Length
___________________________
  0	 | 	1	 | 	8,00
  0	 | 	3	 | 	3,16
  0	 | 	8	 | 	7,07
  1	 | 	3	 | 	5,10
  1	 | 	4	 | 	2,83
  1	 | 	5	 | 	16,28
  1	 | 	9	 | 	15,81
  2	 | 	3	 | 	7,00
  2	 | 	8	 | 	7,81
  2	 | 	9	 | 	8,06
  3	 | 	7	 | 	5,39
  4	 | 	5	 | 	14,04
  4	 | 	6	 | 	12,65
  4	 | 	7	 | 	4,12
  5	 | 	6	 | 	3,61
  5	 | 	9	 | 	6,71
  6	 | 	9	 | 	3,16
  7	 | 	8	 | 	4,12
  0	 | 	5	 | 	8,54
  3	 | 	4	 | 	3,16
___________________________
