Simulation Topology 1
___________________________
[16]				[0]		
[1]				[0]		
[9]				[1]		
[8]				[3]		
[13]				[3]		
[12]				[4]		
[2]				[5]		
[8]				[5]		
[17]				[6]		
[0]				[6]		
___________________________
Simulation Topology [1:1]
___________________________
From 	  To 		Length
___________________________
  0	 | 	1	 | 	15,00
  0	 | 	4	 | 	4,24
  0	 | 	5	 | 	5,66
  1	 | 	6	 | 	5,10
  1	 | 	8	 | 	17,09
  2	 | 	3	 | 	2,24
  2	 | 	5	 | 	4,24
  2	 | 	6	 | 	8,06
  2	 | 	8	 | 	9,43
  3	 | 	6	 | 	6,32
  3	 | 	8	 | 	9,49
  3	 | 	9	 | 	8,54
  4	 | 	5	 | 	1,41
  4	 | 	7	 | 	5,39
  4	 | 	9	 | 	13,34
  5	 | 	6	 | 	10,05
  6	 | 	7	 | 	6,00
___________________________
Simulation Topology [1:2]
___________________________
From 	  To 		Length
___________________________
  0	 | 	1	 | 	15,00
  0	 | 	4	 | 	4,24
  0	 | 	5	 | 	5,66
  1	 | 	6	 | 	5,10
  1	 | 	8	 | 	17,09
  2	 | 	3	 | 	2,24
  2	 | 	5	 | 	4,24
  2	 | 	6	 | 	8,06
  2	 | 	8	 | 	9,43
  3	 | 	6	 | 	6,32
  3	 | 	8	 | 	9,49
  3	 | 	9	 | 	8,54
  4	 | 	5	 | 	1,41
  4	 | 	7	 | 	5,39
  4	 | 	9	 | 	13,34
  5	 | 	6	 | 	10,05
  6	 | 	7	 | 	6,00
  6	 | 	9	 | 	2,24
___________________________
Simulation Topology [1:3]
___________________________
From 	  To 		Length
___________________________
  0	 | 	1	 | 	15,00
  0	 | 	4	 | 	4,24
  0	 | 	5	 | 	5,66
  1	 | 	6	 | 	5,10
  1	 | 	8	 | 	17,09
  2	 | 	3	 | 	2,24
  2	 | 	5	 | 	4,24
  2	 | 	6	 | 	8,06
  2	 | 	8	 | 	9,43
  3	 | 	6	 | 	6,32
  3	 | 	8	 | 	9,49
  3	 | 	9	 | 	8,54
  4	 | 	5	 | 	1,41
  4	 | 	7	 | 	5,39
  4	 | 	9	 | 	13,34
  5	 | 	6	 | 	10,05
  6	 | 	7	 | 	6,00
  6	 | 	9	 | 	2,24
  3	 | 	7	 | 	2,00
___________________________
Simulation Topology [1:4]
___________________________
From 	  To 		Length
___________________________
  0	 | 	1	 | 	15,00
  0	 | 	4	 | 	4,24
  0	 | 	5	 | 	5,66
  1	 | 	6	 | 	5,10
  1	 | 	8	 | 	17,09
  2	 | 	3	 | 	2,24
  2	 | 	5	 | 	4,24
  2	 | 	6	 | 	8,06
  2	 | 	8	 | 	9,43
  3	 | 	6	 | 	6,32
  3	 | 	8	 | 	9,49
  3	 | 	9	 | 	8,54
  4	 | 	5	 | 	1,41
  4	 | 	7	 | 	5,39
  4	 | 	9	 | 	13,34
  5	 | 	6	 | 	10,05
  6	 | 	7	 | 	6,00
  6	 | 	9	 | 	2,24
  3	 | 	7	 | 	2,00
  0	 | 	3	 | 	8,54
___________________________
