Simulation Topology 1
___________________________
[8]				[1]		
[10]				[2]		
[4]				[2]		
[10]				[3]		
[7]				[3]		
[15]				[4]		
[0]				[4]		
[13]				[7]		
[15]				[7]		
[17]				[8]		
___________________________
Simulation Topology [1:1]
___________________________
From 	  To 		Length
___________________________
  0	 | 	1	 | 	2,24
  0	 | 	4	 | 	2,24
  0	 | 	9	 | 	11,40
  1	 | 	5	 | 	5,39
  1	 | 	8	 | 	7,07
  2	 | 	3	 | 	6,08
  2	 | 	8	 | 	12,08
  2	 | 	9	 | 	14,32
  3	 | 	6	 | 	10,05
  4	 | 	5	 | 	8,06
  4	 | 	7	 | 	7,21
  4	 | 	8	 | 	8,94
  5	 | 	8	 | 	3,00
  5	 | 	9	 | 	4,47
  6	 | 	7	 | 	13,34
  6	 | 	9	 | 	17,46
  8	 | 	9	 | 	2,24
___________________________
Simulation Topology [1:2]
___________________________
From 	  To 		Length
___________________________
  0	 | 	1	 | 	2,24
  0	 | 	4	 | 	2,24
  0	 | 	9	 | 	11,40
  1	 | 	5	 | 	5,39
  1	 | 	8	 | 	7,07
  2	 | 	3	 | 	6,08
  2	 | 	8	 | 	12,08
  2	 | 	9	 | 	14,32
  3	 | 	6	 | 	10,05
  4	 | 	5	 | 	8,06
  4	 | 	7	 | 	7,21
  4	 | 	8	 | 	8,94
  5	 | 	8	 | 	3,00
  5	 | 	9	 | 	4,47
  6	 | 	7	 | 	13,34
  6	 | 	9	 | 	17,46
  8	 | 	9	 | 	2,24
  7	 | 	8	 | 	2,00
___________________________
Simulation Topology [1:3]
___________________________
From 	  To 		Length
___________________________
  0	 | 	1	 | 	2,24
  0	 | 	4	 | 	2,24
  0	 | 	9	 | 	11,40
  1	 | 	5	 | 	5,39
  1	 | 	8	 | 	7,07
  2	 | 	3	 | 	6,08
  2	 | 	8	 | 	12,08
  2	 | 	9	 | 	14,32
  3	 | 	6	 | 	10,05
  4	 | 	5	 | 	8,06
  4	 | 	7	 | 	7,21
  4	 | 	8	 | 	8,94
  5	 | 	8	 | 	3,00
  5	 | 	9	 | 	4,47
  6	 | 	7	 | 	13,34
  6	 | 	9	 | 	17,46
  8	 | 	9	 | 	2,24
  7	 | 	8	 | 	2,00
  4	 | 	6	 | 	7,07
___________________________
Simulation Topology [1:4]
___________________________
From 	  To 		Length
___________________________
  0	 | 	1	 | 	2,24
  0	 | 	4	 | 	2,24
  0	 | 	9	 | 	11,40
  1	 | 	5	 | 	5,39
  1	 | 	8	 | 	7,07
  2	 | 	3	 | 	6,08
  2	 | 	8	 | 	12,08
  2	 | 	9	 | 	14,32
  3	 | 	6	 | 	10,05
  4	 | 	5	 | 	8,06
  4	 | 	7	 | 	7,21
  4	 | 	8	 | 	8,94
  5	 | 	8	 | 	3,00
  5	 | 	9	 | 	4,47
  6	 | 	7	 | 	13,34
  6	 | 	9	 | 	17,46
  8	 | 	9	 | 	2,24
  7	 | 	8	 | 	2,00
  4	 | 	6	 | 	7,07
  0	 | 	5	 | 	7,62
___________________________
