Simulation Topology 1
___________________________
[12]				[0]		
[4]				[1]		
[17]				[1]		
[2]				[2]		
[5]				[3]		
[11]				[3]		
[0]				[4]		
[16]				[5]		
[5]				[7]		
[13]				[7]		
___________________________
Simulation Topology [1:1]
___________________________
From 	  To 		Length
___________________________
  0	 | 	1	 | 	8,06
  0	 | 	3	 | 	10,20
  0	 | 	4	 | 	7,62
  0	 | 	5	 | 	3,16
  1	 | 	4	 | 	2,24
  1	 | 	5	 | 	7,28
  1	 | 	6	 | 	5,00
  1	 | 	9	 | 	10,82
  2	 | 	3	 | 	15,03
  2	 | 	6	 | 	17,26
  2	 | 	7	 | 	4,12
  2	 | 	8	 | 	13,42
  3	 | 	8	 | 	5,83
  3	 | 	9	 | 	12,08
  4	 | 	5	 | 	6,00
  4	 | 	7	 | 	11,18
  5	 | 	6	 | 	11,05
  6	 | 	7	 | 	16,03
  7	 | 	8	 | 	11,18
___________________________
Simulation Topology [1:2]
___________________________
From 	  To 		Length
___________________________
  0	 | 	1	 | 	8,06
  0	 | 	3	 | 	10,20
  0	 | 	4	 | 	7,62
  0	 | 	5	 | 	3,16
  1	 | 	4	 | 	2,24
  1	 | 	5	 | 	7,28
  1	 | 	6	 | 	5,00
  1	 | 	9	 | 	10,82
  2	 | 	3	 | 	15,03
  2	 | 	6	 | 	17,26
  2	 | 	7	 | 	4,12
  2	 | 	8	 | 	13,42
  3	 | 	8	 | 	5,83
  3	 | 	9	 | 	12,08
  4	 | 	5	 | 	6,00
  4	 | 	7	 | 	11,18
  5	 | 	6	 | 	11,05
  6	 | 	7	 | 	16,03
  7	 | 	8	 | 	11,18
  7	 | 	9	 | 	3,61
___________________________
