Simulation Topology 1
___________________________
[17]				[0]		
[15]				[0]		
[6]				[1]		
[12]				[2]		
[13]				[5]		
[18]				[5]		
[13]				[6]		
[18]				[6]		
[15]				[7]		
[19]				[8]		
___________________________
Simulation Topology [1:1]
___________________________
From 	  To 		Length
___________________________
  0	 | 	1	 | 	2,00
  0	 | 	2	 | 	11,05
  0	 | 	8	 | 	7,28
  1	 | 	2	 | 	9,06
  1	 | 	7	 | 	6,71
  2	 | 	3	 | 	6,08
  2	 | 	4	 | 	8,06
  3	 | 	4	 | 	3,16
  3	 | 	7	 | 	7,21
  3	 | 	9	 | 	9,22
  4	 | 	5	 | 	5,00
  4	 | 	8	 | 	2,83
  5	 | 	6	 | 	5,10
  5	 | 	8	 | 	3,61
  6	 | 	9	 | 	6,32
  7	 | 	8	 | 	3,16
  7	 | 	9	 | 	2,24
  8	 | 	9	 | 	4,12
___________________________
Simulation Topology [1:2]
___________________________
From 	  To 		Length
___________________________
  0	 | 	1	 | 	2,00
  0	 | 	2	 | 	11,05
  0	 | 	8	 | 	7,28
  1	 | 	2	 | 	9,06
  1	 | 	7	 | 	6,71
  2	 | 	3	 | 	6,08
  2	 | 	4	 | 	8,06
  3	 | 	4	 | 	3,16
  3	 | 	7	 | 	7,21
  3	 | 	9	 | 	9,22
  4	 | 	5	 | 	5,00
  4	 | 	8	 | 	2,83
  5	 | 	6	 | 	5,10
  5	 | 	8	 | 	3,61
  6	 | 	9	 | 	6,32
  7	 | 	8	 | 	3,16
  7	 | 	9	 | 	2,24
  8	 | 	9	 | 	4,12
  1	 | 	9	 | 	8,94
___________________________
Simulation Topology [1:3]
___________________________
From 	  To 		Length
___________________________
  0	 | 	1	 | 	2,00
  0	 | 	2	 | 	11,05
  0	 | 	8	 | 	7,28
  1	 | 	2	 | 	9,06
  1	 | 	7	 | 	6,71
  2	 | 	3	 | 	6,08
  2	 | 	4	 | 	8,06
  3	 | 	4	 | 	3,16
  3	 | 	7	 | 	7,21
  3	 | 	9	 | 	9,22
  4	 | 	5	 | 	5,00
  4	 | 	8	 | 	2,83
  5	 | 	6	 | 	5,10
  5	 | 	8	 | 	3,61
  6	 | 	9	 | 	6,32
  7	 | 	8	 | 	3,16
  7	 | 	9	 | 	2,24
  8	 | 	9	 | 	4,12
  1	 | 	9	 | 	8,94
  4	 | 	6	 | 	1,00
___________________________
