Simulation Topology 1
___________________________
[14]				[1]		
[12]				[1]		
[8]				[2]		
[13]				[3]		
[3]				[3]		
[1]				[5]		
[17]				[6]		
[3]				[6]		
[5]				[8]		
[6]				[9]		
___________________________
Simulation Topology [1:1]
___________________________
From 	  To 		Length
___________________________
  0	 | 	1	 | 	2,00
  0	 | 	3	 | 	2,24
  0	 | 	4	 | 	11,18
  1	 | 	3	 | 	2,24
  1	 | 	6	 | 	7,07
  1	 | 	9	 | 	10,00
  2	 | 	3	 | 	5,10
  2	 | 	4	 | 	5,10
  2	 | 	8	 | 	6,71
  3	 | 	6	 | 	5,00
  3	 | 	9	 | 	9,22
  4	 | 	5	 | 	2,83
  5	 | 	7	 | 	2,24
  5	 | 	8	 | 	5,00
  5	 | 	9	 | 	6,40
  6	 | 	8	 | 	12,17
  7	 | 	8	 | 	2,83
  7	 | 	9	 | 	4,24
___________________________
Simulation Topology [1:2]
___________________________
From 	  To 		Length
___________________________
  0	 | 	1	 | 	2,00
  0	 | 	3	 | 	2,24
  0	 | 	4	 | 	11,18
  1	 | 	3	 | 	2,24
  1	 | 	6	 | 	7,07
  1	 | 	9	 | 	10,00
  2	 | 	3	 | 	5,10
  2	 | 	4	 | 	5,10
  2	 | 	8	 | 	6,71
  3	 | 	6	 | 	5,00
  3	 | 	9	 | 	9,22
  4	 | 	5	 | 	2,83
  5	 | 	7	 | 	2,24
  5	 | 	8	 | 	5,00
  5	 | 	9	 | 	6,40
  6	 | 	8	 | 	12,17
  7	 | 	8	 | 	2,83
  7	 | 	9	 | 	4,24
  2	 | 	9	 | 	7,28
___________________________
Simulation Topology [1:3]
___________________________
From 	  To 		Length
___________________________
  0	 | 	1	 | 	2,00
  0	 | 	3	 | 	2,24
  0	 | 	4	 | 	11,18
  1	 | 	3	 | 	2,24
  1	 | 	6	 | 	7,07
  1	 | 	9	 | 	10,00
  2	 | 	3	 | 	5,10
  2	 | 	4	 | 	5,10
  2	 | 	8	 | 	6,71
  3	 | 	6	 | 	5,00
  3	 | 	9	 | 	9,22
  4	 | 	5	 | 	2,83
  5	 | 	7	 | 	2,24
  5	 | 	8	 | 	5,00
  5	 | 	9	 | 	6,40
  6	 | 	8	 | 	12,17
  7	 | 	8	 | 	2,83
  7	 | 	9	 | 	4,24
  2	 | 	9	 | 	7,28
  0	 | 	2	 | 	6,08
___________________________
