Simulation Topology 1
___________________________
[6]				[0]		
[11]				[1]		
[15]				[1]		
[0]				[3]		
[5]				[5]		
[17]				[5]		
[12]				[6]		
[17]				[6]		
[17]				[7]		
[11]				[11]		
___________________________
Simulation Topology [1:1]
___________________________
From 	  To 		Length
___________________________
  0	 | 	1	 | 	5,10
  0	 | 	3	 | 	6,71
  0	 | 	4	 | 	5,10
  0	 | 	5	 | 	12,08
  1	 | 	5	 | 	7,21
  1	 | 	9	 | 	10,00
  2	 | 	3	 | 	15,13
  2	 | 	4	 | 	10,77
  2	 | 	5	 | 	4,47
  2	 | 	8	 | 	6,32
  3	 | 	8	 | 	17,46
  3	 | 	9	 | 	13,60
  4	 | 	5	 | 	12,00
  4	 | 	6	 | 	7,07
  4	 | 	7	 | 	12,04
  5	 | 	8	 | 	2,00
  6	 | 	9	 | 	5,10
  7	 | 	9	 | 	7,81
___________________________
Simulation Topology [1:2]
___________________________
From 	  To 		Length
___________________________
  0	 | 	1	 | 	5,10
  0	 | 	3	 | 	6,71
  0	 | 	4	 | 	5,10
  0	 | 	5	 | 	12,08
  1	 | 	5	 | 	7,21
  1	 | 	9	 | 	10,00
  2	 | 	3	 | 	15,13
  2	 | 	4	 | 	10,77
  2	 | 	5	 | 	4,47
  2	 | 	8	 | 	6,32
  3	 | 	8	 | 	17,46
  3	 | 	9	 | 	13,60
  4	 | 	5	 | 	12,00
  4	 | 	6	 | 	7,07
  4	 | 	7	 | 	12,04
  5	 | 	8	 | 	2,00
  6	 | 	9	 | 	5,10
  7	 | 	9	 | 	7,81
  6	 | 	7	 | 	5,00
___________________________
Simulation Topology [1:3]
___________________________
From 	  To 		Length
___________________________
  0	 | 	1	 | 	5,10
  0	 | 	3	 | 	6,71
  0	 | 	4	 | 	5,10
  0	 | 	5	 | 	12,08
  1	 | 	5	 | 	7,21
  1	 | 	9	 | 	10,00
  2	 | 	3	 | 	15,13
  2	 | 	4	 | 	10,77
  2	 | 	5	 | 	4,47
  2	 | 	8	 | 	6,32
  3	 | 	8	 | 	17,46
  3	 | 	9	 | 	13,60
  4	 | 	5	 | 	12,00
  4	 | 	6	 | 	7,07
  4	 | 	7	 | 	12,04
  5	 | 	8	 | 	2,00
  6	 | 	9	 | 	5,10
  7	 | 	9	 | 	7,81
  6	 | 	7	 | 	5,00
  5	 | 	7	 | 	1,00
___________________________
