Simulation Topology 1
___________________________
[14]				[0]		
[18]				[0]		
[9]				[1]		
[13]				[1]		
[5]				[2]		
[18]				[2]		
[16]				[4]		
[6]				[6]		
[0]				[6]		
[18]				[7]		
___________________________
Simulation Topology [1:1]
___________________________
From 	  To 		Length
___________________________
  0	 | 	1	 | 	4,00
  0	 | 	6	 | 	4,47
  0	 | 	7	 | 	10,00
  0	 | 	9	 | 	8,06
  1	 | 	2	 | 	9,06
  1	 | 	5	 | 	2,00
  1	 | 	7	 | 	13,42
  2	 | 	3	 | 	4,00
  2	 | 	4	 | 	4,12
  2	 | 	6	 | 	7,62
  2	 | 	9	 | 	10,82
  3	 | 	5	 | 	5,10
  3	 | 	6	 | 	4,24
  4	 | 	5	 | 	13,00
  4	 | 	8	 | 	6,40
  5	 | 	7	 | 	12,65
  6	 | 	7	 | 	10,20
  8	 | 	9	 | 	18,03
___________________________
Simulation Topology [1:2]
___________________________
From 	  To 		Length
___________________________
  0	 | 	1	 | 	4,00
  0	 | 	6	 | 	4,47
  0	 | 	7	 | 	10,00
  0	 | 	9	 | 	8,06
  1	 | 	2	 | 	9,06
  1	 | 	5	 | 	2,00
  1	 | 	7	 | 	13,42
  2	 | 	3	 | 	4,00
  2	 | 	4	 | 	4,12
  2	 | 	6	 | 	7,62
  2	 | 	9	 | 	10,82
  3	 | 	5	 | 	5,10
  3	 | 	6	 | 	4,24
  4	 | 	5	 | 	13,00
  4	 | 	8	 | 	6,40
  5	 | 	7	 | 	12,65
  6	 | 	7	 | 	10,20
  8	 | 	9	 | 	18,03
  1	 | 	3	 | 	5,10
___________________________
Simulation Topology [1:3]
___________________________
From 	  To 		Length
___________________________
  0	 | 	1	 | 	4,00
  0	 | 	6	 | 	4,47
  0	 | 	7	 | 	10,00
  0	 | 	9	 | 	8,06
  1	 | 	2	 | 	9,06
  1	 | 	5	 | 	2,00
  1	 | 	7	 | 	13,42
  2	 | 	3	 | 	4,00
  2	 | 	4	 | 	4,12
  2	 | 	6	 | 	7,62
  2	 | 	9	 | 	10,82
  3	 | 	5	 | 	5,10
  3	 | 	6	 | 	4,24
  4	 | 	5	 | 	13,00
  4	 | 	8	 | 	6,40
  5	 | 	7	 | 	12,65
  6	 | 	7	 | 	10,20
  8	 | 	9	 | 	18,03
  1	 | 	3	 | 	5,10
  2	 | 	7	 | 	5,83
___________________________
