Simulation Topology 1
___________________________
[0]				[0]		
[5]				[1]		
[14]				[2]		
[19]				[2]		
[2]				[4]		
[1]				[5]		
[18]				[5]		
[7]				[6]		
[12]				[6]		
[3]				[7]		
___________________________
Simulation Topology [1:1]
___________________________
From 	  To 		Length
___________________________
  0	 | 	1	 | 	5,10
  0	 | 	6	 | 	18,68
  0	 | 	8	 | 	13,42
  0	 | 	9	 | 	7,62
  1	 | 	2	 | 	9,06
  1	 | 	4	 | 	4,24
  1	 | 	5	 | 	5,66
  2	 | 	3	 | 	5,00
  2	 | 	9	 | 	12,08
  3	 | 	4	 | 	17,12
  3	 | 	6	 | 	3,16
  3	 | 	7	 | 	12,65
  4	 | 	5	 | 	1,41
  4	 | 	9	 | 	3,16
  5	 | 	8	 | 	11,05
  6	 | 	9	 | 	15,13
  7	 | 	9	 | 	4,12
___________________________
Simulation Topology [1:2]
___________________________
From 	  To 		Length
___________________________
  0	 | 	1	 | 	5,10
  0	 | 	6	 | 	18,68
  0	 | 	8	 | 	13,42
  0	 | 	9	 | 	7,62
  1	 | 	2	 | 	9,06
  1	 | 	4	 | 	4,24
  1	 | 	5	 | 	5,66
  2	 | 	3	 | 	5,00
  2	 | 	9	 | 	12,08
  3	 | 	4	 | 	17,12
  3	 | 	6	 | 	3,16
  3	 | 	7	 | 	12,65
  4	 | 	5	 | 	1,41
  4	 | 	9	 | 	3,16
  5	 | 	8	 | 	11,05
  6	 | 	9	 | 	15,13
  7	 | 	9	 | 	4,12
  2	 | 	8	 | 	4,47
___________________________
Simulation Topology [1:3]
___________________________
From 	  To 		Length
___________________________
  0	 | 	1	 | 	5,10
  0	 | 	6	 | 	18,68
  0	 | 	8	 | 	13,42
  0	 | 	9	 | 	7,62
  1	 | 	2	 | 	9,06
  1	 | 	4	 | 	4,24
  1	 | 	5	 | 	5,66
  2	 | 	3	 | 	5,00
  2	 | 	9	 | 	12,08
  3	 | 	4	 | 	17,12
  3	 | 	6	 | 	3,16
  3	 | 	7	 | 	12,65
  4	 | 	5	 | 	1,41
  4	 | 	9	 | 	3,16
  5	 | 	8	 | 	11,05
  6	 | 	9	 | 	15,13
  7	 | 	9	 | 	4,12
  2	 | 	8	 | 	4,47
  0	 | 	5	 | 	5,10
___________________________
Simulation Topology [1:4]
___________________________
From 	  To 		Length
___________________________
  0	 | 	1	 | 	5,10
  0	 | 	6	 | 	18,68
  0	 | 	8	 | 	13,42
  0	 | 	9	 | 	7,62
  1	 | 	2	 | 	9,06
  1	 | 	4	 | 	4,24
  1	 | 	5	 | 	5,66
  2	 | 	3	 | 	5,00
  2	 | 	9	 | 	12,08
  3	 | 	4	 | 	17,12
  3	 | 	6	 | 	3,16
  3	 | 	7	 | 	12,65
  4	 | 	5	 | 	1,41
  4	 | 	9	 | 	3,16
  5	 | 	8	 | 	11,05
  6	 | 	9	 | 	15,13
  7	 | 	9	 | 	4,12
  2	 | 	8	 | 	4,47
  0	 | 	5	 | 	5,10
  0	 | 	4	 | 	4,47
___________________________
