Simulation Topology 1
___________________________
[6]				[0]		
[3]				[1]		
[17]				[3]		
[0]				[3]		
[12]				[4]		
[16]				[4]		
[16]				[5]		
[1]				[5]		
[9]				[6]		
[10]				[7]		
___________________________
Simulation Topology [1:1]
___________________________
From 	  To 		Length
___________________________
  0	 | 	1	 | 	3,16
  0	 | 	3	 | 	6,71
  0	 | 	8	 | 	6,71
  1	 | 	5	 | 	13,34
  1	 | 	6	 | 	13,60
  1	 | 	7	 | 	4,47
  1	 | 	8	 | 	7,81
  1	 | 	9	 | 	9,22
  2	 | 	3	 | 	17,00
  2	 | 	8	 | 	8,54
  2	 | 	9	 | 	8,06
  3	 | 	7	 | 	2,24
  3	 | 	9	 | 	10,77
  4	 | 	5	 | 	4,00
  4	 | 	6	 | 	4,12
  4	 | 	9	 | 	3,61
  6	 | 	8	 | 	7,07
  7	 | 	8	 | 	8,06
  7	 | 	9	 | 	9,22
___________________________
Simulation Topology [1:2]
___________________________
From 	  To 		Length
___________________________
  0	 | 	1	 | 	3,16
  0	 | 	3	 | 	6,71
  0	 | 	8	 | 	6,71
  1	 | 	5	 | 	13,34
  1	 | 	6	 | 	13,60
  1	 | 	7	 | 	4,47
  1	 | 	8	 | 	7,81
  1	 | 	9	 | 	9,22
  2	 | 	3	 | 	17,00
  2	 | 	8	 | 	8,54
  2	 | 	9	 | 	8,06
  3	 | 	7	 | 	2,24
  3	 | 	9	 | 	10,77
  4	 | 	5	 | 	4,00
  4	 | 	6	 | 	4,12
  4	 | 	9	 | 	3,61
  6	 | 	8	 | 	7,07
  7	 | 	8	 | 	8,06
  7	 | 	9	 | 	9,22
  2	 | 	5	 | 	1,41
___________________________
