Simulation Topology 1
___________________________
[8]				[0]		
[14]				[1]		
[6]				[3]		
[1]				[3]		
[8]				[4]		
[13]				[4]		
[0]				[5]		
[7]				[5]		
[7]				[6]		
[12]				[7]		
___________________________
Simulation Topology [1:1]
___________________________
From 	  To 		Length
___________________________
  0	 | 	1	 | 	6,08
  0	 | 	2	 | 	3,61
  0	 | 	7	 | 	5,10
  0	 | 	9	 | 	8,06
  1	 | 	2	 | 	8,25
  1	 | 	8	 | 	8,60
  1	 | 	9	 | 	6,32
  2	 | 	3	 | 	5,00
  2	 | 	8	 | 	3,16
  3	 | 	5	 | 	12,04
  4	 | 	5	 | 	5,00
  4	 | 	6	 | 	8,06
  4	 | 	8	 | 	2,24
  5	 | 	6	 | 	13,04
  5	 | 	7	 | 	6,08
  5	 | 	8	 | 	6,32
  8	 | 	9	 | 	5,10
___________________________
Simulation Topology [1:2]
___________________________
From 	  To 		Length
___________________________
  0	 | 	1	 | 	6,08
  0	 | 	2	 | 	3,61
  0	 | 	7	 | 	5,10
  0	 | 	9	 | 	8,06
  1	 | 	2	 | 	8,25
  1	 | 	8	 | 	8,60
  1	 | 	9	 | 	6,32
  2	 | 	3	 | 	5,00
  2	 | 	8	 | 	3,16
  3	 | 	5	 | 	12,04
  4	 | 	5	 | 	5,00
  4	 | 	6	 | 	8,06
  4	 | 	8	 | 	2,24
  5	 | 	6	 | 	13,04
  5	 | 	7	 | 	6,08
  5	 | 	8	 | 	6,32
  8	 | 	9	 | 	5,10
  1	 | 	5	 | 	3,16
___________________________
Simulation Topology [1:3]
___________________________
From 	  To 		Length
___________________________
  0	 | 	1	 | 	6,08
  0	 | 	2	 | 	3,61
  0	 | 	7	 | 	5,10
  0	 | 	9	 | 	8,06
  1	 | 	2	 | 	8,25
  1	 | 	8	 | 	8,60
  1	 | 	9	 | 	6,32
  2	 | 	3	 | 	5,00
  2	 | 	8	 | 	3,16
  3	 | 	5	 | 	12,04
  4	 | 	5	 | 	5,00
  4	 | 	6	 | 	8,06
  4	 | 	8	 | 	2,24
  5	 | 	6	 | 	13,04
  5	 | 	7	 | 	6,08
  5	 | 	8	 | 	6,32
  8	 | 	9	 | 	5,10
  1	 | 	5	 | 	3,16
  2	 | 	6	 | 	6,32
___________________________
Simulation Topology [1:4]
___________________________
From 	  To 		Length
___________________________
  0	 | 	1	 | 	6,08
  0	 | 	2	 | 	3,61
  0	 | 	7	 | 	5,10
  0	 | 	9	 | 	8,06
  1	 | 	2	 | 	8,25
  1	 | 	8	 | 	8,60
  1	 | 	9	 | 	6,32
  2	 | 	3	 | 	5,00
  2	 | 	8	 | 	3,16
  3	 | 	5	 | 	12,04
  4	 | 	5	 | 	5,00
  4	 | 	6	 | 	8,06
  4	 | 	8	 | 	2,24
  5	 | 	6	 | 	13,04
  5	 | 	7	 | 	6,08
  5	 | 	8	 | 	6,32
  8	 | 	9	 | 	5,10
  1	 | 	5	 | 	3,16
  2	 | 	6	 | 	6,32
  1	 | 	7	 | 	8,06
___________________________
