Simulation Topology 1
___________________________
[9]				[0]		
[19]				[1]		
[9]				[2]		
[2]				[3]		
[17]				[4]		
[9]				[5]		
[15]				[6]		
[17]				[6]		
[1]				[7]		
[11]				[7]		
___________________________
Simulation Topology [1:1]
___________________________
From 	  To 		Length
___________________________
  0	 | 	1	 | 	10,05
  0	 | 	4	 | 	8,94
  0	 | 	8	 | 	10,63
  1	 | 	3	 | 	17,12
  1	 | 	9	 | 	10,00
  2	 | 	3	 | 	7,07
  2	 | 	5	 | 	3,00
  2	 | 	7	 | 	8,94
  3	 | 	8	 | 	4,12
  3	 | 	9	 | 	9,85
  4	 | 	6	 | 	2,83
  4	 | 	7	 | 	2,00
  4	 | 	9	 | 	6,71
  5	 | 	6	 | 	6,08
  5	 | 	7	 | 	8,06
  5	 | 	8	 | 	8,25
  5	 | 	9	 | 	2,83
  6	 | 	9	 | 	4,12
  7	 | 	8	 | 	16,03
___________________________
Simulation Topology [1:2]
___________________________
From 	  To 		Length
___________________________
  0	 | 	1	 | 	10,05
  0	 | 	4	 | 	8,94
  0	 | 	8	 | 	10,63
  1	 | 	3	 | 	17,12
  1	 | 	9	 | 	10,00
  2	 | 	3	 | 	7,07
  2	 | 	5	 | 	3,00
  2	 | 	7	 | 	8,94
  3	 | 	8	 | 	4,12
  3	 | 	9	 | 	9,85
  4	 | 	6	 | 	2,83
  4	 | 	7	 | 	2,00
  4	 | 	9	 | 	6,71
  5	 | 	6	 | 	6,08
  5	 | 	7	 | 	8,06
  5	 | 	8	 | 	8,25
  5	 | 	9	 | 	2,83
  6	 | 	9	 | 	4,12
  7	 | 	8	 | 	16,03
  1	 | 	6	 | 	6,40
___________________________
