Simulation Topology 1
___________________________
[1]				[1]		
[18]				[1]		
[11]				[2]		
[18]				[2]		
[10]				[3]		
[2]				[3]		
[8]				[5]		
[15]				[6]		
[5]				[7]		
[5]				[8]		
___________________________
Simulation Topology [1:1]
___________________________
From 	  To 		Length
___________________________
  0	 | 	1	 | 	17,00
  0	 | 	6	 | 	8,06
  0	 | 	8	 | 	7,21
  1	 | 	6	 | 	10,77
  1	 | 	7	 | 	5,83
  1	 | 	9	 | 	14,76
  2	 | 	3	 | 	7,00
  2	 | 	4	 | 	1,41
  2	 | 	5	 | 	9,06
  2	 | 	8	 | 	7,81
  3	 | 	4	 | 	8,06
  3	 | 	7	 | 	5,00
  3	 | 	9	 | 	14,32
  4	 | 	5	 | 	8,00
  4	 | 	6	 | 	2,83
  4	 | 	8	 | 	6,40
  4	 | 	9	 | 	7,07
  7	 | 	8	 | 	10,05
  7	 | 	9	 | 	10,20
___________________________
Simulation Topology [1:2]
___________________________
From 	  To 		Length
___________________________
  0	 | 	1	 | 	17,00
  0	 | 	6	 | 	8,06
  0	 | 	8	 | 	7,21
  1	 | 	6	 | 	10,77
  1	 | 	7	 | 	5,83
  1	 | 	9	 | 	14,76
  2	 | 	3	 | 	7,00
  2	 | 	4	 | 	1,41
  2	 | 	5	 | 	9,06
  2	 | 	8	 | 	7,81
  3	 | 	4	 | 	8,06
  3	 | 	7	 | 	5,00
  3	 | 	9	 | 	14,32
  4	 | 	5	 | 	8,00
  4	 | 	6	 | 	2,83
  4	 | 	8	 | 	6,40
  4	 | 	9	 | 	7,07
  7	 | 	8	 | 	10,05
  7	 | 	9	 | 	10,20
  8	 | 	9	 | 	1,00
___________________________
