Simulation Topology 1
___________________________
[19]				[0]		
[13]				[1]		
[12]				[2]		
[8]				[2]		
[11]				[3]		
[9]				[3]		
[6]				[4]		
[14]				[4]		
[2]				[5]		
[5]				[5]		
___________________________
Simulation Topology [1:1]
___________________________
From 	  To 		Length
___________________________
  0	 | 	1	 | 	6,08
  0	 | 	2	 | 	7,28
  0	 | 	3	 | 	11,18
  0	 | 	8	 | 	17,72
  1	 | 	3	 | 	5,10
  1	 | 	6	 | 	7,62
  2	 | 	3	 | 	4,00
  2	 | 	4	 | 	1,41
  2	 | 	6	 | 	6,32
  2	 | 	9	 | 	7,62
  3	 | 	4	 | 	3,16
  3	 | 	7	 | 	6,32
  4	 | 	5	 | 	2,00
  4	 | 	6	 | 	5,10
  4	 | 	7	 | 	3,16
  5	 | 	6	 | 	3,16
  6	 | 	7	 | 	8,00
  8	 | 	9	 | 	3,00
___________________________
Simulation Topology [1:2]
___________________________
From 	  To 		Length
___________________________
  0	 | 	1	 | 	6,08
  0	 | 	2	 | 	7,28
  0	 | 	3	 | 	11,18
  0	 | 	8	 | 	17,72
  1	 | 	3	 | 	5,10
  1	 | 	6	 | 	7,62
  2	 | 	3	 | 	4,00
  2	 | 	4	 | 	1,41
  2	 | 	6	 | 	6,32
  2	 | 	9	 | 	7,62
  3	 | 	4	 | 	3,16
  3	 | 	7	 | 	6,32
  4	 | 	5	 | 	2,00
  4	 | 	6	 | 	5,10
  4	 | 	7	 | 	3,16
  5	 | 	6	 | 	3,16
  6	 | 	7	 | 	8,00
  8	 | 	9	 | 	3,00
  6	 | 	9	 | 	1,41
___________________________
Simulation Topology [1:3]
___________________________
From 	  To 		Length
___________________________
  0	 | 	1	 | 	6,08
  0	 | 	2	 | 	7,28
  0	 | 	3	 | 	11,18
  0	 | 	8	 | 	17,72
  1	 | 	3	 | 	5,10
  1	 | 	6	 | 	7,62
  2	 | 	3	 | 	4,00
  2	 | 	4	 | 	1,41
  2	 | 	6	 | 	6,32
  2	 | 	9	 | 	7,62
  3	 | 	4	 | 	3,16
  3	 | 	7	 | 	6,32
  4	 | 	5	 | 	2,00
  4	 | 	6	 | 	5,10
  4	 | 	7	 | 	3,16
  5	 | 	6	 | 	3,16
  6	 | 	7	 | 	8,00
  8	 | 	9	 | 	3,00
  6	 | 	9	 | 	1,41
  3	 | 	5	 | 	1,41
___________________________
