Simulation Topology 1
___________________________
[3]				[0]		
[14]				[0]		
[15]				[1]		
[12]				[2]		
[15]				[2]		
[14]				[3]		
[12]				[3]		
[0]				[4]		
[1]				[6]		
[16]				[10]		
___________________________
Simulation Topology [1:1]
___________________________
From 	  To 		Length
___________________________
  0	 | 	1	 | 	11,00
  0	 | 	2	 | 	12,04
  0	 | 	6	 | 	9,49
  0	 | 	9	 | 	16,40
  1	 | 	2	 | 	1,41
  1	 | 	6	 | 	3,61
  2	 | 	3	 | 	3,16
  2	 | 	5	 | 	2,24
  2	 | 	9	 | 	9,06
  3	 | 	8	 | 	11,70
  3	 | 	9	 | 	8,94
  4	 | 	5	 | 	1,41
  4	 | 	6	 | 	3,16
  6	 | 	7	 | 	12,04
  6	 | 	8	 | 	11,40
  6	 | 	9	 | 	8,06
  7	 | 	8	 | 	2,24
  7	 | 	9	 | 	17,09
___________________________
Simulation Topology [1:2]
___________________________
From 	  To 		Length
___________________________
  0	 | 	1	 | 	11,00
  0	 | 	2	 | 	12,04
  0	 | 	6	 | 	9,49
  0	 | 	9	 | 	16,40
  1	 | 	2	 | 	1,41
  1	 | 	6	 | 	3,61
  2	 | 	3	 | 	3,16
  2	 | 	5	 | 	2,24
  2	 | 	9	 | 	9,06
  3	 | 	8	 | 	11,70
  3	 | 	9	 | 	8,94
  4	 | 	5	 | 	1,41
  4	 | 	6	 | 	3,16
  6	 | 	7	 | 	12,04
  6	 | 	8	 | 	11,40
  6	 | 	9	 | 	8,06
  7	 | 	8	 | 	2,24
  7	 | 	9	 | 	17,09
  5	 | 	6	 | 	2,00
___________________________
Simulation Topology [1:3]
___________________________
From 	  To 		Length
___________________________
  0	 | 	1	 | 	11,00
  0	 | 	2	 | 	12,04
  0	 | 	6	 | 	9,49
  0	 | 	9	 | 	16,40
  1	 | 	2	 | 	1,41
  1	 | 	6	 | 	3,61
  2	 | 	3	 | 	3,16
  2	 | 	5	 | 	2,24
  2	 | 	9	 | 	9,06
  3	 | 	8	 | 	11,70
  3	 | 	9	 | 	8,94
  4	 | 	5	 | 	1,41
  4	 | 	6	 | 	3,16
  6	 | 	7	 | 	12,04
  6	 | 	8	 | 	11,40
  6	 | 	9	 | 	8,06
  7	 | 	8	 | 	2,24
  7	 | 	9	 | 	17,09
  5	 | 	6	 | 	2,00
  3	 | 	4	 | 	3,00
___________________________
