Simulation Topology 1
___________________________
[12]				[1]		
[7]				[2]		
[1]				[2]		
[1]				[4]		
[0]				[5]		
[18]				[7]		
[8]				[8]		
[12]				[8]		
[10]				[9]		
[13]				[9]		
___________________________
Simulation Topology [1:1]
___________________________
From 	  To 		Length
___________________________
  0	 | 	1	 | 	5,10
  0	 | 	5	 | 	8,49
  0	 | 	6	 | 	8,06
  0	 | 	7	 | 	7,00
  1	 | 	7	 | 	7,81
  1	 | 	9	 | 	9,22
  2	 | 	3	 | 	2,00
  2	 | 	7	 | 	12,53
  3	 | 	4	 | 	1,41
  3	 | 	6	 | 	8,06
  3	 | 	7	 | 	11,70
  4	 | 	5	 | 	18,11
  4	 | 	6	 | 	8,54
  4	 | 	8	 | 	10,77
  4	 | 	9	 | 	13,60
  5	 | 	6	 | 	10,05
  5	 | 	8	 | 	8,25
  5	 | 	9	 | 	5,39
___________________________
Simulation Topology [1:2]
___________________________
From 	  To 		Length
___________________________
  0	 | 	1	 | 	5,10
  0	 | 	5	 | 	8,49
  0	 | 	6	 | 	8,06
  0	 | 	7	 | 	7,00
  1	 | 	7	 | 	7,81
  1	 | 	9	 | 	9,22
  2	 | 	3	 | 	2,00
  2	 | 	7	 | 	12,53
  3	 | 	4	 | 	1,41
  3	 | 	6	 | 	8,06
  3	 | 	7	 | 	11,70
  4	 | 	5	 | 	18,11
  4	 | 	6	 | 	8,54
  4	 | 	8	 | 	10,77
  4	 | 	9	 | 	13,60
  5	 | 	6	 | 	10,05
  5	 | 	8	 | 	8,25
  5	 | 	9	 | 	5,39
  6	 | 	8	 | 	2,24
___________________________
Simulation Topology [1:3]
___________________________
From 	  To 		Length
___________________________
  0	 | 	1	 | 	5,10
  0	 | 	5	 | 	8,49
  0	 | 	6	 | 	8,06
  0	 | 	7	 | 	7,00
  1	 | 	7	 | 	7,81
  1	 | 	9	 | 	9,22
  2	 | 	3	 | 	2,00
  2	 | 	7	 | 	12,53
  3	 | 	4	 | 	1,41
  3	 | 	6	 | 	8,06
  3	 | 	7	 | 	11,70
  4	 | 	5	 | 	18,11
  4	 | 	6	 | 	8,54
  4	 | 	8	 | 	10,77
  4	 | 	9	 | 	13,60
  5	 | 	6	 | 	10,05
  5	 | 	8	 | 	8,25
  5	 | 	9	 | 	5,39
  6	 | 	8	 | 	2,24
  0	 | 	3	 | 	11,40
___________________________
