Simulation Topology 1
___________________________
[1]				[0]		
[1]				[1]		
[1]				[3]		
[3]				[4]		
[6]				[6]		
[13]				[6]		
[15]				[9]		
[6]				[9]		
[14]				[10]		
[5]				[12]		
___________________________
Simulation Topology [1:1]
___________________________
From 	  To 		Length
___________________________
  0	 | 	1	 | 	1,00
  0	 | 	6	 | 	16,64
  0	 | 	8	 | 	16,40
  1	 | 	3	 | 	3,61
  1	 | 	5	 | 	13,00
  1	 | 	7	 | 	9,43
  2	 | 	3	 | 	2,24
  2	 | 	7	 | 	7,81
  2	 | 	8	 | 	14,76
  2	 | 	9	 | 	9,85
  3	 | 	4	 | 	3,61
  3	 | 	5	 | 	10,20
  3	 | 	7	 | 	5,83
  3	 | 	9	 | 	8,25
  4	 | 	6	 | 	9,49
  4	 | 	7	 | 	3,00
  5	 | 	9	 | 	10,00
  7	 | 	8	 | 	8,06
  8	 | 	9	 | 	9,22
___________________________
Simulation Topology [1:2]
___________________________
From 	  To 		Length
___________________________
  0	 | 	1	 | 	1,00
  0	 | 	6	 | 	16,64
  0	 | 	8	 | 	16,40
  1	 | 	3	 | 	3,61
  1	 | 	5	 | 	13,00
  1	 | 	7	 | 	9,43
  2	 | 	3	 | 	2,24
  2	 | 	7	 | 	7,81
  2	 | 	8	 | 	14,76
  2	 | 	9	 | 	9,85
  3	 | 	4	 | 	3,61
  3	 | 	5	 | 	10,20
  3	 | 	7	 | 	5,83
  3	 | 	9	 | 	8,25
  4	 | 	6	 | 	9,49
  4	 | 	7	 | 	3,00
  5	 | 	9	 | 	10,00
  7	 | 	8	 | 	8,06
  8	 | 	9	 | 	9,22
  0	 | 	2	 | 	3,00
___________________________
