Simulation Topology 1
___________________________
[18]				[0]		
[6]				[5]		
[15]				[5]		
[12]				[7]		
[7]				[8]		
[1]				[9]		
[5]				[9]		
[14]				[10]		
[7]				[11]		
[2]				[12]		
___________________________
Simulation Topology [1:1]
___________________________
From 	  To 		Length
___________________________
  0	 | 	1	 | 	13,00
  0	 | 	3	 | 	9,22
  0	 | 	4	 | 	13,60
  0	 | 	6	 | 	15,81
  1	 | 	3	 | 	6,32
  1	 | 	6	 | 	4,12
  1	 | 	7	 | 	9,43
  2	 | 	3	 | 	3,61
  2	 | 	5	 | 	14,56
  2	 | 	9	 | 	14,76
  3	 | 	8	 | 	6,40
  4	 | 	8	 | 	3,00
  5	 | 	8	 | 	6,32
  5	 | 	9	 | 	3,16
  6	 | 	7	 | 	9,06
  6	 | 	8	 | 	2,83
  7	 | 	9	 | 	12,17
___________________________
Simulation Topology [1:2]
___________________________
From 	  To 		Length
___________________________
  0	 | 	1	 | 	13,00
  0	 | 	3	 | 	9,22
  0	 | 	4	 | 	13,60
  0	 | 	6	 | 	15,81
  1	 | 	3	 | 	6,32
  1	 | 	6	 | 	4,12
  1	 | 	7	 | 	9,43
  2	 | 	3	 | 	3,61
  2	 | 	5	 | 	14,56
  2	 | 	9	 | 	14,76
  3	 | 	8	 | 	6,40
  4	 | 	8	 | 	3,00
  5	 | 	8	 | 	6,32
  5	 | 	9	 | 	3,16
  6	 | 	7	 | 	9,06
  6	 | 	8	 | 	2,83
  7	 | 	9	 | 	12,17
  1	 | 	5	 | 	6,40
___________________________
Simulation Topology [1:3]
___________________________
From 	  To 		Length
___________________________
  0	 | 	1	 | 	13,00
  0	 | 	3	 | 	9,22
  0	 | 	4	 | 	13,60
  0	 | 	6	 | 	15,81
  1	 | 	3	 | 	6,32
  1	 | 	6	 | 	4,12
  1	 | 	7	 | 	9,43
  2	 | 	3	 | 	3,61
  2	 | 	5	 | 	14,56
  2	 | 	9	 | 	14,76
  3	 | 	8	 | 	6,40
  4	 | 	8	 | 	3,00
  5	 | 	8	 | 	6,32
  5	 | 	9	 | 	3,16
  6	 | 	7	 | 	9,06
  6	 | 	8	 | 	2,83
  7	 | 	9	 | 	12,17
  1	 | 	5	 | 	6,40
  5	 | 	6	 | 	4,00
___________________________
Simulation Topology [1:4]
___________________________
From 	  To 		Length
___________________________
  0	 | 	1	 | 	13,00
  0	 | 	3	 | 	9,22
  0	 | 	4	 | 	13,60
  0	 | 	6	 | 	15,81
  1	 | 	3	 | 	6,32
  1	 | 	6	 | 	4,12
  1	 | 	7	 | 	9,43
  2	 | 	3	 | 	3,61
  2	 | 	5	 | 	14,56
  2	 | 	9	 | 	14,76
  3	 | 	8	 | 	6,40
  4	 | 	8	 | 	3,00
  5	 | 	8	 | 	6,32
  5	 | 	9	 | 	3,16
  6	 | 	7	 | 	9,06
  6	 | 	8	 | 	2,83
  7	 | 	9	 | 	12,17
  1	 | 	5	 | 	6,40
  5	 | 	6	 | 	4,00
  2	 | 	7	 | 	5,10
___________________________
