Simulation Topology 1
___________________________
[3]				[0]		
[0]				[0]		
[15]				[2]		
[8]				[2]		
[19]				[5]		
[2]				[7]		
[7]				[7]		
[11]				[9]		
[6]				[10]		
[19]				[10]		
___________________________
Simulation Topology [1:1]
___________________________
From 	  To 		Length
___________________________
  0	 | 	1	 | 	3,00
  0	 | 	4	 | 	16,76
  0	 | 	6	 | 	8,06
  1	 | 	5	 | 	7,28
  1	 | 	9	 | 	21,47
  2	 | 	3	 | 	7,00
  2	 | 	5	 | 	13,93
  2	 | 	8	 | 	12,04
  3	 | 	5	 | 	7,81
  3	 | 	6	 | 	5,10
  4	 | 	5	 | 	17,12
  4	 | 	6	 | 	12,17
  4	 | 	9	 | 	5,00
  6	 | 	7	 | 	4,47
  6	 | 	8	 | 	3,16
  7	 | 	8	 | 	5,10
  7	 | 	9	 | 	8,06
___________________________
Simulation Topology [1:2]
___________________________
From 	  To 		Length
___________________________
  0	 | 	1	 | 	3,00
  0	 | 	4	 | 	16,76
  0	 | 	6	 | 	8,06
  1	 | 	5	 | 	7,28
  1	 | 	9	 | 	21,47
  2	 | 	3	 | 	7,00
  2	 | 	5	 | 	13,93
  2	 | 	8	 | 	12,04
  3	 | 	5	 | 	7,81
  3	 | 	6	 | 	5,10
  4	 | 	5	 | 	17,12
  4	 | 	6	 | 	12,17
  4	 | 	9	 | 	5,00
  6	 | 	7	 | 	4,47
  6	 | 	8	 | 	3,16
  7	 | 	8	 | 	5,10
  7	 | 	9	 | 	8,06
  5	 | 	6	 | 	5,00
___________________________
Simulation Topology [1:3]
___________________________
From 	  To 		Length
___________________________
  0	 | 	1	 | 	3,00
  0	 | 	4	 | 	16,76
  0	 | 	6	 | 	8,06
  1	 | 	5	 | 	7,28
  1	 | 	9	 | 	21,47
  2	 | 	3	 | 	7,00
  2	 | 	5	 | 	13,93
  2	 | 	8	 | 	12,04
  3	 | 	5	 | 	7,81
  3	 | 	6	 | 	5,10
  4	 | 	5	 | 	17,12
  4	 | 	6	 | 	12,17
  4	 | 	9	 | 	5,00
  6	 | 	7	 | 	4,47
  6	 | 	8	 | 	3,16
  7	 | 	8	 | 	5,10
  7	 | 	9	 | 	8,06
  5	 | 	6	 | 	5,00
  5	 | 	8	 | 	5,00
___________________________
Simulation Topology [1:4]
___________________________
From 	  To 		Length
___________________________
  0	 | 	1	 | 	3,00
  0	 | 	4	 | 	16,76
  0	 | 	6	 | 	8,06
  1	 | 	5	 | 	7,28
  1	 | 	9	 | 	21,47
  2	 | 	3	 | 	7,00
  2	 | 	5	 | 	13,93
  2	 | 	8	 | 	12,04
  3	 | 	5	 | 	7,81
  3	 | 	6	 | 	5,10
  4	 | 	5	 | 	17,12
  4	 | 	6	 | 	12,17
  4	 | 	9	 | 	5,00
  6	 | 	7	 | 	4,47
  6	 | 	8	 | 	3,16
  7	 | 	8	 | 	5,10
  7	 | 	9	 | 	8,06
  5	 | 	6	 | 	5,00
  5	 | 	8	 | 	5,00
  5	 | 	7	 | 	9,22
___________________________
