Simulation Topology 1
___________________________
[15]				[1]		
[5]				[1]		
[0]				[2]		
[10]				[3]		
[13]				[3]		
[9]				[5]		
[7]				[6]		
[12]				[6]		
[9]				[7]		
[5]				[9]		
___________________________
Simulation Topology [1:1]
___________________________
From 	  To 		Length
___________________________
  0	 | 	1	 | 	10,00
  0	 | 	2	 | 	15,03
  0	 | 	4	 | 	2,83
  0	 | 	5	 | 	7,21
  0	 | 	9	 | 	12,81
  1	 | 	2	 | 	5,10
  1	 | 	5	 | 	5,66
  1	 | 	6	 | 	5,39
  1	 | 	9	 | 	8,00
  2	 | 	3	 | 	10,05
  2	 | 	7	 | 	12,65
  3	 | 	5	 | 	2,24
  4	 | 	5	 | 	4,47
  4	 | 	8	 | 	5,66
  5	 | 	7	 | 	3,16
  5	 | 	9	 | 	5,66
  6	 | 	8	 | 	2,24
  6	 | 	9	 | 	3,61
  8	 | 	9	 | 	4,47
___________________________
Simulation Topology [1:2]
___________________________
From 	  To 		Length
___________________________
  0	 | 	1	 | 	10,00
  0	 | 	2	 | 	15,03
  0	 | 	4	 | 	2,83
  0	 | 	5	 | 	7,21
  0	 | 	9	 | 	12,81
  1	 | 	2	 | 	5,10
  1	 | 	5	 | 	5,66
  1	 | 	6	 | 	5,39
  1	 | 	9	 | 	8,00
  2	 | 	3	 | 	10,05
  2	 | 	7	 | 	12,65
  3	 | 	5	 | 	2,24
  4	 | 	5	 | 	4,47
  4	 | 	8	 | 	5,66
  5	 | 	7	 | 	3,16
  5	 | 	9	 | 	5,66
  6	 | 	8	 | 	2,24
  6	 | 	9	 | 	3,61
  8	 | 	9	 | 	4,47
  2	 | 	8	 | 	10,30
___________________________
