Simulation Topology 1
___________________________
[6]				[0]		
[3]				[4]		
[4]				[0]		
[7]				[2]		
[4]				[8]		
[0]				[7]		
[6]				[5]		
[2]				[8]		
[7]				[18]		
[7]				[33]		
[7]				[31]		
[6]				[38]		
[1]				[39]		
[8]				[6]		
[10]				[10]		
[9]				[13]		
[11]				[12]		
[13]				[11]		
[14]				[15]		
[9]				[15]		
___________________________
Simulation Topology [1:1]
___________________________
From 	  To 		Length
___________________________
  0	 | 	1	 | 	5,00
  0	 | 	3	 | 	2,24
  0	 | 	13	 | 	6,32
  0	 | 	18	 | 	17,00
  1	 | 	2	 | 	4,12
  1	 | 	8	 | 	14,56
  2	 | 	3	 | 	3,61
  2	 | 	16	 | 	13,89
  2	 | 	19	 | 	15,81
  3	 | 	9	 | 	31,00
  3	 | 	14	 | 	8,54
  4	 | 	5	 | 	4,12
  4	 | 	6	 | 	3,61
  5	 | 	7	 | 	2,24
  5	 | 	18	 | 	16,12
  6	 | 	7	 | 	5,00
  6	 | 	10	 | 	26,02
  7	 | 	8	 | 	11,18
  7	 | 	13	 | 	6,32
  7	 | 	17	 | 	11,40
  8	 | 	9	 | 	15,00
  8	 | 	12	 | 	21,84
  9	 | 	15	 | 	20,10
  10	 | 	11	 | 	7,07
  10	 | 	12	 | 	10,00
  11	 | 	19	 | 	23,19
  12	 | 	13	 | 	33,73
  12	 | 	14	 | 	30,36
  13	 | 	15	 | 	7,07
  14	 | 	15	 | 	3,16
  15	 | 	19	 | 	2,00
  16	 | 	17	 | 	2,24
___________________________
Simulation Topology [1:2]
___________________________
From 	  To 		Length
___________________________
  0	 | 	1	 | 	5,00
  0	 | 	3	 | 	2,24
  0	 | 	13	 | 	6,32
  0	 | 	18	 | 	17,00
  1	 | 	2	 | 	4,12
  1	 | 	8	 | 	14,56
  2	 | 	3	 | 	3,61
  2	 | 	16	 | 	13,89
  2	 | 	19	 | 	15,81
  3	 | 	9	 | 	31,00
  3	 | 	14	 | 	8,54
  4	 | 	5	 | 	4,12
  4	 | 	6	 | 	3,61
  5	 | 	7	 | 	2,24
  5	 | 	18	 | 	16,12
  6	 | 	7	 | 	5,00
  6	 | 	10	 | 	26,02
  7	 | 	8	 | 	11,18
  7	 | 	13	 | 	6,32
  7	 | 	17	 | 	11,40
  8	 | 	9	 | 	15,00
  8	 | 	12	 | 	21,84
  9	 | 	15	 | 	20,10
  10	 | 	11	 | 	7,07
  10	 | 	12	 | 	10,00
  11	 | 	19	 | 	23,19
  12	 | 	13	 | 	33,73
  12	 | 	14	 | 	30,36
  13	 | 	15	 | 	7,07
  14	 | 	15	 | 	3,16
  15	 | 	19	 | 	2,00
  16	 | 	17	 | 	2,24
  16	 | 	19	 | 	3,61
___________________________
Simulation Topology [1:3]
___________________________
From 	  To 		Length
___________________________
  0	 | 	1	 | 	5,00
  0	 | 	3	 | 	2,24
  0	 | 	13	 | 	6,32
  0	 | 	18	 | 	17,00
  1	 | 	2	 | 	4,12
  1	 | 	8	 | 	14,56
  2	 | 	3	 | 	3,61
  2	 | 	16	 | 	13,89
  2	 | 	19	 | 	15,81
  3	 | 	9	 | 	31,00
  3	 | 	14	 | 	8,54
  4	 | 	5	 | 	4,12
  4	 | 	6	 | 	3,61
  5	 | 	7	 | 	2,24
  5	 | 	18	 | 	16,12
  6	 | 	7	 | 	5,00
  6	 | 	10	 | 	26,02
  7	 | 	8	 | 	11,18
  7	 | 	13	 | 	6,32
  7	 | 	17	 | 	11,40
  8	 | 	9	 | 	15,00
  8	 | 	12	 | 	21,84
  9	 | 	15	 | 	20,10
  10	 | 	11	 | 	7,07
  10	 | 	12	 | 	10,00
  11	 | 	19	 | 	23,19
  12	 | 	13	 | 	33,73
  12	 | 	14	 | 	30,36
  13	 | 	15	 | 	7,07
  14	 | 	15	 | 	3,16
  15	 | 	19	 | 	2,00
  16	 | 	17	 | 	2,24
  16	 | 	19	 | 	3,61
  17	 | 	18	 | 	4,12
___________________________
Simulation Topology [1:4]
___________________________
From 	  To 		Length
___________________________
  0	 | 	1	 | 	5,00
  0	 | 	3	 | 	2,24
  0	 | 	13	 | 	6,32
  0	 | 	18	 | 	17,00
  1	 | 	2	 | 	4,12
  1	 | 	8	 | 	14,56
  2	 | 	3	 | 	3,61
  2	 | 	16	 | 	13,89
  2	 | 	19	 | 	15,81
  3	 | 	9	 | 	31,00
  3	 | 	14	 | 	8,54
  4	 | 	5	 | 	4,12
  4	 | 	6	 | 	3,61
  5	 | 	7	 | 	2,24
  5	 | 	18	 | 	16,12
  6	 | 	7	 | 	5,00
  6	 | 	10	 | 	26,02
  7	 | 	8	 | 	11,18
  7	 | 	13	 | 	6,32
  7	 | 	17	 | 	11,40
  8	 | 	9	 | 	15,00
  8	 | 	12	 | 	21,84
  9	 | 	15	 | 	20,10
  10	 | 	11	 | 	7,07
  10	 | 	12	 | 	10,00
  11	 | 	19	 | 	23,19
  12	 | 	13	 | 	33,73
  12	 | 	14	 | 	30,36
  13	 | 	15	 | 	7,07
  14	 | 	15	 | 	3,16
  15	 | 	19	 | 	2,00
  16	 | 	17	 | 	2,24
  16	 | 	19	 | 	3,61
  17	 | 	18	 | 	4,12
  7	 | 	18	 | 	13,89
___________________________
Simulation Topology [1:5]
___________________________
From 	  To 		Length
___________________________
  0	 | 	1	 | 	5,00
  0	 | 	3	 | 	2,24
  0	 | 	13	 | 	6,32
  0	 | 	18	 | 	17,00
  1	 | 	2	 | 	4,12
  1	 | 	8	 | 	14,56
  2	 | 	3	 | 	3,61
  2	 | 	16	 | 	13,89
  2	 | 	19	 | 	15,81
  3	 | 	9	 | 	31,00
  3	 | 	14	 | 	8,54
  4	 | 	5	 | 	4,12
  4	 | 	6	 | 	3,61
  5	 | 	7	 | 	2,24
  5	 | 	18	 | 	16,12
  6	 | 	7	 | 	5,00
  6	 | 	10	 | 	26,02
  7	 | 	8	 | 	11,18
  7	 | 	13	 | 	6,32
  7	 | 	17	 | 	11,40
  8	 | 	9	 | 	15,00
  8	 | 	12	 | 	21,84
  9	 | 	15	 | 	20,10
  10	 | 	11	 | 	7,07
  10	 | 	12	 | 	10,00
  11	 | 	19	 | 	23,19
  12	 | 	13	 | 	33,73
  12	 | 	14	 | 	30,36
  13	 | 	15	 | 	7,07
  14	 | 	15	 | 	3,16
  15	 | 	19	 | 	2,00
  16	 | 	17	 | 	2,24
  16	 | 	19	 | 	3,61
  17	 | 	18	 | 	4,12
  7	 | 	18	 | 	13,89
  5	 | 	6	 | 	6,32
___________________________
Simulation Topology [1:6]
___________________________
From 	  To 		Length
___________________________
  0	 | 	1	 | 	5,00
  0	 | 	3	 | 	2,24
  0	 | 	13	 | 	6,32
  0	 | 	18	 | 	17,00
  1	 | 	2	 | 	4,12
  1	 | 	8	 | 	14,56
  2	 | 	3	 | 	3,61
  2	 | 	16	 | 	13,89
  2	 | 	19	 | 	15,81
  3	 | 	9	 | 	31,00
  3	 | 	14	 | 	8,54
  4	 | 	5	 | 	4,12
  4	 | 	6	 | 	3,61
  5	 | 	7	 | 	2,24
  5	 | 	18	 | 	16,12
  6	 | 	7	 | 	5,00
  6	 | 	10	 | 	26,02
  7	 | 	8	 | 	11,18
  7	 | 	13	 | 	6,32
  7	 | 	17	 | 	11,40
  8	 | 	9	 | 	15,00
  8	 | 	12	 | 	21,84
  9	 | 	15	 | 	20,10
  10	 | 	11	 | 	7,07
  10	 | 	12	 | 	10,00
  11	 | 	19	 | 	23,19
  12	 | 	13	 | 	33,73
  12	 | 	14	 | 	30,36
  13	 | 	15	 | 	7,07
  14	 | 	15	 | 	3,16
  15	 | 	19	 | 	2,00
  16	 | 	17	 | 	2,24
  16	 | 	19	 | 	3,61
  17	 | 	18	 | 	4,12
  7	 | 	18	 | 	13,89
  5	 | 	6	 | 	6,32
  16	 | 	18	 | 	4,24
___________________________
Simulation Topology [1:7]
___________________________
From 	  To 		Length
___________________________
  0	 | 	1	 | 	5,00
  0	 | 	3	 | 	2,24
  0	 | 	13	 | 	6,32
  0	 | 	18	 | 	17,00
  1	 | 	2	 | 	4,12
  1	 | 	8	 | 	14,56
  2	 | 	3	 | 	3,61
  2	 | 	16	 | 	13,89
  2	 | 	19	 | 	15,81
  3	 | 	9	 | 	31,00
  3	 | 	14	 | 	8,54
  4	 | 	5	 | 	4,12
  4	 | 	6	 | 	3,61
  5	 | 	7	 | 	2,24
  5	 | 	18	 | 	16,12
  6	 | 	7	 | 	5,00
  6	 | 	10	 | 	26,02
  7	 | 	8	 | 	11,18
  7	 | 	13	 | 	6,32
  7	 | 	17	 | 	11,40
  8	 | 	9	 | 	15,00
  8	 | 	12	 | 	21,84
  9	 | 	15	 | 	20,10
  10	 | 	11	 | 	7,07
  10	 | 	12	 | 	10,00
  11	 | 	19	 | 	23,19
  12	 | 	13	 | 	33,73
  12	 | 	14	 | 	30,36
  13	 | 	15	 | 	7,07
  14	 | 	15	 | 	3,16
  15	 | 	19	 | 	2,00
  16	 | 	17	 | 	2,24
  16	 | 	19	 | 	3,61
  17	 | 	18	 | 	4,12
  7	 | 	18	 | 	13,89
  5	 | 	6	 | 	6,32
  16	 | 	18	 | 	4,24
  6	 | 	17	 | 	9,22
___________________________
Simulation Topology [1:8]
___________________________
From 	  To 		Length
___________________________
  0	 | 	1	 | 	5,00
  0	 | 	3	 | 	2,24
  0	 | 	13	 | 	6,32
  0	 | 	18	 | 	17,00
  1	 | 	2	 | 	4,12
  1	 | 	8	 | 	14,56
  2	 | 	3	 | 	3,61
  2	 | 	16	 | 	13,89
  2	 | 	19	 | 	15,81
  3	 | 	9	 | 	31,00
  3	 | 	14	 | 	8,54
  4	 | 	5	 | 	4,12
  4	 | 	6	 | 	3,61
  5	 | 	7	 | 	2,24
  5	 | 	18	 | 	16,12
  6	 | 	7	 | 	5,00
  6	 | 	10	 | 	26,02
  7	 | 	8	 | 	11,18
  7	 | 	13	 | 	6,32
  7	 | 	17	 | 	11,40
  8	 | 	9	 | 	15,00
  8	 | 	12	 | 	21,84
  9	 | 	15	 | 	20,10
  10	 | 	11	 | 	7,07
  10	 | 	12	 | 	10,00
  11	 | 	19	 | 	23,19
  12	 | 	13	 | 	33,73
  12	 | 	14	 | 	30,36
  13	 | 	15	 | 	7,07
  14	 | 	15	 | 	3,16
  15	 | 	19	 | 	2,00
  16	 | 	17	 | 	2,24
  16	 | 	19	 | 	3,61
  17	 | 	18	 | 	4,12
  7	 | 	18	 | 	13,89
  5	 | 	6	 | 	6,32
  16	 | 	18	 | 	4,24
  6	 | 	17	 | 	9,22
  8	 | 	19	 | 	3,61
___________________________
Simulation Topology [1:9]
___________________________
From 	  To 		Length
___________________________
  0	 | 	1	 | 	5,00
  0	 | 	3	 | 	2,24
  0	 | 	13	 | 	6,32
  0	 | 	18	 | 	17,00
  1	 | 	2	 | 	4,12
  1	 | 	8	 | 	14,56
  2	 | 	3	 | 	3,61
  2	 | 	16	 | 	13,89
  2	 | 	19	 | 	15,81
  3	 | 	9	 | 	31,00
  3	 | 	14	 | 	8,54
  4	 | 	5	 | 	4,12
  4	 | 	6	 | 	3,61
  5	 | 	7	 | 	2,24
  5	 | 	18	 | 	16,12
  6	 | 	7	 | 	5,00
  6	 | 	10	 | 	26,02
  7	 | 	8	 | 	11,18
  7	 | 	13	 | 	6,32
  7	 | 	17	 | 	11,40
  8	 | 	9	 | 	15,00
  8	 | 	12	 | 	21,84
  9	 | 	15	 | 	20,10
  10	 | 	11	 | 	7,07
  10	 | 	12	 | 	10,00
  11	 | 	19	 | 	23,19
  12	 | 	13	 | 	33,73
  12	 | 	14	 | 	30,36
  13	 | 	15	 | 	7,07
  14	 | 	15	 | 	3,16
  15	 | 	19	 | 	2,00
  16	 | 	17	 | 	2,24
  16	 | 	19	 | 	3,61
  17	 | 	18	 | 	4,12
  7	 | 	18	 | 	13,89
  5	 | 	6	 | 	6,32
  16	 | 	18	 | 	4,24
  6	 | 	17	 | 	9,22
  8	 | 	19	 | 	3,61
  14	 | 	17	 | 	3,16
___________________________
