Simulation Topology 1
___________________________
[8]				[1]		
[3]				[2]		
[0]				[6]		
[8]				[7]		
[4]				[7]		
[12]				[9]		
[9]				[9]		
[8]				[10]		
[19]				[11]		
[19]				[12]		
___________________________
Simulation Topology [1:1]
___________________________
From 	  To 		Length
___________________________
  0	 | 	1	 | 	5,10
  0	 | 	2	 | 	9,43
  0	 | 	6	 | 	8,06
  0	 | 	9	 | 	15,56
  1	 | 	3	 | 	7,07
  1	 | 	7	 | 	9,43
  1	 | 	8	 | 	18,36
  2	 | 	3	 | 	8,06
  2	 | 	4	 | 	4,12
  2	 | 	7	 | 	8,94
  3	 | 	8	 | 	11,70
  4	 | 	8	 | 	15,52
  4	 | 	9	 | 	15,81
  5	 | 	7	 | 	4,12
  5	 | 	9	 | 	7,62
  6	 | 	7	 | 	1,41
  6	 | 	9	 | 	10,44
  7	 | 	8	 | 	11,05
___________________________
Simulation Topology [1:2]
___________________________
From 	  To 		Length
___________________________
  0	 | 	1	 | 	5,10
  0	 | 	2	 | 	9,43
  0	 | 	6	 | 	8,06
  0	 | 	9	 | 	15,56
  1	 | 	3	 | 	7,07
  1	 | 	7	 | 	9,43
  1	 | 	8	 | 	18,36
  2	 | 	3	 | 	8,06
  2	 | 	4	 | 	4,12
  2	 | 	7	 | 	8,94
  3	 | 	8	 | 	11,70
  4	 | 	8	 | 	15,52
  4	 | 	9	 | 	15,81
  5	 | 	7	 | 	4,12
  5	 | 	9	 | 	7,62
  6	 | 	7	 | 	1,41
  6	 | 	9	 | 	10,44
  7	 | 	8	 | 	11,05
  3	 | 	6	 | 	2,24
___________________________
Simulation Topology [1:3]
___________________________
From 	  To 		Length
___________________________
  0	 | 	1	 | 	5,10
  0	 | 	2	 | 	9,43
  0	 | 	6	 | 	8,06
  0	 | 	9	 | 	15,56
  1	 | 	3	 | 	7,07
  1	 | 	7	 | 	9,43
  1	 | 	8	 | 	18,36
  2	 | 	3	 | 	8,06
  2	 | 	4	 | 	4,12
  2	 | 	7	 | 	8,94
  3	 | 	8	 | 	11,70
  4	 | 	8	 | 	15,52
  4	 | 	9	 | 	15,81
  5	 | 	7	 | 	4,12
  5	 | 	9	 | 	7,62
  6	 | 	7	 | 	1,41
  6	 | 	9	 | 	10,44
  7	 | 	8	 | 	11,05
  3	 | 	6	 | 	2,24
  1	 | 	2	 | 	5,00
___________________________
