Simulation Topology 1
___________________________
[0]				[0]		
[6]				[1]		
[2]				[2]		
[10]				[2]		
[2]				[4]		
[8]				[4]		
[0]				[5]		
[8]				[7]		
[10]				[7]		
[13]				[9]		
___________________________
Simulation Topology [1:1]
___________________________
From 	  To 		Length
___________________________
  0	 | 	1	 | 	6,08
  0	 | 	2	 | 	2,83
  0	 | 	5	 | 	8,94
  0	 | 	6	 | 	5,00
  0	 | 	8	 | 	12,21
  1	 | 	3	 | 	4,12
  1	 | 	9	 | 	10,63
  2	 | 	3	 | 	8,00
  2	 | 	4	 | 	2,00
  2	 | 	6	 | 	3,61
  3	 | 	6	 | 	10,44
  4	 | 	5	 | 	6,00
  4	 | 	8	 | 	8,54
  4	 | 	9	 | 	12,08
  5	 | 	7	 | 	3,00
  6	 | 	7	 | 	8,25
  6	 | 	9	 | 	13,60
  7	 | 	8	 | 	2,00
___________________________
Simulation Topology [1:2]
___________________________
From 	  To 		Length
___________________________
  0	 | 	1	 | 	6,08
  0	 | 	2	 | 	2,83
  0	 | 	5	 | 	8,94
  0	 | 	6	 | 	5,00
  0	 | 	8	 | 	12,21
  1	 | 	3	 | 	4,12
  1	 | 	9	 | 	10,63
  2	 | 	3	 | 	8,00
  2	 | 	4	 | 	2,00
  2	 | 	6	 | 	3,61
  3	 | 	6	 | 	10,44
  4	 | 	5	 | 	6,00
  4	 | 	8	 | 	8,54
  4	 | 	9	 | 	12,08
  5	 | 	7	 | 	3,00
  6	 | 	7	 | 	8,25
  6	 | 	9	 | 	13,60
  7	 | 	8	 | 	2,00
  3	 | 	7	 | 	5,39
___________________________
Simulation Topology [1:3]
___________________________
From 	  To 		Length
___________________________
  0	 | 	1	 | 	6,08
  0	 | 	2	 | 	2,83
  0	 | 	5	 | 	8,94
  0	 | 	6	 | 	5,00
  0	 | 	8	 | 	12,21
  1	 | 	3	 | 	4,12
  1	 | 	9	 | 	10,63
  2	 | 	3	 | 	8,00
  2	 | 	4	 | 	2,00
  2	 | 	6	 | 	3,61
  3	 | 	6	 | 	10,44
  4	 | 	5	 | 	6,00
  4	 | 	8	 | 	8,54
  4	 | 	9	 | 	12,08
  5	 | 	7	 | 	3,00
  6	 | 	7	 | 	8,25
  6	 | 	9	 | 	13,60
  7	 | 	8	 | 	2,00
  3	 | 	7	 | 	5,39
  8	 | 	9	 | 	3,61
___________________________
