Simulation Topology 1
___________________________
[15]				[0]		
[9]				[0]		
[17]				[1]		
[17]				[2]		
[0]				[3]		
[8]				[5]		
[16]				[5]		
[10]				[6]		
[18]				[9]		
[1]				[9]		
___________________________
Simulation Topology [1:1]
___________________________
From 	  To 		Length
___________________________
  0	 | 	1	 | 	6,00
  0	 | 	2	 | 	2,24
  0	 | 	3	 | 	2,83
  0	 | 	4	 | 	15,30
  0	 | 	6	 | 	5,10
  1	 | 	2	 | 	8,06
  1	 | 	3	 | 	8,25
  1	 | 	5	 | 	5,10
  1	 | 	7	 | 	6,08
  2	 | 	3	 | 	1,00
  2	 | 	6	 | 	4,12
  3	 | 	9	 | 	17,46
  4	 | 	5	 | 	8,25
  4	 | 	7	 | 	10,44
  4	 | 	8	 | 	18,97
  5	 | 	7	 | 	2,24
  6	 | 	7	 | 	6,08
  6	 | 	9	 | 	15,52
  7	 | 	8	 | 	8,54
___________________________
Simulation Topology [1:2]
___________________________
From 	  To 		Length
___________________________
  0	 | 	1	 | 	6,00
  0	 | 	2	 | 	2,24
  0	 | 	3	 | 	2,83
  0	 | 	4	 | 	15,30
  0	 | 	6	 | 	5,10
  1	 | 	2	 | 	8,06
  1	 | 	3	 | 	8,25
  1	 | 	5	 | 	5,10
  1	 | 	7	 | 	6,08
  2	 | 	3	 | 	1,00
  2	 | 	6	 | 	4,12
  3	 | 	9	 | 	17,46
  4	 | 	5	 | 	8,25
  4	 | 	7	 | 	10,44
  4	 | 	8	 | 	18,97
  5	 | 	7	 | 	2,24
  6	 | 	7	 | 	6,08
  6	 | 	9	 | 	15,52
  7	 | 	8	 | 	8,54
  3	 | 	8	 | 	7,07
___________________________
