Simulation Topology 1
___________________________
[1]				[0]		
[19]				[2]		
[7]				[3]		
[12]				[3]		
[1]				[4]		
[9]				[4]		
[13]				[8]		
[11]				[8]		
[1]				[10]		
[3]				[10]		
___________________________
Simulation Topology [1:1]
___________________________
From 	  To 		Length
___________________________
  0	 | 	1	 | 	18,11
  0	 | 	4	 | 	4,00
  0	 | 	7	 | 	12,81
  1	 | 	2	 | 	12,04
  1	 | 	4	 | 	18,11
  2	 | 	3	 | 	5,00
  2	 | 	5	 | 	2,24
  2	 | 	7	 | 	6,40
  3	 | 	6	 | 	5,10
  3	 | 	7	 | 	5,10
  3	 | 	9	 | 	11,40
  4	 | 	5	 | 	8,00
  4	 | 	7	 | 	10,77
  5	 | 	9	 | 	8,49
  6	 | 	7	 | 	2,00
  6	 | 	8	 | 	12,17
  7	 | 	8	 | 	10,20
___________________________
Simulation Topology [1:2]
___________________________
From 	  To 		Length
___________________________
  0	 | 	1	 | 	18,11
  0	 | 	4	 | 	4,00
  0	 | 	7	 | 	12,81
  1	 | 	2	 | 	12,04
  1	 | 	4	 | 	18,11
  2	 | 	3	 | 	5,00
  2	 | 	5	 | 	2,24
  2	 | 	7	 | 	6,40
  3	 | 	6	 | 	5,10
  3	 | 	7	 | 	5,10
  3	 | 	9	 | 	11,40
  4	 | 	5	 | 	8,00
  4	 | 	7	 | 	10,77
  5	 | 	9	 | 	8,49
  6	 | 	7	 | 	2,00
  6	 | 	8	 | 	12,17
  7	 | 	8	 | 	10,20
  3	 | 	5	 | 	3,16
___________________________
Simulation Topology [1:3]
___________________________
From 	  To 		Length
___________________________
  0	 | 	1	 | 	18,11
  0	 | 	4	 | 	4,00
  0	 | 	7	 | 	12,81
  1	 | 	2	 | 	12,04
  1	 | 	4	 | 	18,11
  2	 | 	3	 | 	5,00
  2	 | 	5	 | 	2,24
  2	 | 	7	 | 	6,40
  3	 | 	6	 | 	5,10
  3	 | 	7	 | 	5,10
  3	 | 	9	 | 	11,40
  4	 | 	5	 | 	8,00
  4	 | 	7	 | 	10,77
  5	 | 	9	 | 	8,49
  6	 | 	7	 | 	2,00
  6	 | 	8	 | 	12,17
  7	 | 	8	 | 	10,20
  3	 | 	5	 | 	3,16
  4	 | 	9	 | 	6,32
___________________________
Simulation Topology [1:4]
___________________________
From 	  To 		Length
___________________________
  0	 | 	1	 | 	18,11
  0	 | 	4	 | 	4,00
  0	 | 	7	 | 	12,81
  1	 | 	2	 | 	12,04
  1	 | 	4	 | 	18,11
  2	 | 	3	 | 	5,00
  2	 | 	5	 | 	2,24
  2	 | 	7	 | 	6,40
  3	 | 	6	 | 	5,10
  3	 | 	7	 | 	5,10
  3	 | 	9	 | 	11,40
  4	 | 	5	 | 	8,00
  4	 | 	7	 | 	10,77
  5	 | 	9	 | 	8,49
  6	 | 	7	 | 	2,00
  6	 | 	8	 | 	12,17
  7	 | 	8	 | 	10,20
  3	 | 	5	 | 	3,16
  4	 | 	9	 | 	6,32
  4	 | 	8	 | 	6,00
___________________________
