Simulation Topology 1
___________________________
[14]				[1]		
[4]				[2]		
[11]				[2]		
[14]				[3]		
[9]				[3]		
[1]				[4]		
[11]				[4]		
[5]				[6]		
[8]				[6]		
[1]				[9]		
___________________________
Simulation Topology [1:1]
___________________________
From 	  To 		Length
___________________________
  0	 | 	1	 | 	10,05
  0	 | 	3	 | 	2,00
  0	 | 	4	 | 	5,39
  0	 | 	6	 | 	4,24
  1	 | 	7	 | 	4,12
  2	 | 	3	 | 	3,16
  2	 | 	4	 | 	2,24
  2	 | 	7	 | 	7,21
  3	 | 	5	 | 	13,04
  3	 | 	8	 | 	6,71
  3	 | 	9	 | 	14,32
  4	 | 	5	 | 	8,06
  4	 | 	7	 | 	5,00
  5	 | 	9	 | 	5,00
  6	 | 	7	 | 	6,32
  6	 | 	9	 | 	11,18
  8	 | 	9	 | 	7,62
___________________________
Simulation Topology [1:2]
___________________________
From 	  To 		Length
___________________________
  0	 | 	1	 | 	10,05
  0	 | 	3	 | 	2,00
  0	 | 	4	 | 	5,39
  0	 | 	6	 | 	4,24
  1	 | 	7	 | 	4,12
  2	 | 	3	 | 	3,16
  2	 | 	4	 | 	2,24
  2	 | 	7	 | 	7,21
  3	 | 	5	 | 	13,04
  3	 | 	8	 | 	6,71
  3	 | 	9	 | 	14,32
  4	 | 	5	 | 	8,06
  4	 | 	7	 | 	5,00
  5	 | 	9	 | 	5,00
  6	 | 	7	 | 	6,32
  6	 | 	9	 | 	11,18
  8	 | 	9	 | 	7,62
  1	 | 	8	 | 	5,66
___________________________
Simulation Topology [1:3]
___________________________
From 	  To 		Length
___________________________
  0	 | 	1	 | 	10,05
  0	 | 	3	 | 	2,00
  0	 | 	4	 | 	5,39
  0	 | 	6	 | 	4,24
  1	 | 	7	 | 	4,12
  2	 | 	3	 | 	3,16
  2	 | 	4	 | 	2,24
  2	 | 	7	 | 	7,21
  3	 | 	5	 | 	13,04
  3	 | 	8	 | 	6,71
  3	 | 	9	 | 	14,32
  4	 | 	5	 | 	8,06
  4	 | 	7	 | 	5,00
  5	 | 	9	 | 	5,00
  6	 | 	7	 | 	6,32
  6	 | 	9	 | 	11,18
  8	 | 	9	 | 	7,62
  1	 | 	8	 | 	5,66
  3	 | 	4	 | 	5,00
___________________________
Simulation Topology [1:4]
___________________________
From 	  To 		Length
___________________________
  0	 | 	1	 | 	10,05
  0	 | 	3	 | 	2,00
  0	 | 	4	 | 	5,39
  0	 | 	6	 | 	4,24
  1	 | 	7	 | 	4,12
  2	 | 	3	 | 	3,16
  2	 | 	4	 | 	2,24
  2	 | 	7	 | 	7,21
  3	 | 	5	 | 	13,04
  3	 | 	8	 | 	6,71
  3	 | 	9	 | 	14,32
  4	 | 	5	 | 	8,06
  4	 | 	7	 | 	5,00
  5	 | 	9	 | 	5,00
  6	 | 	7	 | 	6,32
  6	 | 	9	 | 	11,18
  8	 | 	9	 | 	7,62
  1	 | 	8	 | 	5,66
  3	 | 	4	 | 	5,00
  2	 | 	6	 | 	2,00
___________________________
