Simulation Topology 1
___________________________
[10]				[0]		
[19]				[2]		
[18]				[4]		
[5]				[5]		
[10]				[7]		
[18]				[7]		
[11]				[8]		
[8]				[8]		
[8]				[9]		
[16]				[9]		
___________________________
Simulation Topology [1:1]
___________________________
From 	  To 		Length
___________________________
  0	 | 	1	 | 	9,22
  0	 | 	3	 | 	7,07
  0	 | 	5	 | 	10,63
  0	 | 	8	 | 	9,22
  1	 | 	2	 | 	2,24
  1	 | 	6	 | 	10,00
  2	 | 	3	 | 	13,04
  2	 | 	6	 | 	8,06
  2	 | 	7	 | 	10,77
  2	 | 	8	 | 	11,18
  2	 | 	9	 | 	5,39
  3	 | 	5	 | 	13,15
  3	 | 	7	 | 	4,24
  4	 | 	5	 | 	8,00
  4	 | 	6	 | 	1,41
  4	 | 	8	 | 	2,83
  5	 | 	7	 | 	10,05
  6	 | 	7	 | 	3,00
  7	 | 	9	 | 	8,06
___________________________
Simulation Topology [1:2]
___________________________
From 	  To 		Length
___________________________
  0	 | 	1	 | 	9,22
  0	 | 	3	 | 	7,07
  0	 | 	5	 | 	10,63
  0	 | 	8	 | 	9,22
  1	 | 	2	 | 	2,24
  1	 | 	6	 | 	10,00
  2	 | 	3	 | 	13,04
  2	 | 	6	 | 	8,06
  2	 | 	7	 | 	10,77
  2	 | 	8	 | 	11,18
  2	 | 	9	 | 	5,39
  3	 | 	5	 | 	13,15
  3	 | 	7	 | 	4,24
  4	 | 	5	 | 	8,00
  4	 | 	6	 | 	1,41
  4	 | 	8	 | 	2,83
  5	 | 	7	 | 	10,05
  6	 | 	7	 | 	3,00
  7	 | 	9	 | 	8,06
  7	 | 	8	 | 	1,00
___________________________
