Simulation Topology 1
___________________________
[13]				[0]		
[3]				[1]		
[13]				[1]		
[6]				[2]		
[1]				[2]		
[15]				[3]		
[2]				[5]		
[18]				[6]		
[2]				[8]		
[7]				[8]		
___________________________
Simulation Topology [1:1]
___________________________
From 	  To 		Length
___________________________
  0	 | 	1	 | 	10,05
  0	 | 	4	 | 	12,17
  0	 | 	8	 | 	13,60
  0	 | 	9	 | 	10,00
  1	 | 	5	 | 	12,17
  1	 | 	8	 | 	7,07
  2	 | 	3	 | 	7,07
  2	 | 	5	 | 	2,83
  2	 | 	6	 | 	11,70
  3	 | 	9	 | 	6,08
  4	 | 	5	 | 	14,04
  4	 | 	6	 | 	3,16
  4	 | 	8	 | 	6,08
  5	 | 	7	 | 	4,24
  6	 | 	7	 | 	16,03
  6	 | 	8	 | 	3,00
  7	 | 	8	 | 	16,12
  7	 | 	9	 | 	11,18
___________________________
Simulation Topology [1:2]
___________________________
From 	  To 		Length
___________________________
  0	 | 	1	 | 	10,05
  0	 | 	4	 | 	12,17
  0	 | 	8	 | 	13,60
  0	 | 	9	 | 	10,00
  1	 | 	5	 | 	12,17
  1	 | 	8	 | 	7,07
  2	 | 	3	 | 	7,07
  2	 | 	5	 | 	2,83
  2	 | 	6	 | 	11,70
  3	 | 	9	 | 	6,08
  4	 | 	5	 | 	14,04
  4	 | 	6	 | 	3,16
  4	 | 	8	 | 	6,08
  5	 | 	7	 | 	4,24
  6	 | 	7	 | 	16,03
  6	 | 	8	 | 	3,00
  7	 | 	8	 | 	16,12
  7	 | 	9	 | 	11,18
  1	 | 	3	 | 	3,16
___________________________
Simulation Topology [1:3]
___________________________
From 	  To 		Length
___________________________
  0	 | 	1	 | 	10,05
  0	 | 	4	 | 	12,17
  0	 | 	8	 | 	13,60
  0	 | 	9	 | 	10,00
  1	 | 	5	 | 	12,17
  1	 | 	8	 | 	7,07
  2	 | 	3	 | 	7,07
  2	 | 	5	 | 	2,83
  2	 | 	6	 | 	11,70
  3	 | 	9	 | 	6,08
  4	 | 	5	 | 	14,04
  4	 | 	6	 | 	3,16
  4	 | 	8	 | 	6,08
  5	 | 	7	 | 	4,24
  6	 | 	7	 | 	16,03
  6	 | 	8	 | 	3,00
  7	 | 	8	 | 	16,12
  7	 | 	9	 | 	11,18
  1	 | 	3	 | 	3,16
  0	 | 	2	 | 	1,00
___________________________
