Simulation Topology 1
___________________________
[10]				[0]		
[12]				[0]		
[17]				[3]		
[0]				[3]		
[9]				[4]		
[6]				[4]		
[4]				[7]		
[16]				[8]		
[11]				[8]		
[0]				[11]		
___________________________
Simulation Topology [1:1]
___________________________
From 	  To 		Length
___________________________
  0	 | 	1	 | 	2,00
  0	 | 	3	 | 	10,44
  0	 | 	7	 | 	10,00
  0	 | 	9	 | 	14,87
  1	 | 	2	 | 	5,83
  1	 | 	4	 | 	5,00
  2	 | 	3	 | 	17,00
  2	 | 	6	 | 	13,60
  2	 | 	8	 | 	7,81
  3	 | 	8	 | 	12,08
  4	 | 	5	 | 	3,00
  4	 | 	9	 | 	11,40
  5	 | 	6	 | 	3,61
  5	 | 	9	 | 	9,22
  6	 | 	7	 | 	12,04
  6	 | 	8	 | 	7,07
  6	 | 	9	 | 	5,66
  7	 | 	8	 | 	5,00
___________________________
Simulation Topology [1:2]
___________________________
From 	  To 		Length
___________________________
  0	 | 	1	 | 	2,00
  0	 | 	3	 | 	10,44
  0	 | 	7	 | 	10,00
  0	 | 	9	 | 	14,87
  1	 | 	2	 | 	5,83
  1	 | 	4	 | 	5,00
  2	 | 	3	 | 	17,00
  2	 | 	6	 | 	13,60
  2	 | 	8	 | 	7,81
  3	 | 	8	 | 	12,08
  4	 | 	5	 | 	3,00
  4	 | 	9	 | 	11,40
  5	 | 	6	 | 	3,61
  5	 | 	9	 | 	9,22
  6	 | 	7	 | 	12,04
  6	 | 	8	 | 	7,07
  6	 | 	9	 | 	5,66
  7	 | 	8	 | 	5,00
  2	 | 	4	 | 	8,06
___________________________
Simulation Topology [1:3]
___________________________
From 	  To 		Length
___________________________
  0	 | 	1	 | 	2,00
  0	 | 	3	 | 	10,44
  0	 | 	7	 | 	10,00
  0	 | 	9	 | 	14,87
  1	 | 	2	 | 	5,83
  1	 | 	4	 | 	5,00
  2	 | 	3	 | 	17,00
  2	 | 	6	 | 	13,60
  2	 | 	8	 | 	7,81
  3	 | 	8	 | 	12,08
  4	 | 	5	 | 	3,00
  4	 | 	9	 | 	11,40
  5	 | 	6	 | 	3,61
  5	 | 	9	 | 	9,22
  6	 | 	7	 | 	12,04
  6	 | 	8	 | 	7,07
  6	 | 	9	 | 	5,66
  7	 | 	8	 | 	5,00
  2	 | 	4	 | 	8,06
  1	 | 	7	 | 	8,94
___________________________
