Simulation Topology 1
___________________________
[12]				[0]		
[14]				[0]		
[2]				[3]		
[4]				[3]		
[6]				[4]		
[18]				[5]		
[0]				[5]		
[10]				[6]		
[3]				[6]		
[3]				[7]		
___________________________
Simulation Topology [1:1]
___________________________
From 	  To 		Length
___________________________
  0	 | 	1	 | 	2,00
  0	 | 	3	 | 	8,54
  0	 | 	4	 | 	7,21
  0	 | 	7	 | 	6,32
  1	 | 	2	 | 	12,37
  1	 | 	5	 | 	6,40
  1	 | 	7	 | 	7,21
  1	 | 	8	 | 	12,53
  2	 | 	3	 | 	2,00
  3	 | 	6	 | 	4,47
  3	 | 	8	 | 	3,16
  3	 | 	9	 | 	4,12
  4	 | 	5	 | 	12,04
  4	 | 	6	 | 	6,08
  4	 | 	7	 | 	4,47
  5	 | 	8	 | 	15,03
  5	 | 	9	 | 	15,13
  6	 | 	7	 | 	10,05
___________________________
Simulation Topology [1:2]
___________________________
From 	  To 		Length
___________________________
  0	 | 	1	 | 	2,00
  0	 | 	3	 | 	8,54
  0	 | 	4	 | 	7,21
  0	 | 	7	 | 	6,32
  1	 | 	2	 | 	12,37
  1	 | 	5	 | 	6,40
  1	 | 	7	 | 	7,21
  1	 | 	8	 | 	12,53
  2	 | 	3	 | 	2,00
  3	 | 	6	 | 	4,47
  3	 | 	8	 | 	3,16
  3	 | 	9	 | 	4,12
  4	 | 	5	 | 	12,04
  4	 | 	6	 | 	6,08
  4	 | 	7	 | 	4,47
  5	 | 	8	 | 	15,03
  5	 | 	9	 | 	15,13
  6	 | 	7	 | 	10,05
  2	 | 	8	 | 	3,16
___________________________
Simulation Topology [1:3]
___________________________
From 	  To 		Length
___________________________
  0	 | 	1	 | 	2,00
  0	 | 	3	 | 	8,54
  0	 | 	4	 | 	7,21
  0	 | 	7	 | 	6,32
  1	 | 	2	 | 	12,37
  1	 | 	5	 | 	6,40
  1	 | 	7	 | 	7,21
  1	 | 	8	 | 	12,53
  2	 | 	3	 | 	2,00
  3	 | 	6	 | 	4,47
  3	 | 	8	 | 	3,16
  3	 | 	9	 | 	4,12
  4	 | 	5	 | 	12,04
  4	 | 	6	 | 	6,08
  4	 | 	7	 | 	4,47
  5	 | 	8	 | 	15,03
  5	 | 	9	 | 	15,13
  6	 | 	7	 | 	10,05
  2	 | 	8	 | 	3,16
  2	 | 	6	 | 	2,83
___________________________
