Simulation Topology 1
___________________________
[14]				[1]		
[4]				[2]		
[10]				[2]		
[2]				[3]		
[16]				[4]		
[8]				[4]		
[3]				[6]		
[4]				[8]		
[10]				[10]		
[15]				[10]		
___________________________
Simulation Topology [1:1]
___________________________
From 	  To 		Length
___________________________
  0	 | 	1	 | 	10,05
  0	 | 	3	 | 	12,17
  0	 | 	5	 | 	6,71
  0	 | 	7	 | 	12,21
  1	 | 	7	 | 	6,00
  2	 | 	3	 | 	8,06
  2	 | 	5	 | 	2,83
  2	 | 	6	 | 	8,06
  3	 | 	4	 | 	14,04
  3	 | 	6	 | 	3,16
  3	 | 	9	 | 	14,76
  4	 | 	5	 | 	8,00
  4	 | 	6	 | 	13,15
  4	 | 	7	 | 	12,65
  5	 | 	6	 | 	5,39
  5	 | 	9	 | 	9,22
  6	 | 	7	 | 	2,24
  7	 | 	8	 | 	6,32
  8	 | 	9	 | 	5,00
___________________________
Simulation Topology [1:2]
___________________________
From 	  To 		Length
___________________________
  0	 | 	1	 | 	10,05
  0	 | 	3	 | 	12,17
  0	 | 	5	 | 	6,71
  0	 | 	7	 | 	12,21
  1	 | 	7	 | 	6,00
  2	 | 	3	 | 	8,06
  2	 | 	5	 | 	2,83
  2	 | 	6	 | 	8,06
  3	 | 	4	 | 	14,04
  3	 | 	6	 | 	3,16
  3	 | 	9	 | 	14,76
  4	 | 	5	 | 	8,00
  4	 | 	6	 | 	13,15
  4	 | 	7	 | 	12,65
  5	 | 	6	 | 	5,39
  5	 | 	9	 | 	9,22
  6	 | 	7	 | 	2,24
  7	 | 	8	 | 	6,32
  8	 | 	9	 | 	5,00
  1	 | 	6	 | 	4,12
___________________________
