Simulation Topology 1
___________________________
[19]				[2]		
[14]				[2]		
[15]				[5]		
[11]				[5]		
[7]				[6]		
[9]				[7]		
[4]				[7]		
[1]				[8]		
[11]				[8]		
[3]				[9]		
___________________________
Simulation Topology [1:1]
___________________________
From 	  To 		Length
___________________________
  0	 | 	1	 | 	5,00
  0	 | 	2	 | 	5,00
  0	 | 	3	 | 	8,54
  0	 | 	7	 | 	18,97
  1	 | 	4	 | 	8,06
  1	 | 	5	 | 	7,07
  1	 | 	6	 | 	11,18
  2	 | 	3	 | 	4,00
  3	 | 	8	 | 	3,00
  3	 | 	9	 | 	8,94
  4	 | 	5	 | 	2,24
  4	 | 	8	 | 	4,47
  4	 | 	9	 | 	5,00
  5	 | 	8	 | 	2,24
  5	 | 	9	 | 	6,32
  6	 | 	7	 | 	3,16
  7	 | 	9	 | 	2,24
  8	 | 	9	 | 	8,06
___________________________
Simulation Topology [1:2]
___________________________
From 	  To 		Length
___________________________
  0	 | 	1	 | 	5,00
  0	 | 	2	 | 	5,00
  0	 | 	3	 | 	8,54
  0	 | 	7	 | 	18,97
  1	 | 	4	 | 	8,06
  1	 | 	5	 | 	7,07
  1	 | 	6	 | 	11,18
  2	 | 	3	 | 	4,00
  3	 | 	8	 | 	3,00
  3	 | 	9	 | 	8,94
  4	 | 	5	 | 	2,24
  4	 | 	8	 | 	4,47
  4	 | 	9	 | 	5,00
  5	 | 	8	 | 	2,24
  5	 | 	9	 | 	6,32
  6	 | 	7	 | 	3,16
  7	 | 	9	 | 	2,24
  8	 | 	9	 | 	8,06
  3	 | 	5	 | 	2,83
___________________________
Simulation Topology [1:3]
___________________________
From 	  To 		Length
___________________________
  0	 | 	1	 | 	5,00
  0	 | 	2	 | 	5,00
  0	 | 	3	 | 	8,54
  0	 | 	7	 | 	18,97
  1	 | 	4	 | 	8,06
  1	 | 	5	 | 	7,07
  1	 | 	6	 | 	11,18
  2	 | 	3	 | 	4,00
  3	 | 	8	 | 	3,00
  3	 | 	9	 | 	8,94
  4	 | 	5	 | 	2,24
  4	 | 	8	 | 	4,47
  4	 | 	9	 | 	5,00
  5	 | 	8	 | 	2,24
  5	 | 	9	 | 	6,32
  6	 | 	7	 | 	3,16
  7	 | 	9	 | 	2,24
  8	 | 	9	 | 	8,06
  3	 | 	5	 | 	2,83
  6	 | 	9	 | 	2,24
___________________________
