Simulation Topology 1
___________________________
[14]				[0]		
[17]				[0]		
[16]				[2]		
[18]				[3]		
[0]				[4]		
[6]				[5]		
[0]				[5]		
[3]				[7]		
[0]				[9]		
[8]				[9]		
___________________________
Simulation Topology [1:1]
___________________________
From 	  To 		Length
___________________________
  0	 | 	1	 | 	3,00
  0	 | 	5	 | 	9,43
  0	 | 	7	 | 	13,04
  1	 | 	2	 | 	2,24
  1	 | 	4	 | 	17,46
  1	 | 	6	 | 	17,72
  2	 | 	3	 | 	2,24
  2	 | 	4	 | 	16,12
  2	 | 	8	 | 	17,46
  3	 | 	4	 | 	18,03
  3	 | 	6	 | 	18,11
  3	 | 	8	 | 	18,97
  4	 | 	5	 | 	6,08
  5	 | 	9	 | 	4,47
  6	 | 	7	 | 	3,61
  7	 | 	8	 | 	3,61
  7	 | 	9	 | 	5,39
___________________________
Simulation Topology [1:2]
___________________________
From 	  To 		Length
___________________________
  0	 | 	1	 | 	3,00
  0	 | 	5	 | 	9,43
  0	 | 	7	 | 	13,04
  1	 | 	2	 | 	2,24
  1	 | 	4	 | 	17,46
  1	 | 	6	 | 	17,72
  2	 | 	3	 | 	2,24
  2	 | 	4	 | 	16,12
  2	 | 	8	 | 	17,46
  3	 | 	4	 | 	18,03
  3	 | 	6	 | 	18,11
  3	 | 	8	 | 	18,97
  4	 | 	5	 | 	6,08
  5	 | 	9	 | 	4,47
  6	 | 	7	 | 	3,61
  7	 | 	8	 | 	3,61
  7	 | 	9	 | 	5,39
  5	 | 	7	 | 	3,61
___________________________
Simulation Topology [1:3]
___________________________
From 	  To 		Length
___________________________
  0	 | 	1	 | 	3,00
  0	 | 	5	 | 	9,43
  0	 | 	7	 | 	13,04
  1	 | 	2	 | 	2,24
  1	 | 	4	 | 	17,46
  1	 | 	6	 | 	17,72
  2	 | 	3	 | 	2,24
  2	 | 	4	 | 	16,12
  2	 | 	8	 | 	17,46
  3	 | 	4	 | 	18,03
  3	 | 	6	 | 	18,11
  3	 | 	8	 | 	18,97
  4	 | 	5	 | 	6,08
  5	 | 	9	 | 	4,47
  6	 | 	7	 | 	3,61
  7	 | 	8	 | 	3,61
  7	 | 	9	 | 	5,39
  5	 | 	7	 | 	3,61
  6	 | 	8	 | 	4,00
___________________________
Simulation Topology [1:4]
___________________________
From 	  To 		Length
___________________________
  0	 | 	1	 | 	3,00
  0	 | 	5	 | 	9,43
  0	 | 	7	 | 	13,04
  1	 | 	2	 | 	2,24
  1	 | 	4	 | 	17,46
  1	 | 	6	 | 	17,72
  2	 | 	3	 | 	2,24
  2	 | 	4	 | 	16,12
  2	 | 	8	 | 	17,46
  3	 | 	4	 | 	18,03
  3	 | 	6	 | 	18,11
  3	 | 	8	 | 	18,97
  4	 | 	5	 | 	6,08
  5	 | 	9	 | 	4,47
  6	 | 	7	 | 	3,61
  7	 | 	8	 | 	3,61
  7	 | 	9	 | 	5,39
  5	 | 	7	 | 	3,61
  6	 | 	8	 | 	4,00
  0	 | 	3	 | 	5,00
___________________________
