Simulation Topology 1
___________________________
[7]				[0]		
[15]				[0]		
[16]				[2]		
[18]				[2]		
[0]				[3]		
[2]				[5]		
[15]				[5]		
[4]				[6]		
[13]				[7]		
[4]				[9]		
___________________________
Simulation Topology [1:1]
___________________________
From 	  To 		Length
___________________________
  0	 | 	1	 | 	8,00
  0	 | 	2	 | 	9,22
  0	 | 	5	 | 	7,07
  0	 | 	9	 | 	9,49
  1	 | 	3	 | 	3,61
  1	 | 	4	 | 	15,30
  1	 | 	7	 | 	12,53
  1	 | 	8	 | 	7,28
  2	 | 	3	 | 	2,00
  2	 | 	4	 | 	16,03
  2	 | 	7	 | 	12,65
  3	 | 	6	 | 	4,24
  4	 | 	5	 | 	2,83
  4	 | 	6	 | 	15,13
  5	 | 	8	 | 	11,18
  6	 | 	7	 | 	11,05
  7	 | 	9	 | 	3,00
  8	 | 	9	 | 	9,22
___________________________
Simulation Topology [1:2]
___________________________
From 	  To 		Length
___________________________
  0	 | 	1	 | 	8,00
  0	 | 	2	 | 	9,22
  0	 | 	5	 | 	7,07
  0	 | 	9	 | 	9,49
  1	 | 	3	 | 	3,61
  1	 | 	4	 | 	15,30
  1	 | 	7	 | 	12,53
  1	 | 	8	 | 	7,28
  2	 | 	3	 | 	2,00
  2	 | 	4	 | 	16,03
  2	 | 	7	 | 	12,65
  3	 | 	6	 | 	4,24
  4	 | 	5	 | 	2,83
  4	 | 	6	 | 	15,13
  5	 | 	8	 | 	11,18
  6	 | 	7	 | 	11,05
  7	 | 	9	 | 	3,00
  8	 | 	9	 | 	9,22
  6	 | 	8	 | 	2,83
___________________________
Simulation Topology [1:3]
___________________________
From 	  To 		Length
___________________________
  0	 | 	1	 | 	8,00
  0	 | 	2	 | 	9,22
  0	 | 	5	 | 	7,07
  0	 | 	9	 | 	9,49
  1	 | 	3	 | 	3,61
  1	 | 	4	 | 	15,30
  1	 | 	7	 | 	12,53
  1	 | 	8	 | 	7,28
  2	 | 	3	 | 	2,00
  2	 | 	4	 | 	16,03
  2	 | 	7	 | 	12,65
  3	 | 	6	 | 	4,24
  4	 | 	5	 | 	2,83
  4	 | 	6	 | 	15,13
  5	 | 	8	 | 	11,18
  6	 | 	7	 | 	11,05
  7	 | 	9	 | 	3,00
  8	 | 	9	 | 	9,22
  6	 | 	8	 | 	2,83
  5	 | 	9	 | 	4,47
___________________________
