Simulation Topology 1
___________________________
[11]				[0]		
[10]				[1]		
[18]				[1]		
[11]				[2]		
[3]				[3]		
[8]				[5]		
[19]				[5]		
[11]				[6]		
[16]				[6]		
[18]				[7]		
___________________________
Simulation Topology [1:1]
___________________________
From 	  To 		Length
___________________________
  0	 | 	1	 | 	1,41
  0	 | 	4	 | 	8,54
  0	 | 	6	 | 	9,43
  0	 | 	8	 | 	7,81
  1	 | 	6	 | 	9,85
  1	 | 	7	 | 	5,10
  2	 | 	3	 | 	7,07
  2	 | 	6	 | 	4,12
  2	 | 	8	 | 	5,39
  2	 | 	9	 | 	6,00
  3	 | 	6	 | 	8,54
  3	 | 	7	 | 	4,00
  4	 | 	5	 | 	5,39
  4	 | 	7	 | 	8,54
  4	 | 	9	 | 	15,52
  5	 | 	9	 | 	10,20
  7	 | 	9	 | 	7,07
  8	 | 	9	 | 	2,24
___________________________
Simulation Topology [1:2]
___________________________
From 	  To 		Length
___________________________
  0	 | 	1	 | 	1,41
  0	 | 	4	 | 	8,54
  0	 | 	6	 | 	9,43
  0	 | 	8	 | 	7,81
  1	 | 	6	 | 	9,85
  1	 | 	7	 | 	5,10
  2	 | 	3	 | 	7,07
  2	 | 	6	 | 	4,12
  2	 | 	8	 | 	5,39
  2	 | 	9	 | 	6,00
  3	 | 	6	 | 	8,54
  3	 | 	7	 | 	4,00
  4	 | 	5	 | 	5,39
  4	 | 	7	 | 	8,54
  4	 | 	9	 | 	15,52
  5	 | 	9	 | 	10,20
  7	 | 	9	 | 	7,07
  8	 | 	9	 | 	2,24
  5	 | 	7	 | 	3,16
___________________________
Simulation Topology [1:3]
___________________________
From 	  To 		Length
___________________________
  0	 | 	1	 | 	1,41
  0	 | 	4	 | 	8,54
  0	 | 	6	 | 	9,43
  0	 | 	8	 | 	7,81
  1	 | 	6	 | 	9,85
  1	 | 	7	 | 	5,10
  2	 | 	3	 | 	7,07
  2	 | 	6	 | 	4,12
  2	 | 	8	 | 	5,39
  2	 | 	9	 | 	6,00
  3	 | 	6	 | 	8,54
  3	 | 	7	 | 	4,00
  4	 | 	5	 | 	5,39
  4	 | 	7	 | 	8,54
  4	 | 	9	 | 	15,52
  5	 | 	9	 | 	10,20
  7	 | 	9	 | 	7,07
  8	 | 	9	 | 	2,24
  5	 | 	7	 | 	3,16
  0	 | 	5	 | 	5,83
___________________________
