Simulation Topology 1
___________________________
[16]				[0]		
[6]				[1]		
[10]				[1]		
[19]				[2]		
[4]				[2]		
[8]				[4]		
[15]				[4]		
[0]				[6]		
[11]				[6]		
[11]				[7]		
___________________________
Simulation Topology [1:1]
___________________________
From 	  To 		Length
___________________________
  0	 | 	1	 | 	10,05
  0	 | 	3	 | 	3,61
  0	 | 	7	 | 	17,09
  0	 | 	9	 | 	8,60
  1	 | 	5	 | 	3,61
  1	 | 	8	 | 	7,07
  2	 | 	3	 | 	9,06
  2	 | 	4	 | 	6,08
  2	 | 	6	 | 	5,83
  2	 | 	9	 | 	6,08
  3	 | 	9	 | 	9,43
  4	 | 	5	 | 	4,47
  4	 | 	7	 | 	5,66
  4	 | 	8	 | 	8,06
  5	 | 	9	 | 	4,24
  6	 | 	7	 | 	15,13
  6	 | 	9	 | 	5,00
  8	 | 	9	 | 	1,00
___________________________
Simulation Topology [1:2]
___________________________
From 	  To 		Length
___________________________
  0	 | 	1	 | 	10,05
  0	 | 	3	 | 	3,61
  0	 | 	7	 | 	17,09
  0	 | 	9	 | 	8,60
  1	 | 	5	 | 	3,61
  1	 | 	8	 | 	7,07
  2	 | 	3	 | 	9,06
  2	 | 	4	 | 	6,08
  2	 | 	6	 | 	5,83
  2	 | 	9	 | 	6,08
  3	 | 	9	 | 	9,43
  4	 | 	5	 | 	4,47
  4	 | 	7	 | 	5,66
  4	 | 	8	 | 	8,06
  5	 | 	9	 | 	4,24
  6	 | 	7	 | 	15,13
  6	 | 	9	 | 	5,00
  8	 | 	9	 | 	1,00
  6	 | 	8	 | 	4,47
___________________________
Simulation Topology [1:3]
___________________________
From 	  To 		Length
___________________________
  0	 | 	1	 | 	10,05
  0	 | 	3	 | 	3,61
  0	 | 	7	 | 	17,09
  0	 | 	9	 | 	8,60
  1	 | 	5	 | 	3,61
  1	 | 	8	 | 	7,07
  2	 | 	3	 | 	9,06
  2	 | 	4	 | 	6,08
  2	 | 	6	 | 	5,83
  2	 | 	9	 | 	6,08
  3	 | 	9	 | 	9,43
  4	 | 	5	 | 	4,47
  4	 | 	7	 | 	5,66
  4	 | 	8	 | 	8,06
  5	 | 	9	 | 	4,24
  6	 | 	7	 | 	15,13
  6	 | 	9	 | 	5,00
  8	 | 	9	 | 	1,00
  6	 | 	8	 | 	4,47
  2	 | 	5	 | 	3,61
___________________________
