Simulation Topology 1
___________________________
[18]				[0]		
[16]				[0]		
[9]				[2]		
[17]				[3]		
[2]				[3]		
[17]				[4]		
[3]				[4]		
[16]				[5]		
[10]				[6]		
[16]				[8]		
___________________________
Simulation Topology [1:1]
___________________________
From 	  To 		Length
___________________________
  0	 | 	1	 | 	2,00
  0	 | 	4	 | 	16,28
  0	 | 	8	 | 	10,00
  1	 | 	4	 | 	14,32
  1	 | 	7	 | 	5,00
  1	 | 	9	 | 	8,00
  2	 | 	3	 | 	8,06
  2	 | 	8	 | 	4,12
  2	 | 	9	 | 	9,22
  3	 | 	7	 | 	2,24
  4	 | 	5	 | 	15,03
  4	 | 	7	 | 	14,14
  5	 | 	7	 | 	1,41
  5	 | 	8	 | 	7,28
  6	 | 	8	 | 	7,28
  6	 | 	9	 | 	13,60
  7	 | 	9	 | 	3,00
___________________________
Simulation Topology [1:2]
___________________________
From 	  To 		Length
___________________________
  0	 | 	1	 | 	2,00
  0	 | 	4	 | 	16,28
  0	 | 	8	 | 	10,00
  1	 | 	4	 | 	14,32
  1	 | 	7	 | 	5,00
  1	 | 	9	 | 	8,00
  2	 | 	3	 | 	8,06
  2	 | 	8	 | 	4,12
  2	 | 	9	 | 	9,22
  3	 | 	7	 | 	2,24
  4	 | 	5	 | 	15,03
  4	 | 	7	 | 	14,14
  5	 | 	7	 | 	1,41
  5	 | 	8	 | 	7,28
  6	 | 	8	 | 	7,28
  6	 | 	9	 | 	13,60
  7	 | 	9	 | 	3,00
  3	 | 	9	 | 	5,10
___________________________
Simulation Topology [1:3]
___________________________
From 	  To 		Length
___________________________
  0	 | 	1	 | 	2,00
  0	 | 	4	 | 	16,28
  0	 | 	8	 | 	10,00
  1	 | 	4	 | 	14,32
  1	 | 	7	 | 	5,00
  1	 | 	9	 | 	8,00
  2	 | 	3	 | 	8,06
  2	 | 	8	 | 	4,12
  2	 | 	9	 | 	9,22
  3	 | 	7	 | 	2,24
  4	 | 	5	 | 	15,03
  4	 | 	7	 | 	14,14
  5	 | 	7	 | 	1,41
  5	 | 	8	 | 	7,28
  6	 | 	8	 | 	7,28
  6	 | 	9	 | 	13,60
  7	 | 	9	 | 	3,00
  3	 | 	9	 | 	5,10
  8	 | 	9	 | 	6,32
___________________________
Simulation Topology [1:4]
___________________________
From 	  To 		Length
___________________________
  0	 | 	1	 | 	2,00
  0	 | 	4	 | 	16,28
  0	 | 	8	 | 	10,00
  1	 | 	4	 | 	14,32
  1	 | 	7	 | 	5,00
  1	 | 	9	 | 	8,00
  2	 | 	3	 | 	8,06
  2	 | 	8	 | 	4,12
  2	 | 	9	 | 	9,22
  3	 | 	7	 | 	2,24
  4	 | 	5	 | 	15,03
  4	 | 	7	 | 	14,14
  5	 | 	7	 | 	1,41
  5	 | 	8	 | 	7,28
  6	 | 	8	 | 	7,28
  6	 | 	9	 | 	13,60
  7	 | 	9	 | 	3,00
  3	 | 	9	 | 	5,10
  8	 | 	9	 | 	6,32
  3	 | 	5	 | 	1,00
___________________________
