Simulation Topology 1
___________________________
[0]				[1]		
[11]				[1]		
[1]				[2]		
[6]				[2]		
[9]				[3]		
[14]				[3]		
[1]				[4]		
[12]				[5]		
[8]				[6]		
[11]				[6]		
___________________________
Simulation Topology [1:1]
___________________________
From 	  To 		Length
___________________________
  0	 | 	1	 | 	11,00
  0	 | 	2	 | 	1,41
  0	 | 	4	 | 	9,22
  0	 | 	8	 | 	9,43
  1	 | 	7	 | 	4,12
  1	 | 	8	 | 	5,83
  1	 | 	9	 | 	5,00
  2	 | 	3	 | 	5,00
  2	 | 	4	 | 	8,06
  2	 | 	5	 | 	13,04
  2	 | 	7	 | 	11,40
  3	 | 	4	 | 	3,16
  3	 | 	6	 | 	5,39
  4	 | 	5	 | 	5,00
  5	 | 	6	 | 	13,04
  6	 | 	7	 | 	11,05
  6	 | 	9	 | 	10,20
  7	 | 	8	 | 	4,12
___________________________
Simulation Topology [1:2]
___________________________
From 	  To 		Length
___________________________
  0	 | 	1	 | 	11,00
  0	 | 	2	 | 	1,41
  0	 | 	4	 | 	9,22
  0	 | 	8	 | 	9,43
  1	 | 	7	 | 	4,12
  1	 | 	8	 | 	5,83
  1	 | 	9	 | 	5,00
  2	 | 	3	 | 	5,00
  2	 | 	4	 | 	8,06
  2	 | 	5	 | 	13,04
  2	 | 	7	 | 	11,40
  3	 | 	4	 | 	3,16
  3	 | 	6	 | 	5,39
  4	 | 	5	 | 	5,00
  5	 | 	6	 | 	13,04
  6	 | 	7	 | 	11,05
  6	 | 	9	 | 	10,20
  7	 | 	8	 | 	4,12
  4	 | 	8	 | 	3,16
___________________________
Simulation Topology [1:3]
___________________________
From 	  To 		Length
___________________________
  0	 | 	1	 | 	11,00
  0	 | 	2	 | 	1,41
  0	 | 	4	 | 	9,22
  0	 | 	8	 | 	9,43
  1	 | 	7	 | 	4,12
  1	 | 	8	 | 	5,83
  1	 | 	9	 | 	5,00
  2	 | 	3	 | 	5,00
  2	 | 	4	 | 	8,06
  2	 | 	5	 | 	13,04
  2	 | 	7	 | 	11,40
  3	 | 	4	 | 	3,16
  3	 | 	6	 | 	5,39
  4	 | 	5	 | 	5,00
  5	 | 	6	 | 	13,04
  6	 | 	7	 | 	11,05
  6	 | 	9	 | 	10,20
  7	 | 	8	 | 	4,12
  4	 | 	8	 | 	3,16
  0	 | 	6	 | 	3,16
___________________________
