Simulation Topology 1
___________________________
[12]				[0]		
[15]				[1]		
[17]				[1]		
[10]				[2]		
[12]				[2]		
[1]				[3]		
[19]				[6]		
[16]				[7]		
[10]				[7]		
[7]				[11]		
___________________________
Simulation Topology [1:1]
___________________________
From 	  To 		Length
___________________________
  0	 | 	1	 | 	3,16
  0	 | 	2	 | 	5,10
  0	 | 	6	 | 	9,22
  0	 | 	7	 | 	8,06
  1	 | 	2	 | 	2,00
  1	 | 	5	 | 	14,14
  1	 | 	6	 | 	6,40
  1	 | 	9	 | 	12,81
  2	 | 	3	 | 	7,07
  2	 | 	6	 | 	5,39
  2	 | 	8	 | 	9,22
  3	 | 	8	 | 	5,00
  4	 | 	5	 | 	11,05
  4	 | 	8	 | 	5,39
  4	 | 	9	 | 	10,30
  5	 | 	6	 | 	18,25
  5	 | 	7	 | 	15,52
  8	 | 	9	 | 	5,00
___________________________
Simulation Topology [1:2]
___________________________
From 	  To 		Length
___________________________
  0	 | 	1	 | 	3,16
  0	 | 	2	 | 	5,10
  0	 | 	6	 | 	9,22
  0	 | 	7	 | 	8,06
  1	 | 	2	 | 	2,00
  1	 | 	5	 | 	14,14
  1	 | 	6	 | 	6,40
  1	 | 	9	 | 	12,81
  2	 | 	3	 | 	7,07
  2	 | 	6	 | 	5,39
  2	 | 	8	 | 	9,22
  3	 | 	8	 | 	5,00
  4	 | 	5	 | 	11,05
  4	 | 	8	 | 	5,39
  4	 | 	9	 | 	10,30
  5	 | 	6	 | 	18,25
  5	 | 	7	 | 	15,52
  8	 | 	9	 | 	5,00
  0	 | 	3	 | 	2,83
___________________________
Simulation Topology [1:3]
___________________________
From 	  To 		Length
___________________________
  0	 | 	1	 | 	3,16
  0	 | 	2	 | 	5,10
  0	 | 	6	 | 	9,22
  0	 | 	7	 | 	8,06
  1	 | 	2	 | 	2,00
  1	 | 	5	 | 	14,14
  1	 | 	6	 | 	6,40
  1	 | 	9	 | 	12,81
  2	 | 	3	 | 	7,07
  2	 | 	6	 | 	5,39
  2	 | 	8	 | 	9,22
  3	 | 	8	 | 	5,00
  4	 | 	5	 | 	11,05
  4	 | 	8	 | 	5,39
  4	 | 	9	 | 	10,30
  5	 | 	6	 | 	18,25
  5	 | 	7	 | 	15,52
  8	 | 	9	 | 	5,00
  0	 | 	3	 | 	2,83
  7	 | 	8	 | 	6,00
___________________________
