Simulation Topology 1
___________________________
[0]				[0]		
[17]				[0]		
[6]				[1]		
[12]				[1]		
[9]				[3]		
[12]				[3]		
[18]				[5]		
[8]				[6]		
[4]				[6]		
[6]				[8]		
___________________________
Simulation Topology [1:1]
___________________________
From 	  To 		Length
___________________________
  0	 | 	1	 | 	17,00
  0	 | 	2	 | 	6,08
  0	 | 	8	 | 	7,21
  1	 | 	3	 | 	5,10
  1	 | 	9	 | 	13,60
  2	 | 	3	 | 	6,00
  2	 | 	6	 | 	12,65
  2	 | 	9	 | 	7,00
  3	 | 	7	 | 	6,40
  3	 | 	8	 | 	9,43
  4	 | 	5	 | 	3,00
  4	 | 	6	 | 	9,22
  4	 | 	7	 | 	3,16
  4	 | 	8	 | 	5,83
  5	 | 	7	 | 	5,00
  5	 | 	9	 | 	7,81
  6	 | 	7	 | 	10,05
  7	 | 	9	 | 	2,83
___________________________
Simulation Topology [1:2]
___________________________
From 	  To 		Length
___________________________
  0	 | 	1	 | 	17,00
  0	 | 	2	 | 	6,08
  0	 | 	8	 | 	7,21
  1	 | 	3	 | 	5,10
  1	 | 	9	 | 	13,60
  2	 | 	3	 | 	6,00
  2	 | 	6	 | 	12,65
  2	 | 	9	 | 	7,00
  3	 | 	7	 | 	6,40
  3	 | 	8	 | 	9,43
  4	 | 	5	 | 	3,00
  4	 | 	6	 | 	9,22
  4	 | 	7	 | 	3,16
  4	 | 	8	 | 	5,83
  5	 | 	7	 | 	5,00
  5	 | 	9	 | 	7,81
  6	 | 	7	 | 	10,05
  7	 | 	9	 | 	2,83
  8	 | 	9	 | 	2,83
___________________________
Simulation Topology [1:3]
___________________________
From 	  To 		Length
___________________________
  0	 | 	1	 | 	17,00
  0	 | 	2	 | 	6,08
  0	 | 	8	 | 	7,21
  1	 | 	3	 | 	5,10
  1	 | 	9	 | 	13,60
  2	 | 	3	 | 	6,00
  2	 | 	6	 | 	12,65
  2	 | 	9	 | 	7,00
  3	 | 	7	 | 	6,40
  3	 | 	8	 | 	9,43
  4	 | 	5	 | 	3,00
  4	 | 	6	 | 	9,22
  4	 | 	7	 | 	3,16
  4	 | 	8	 | 	5,83
  5	 | 	7	 | 	5,00
  5	 | 	9	 | 	7,81
  6	 | 	7	 | 	10,05
  7	 | 	9	 | 	2,83
  8	 | 	9	 | 	2,83
  3	 | 	4	 | 	3,61
___________________________
