Simulation Topology 1
___________________________
[19]				[1]		
[7]				[4]		
[12]				[5]		
[5]				[9]		
[8]				[9]		
[10]				[10]		
[15]				[11]		
[17]				[11]		
[8]				[13]		
[11]				[13]		
___________________________
Simulation Topology [1:1]
___________________________
From 	  To 		Length
___________________________
  0	 | 	1	 | 	12,37
  0	 | 	3	 | 	16,12
  0	 | 	4	 | 	13,60
  0	 | 	5	 | 	12,73
  0	 | 	7	 | 	10,20
  0	 | 	8	 | 	16,28
  1	 | 	2	 | 	5,10
  1	 | 	3	 | 	5,39
  1	 | 	6	 | 	10,63
  2	 | 	3	 | 	8,06
  2	 | 	6	 | 	6,71
  2	 | 	7	 | 	7,81
  3	 | 	5	 | 	5,10
  3	 | 	8	 | 	5,00
  4	 | 	5	 | 	2,24
  4	 | 	9	 | 	5,00
  6	 | 	9	 | 	4,47
  7	 | 	9	 | 	6,32
___________________________
Simulation Topology [1:2]
___________________________
From 	  To 		Length
___________________________
  0	 | 	1	 | 	12,37
  0	 | 	3	 | 	16,12
  0	 | 	4	 | 	13,60
  0	 | 	5	 | 	12,73
  0	 | 	7	 | 	10,20
  0	 | 	8	 | 	16,28
  1	 | 	2	 | 	5,10
  1	 | 	3	 | 	5,39
  1	 | 	6	 | 	10,63
  2	 | 	3	 | 	8,06
  2	 | 	6	 | 	6,71
  2	 | 	7	 | 	7,81
  3	 | 	5	 | 	5,10
  3	 | 	8	 | 	5,00
  4	 | 	5	 | 	2,24
  4	 | 	9	 | 	5,00
  6	 | 	9	 | 	4,47
  7	 | 	9	 | 	6,32
  2	 | 	4	 | 	5,66
___________________________
Simulation Topology [1:3]
___________________________
From 	  To 		Length
___________________________
  0	 | 	1	 | 	12,37
  0	 | 	3	 | 	16,12
  0	 | 	4	 | 	13,60
  0	 | 	5	 | 	12,73
  0	 | 	7	 | 	10,20
  0	 | 	8	 | 	16,28
  1	 | 	2	 | 	5,10
  1	 | 	3	 | 	5,39
  1	 | 	6	 | 	10,63
  2	 | 	3	 | 	8,06
  2	 | 	6	 | 	6,71
  2	 | 	7	 | 	7,81
  3	 | 	5	 | 	5,10
  3	 | 	8	 | 	5,00
  4	 | 	5	 | 	2,24
  4	 | 	9	 | 	5,00
  6	 | 	9	 | 	4,47
  7	 | 	9	 | 	6,32
  2	 | 	4	 | 	5,66
  6	 | 	7	 | 	2,00
___________________________
