Simulation Topology 1
___________________________
[15]				[0]		
[19]				[0]		
[3]				[1]		
[19]				[1]		
[12]				[3]		
[10]				[5]		
[6]				[7]		
[9]				[8]		
[12]				[8]		
[6]				[10]		
___________________________
Simulation Topology [1:1]
___________________________
From 	  To 		Length
___________________________
  0	 | 	1	 | 	4,00
  0	 | 	5	 | 	7,07
  0	 | 	9	 | 	13,45
  1	 | 	6	 | 	14,76
  1	 | 	7	 | 	12,81
  1	 | 	9	 | 	16,40
  2	 | 	3	 | 	16,00
  2	 | 	4	 | 	9,22
  2	 | 	5	 | 	8,06
  2	 | 	8	 | 	11,40
  2	 | 	9	 | 	9,49
  3	 | 	5	 | 	9,85
  4	 | 	5	 | 	2,83
  4	 | 	8	 | 	5,00
  5	 | 	9	 | 	6,40
  6	 | 	8	 | 	6,08
  6	 | 	9	 | 	3,00
  7	 | 	9	 | 	3,61
___________________________
Simulation Topology [1:2]
___________________________
From 	  To 		Length
___________________________
  0	 | 	1	 | 	4,00
  0	 | 	5	 | 	7,07
  0	 | 	9	 | 	13,45
  1	 | 	6	 | 	14,76
  1	 | 	7	 | 	12,81
  1	 | 	9	 | 	16,40
  2	 | 	3	 | 	16,00
  2	 | 	4	 | 	9,22
  2	 | 	5	 | 	8,06
  2	 | 	8	 | 	11,40
  2	 | 	9	 | 	9,49
  3	 | 	5	 | 	9,85
  4	 | 	5	 | 	2,83
  4	 | 	8	 | 	5,00
  5	 | 	9	 | 	6,40
  6	 | 	8	 | 	6,08
  6	 | 	9	 | 	3,00
  7	 | 	9	 | 	3,61
  6	 | 	7	 | 	3,16
___________________________
Simulation Topology [1:3]
___________________________
From 	  To 		Length
___________________________
  0	 | 	1	 | 	4,00
  0	 | 	5	 | 	7,07
  0	 | 	9	 | 	13,45
  1	 | 	6	 | 	14,76
  1	 | 	7	 | 	12,81
  1	 | 	9	 | 	16,40
  2	 | 	3	 | 	16,00
  2	 | 	4	 | 	9,22
  2	 | 	5	 | 	8,06
  2	 | 	8	 | 	11,40
  2	 | 	9	 | 	9,49
  3	 | 	5	 | 	9,85
  4	 | 	5	 | 	2,83
  4	 | 	8	 | 	5,00
  5	 | 	9	 | 	6,40
  6	 | 	8	 | 	6,08
  6	 | 	9	 | 	3,00
  7	 | 	9	 | 	3,61
  6	 | 	7	 | 	3,16
  1	 | 	3	 | 	1,00
___________________________
