Simulation Topology 1
___________________________
[9]				[1]		
[0]				[1]		
[3]				[3]		
[8]				[3]		
[8]				[4]		
[1]				[5]		
[10]				[6]		
[6]				[6]		
[9]				[7]		
[4]				[8]		
___________________________
Simulation Topology [1:1]
___________________________
From 	  To 		Length
___________________________
  0	 | 	1	 | 	9,00
  0	 | 	5	 | 	8,94
  1	 | 	3	 | 	8,25
  1	 | 	4	 | 	8,54
  1	 | 	9	 | 	8,06
  2	 | 	3	 | 	5,00
  2	 | 	4	 | 	5,10
  2	 | 	6	 | 	7,62
  2	 | 	8	 | 	7,21
  2	 | 	9	 | 	5,10
  3	 | 	6	 | 	3,61
  4	 | 	5	 | 	7,07
  4	 | 	8	 | 	3,16
  5	 | 	6	 | 	9,06
  5	 | 	7	 | 	5,10
  6	 | 	7	 | 	4,00
  7	 | 	8	 | 	3,16
  8	 | 	9	 | 	5,10
___________________________
Simulation Topology [1:2]
___________________________
From 	  To 		Length
___________________________
  0	 | 	1	 | 	9,00
  0	 | 	5	 | 	8,94
  1	 | 	3	 | 	8,25
  1	 | 	4	 | 	8,54
  1	 | 	9	 | 	8,06
  2	 | 	3	 | 	5,00
  2	 | 	4	 | 	5,10
  2	 | 	6	 | 	7,62
  2	 | 	8	 | 	7,21
  2	 | 	9	 | 	5,10
  3	 | 	6	 | 	3,61
  4	 | 	5	 | 	7,07
  4	 | 	8	 | 	3,16
  5	 | 	6	 | 	9,06
  5	 | 	7	 | 	5,10
  6	 | 	7	 | 	4,00
  7	 | 	8	 | 	3,16
  8	 | 	9	 | 	5,10
  2	 | 	7	 | 	4,24
___________________________
Simulation Topology [1:3]
___________________________
From 	  To 		Length
___________________________
  0	 | 	1	 | 	9,00
  0	 | 	5	 | 	8,94
  1	 | 	3	 | 	8,25
  1	 | 	4	 | 	8,54
  1	 | 	9	 | 	8,06
  2	 | 	3	 | 	5,00
  2	 | 	4	 | 	5,10
  2	 | 	6	 | 	7,62
  2	 | 	8	 | 	7,21
  2	 | 	9	 | 	5,10
  3	 | 	6	 | 	3,61
  4	 | 	5	 | 	7,07
  4	 | 	8	 | 	3,16
  5	 | 	6	 | 	9,06
  5	 | 	7	 | 	5,10
  6	 | 	7	 | 	4,00
  7	 | 	8	 | 	3,16
  8	 | 	9	 | 	5,10
  2	 | 	7	 | 	4,24
  4	 | 	6	 | 	2,83
___________________________
