Simulation Topology 1
___________________________
[16]				[0]		
[2]				[0]		
[9]				[1]		
[1]				[1]		
[1]				[2]		
[15]				[2]		
[12]				[5]		
[4]				[5]		
[3]				[7]		
[2]				[9]		
___________________________
Simulation Topology [1:1]
___________________________
From 	  To 		Length
___________________________
  0	 | 	1	 | 	14,00
  0	 | 	2	 | 	7,07
  0	 | 	3	 | 	15,03
  0	 | 	4	 | 	15,13
  0	 | 	5	 | 	2,24
  0	 | 	6	 | 	6,40
  0	 | 	9	 | 	16,64
  1	 | 	3	 | 	1,41
  1	 | 	5	 | 	13,15
  2	 | 	3	 | 	8,00
  3	 | 	8	 | 	6,32
  4	 | 	5	 | 	14,00
  4	 | 	7	 | 	4,24
  4	 | 	8	 | 	5,39
  5	 | 	8	 | 	13,00
  5	 | 	9	 | 	14,76
  6	 | 	7	 | 	8,00
  6	 | 	8	 | 	9,22
___________________________
Simulation Topology [1:2]
___________________________
From 	  To 		Length
___________________________
  0	 | 	1	 | 	14,00
  0	 | 	2	 | 	7,07
  0	 | 	3	 | 	15,03
  0	 | 	4	 | 	15,13
  0	 | 	5	 | 	2,24
  0	 | 	6	 | 	6,40
  0	 | 	9	 | 	16,64
  1	 | 	3	 | 	1,41
  1	 | 	5	 | 	13,15
  2	 | 	3	 | 	8,00
  3	 | 	8	 | 	6,32
  4	 | 	5	 | 	14,00
  4	 | 	7	 | 	4,24
  4	 | 	8	 | 	5,39
  5	 | 	8	 | 	13,00
  5	 | 	9	 | 	14,76
  6	 | 	7	 | 	8,00
  6	 | 	8	 | 	9,22
  3	 | 	4	 | 	1,00
___________________________
Simulation Topology [1:3]
___________________________
From 	  To 		Length
___________________________
  0	 | 	1	 | 	14,00
  0	 | 	2	 | 	7,07
  0	 | 	3	 | 	15,03
  0	 | 	4	 | 	15,13
  0	 | 	5	 | 	2,24
  0	 | 	6	 | 	6,40
  0	 | 	9	 | 	16,64
  1	 | 	3	 | 	1,41
  1	 | 	5	 | 	13,15
  2	 | 	3	 | 	8,00
  3	 | 	8	 | 	6,32
  4	 | 	5	 | 	14,00
  4	 | 	7	 | 	4,24
  4	 | 	8	 | 	5,39
  5	 | 	8	 | 	13,00
  5	 | 	9	 | 	14,76
  6	 | 	7	 | 	8,00
  6	 | 	8	 | 	9,22
  3	 | 	4	 | 	1,00
  8	 | 	9	 | 	2,24
___________________________
