Simulation Topology 1
___________________________
[16]				[0]		
[12]				[0]		
[12]				[1]		
[1]				[1]		
[9]				[3]		
[2]				[3]		
[14]				[4]		
[18]				[4]		
[11]				[5]		
[16]				[6]		
___________________________
Simulation Topology [1:1]
___________________________
From 	  To 		Length
___________________________
  0	 | 	1	 | 	4,00
  0	 | 	5	 | 	14,32
  1	 | 	2	 | 	1,00
  1	 | 	6	 | 	4,47
  1	 | 	9	 | 	7,21
  2	 | 	3	 | 	11,00
  2	 | 	6	 | 	3,61
  2	 | 	8	 | 	4,12
  3	 | 	7	 | 	17,26
  4	 | 	5	 | 	7,00
  4	 | 	7	 | 	9,06
  4	 | 	8	 | 	2,83
  4	 | 	9	 | 	7,62
  5	 | 	7	 | 	16,03
  5	 | 	8	 | 	9,22
  6	 | 	7	 | 	4,00
  6	 | 	8	 | 	3,16
___________________________
Simulation Topology [1:2]
___________________________
From 	  To 		Length
___________________________
  0	 | 	1	 | 	4,00
  0	 | 	5	 | 	14,32
  1	 | 	2	 | 	1,00
  1	 | 	6	 | 	4,47
  1	 | 	9	 | 	7,21
  2	 | 	3	 | 	11,00
  2	 | 	6	 | 	3,61
  2	 | 	8	 | 	4,12
  3	 | 	7	 | 	17,26
  4	 | 	5	 | 	7,00
  4	 | 	7	 | 	9,06
  4	 | 	8	 | 	2,83
  4	 | 	9	 | 	7,62
  5	 | 	7	 | 	16,03
  5	 | 	8	 | 	9,22
  6	 | 	7	 | 	4,00
  6	 | 	8	 | 	3,16
  7	 | 	9	 | 	2,83
___________________________
Simulation Topology [1:3]
___________________________
From 	  To 		Length
___________________________
  0	 | 	1	 | 	4,00
  0	 | 	5	 | 	14,32
  1	 | 	2	 | 	1,00
  1	 | 	6	 | 	4,47
  1	 | 	9	 | 	7,21
  2	 | 	3	 | 	11,00
  2	 | 	6	 | 	3,61
  2	 | 	8	 | 	4,12
  3	 | 	7	 | 	17,26
  4	 | 	5	 | 	7,00
  4	 | 	7	 | 	9,06
  4	 | 	8	 | 	2,83
  4	 | 	9	 | 	7,62
  5	 | 	7	 | 	16,03
  5	 | 	8	 | 	9,22
  6	 | 	7	 | 	4,00
  6	 | 	8	 | 	3,16
  7	 | 	9	 | 	2,83
  2	 | 	4	 | 	3,61
___________________________
Simulation Topology [1:4]
___________________________
From 	  To 		Length
___________________________
  0	 | 	1	 | 	4,00
  0	 | 	5	 | 	14,32
  1	 | 	2	 | 	1,00
  1	 | 	6	 | 	4,47
  1	 | 	9	 | 	7,21
  2	 | 	3	 | 	11,00
  2	 | 	6	 | 	3,61
  2	 | 	8	 | 	4,12
  3	 | 	7	 | 	17,26
  4	 | 	5	 | 	7,00
  4	 | 	7	 | 	9,06
  4	 | 	8	 | 	2,83
  4	 | 	9	 | 	7,62
  5	 | 	7	 | 	16,03
  5	 | 	8	 | 	9,22
  6	 | 	7	 | 	4,00
  6	 | 	8	 | 	3,16
  7	 | 	9	 | 	2,83
  2	 | 	4	 | 	3,61
  0	 | 	4	 | 	7,62
___________________________
