Simulation Topology 1
___________________________
[19]				[0]		
[8]				[0]		
[7]				[1]		
[3]				[1]		
[13]				[2]		
[8]				[2]		
[10]				[3]		
[6]				[4]		
[6]				[5]		
[16]				[6]		
___________________________
Simulation Topology [1:1]
___________________________
From 	  To 		Length
___________________________
  0	 | 	1	 | 	11,00
  0	 | 	2	 | 	12,04
  1	 | 	4	 | 	5,39
  1	 | 	6	 | 	3,61
  2	 | 	3	 | 	4,00
  2	 | 	6	 | 	3,61
  2	 | 	8	 | 	4,12
  2	 | 	9	 | 	10,30
  3	 | 	5	 | 	5,10
  3	 | 	7	 | 	4,24
  3	 | 	8	 | 	5,00
  4	 | 	5	 | 	5,00
  4	 | 	6	 | 	3,16
  4	 | 	9	 | 	5,00
  5	 | 	6	 | 	2,24
  5	 | 	7	 | 	2,83
  6	 | 	8	 | 	4,47
  8	 | 	9	 | 	10,05
___________________________
Simulation Topology [1:2]
___________________________
From 	  To 		Length
___________________________
  0	 | 	1	 | 	11,00
  0	 | 	2	 | 	12,04
  1	 | 	4	 | 	5,39
  1	 | 	6	 | 	3,61
  2	 | 	3	 | 	4,00
  2	 | 	6	 | 	3,61
  2	 | 	8	 | 	4,12
  2	 | 	9	 | 	10,30
  3	 | 	5	 | 	5,10
  3	 | 	7	 | 	4,24
  3	 | 	8	 | 	5,00
  4	 | 	5	 | 	5,00
  4	 | 	6	 | 	3,16
  4	 | 	9	 | 	5,00
  5	 | 	6	 | 	2,24
  5	 | 	7	 | 	2,83
  6	 | 	8	 | 	4,47
  8	 | 	9	 | 	10,05
  1	 | 	8	 | 	5,39
___________________________
Simulation Topology [1:3]
___________________________
From 	  To 		Length
___________________________
  0	 | 	1	 | 	11,00
  0	 | 	2	 | 	12,04
  1	 | 	4	 | 	5,39
  1	 | 	6	 | 	3,61
  2	 | 	3	 | 	4,00
  2	 | 	6	 | 	3,61
  2	 | 	8	 | 	4,12
  2	 | 	9	 | 	10,30
  3	 | 	5	 | 	5,10
  3	 | 	7	 | 	4,24
  3	 | 	8	 | 	5,00
  4	 | 	5	 | 	5,00
  4	 | 	6	 | 	3,16
  4	 | 	9	 | 	5,00
  5	 | 	6	 | 	2,24
  5	 | 	7	 | 	2,83
  6	 | 	8	 | 	4,47
  8	 | 	9	 | 	10,05
  1	 | 	8	 | 	5,39
  7	 | 	8	 | 	1,00
___________________________
