Simulation Topology 1
___________________________
[19]				[0]		
[16]				[0]		
[15]				[4]		
[6]				[4]		
[12]				[6]		
[13]				[8]		
[5]				[8]		
[13]				[9]		
[1]				[9]		
[2]				[10]		
___________________________
Simulation Topology [1:1]
___________________________
From 	  To 		Length
___________________________
  0	 | 	1	 | 	3,00
  0	 | 	9	 | 	19,72
  1	 | 	4	 | 	7,21
  1	 | 	6	 | 	13,60
  1	 | 	9	 | 	17,20
  2	 | 	3	 | 	9,00
  2	 | 	5	 | 	4,47
  2	 | 	6	 | 	10,77
  2	 | 	7	 | 	5,39
  2	 | 	9	 | 	14,32
  3	 | 	4	 | 	6,32
  3	 | 	8	 | 	7,07
  3	 | 	9	 | 	7,21
  4	 | 	5	 | 	2,24
  4	 | 	9	 | 	10,77
  5	 | 	7	 | 	1,00
  5	 | 	8	 | 	12,04
  6	 | 	7	 | 	8,06
___________________________
Simulation Topology [1:2]
___________________________
From 	  To 		Length
___________________________
  0	 | 	1	 | 	3,00
  0	 | 	9	 | 	19,72
  1	 | 	4	 | 	7,21
  1	 | 	6	 | 	13,60
  1	 | 	9	 | 	17,20
  2	 | 	3	 | 	9,00
  2	 | 	5	 | 	4,47
  2	 | 	6	 | 	10,77
  2	 | 	7	 | 	5,39
  2	 | 	9	 | 	14,32
  3	 | 	4	 | 	6,32
  3	 | 	8	 | 	7,07
  3	 | 	9	 | 	7,21
  4	 | 	5	 | 	2,24
  4	 | 	9	 | 	10,77
  5	 | 	7	 | 	1,00
  5	 | 	8	 | 	12,04
  6	 | 	7	 | 	8,06
  4	 | 	7	 | 	3,16
___________________________
Simulation Topology [1:3]
___________________________
From 	  To 		Length
___________________________
  0	 | 	1	 | 	3,00
  0	 | 	9	 | 	19,72
  1	 | 	4	 | 	7,21
  1	 | 	6	 | 	13,60
  1	 | 	9	 | 	17,20
  2	 | 	3	 | 	9,00
  2	 | 	5	 | 	4,47
  2	 | 	6	 | 	10,77
  2	 | 	7	 | 	5,39
  2	 | 	9	 | 	14,32
  3	 | 	4	 | 	6,32
  3	 | 	8	 | 	7,07
  3	 | 	9	 | 	7,21
  4	 | 	5	 | 	2,24
  4	 | 	9	 | 	10,77
  5	 | 	7	 | 	1,00
  5	 | 	8	 | 	12,04
  6	 | 	7	 | 	8,06
  4	 | 	7	 | 	3,16
  8	 | 	9	 | 	1,41
___________________________
