Simulation Topology 1
___________________________
[5]				[0]		
[7]				[0]		
[8]				[1]		
[1]				[1]		
[16]				[2]		
[12]				[2]		
[14]				[3]		
[12]				[4]		
[3]				[4]		
[19]				[5]		
___________________________
Simulation Topology [1:1]
___________________________
From 	  To 		Length
___________________________
  0	 | 	1	 | 	2,00
  0	 | 	7	 | 	8,06
  0	 | 	8	 | 	4,47
  1	 | 	4	 | 	9,22
  1	 | 	6	 | 	7,62
  1	 | 	7	 | 	6,40
  2	 | 	3	 | 	7,00
  2	 | 	8	 | 	5,83
  3	 | 	7	 | 	11,40
  3	 | 	8	 | 	3,61
  3	 | 	9	 | 	18,44
  4	 | 	5	 | 	4,00
  4	 | 	6	 | 	2,24
  4	 | 	9	 | 	4,24
  5	 | 	8	 | 	9,22
  5	 | 	9	 | 	7,62
  6	 | 	7	 | 	2,24
  6	 | 	9	 | 	5,39
___________________________
Simulation Topology [1:2]
___________________________
From 	  To 		Length
___________________________
  0	 | 	1	 | 	2,00
  0	 | 	7	 | 	8,06
  0	 | 	8	 | 	4,47
  1	 | 	4	 | 	9,22
  1	 | 	6	 | 	7,62
  1	 | 	7	 | 	6,40
  2	 | 	3	 | 	7,00
  2	 | 	8	 | 	5,83
  3	 | 	7	 | 	11,40
  3	 | 	8	 | 	3,61
  3	 | 	9	 | 	18,44
  4	 | 	5	 | 	4,00
  4	 | 	6	 | 	2,24
  4	 | 	9	 | 	4,24
  5	 | 	8	 | 	9,22
  5	 | 	9	 | 	7,62
  6	 | 	7	 | 	2,24
  6	 | 	9	 | 	5,39
  0	 | 	3	 | 	4,12
___________________________
Simulation Topology [1:3]
___________________________
From 	  To 		Length
___________________________
  0	 | 	1	 | 	2,00
  0	 | 	7	 | 	8,06
  0	 | 	8	 | 	4,47
  1	 | 	4	 | 	9,22
  1	 | 	6	 | 	7,62
  1	 | 	7	 | 	6,40
  2	 | 	3	 | 	7,00
  2	 | 	8	 | 	5,83
  3	 | 	7	 | 	11,40
  3	 | 	8	 | 	3,61
  3	 | 	9	 | 	18,44
  4	 | 	5	 | 	4,00
  4	 | 	6	 | 	2,24
  4	 | 	9	 | 	4,24
  5	 | 	8	 | 	9,22
  5	 | 	9	 | 	7,62
  6	 | 	7	 | 	2,24
  6	 | 	9	 | 	5,39
  0	 | 	3	 | 	4,12
  1	 | 	2	 | 	1,41
___________________________
