Simulation Topology 1
___________________________
[10]				[0]		
[14]				[1]		
[15]				[2]		
[11]				[5]		
[15]				[5]		
[18]				[6]		
[12]				[8]		
[18]				[8]		
[11]				[10]		
[19]				[10]		
___________________________
Simulation Topology [1:1]
___________________________
From 	  To 		Length
___________________________
  0	 | 	1	 | 	4,12
  0	 | 	6	 | 	8,25
  0	 | 	7	 | 	11,31
  1	 | 	2	 | 	1,41
  1	 | 	4	 | 	4,12
  1	 | 	5	 | 	6,40
  2	 | 	3	 | 	5,00
  2	 | 	5	 | 	5,00
  2	 | 	8	 | 	8,94
  2	 | 	9	 | 	8,94
  3	 | 	5	 | 	7,07
  3	 | 	9	 | 	9,43
  4	 | 	5	 | 	3,16
  4	 | 	6	 | 	4,24
  4	 | 	9	 | 	6,40
  5	 | 	8	 | 	8,06
  5	 | 	9	 | 	4,12
  6	 | 	8	 | 	2,24
  7	 | 	9	 | 	2,24
___________________________
Simulation Topology [1:2]
___________________________
From 	  To 		Length
___________________________
  0	 | 	1	 | 	4,12
  0	 | 	6	 | 	8,25
  0	 | 	7	 | 	11,31
  1	 | 	2	 | 	1,41
  1	 | 	4	 | 	4,12
  1	 | 	5	 | 	6,40
  2	 | 	3	 | 	5,00
  2	 | 	5	 | 	5,00
  2	 | 	8	 | 	8,94
  2	 | 	9	 | 	8,94
  3	 | 	5	 | 	7,07
  3	 | 	9	 | 	9,43
  4	 | 	5	 | 	3,16
  4	 | 	6	 | 	4,24
  4	 | 	9	 | 	6,40
  5	 | 	8	 | 	8,06
  5	 | 	9	 | 	4,12
  6	 | 	8	 | 	2,24
  7	 | 	9	 | 	2,24
  5	 | 	7	 | 	2,00
___________________________
