Simulation Topology 1
___________________________
[19]				[1]		
[6]				[2]		
[4]				[2]		
[12]				[3]		
[6]				[3]		
[15]				[5]		
[19]				[5]		
[12]				[6]		
[13]				[7]		
[19]				[8]		
___________________________
Simulation Topology [1:1]
___________________________
From 	  To 		Length
___________________________
  0	 | 	1	 | 	13,04
  0	 | 	5	 | 	5,66
  0	 | 	6	 | 	4,00
  0	 | 	9	 | 	7,00
  1	 | 	3	 | 	6,08
  1	 | 	6	 | 	13,34
  2	 | 	3	 | 	8,06
  2	 | 	9	 | 	16,16
  3	 | 	5	 | 	3,61
  3	 | 	7	 | 	3,00
  4	 | 	5	 | 	9,22
  4	 | 	6	 | 	13,15
  4	 | 	7	 | 	6,71
  4	 | 	9	 | 	13,93
  5	 | 	8	 | 	2,83
  6	 | 	7	 | 	7,07
  6	 | 	8	 | 	6,32
  6	 | 	9	 | 	3,00
  8	 | 	9	 | 	6,08
___________________________
Simulation Topology [1:2]
___________________________
From 	  To 		Length
___________________________
  0	 | 	1	 | 	13,04
  0	 | 	5	 | 	5,66
  0	 | 	6	 | 	4,00
  0	 | 	9	 | 	7,00
  1	 | 	3	 | 	6,08
  1	 | 	6	 | 	13,34
  2	 | 	3	 | 	8,06
  2	 | 	9	 | 	16,16
  3	 | 	5	 | 	3,61
  3	 | 	7	 | 	3,00
  4	 | 	5	 | 	9,22
  4	 | 	6	 | 	13,15
  4	 | 	7	 | 	6,71
  4	 | 	9	 | 	13,93
  5	 | 	8	 | 	2,83
  6	 | 	7	 | 	7,07
  6	 | 	8	 | 	6,32
  6	 | 	9	 | 	3,00
  8	 | 	9	 | 	6,08
  7	 | 	8	 | 	1,41
___________________________
