Simulation Topology 1
___________________________
[17]				[0]		
[12]				[0]		
[13]				[2]		
[17]				[3]		
[19]				[4]		
[7]				[6]		
[6]				[10]		
[2]				[10]		
[6]				[13]		
[15]				[13]		
___________________________
Simulation Topology [1:1]
___________________________
From 	  To 		Length
___________________________
  0	 | 	1	 | 	5,00
  0	 | 	2	 | 	4,47
  0	 | 	3	 | 	3,00
  0	 | 	6	 | 	14,87
  1	 | 	4	 | 	8,06
  1	 | 	9	 | 	13,34
  2	 | 	3	 | 	4,12
  2	 | 	4	 | 	6,32
  2	 | 	5	 | 	7,21
  2	 | 	7	 | 	13,60
  3	 | 	7	 | 	16,55
  3	 | 	8	 | 	14,87
  3	 | 	9	 | 	10,20
  4	 | 	5	 | 	12,17
  4	 | 	8	 | 	15,81
  5	 | 	6	 | 	4,12
  5	 | 	8	 | 	7,07
  6	 | 	8	 | 	3,00
___________________________
Simulation Topology [1:2]
___________________________
From 	  To 		Length
___________________________
  0	 | 	1	 | 	5,00
  0	 | 	2	 | 	4,47
  0	 | 	3	 | 	3,00
  0	 | 	6	 | 	14,87
  1	 | 	4	 | 	8,06
  1	 | 	9	 | 	13,34
  2	 | 	3	 | 	4,12
  2	 | 	4	 | 	6,32
  2	 | 	5	 | 	7,21
  2	 | 	7	 | 	13,60
  3	 | 	7	 | 	16,55
  3	 | 	8	 | 	14,87
  3	 | 	9	 | 	10,20
  4	 | 	5	 | 	12,17
  4	 | 	8	 | 	15,81
  5	 | 	6	 | 	4,12
  5	 | 	8	 | 	7,07
  6	 | 	8	 | 	3,00
  1	 | 	2	 | 	2,24
___________________________
Simulation Topology [1:3]
___________________________
From 	  To 		Length
___________________________
  0	 | 	1	 | 	5,00
  0	 | 	2	 | 	4,47
  0	 | 	3	 | 	3,00
  0	 | 	6	 | 	14,87
  1	 | 	4	 | 	8,06
  1	 | 	9	 | 	13,34
  2	 | 	3	 | 	4,12
  2	 | 	4	 | 	6,32
  2	 | 	5	 | 	7,21
  2	 | 	7	 | 	13,60
  3	 | 	7	 | 	16,55
  3	 | 	8	 | 	14,87
  3	 | 	9	 | 	10,20
  4	 | 	5	 | 	12,17
  4	 | 	8	 | 	15,81
  5	 | 	6	 | 	4,12
  5	 | 	8	 | 	7,07
  6	 | 	8	 | 	3,00
  1	 | 	2	 | 	2,24
  1	 | 	3	 | 	5,83
___________________________
