Simulation Topology 1
___________________________
[5]				[2]		
[1]				[2]		
[15]				[3]		
[13]				[3]		
[18]				[4]		
[11]				[5]		
[8]				[6]		
[2]				[6]		
[13]				[7]		
[1]				[9]		
___________________________
Simulation Topology [1:1]
___________________________
From 	  To 		Length
___________________________
  0	 | 	1	 | 	4,00
  0	 | 	8	 | 	9,43
  0	 | 	9	 | 	8,06
  1	 | 	3	 | 	12,04
  1	 | 	7	 | 	4,12
  1	 | 	9	 | 	7,00
  2	 | 	3	 | 	2,00
  2	 | 	4	 | 	3,16
  2	 | 	5	 | 	4,47
  2	 | 	8	 | 	4,47
  3	 | 	5	 | 	2,83
  3	 | 	6	 | 	5,83
  4	 | 	5	 | 	7,07
  4	 | 	6	 | 	10,20
  4	 | 	8	 | 	5,83
  5	 | 	6	 | 	3,16
  5	 | 	8	 | 	2,83
  7	 | 	9	 | 	3,16
  8	 | 	9	 | 	12,17
___________________________
Simulation Topology [1:2]
___________________________
From 	  To 		Length
___________________________
  0	 | 	1	 | 	4,00
  0	 | 	8	 | 	9,43
  0	 | 	9	 | 	8,06
  1	 | 	3	 | 	12,04
  1	 | 	7	 | 	4,12
  1	 | 	9	 | 	7,00
  2	 | 	3	 | 	2,00
  2	 | 	4	 | 	3,16
  2	 | 	5	 | 	4,47
  2	 | 	8	 | 	4,47
  3	 | 	5	 | 	2,83
  3	 | 	6	 | 	5,83
  4	 | 	5	 | 	7,07
  4	 | 	6	 | 	10,20
  4	 | 	8	 | 	5,83
  5	 | 	6	 | 	3,16
  5	 | 	8	 | 	2,83
  7	 | 	9	 | 	3,16
  8	 | 	9	 | 	12,17
  0	 | 	4	 | 	13,15
___________________________
