Simulation Topology 1
___________________________
[10]				[0]		
[18]				[1]		
[9]				[1]		
[19]				[3]		
[14]				[3]		
[8]				[4]		
[14]				[7]		
[8]				[8]		
[9]				[9]		
[4]				[9]		
___________________________
Simulation Topology [1:1]
___________________________
From 	  To 		Length
___________________________
  0	 | 	1	 | 	8,06
  0	 | 	5	 | 	4,47
  0	 | 	6	 | 	8,06
  0	 | 	8	 | 	9,06
  1	 | 	4	 | 	4,47
  1	 | 	5	 | 	10,44
  1	 | 	6	 | 	7,21
  2	 | 	3	 | 	10,20
  2	 | 	9	 | 	9,43
  3	 | 	5	 | 	11,05
  3	 | 	6	 | 	6,40
  3	 | 	9	 | 	16,16
  4	 | 	5	 | 	6,08
  4	 | 	8	 | 	7,81
  5	 | 	6	 | 	6,71
  5	 | 	7	 | 	4,00
  6	 | 	7	 | 	6,08
  7	 | 	8	 | 	1,41
  7	 | 	9	 | 	4,12
___________________________
Simulation Topology [1:2]
___________________________
From 	  To 		Length
___________________________
  0	 | 	1	 | 	8,06
  0	 | 	5	 | 	4,47
  0	 | 	6	 | 	8,06
  0	 | 	8	 | 	9,06
  1	 | 	4	 | 	4,47
  1	 | 	5	 | 	10,44
  1	 | 	6	 | 	7,21
  2	 | 	3	 | 	10,20
  2	 | 	9	 | 	9,43
  3	 | 	5	 | 	11,05
  3	 | 	6	 | 	6,40
  3	 | 	9	 | 	16,16
  4	 | 	5	 | 	6,08
  4	 | 	8	 | 	7,81
  5	 | 	6	 | 	6,71
  5	 | 	7	 | 	4,00
  6	 | 	7	 | 	6,08
  7	 | 	8	 | 	1,41
  7	 | 	9	 | 	4,12
  1	 | 	2	 | 	9,00
___________________________
