Simulation Topology 1
___________________________
[13]				[2]		
[9]				[2]		
[12]				[3]		
[14]				[3]		
[10]				[4]		
[2]				[6]		
[17]				[6]		
[12]				[10]		
[5]				[10]		
[16]				[12]		
___________________________
Simulation Topology [1:1]
___________________________
From 	  To 		Length
___________________________
  0	 | 	1	 | 	4,00
  0	 | 	5	 | 	11,70
  0	 | 	6	 | 	5,66
  0	 | 	9	 | 	10,44
  1	 | 	2	 | 	3,16
  1	 | 	7	 | 	8,54
  1	 | 	9	 | 	12,21
  2	 | 	3	 | 	2,00
  2	 | 	4	 | 	2,24
  2	 | 	5	 | 	10,44
  3	 | 	4	 | 	4,12
  3	 | 	6	 | 	4,24
  3	 | 	8	 | 	11,40
  3	 | 	9	 | 	9,22
  4	 | 	5	 | 	8,25
  6	 | 	7	 | 	6,40
  6	 | 	8	 | 	12,65
  7	 | 	9	 | 	4,47
___________________________
Simulation Topology [1:2]
___________________________
From 	  To 		Length
___________________________
  0	 | 	1	 | 	4,00
  0	 | 	5	 | 	11,70
  0	 | 	6	 | 	5,66
  0	 | 	9	 | 	10,44
  1	 | 	2	 | 	3,16
  1	 | 	7	 | 	8,54
  1	 | 	9	 | 	12,21
  2	 | 	3	 | 	2,00
  2	 | 	4	 | 	2,24
  2	 | 	5	 | 	10,44
  3	 | 	4	 | 	4,12
  3	 | 	6	 | 	4,24
  3	 | 	8	 | 	11,40
  3	 | 	9	 | 	9,22
  4	 | 	5	 | 	8,25
  6	 | 	7	 | 	6,40
  6	 | 	8	 | 	12,65
  7	 | 	9	 | 	4,47
  0	 | 	2	 | 	1,41
___________________________
Simulation Topology [1:3]
___________________________
From 	  To 		Length
___________________________
  0	 | 	1	 | 	4,00
  0	 | 	5	 | 	11,70
  0	 | 	6	 | 	5,66
  0	 | 	9	 | 	10,44
  1	 | 	2	 | 	3,16
  1	 | 	7	 | 	8,54
  1	 | 	9	 | 	12,21
  2	 | 	3	 | 	2,00
  2	 | 	4	 | 	2,24
  2	 | 	5	 | 	10,44
  3	 | 	4	 | 	4,12
  3	 | 	6	 | 	4,24
  3	 | 	8	 | 	11,40
  3	 | 	9	 | 	9,22
  4	 | 	5	 | 	8,25
  6	 | 	7	 | 	6,40
  6	 | 	8	 | 	12,65
  7	 | 	9	 | 	4,47
  0	 | 	2	 | 	1,41
  0	 | 	4	 | 	3,61
___________________________
