Simulation Topology 1
___________________________
[11]				[0]		
[4]				[0]		
[2]				[1]		
[18]				[3]		
[3]				[3]		
[7]				[6]		
[7]				[9]		
[3]				[10]		
[10]				[10]		
[8]				[14]		
___________________________
Simulation Topology [1:1]
___________________________
From 	  To 		Length
___________________________
  0	 | 	1	 | 	7,00
  0	 | 	4	 | 	8,54
  0	 | 	5	 | 	7,21
  0	 | 	6	 | 	9,85
  0	 | 	7	 | 	12,81
  1	 | 	2	 | 	2,24
  1	 | 	3	 | 	14,32
  1	 | 	7	 | 	10,05
  1	 | 	8	 | 	11,66
  2	 | 	3	 | 	16,12
  2	 | 	6	 | 	9,43
  2	 | 	9	 | 	14,32
  3	 | 	5	 | 	11,40
  4	 | 	5	 | 	5,00
  5	 | 	6	 | 	3,00
  6	 | 	7	 | 	4,12
  6	 | 	8	 | 	3,16
  8	 | 	9	 | 	4,47
___________________________
Simulation Topology [1:2]
___________________________
From 	  To 		Length
___________________________
  0	 | 	1	 | 	7,00
  0	 | 	4	 | 	8,54
  0	 | 	5	 | 	7,21
  0	 | 	6	 | 	9,85
  0	 | 	7	 | 	12,81
  1	 | 	2	 | 	2,24
  1	 | 	3	 | 	14,32
  1	 | 	7	 | 	10,05
  1	 | 	8	 | 	11,66
  2	 | 	3	 | 	16,12
  2	 | 	6	 | 	9,43
  2	 | 	9	 | 	14,32
  3	 | 	5	 | 	11,40
  4	 | 	5	 | 	5,00
  5	 | 	6	 | 	3,00
  6	 | 	7	 | 	4,12
  6	 | 	8	 | 	3,16
  8	 | 	9	 | 	4,47
  1	 | 	5	 | 	6,71
___________________________
Simulation Topology [1:3]
___________________________
From 	  To 		Length
___________________________
  0	 | 	1	 | 	7,00
  0	 | 	4	 | 	8,54
  0	 | 	5	 | 	7,21
  0	 | 	6	 | 	9,85
  0	 | 	7	 | 	12,81
  1	 | 	2	 | 	2,24
  1	 | 	3	 | 	14,32
  1	 | 	7	 | 	10,05
  1	 | 	8	 | 	11,66
  2	 | 	3	 | 	16,12
  2	 | 	6	 | 	9,43
  2	 | 	9	 | 	14,32
  3	 | 	5	 | 	11,40
  4	 | 	5	 | 	5,00
  5	 | 	6	 | 	3,00
  6	 | 	7	 | 	4,12
  6	 | 	8	 | 	3,16
  8	 | 	9	 | 	4,47
  1	 | 	5	 | 	6,71
  1	 | 	4	 | 	3,16
___________________________
