Simulation Topology 1
___________________________
[17]				[0]		
[6]				[0]		
[15]				[2]		
[10]				[2]		
[8]				[3]		
[14]				[3]		
[3]				[4]		
[7]				[4]		
[17]				[6]		
[19]				[6]		
___________________________
Simulation Topology [1:1]
___________________________
From 	  To 		Length
___________________________
  0	 | 	1	 | 	11,00
  0	 | 	5	 | 	4,24
  0	 | 	8	 | 	6,00
  0	 | 	9	 | 	6,32
  1	 | 	3	 | 	4,47
  1	 | 	4	 | 	3,61
  2	 | 	3	 | 	5,00
  2	 | 	4	 | 	7,07
  2	 | 	8	 | 	4,47
  3	 | 	5	 | 	4,12
  4	 | 	5	 | 	6,00
  5	 | 	7	 | 	7,07
  5	 | 	8	 | 	4,24
  6	 | 	7	 | 	4,00
  6	 | 	9	 | 	16,12
  8	 | 	9	 | 	2,00
___________________________
Simulation Topology [1:2]
___________________________
From 	  To 		Length
___________________________
  0	 | 	1	 | 	11,00
  0	 | 	5	 | 	4,24
  0	 | 	8	 | 	6,00
  0	 | 	9	 | 	6,32
  1	 | 	3	 | 	4,47
  1	 | 	4	 | 	3,61
  2	 | 	3	 | 	5,00
  2	 | 	4	 | 	7,07
  2	 | 	8	 | 	4,47
  3	 | 	5	 | 	4,12
  4	 | 	5	 | 	6,00
  5	 | 	7	 | 	7,07
  5	 | 	8	 | 	4,24
  6	 | 	7	 | 	4,00
  6	 | 	9	 | 	16,12
  8	 | 	9	 | 	2,00
  0	 | 	2	 | 	2,83
___________________________
Simulation Topology [1:3]
___________________________
From 	  To 		Length
___________________________
  0	 | 	1	 | 	11,00
  0	 | 	5	 | 	4,24
  0	 | 	8	 | 	6,00
  0	 | 	9	 | 	6,32
  1	 | 	3	 | 	4,47
  1	 | 	4	 | 	3,61
  2	 | 	3	 | 	5,00
  2	 | 	4	 | 	7,07
  2	 | 	8	 | 	4,47
  3	 | 	5	 | 	4,12
  4	 | 	5	 | 	6,00
  5	 | 	7	 | 	7,07
  5	 | 	8	 | 	4,24
  6	 | 	7	 | 	4,00
  6	 | 	9	 | 	16,12
  8	 | 	9	 | 	2,00
  0	 | 	2	 | 	2,83
  3	 | 	7	 | 	3,61
___________________________
Simulation Topology [1:4]
___________________________
From 	  To 		Length
___________________________
  0	 | 	1	 | 	11,00
  0	 | 	5	 | 	4,24
  0	 | 	8	 | 	6,00
  0	 | 	9	 | 	6,32
  1	 | 	3	 | 	4,47
  1	 | 	4	 | 	3,61
  2	 | 	3	 | 	5,00
  2	 | 	4	 | 	7,07
  2	 | 	8	 | 	4,47
  3	 | 	5	 | 	4,12
  4	 | 	5	 | 	6,00
  5	 | 	7	 | 	7,07
  5	 | 	8	 | 	4,24
  6	 | 	7	 | 	4,00
  6	 | 	9	 | 	16,12
  8	 | 	9	 | 	2,00
  0	 | 	2	 | 	2,83
  3	 | 	7	 | 	3,61
  2	 | 	5	 | 	1,41
___________________________
Simulation Topology [1:5]
___________________________
From 	  To 		Length
___________________________
  0	 | 	1	 | 	11,00
  0	 | 	5	 | 	4,24
  0	 | 	8	 | 	6,00
  0	 | 	9	 | 	6,32
  1	 | 	3	 | 	4,47
  1	 | 	4	 | 	3,61
  2	 | 	3	 | 	5,00
  2	 | 	4	 | 	7,07
  2	 | 	8	 | 	4,47
  3	 | 	5	 | 	4,12
  4	 | 	5	 | 	6,00
  5	 | 	7	 | 	7,07
  5	 | 	8	 | 	4,24
  6	 | 	7	 | 	4,00
  6	 | 	9	 | 	16,12
  8	 | 	9	 | 	2,00
  0	 | 	2	 | 	2,83
  3	 | 	7	 | 	3,61
  2	 | 	5	 | 	1,41
  3	 | 	4	 | 	2,24
___________________________
