Simulation Topology 1
___________________________
[9]				[1]		
[13]				[2]		
[5]				[2]		
[11]				[3]		
[2]				[3]		
[18]				[4]		
[3]				[5]		
[19]				[5]		
[11]				[6]		
[1]				[6]		
___________________________
Simulation Topology [1:1]
___________________________
From 	  To 		Length
___________________________
  0	 | 	1	 | 	4,12
  0	 | 	2	 | 	4,12
  0	 | 	3	 | 	2,83
  0	 | 	6	 | 	7,21
  1	 | 	3	 | 	2,24
  1	 | 	7	 | 	6,71
  1	 | 	8	 | 	4,47
  1	 | 	9	 | 	12,65
  2	 | 	3	 | 	6,08
  2	 | 	4	 | 	3,16
  2	 | 	5	 | 	13,15
  3	 | 	5	 | 	7,07
  3	 | 	8	 | 	3,00
  3	 | 	9	 | 	10,44
  4	 | 	5	 | 	16,03
  4	 | 	9	 | 	3,16
  5	 | 	9	 | 	17,12
  6	 | 	7	 | 	16,00
___________________________
Simulation Topology [1:2]
___________________________
From 	  To 		Length
___________________________
  0	 | 	1	 | 	4,12
  0	 | 	2	 | 	4,12
  0	 | 	3	 | 	2,83
  0	 | 	6	 | 	7,21
  1	 | 	3	 | 	2,24
  1	 | 	7	 | 	6,71
  1	 | 	8	 | 	4,47
  1	 | 	9	 | 	12,65
  2	 | 	3	 | 	6,08
  2	 | 	4	 | 	3,16
  2	 | 	5	 | 	13,15
  3	 | 	5	 | 	7,07
  3	 | 	8	 | 	3,00
  3	 | 	9	 | 	10,44
  4	 | 	5	 | 	16,03
  4	 | 	9	 | 	3,16
  5	 | 	9	 | 	17,12
  6	 | 	7	 | 	16,00
  8	 | 	9	 | 	10,00
___________________________
Simulation Topology [1:3]
___________________________
From 	  To 		Length
___________________________
  0	 | 	1	 | 	4,12
  0	 | 	2	 | 	4,12
  0	 | 	3	 | 	2,83
  0	 | 	6	 | 	7,21
  1	 | 	3	 | 	2,24
  1	 | 	7	 | 	6,71
  1	 | 	8	 | 	4,47
  1	 | 	9	 | 	12,65
  2	 | 	3	 | 	6,08
  2	 | 	4	 | 	3,16
  2	 | 	5	 | 	13,15
  3	 | 	5	 | 	7,07
  3	 | 	8	 | 	3,00
  3	 | 	9	 | 	10,44
  4	 | 	5	 | 	16,03
  4	 | 	9	 | 	3,16
  5	 | 	9	 | 	17,12
  6	 | 	7	 | 	16,00
  8	 | 	9	 | 	10,00
  2	 | 	9	 | 	5,66
___________________________
