Simulation Topology 1
___________________________
[8]				[1]		
[17]				[1]		
[4]				[2]		
[10]				[2]		
[14]				[4]		
[19]				[4]		
[8]				[5]		
[16]				[6]		
[6]				[7]		
[1]				[8]		
___________________________
Simulation Topology [1:1]
___________________________
From 	  To 		Length
___________________________
  0	 | 	1	 | 	9,00
  0	 | 	6	 | 	4,00
  0	 | 	7	 | 	9,43
  0	 | 	8	 | 	6,32
  0	 | 	9	 | 	9,90
  1	 | 	2	 | 	13,04
  1	 | 	5	 | 	3,61
  2	 | 	3	 | 	6,00
  2	 | 	4	 | 	10,20
  2	 | 	6	 | 	5,00
  2	 | 	8	 | 	5,39
  3	 | 	8	 | 	6,40
  3	 | 	9	 | 	10,82
  4	 | 	5	 | 	5,00
  4	 | 	9	 | 	13,60
  5	 | 	6	 | 	11,05
  5	 | 	8	 | 	13,34
  7	 | 	9	 | 	15,13
___________________________
Simulation Topology [1:2]
___________________________
From 	  To 		Length
___________________________
  0	 | 	1	 | 	9,00
  0	 | 	6	 | 	4,00
  0	 | 	7	 | 	9,43
  0	 | 	8	 | 	6,32
  0	 | 	9	 | 	9,90
  1	 | 	2	 | 	13,04
  1	 | 	5	 | 	3,61
  2	 | 	3	 | 	6,00
  2	 | 	4	 | 	10,20
  2	 | 	6	 | 	5,00
  2	 | 	8	 | 	5,39
  3	 | 	8	 | 	6,40
  3	 | 	9	 | 	10,82
  4	 | 	5	 | 	5,00
  4	 | 	9	 | 	13,60
  5	 | 	6	 | 	11,05
  5	 | 	8	 | 	13,34
  7	 | 	9	 | 	15,13
  0	 | 	3	 | 	2,24
___________________________
Simulation Topology [1:3]
___________________________
From 	  To 		Length
___________________________
  0	 | 	1	 | 	9,00
  0	 | 	6	 | 	4,00
  0	 | 	7	 | 	9,43
  0	 | 	8	 | 	6,32
  0	 | 	9	 | 	9,90
  1	 | 	2	 | 	13,04
  1	 | 	5	 | 	3,61
  2	 | 	3	 | 	6,00
  2	 | 	4	 | 	10,20
  2	 | 	6	 | 	5,00
  2	 | 	8	 | 	5,39
  3	 | 	8	 | 	6,40
  3	 | 	9	 | 	10,82
  4	 | 	5	 | 	5,00
  4	 | 	9	 | 	13,60
  5	 | 	6	 | 	11,05
  5	 | 	8	 | 	13,34
  7	 | 	9	 | 	15,13
  0	 | 	3	 | 	2,24
  8	 | 	9	 | 	5,10
___________________________
