Simulation Topology 1
___________________________
[4]				[0]		
[18]				[0]		
[14]				[1]		
[17]				[1]		
[9]				[2]		
[0]				[3]		
[7]				[6]		
[13]				[8]		
[9]				[8]		
[7]				[10]		
___________________________
Simulation Topology [1:1]
___________________________
From 	  To 		Length
___________________________
  0	 | 	1	 | 	14,00
  0	 | 	3	 | 	13,04
  0	 | 	9	 | 	10,44
  1	 | 	7	 | 	9,43
  1	 | 	8	 | 	12,04
  1	 | 	9	 | 	14,87
  2	 | 	3	 | 	3,00
  2	 | 	4	 | 	5,10
  2	 | 	6	 | 	8,60
  3	 | 	7	 | 	8,06
  3	 | 	9	 | 	13,45
  4	 | 	5	 | 	9,06
  4	 | 	6	 | 	4,47
  4	 | 	7	 | 	7,21
  5	 | 	6	 | 	7,62
  5	 | 	7	 | 	13,93
  6	 | 	8	 | 	2,83
___________________________
Simulation Topology [1:2]
___________________________
From 	  To 		Length
___________________________
  0	 | 	1	 | 	14,00
  0	 | 	3	 | 	13,04
  0	 | 	9	 | 	10,44
  1	 | 	7	 | 	9,43
  1	 | 	8	 | 	12,04
  1	 | 	9	 | 	14,87
  2	 | 	3	 | 	3,00
  2	 | 	4	 | 	5,10
  2	 | 	6	 | 	8,60
  3	 | 	7	 | 	8,06
  3	 | 	9	 | 	13,45
  4	 | 	5	 | 	9,06
  4	 | 	6	 | 	4,47
  4	 | 	7	 | 	7,21
  5	 | 	6	 | 	7,62
  5	 | 	7	 | 	13,93
  6	 | 	8	 | 	2,83
  1	 | 	3	 | 	1,41
___________________________
Simulation Topology [1:3]
___________________________
From 	  To 		Length
___________________________
  0	 | 	1	 | 	14,00
  0	 | 	3	 | 	13,04
  0	 | 	9	 | 	10,44
  1	 | 	7	 | 	9,43
  1	 | 	8	 | 	12,04
  1	 | 	9	 | 	14,87
  2	 | 	3	 | 	3,00
  2	 | 	4	 | 	5,10
  2	 | 	6	 | 	8,60
  3	 | 	7	 | 	8,06
  3	 | 	9	 | 	13,45
  4	 | 	5	 | 	9,06
  4	 | 	6	 | 	4,47
  4	 | 	7	 | 	7,21
  5	 | 	6	 | 	7,62
  5	 | 	7	 | 	13,93
  6	 | 	8	 | 	2,83
  1	 | 	3	 | 	1,41
  0	 | 	4	 | 	5,39
___________________________
Simulation Topology [1:4]
___________________________
From 	  To 		Length
___________________________
  0	 | 	1	 | 	14,00
  0	 | 	3	 | 	13,04
  0	 | 	9	 | 	10,44
  1	 | 	7	 | 	9,43
  1	 | 	8	 | 	12,04
  1	 | 	9	 | 	14,87
  2	 | 	3	 | 	3,00
  2	 | 	4	 | 	5,10
  2	 | 	6	 | 	8,60
  3	 | 	7	 | 	8,06
  3	 | 	9	 | 	13,45
  4	 | 	5	 | 	9,06
  4	 | 	6	 | 	4,47
  4	 | 	7	 | 	7,21
  5	 | 	6	 | 	7,62
  5	 | 	7	 | 	13,93
  6	 | 	8	 | 	2,83
  1	 | 	3	 | 	1,41
  0	 | 	4	 | 	5,39
  2	 | 	7	 | 	7,07
___________________________
