Simulation Topology 1
___________________________
[5]				[0]		
[7]				[0]		
[13]				[1]		
[10]				[1]		
[11]				[2]		
[8]				[3]		
[1]				[3]		
[15]				[4]		
[2]				[5]		
[15]				[6]		
___________________________
Simulation Topology [1:1]
___________________________
From 	  To 		Length
___________________________
  0	 | 	1	 | 	2,00
  0	 | 	3	 | 	5,10
  0	 | 	5	 | 	4,24
  0	 | 	7	 | 	10,77
  0	 | 	8	 | 	5,83
  0	 | 	9	 | 	11,66
  1	 | 	7	 | 	8,94
  1	 | 	9	 | 	10,00
  2	 | 	3	 | 	3,00
  2	 | 	5	 | 	5,39
  2	 | 	6	 | 	12,17
  2	 | 	9	 | 	5,39
  3	 | 	6	 | 	9,22
  4	 | 	5	 | 	3,16
  4	 | 	7	 | 	4,47
  4	 | 	8	 | 	9,49
  4	 | 	9	 | 	5,66
  5	 | 	7	 | 	7,07
  7	 | 	8	 | 	13,04
___________________________
Simulation Topology [1:2]
___________________________
From 	  To 		Length
___________________________
  0	 | 	1	 | 	2,00
  0	 | 	3	 | 	5,10
  0	 | 	5	 | 	4,24
  0	 | 	7	 | 	10,77
  0	 | 	8	 | 	5,83
  0	 | 	9	 | 	11,66
  1	 | 	7	 | 	8,94
  1	 | 	9	 | 	10,00
  2	 | 	3	 | 	3,00
  2	 | 	5	 | 	5,39
  2	 | 	6	 | 	12,17
  2	 | 	9	 | 	5,39
  3	 | 	6	 | 	9,22
  4	 | 	5	 | 	3,16
  4	 | 	7	 | 	4,47
  4	 | 	8	 | 	9,49
  4	 | 	9	 | 	5,66
  5	 | 	7	 | 	7,07
  7	 | 	8	 | 	13,04
  1	 | 	6	 | 	6,71
___________________________
