Simulation Topology 1
___________________________
[10]				[0]		
[6]				[2]		
[19]				[2]		
[1]				[3]		
[13]				[3]		
[17]				[4]		
[11]				[5]		
[18]				[5]		
[2]				[6]		
[14]				[7]		
___________________________
Simulation Topology [1:1]
___________________________
From 	  To 		Length
___________________________
  0	 | 	1	 | 	4,47
  0	 | 	4	 | 	4,24
  0	 | 	7	 | 	9,43
  0	 | 	8	 | 	10,00
  1	 | 	4	 | 	7,07
  1	 | 	5	 | 	11,18
  2	 | 	3	 | 	18,03
  2	 | 	5	 | 	2,83
  2	 | 	6	 | 	8,54
  3	 | 	9	 | 	13,60
  4	 | 	5	 | 	4,12
  4	 | 	6	 | 	2,83
  4	 | 	9	 | 	4,12
  5	 | 	9	 | 	4,24
  6	 | 	8	 | 	9,06
  6	 | 	9	 | 	3,61
  7	 | 	8	 | 	16,03
  7	 | 	9	 | 	4,47
  8	 | 	9	 | 	12,04
___________________________
Simulation Topology [1:2]
___________________________
From 	  To 		Length
___________________________
  0	 | 	1	 | 	4,47
  0	 | 	4	 | 	4,24
  0	 | 	7	 | 	9,43
  0	 | 	8	 | 	10,00
  1	 | 	4	 | 	7,07
  1	 | 	5	 | 	11,18
  2	 | 	3	 | 	18,03
  2	 | 	5	 | 	2,83
  2	 | 	6	 | 	8,54
  3	 | 	9	 | 	13,60
  4	 | 	5	 | 	4,12
  4	 | 	6	 | 	2,83
  4	 | 	9	 | 	4,12
  5	 | 	9	 | 	4,24
  6	 | 	8	 | 	9,06
  6	 | 	9	 | 	3,61
  7	 | 	8	 | 	16,03
  7	 | 	9	 | 	4,47
  8	 | 	9	 | 	12,04
  5	 | 	7	 | 	1,41
___________________________
