Simulation Topology 1
___________________________
[8]				[0]		
[3]				[0]		
[1]				[1]		
[16]				[3]		
[8]				[3]		
[3]				[4]		
[11]				[4]		
[19]				[5]		
[10]				[5]		
[9]				[6]		
___________________________
Simulation Topology [1:1]
___________________________
From 	  To 		Length
___________________________
  0	 | 	1	 | 	5,00
  0	 | 	2	 | 	7,07
  0	 | 	5	 | 	6,40
  0	 | 	6	 | 	5,00
  1	 | 	9	 | 	8,49
  2	 | 	3	 | 	15,13
  2	 | 	4	 | 	7,28
  2	 | 	8	 | 	9,85
  3	 | 	5	 | 	13,04
  4	 | 	5	 | 	5,10
  4	 | 	6	 | 	3,16
  4	 | 	8	 | 	2,83
  4	 | 	9	 | 	3,16
  5	 | 	9	 | 	6,32
  6	 | 	7	 | 	8,06
  7	 | 	9	 | 	10,05
___________________________
Simulation Topology [1:2]
___________________________
From 	  To 		Length
___________________________
  0	 | 	1	 | 	5,00
  0	 | 	2	 | 	7,07
  0	 | 	5	 | 	6,40
  0	 | 	6	 | 	5,00
  1	 | 	9	 | 	8,49
  2	 | 	3	 | 	15,13
  2	 | 	4	 | 	7,28
  2	 | 	8	 | 	9,85
  3	 | 	5	 | 	13,04
  4	 | 	5	 | 	5,10
  4	 | 	6	 | 	3,16
  4	 | 	8	 | 	2,83
  4	 | 	9	 | 	3,16
  5	 | 	9	 | 	6,32
  6	 | 	7	 | 	8,06
  7	 | 	9	 | 	10,05
  1	 | 	5	 | 	4,00
___________________________
Simulation Topology [1:3]
___________________________
From 	  To 		Length
___________________________
  0	 | 	1	 | 	5,00
  0	 | 	2	 | 	7,07
  0	 | 	5	 | 	6,40
  0	 | 	6	 | 	5,00
  1	 | 	9	 | 	8,49
  2	 | 	3	 | 	15,13
  2	 | 	4	 | 	7,28
  2	 | 	8	 | 	9,85
  3	 | 	5	 | 	13,04
  4	 | 	5	 | 	5,10
  4	 | 	6	 | 	3,16
  4	 | 	8	 | 	2,83
  4	 | 	9	 | 	3,16
  5	 | 	9	 | 	6,32
  6	 | 	7	 | 	8,06
  7	 | 	9	 | 	10,05
  1	 | 	5	 | 	4,00
  3	 | 	7	 | 	3,61
___________________________
Simulation Topology [1:4]
___________________________
From 	  To 		Length
___________________________
  0	 | 	1	 | 	5,00
  0	 | 	2	 | 	7,07
  0	 | 	5	 | 	6,40
  0	 | 	6	 | 	5,00
  1	 | 	9	 | 	8,49
  2	 | 	3	 | 	15,13
  2	 | 	4	 | 	7,28
  2	 | 	8	 | 	9,85
  3	 | 	5	 | 	13,04
  4	 | 	5	 | 	5,10
  4	 | 	6	 | 	3,16
  4	 | 	8	 | 	2,83
  4	 | 	9	 | 	3,16
  5	 | 	9	 | 	6,32
  6	 | 	7	 | 	8,06
  7	 | 	9	 | 	10,05
  1	 | 	5	 | 	4,00
  3	 | 	7	 | 	3,61
  6	 | 	8	 | 	1,41
___________________________
Simulation Topology [1:5]
___________________________
From 	  To 		Length
___________________________
  0	 | 	1	 | 	5,00
  0	 | 	2	 | 	7,07
  0	 | 	5	 | 	6,40
  0	 | 	6	 | 	5,00
  1	 | 	9	 | 	8,49
  2	 | 	3	 | 	15,13
  2	 | 	4	 | 	7,28
  2	 | 	8	 | 	9,85
  3	 | 	5	 | 	13,04
  4	 | 	5	 | 	5,10
  4	 | 	6	 | 	3,16
  4	 | 	8	 | 	2,83
  4	 | 	9	 | 	3,16
  5	 | 	9	 | 	6,32
  6	 | 	7	 | 	8,06
  7	 | 	9	 | 	10,05
  1	 | 	5	 | 	4,00
  3	 | 	7	 | 	3,61
  6	 | 	8	 | 	1,41
  6	 | 	9	 | 	2,83
___________________________
