Simulation Topology 1
___________________________
[13]				[0]		
[3]				[2]		
[7]				[3]		
[15]				[3]		
[9]				[4]		
[15]				[5]		
[1]				[5]		
[18]				[6]		
[0]				[7]		
[17]				[7]		
___________________________
Simulation Topology [1:1]
___________________________
From 	  To 		Length
___________________________
  0	 | 	1	 | 	10,20
  0	 | 	2	 | 	6,71
  0	 | 	5	 | 	5,39
  0	 | 	7	 | 	7,81
  1	 | 	5	 | 	12,37
  1	 | 	6	 | 	3,61
  1	 | 	7	 | 	15,52
  2	 | 	3	 | 	8,00
  2	 | 	7	 | 	11,40
  3	 | 	4	 | 	6,08
  3	 | 	7	 | 	4,24
  4	 | 	5	 | 	6,08
  4	 | 	7	 | 	9,22
  4	 | 	8	 | 	9,49
  4	 | 	9	 | 	8,54
  5	 | 	9	 | 	2,83
  6	 | 	8	 | 	2,24
___________________________
Simulation Topology [1:2]
___________________________
From 	  To 		Length
___________________________
  0	 | 	1	 | 	10,20
  0	 | 	2	 | 	6,71
  0	 | 	5	 | 	5,39
  0	 | 	7	 | 	7,81
  1	 | 	5	 | 	12,37
  1	 | 	6	 | 	3,61
  1	 | 	7	 | 	15,52
  2	 | 	3	 | 	8,00
  2	 | 	7	 | 	11,40
  3	 | 	4	 | 	6,08
  3	 | 	7	 | 	4,24
  4	 | 	5	 | 	6,08
  4	 | 	7	 | 	9,22
  4	 | 	8	 | 	9,49
  4	 | 	9	 | 	8,54
  5	 | 	9	 | 	2,83
  6	 | 	8	 | 	2,24
  7	 | 	9	 | 	1,41
___________________________
Simulation Topology [1:3]
___________________________
From 	  To 		Length
___________________________
  0	 | 	1	 | 	10,20
  0	 | 	2	 | 	6,71
  0	 | 	5	 | 	5,39
  0	 | 	7	 | 	7,81
  1	 | 	5	 | 	12,37
  1	 | 	6	 | 	3,61
  1	 | 	7	 | 	15,52
  2	 | 	3	 | 	8,00
  2	 | 	7	 | 	11,40
  3	 | 	4	 | 	6,08
  3	 | 	7	 | 	4,24
  4	 | 	5	 | 	6,08
  4	 | 	7	 | 	9,22
  4	 | 	8	 | 	9,49
  4	 | 	9	 | 	8,54
  5	 | 	9	 | 	2,83
  6	 | 	8	 | 	2,24
  7	 | 	9	 | 	1,41
  0	 | 	3	 | 	3,61
___________________________
Simulation Topology [1:4]
___________________________
From 	  To 		Length
___________________________
  0	 | 	1	 | 	10,20
  0	 | 	2	 | 	6,71
  0	 | 	5	 | 	5,39
  0	 | 	7	 | 	7,81
  1	 | 	5	 | 	12,37
  1	 | 	6	 | 	3,61
  1	 | 	7	 | 	15,52
  2	 | 	3	 | 	8,00
  2	 | 	7	 | 	11,40
  3	 | 	4	 | 	6,08
  3	 | 	7	 | 	4,24
  4	 | 	5	 | 	6,08
  4	 | 	7	 | 	9,22
  4	 | 	8	 | 	9,49
  4	 | 	9	 | 	8,54
  5	 | 	9	 | 	2,83
  6	 | 	8	 | 	2,24
  7	 | 	9	 | 	1,41
  0	 | 	3	 | 	3,61
  3	 | 	5	 | 	2,00
___________________________
