Simulation Topology 1
___________________________
[16]				[0]		
[13]				[0]		
[7]				[1]		
[16]				[2]		
[2]				[2]		
[17]				[8]		
[4]				[10]		
[17]				[11]		
[12]				[11]		
[16]				[12]		
___________________________
Simulation Topology [1:1]
___________________________
From 	  To 		Length
___________________________
  0	 | 	1	 | 	3,00
  0	 | 	5	 | 	8,06
  0	 | 	7	 | 	11,05
  1	 | 	2	 | 	6,08
  1	 | 	5	 | 	8,94
  1	 | 	6	 | 	13,45
  2	 | 	3	 | 	9,06
  2	 | 	4	 | 	5,10
  2	 | 	6	 | 	9,49
  3	 | 	9	 | 	10,00
  4	 | 	5	 | 	16,16
  4	 | 	8	 | 	13,45
  4	 | 	9	 | 	17,20
  5	 | 	7	 | 	3,00
  5	 | 	9	 | 	4,12
  6	 | 	9	 | 	12,17
  8	 | 	9	 | 	4,12
___________________________
Simulation Topology [1:2]
___________________________
From 	  To 		Length
___________________________
  0	 | 	1	 | 	3,00
  0	 | 	5	 | 	8,06
  0	 | 	7	 | 	11,05
  1	 | 	2	 | 	6,08
  1	 | 	5	 | 	8,94
  1	 | 	6	 | 	13,45
  2	 | 	3	 | 	9,06
  2	 | 	4	 | 	5,10
  2	 | 	6	 | 	9,49
  3	 | 	9	 | 	10,00
  4	 | 	5	 | 	16,16
  4	 | 	8	 | 	13,45
  4	 | 	9	 | 	17,20
  5	 | 	7	 | 	3,00
  5	 | 	9	 | 	4,12
  6	 | 	9	 | 	12,17
  8	 | 	9	 | 	4,12
  0	 | 	3	 | 	2,00
___________________________
Simulation Topology [1:3]
___________________________
From 	  To 		Length
___________________________
  0	 | 	1	 | 	3,00
  0	 | 	5	 | 	8,06
  0	 | 	7	 | 	11,05
  1	 | 	2	 | 	6,08
  1	 | 	5	 | 	8,94
  1	 | 	6	 | 	13,45
  2	 | 	3	 | 	9,06
  2	 | 	4	 | 	5,10
  2	 | 	6	 | 	9,49
  3	 | 	9	 | 	10,00
  4	 | 	5	 | 	16,16
  4	 | 	8	 | 	13,45
  4	 | 	9	 | 	17,20
  5	 | 	7	 | 	3,00
  5	 | 	9	 | 	4,12
  6	 | 	9	 | 	12,17
  8	 | 	9	 | 	4,12
  0	 | 	3	 | 	2,00
  7	 | 	9	 | 	1,41
___________________________
Simulation Topology [1:4]
___________________________
From 	  To 		Length
___________________________
  0	 | 	1	 | 	3,00
  0	 | 	5	 | 	8,06
  0	 | 	7	 | 	11,05
  1	 | 	2	 | 	6,08
  1	 | 	5	 | 	8,94
  1	 | 	6	 | 	13,45
  2	 | 	3	 | 	9,06
  2	 | 	4	 | 	5,10
  2	 | 	6	 | 	9,49
  3	 | 	9	 | 	10,00
  4	 | 	5	 | 	16,16
  4	 | 	8	 | 	13,45
  4	 | 	9	 | 	17,20
  5	 | 	7	 | 	3,00
  5	 | 	9	 | 	4,12
  6	 | 	9	 | 	12,17
  8	 | 	9	 | 	4,12
  0	 | 	3	 | 	2,00
  7	 | 	9	 | 	1,41
  1	 | 	3	 | 	3,61
___________________________
