Simulation Topology 1
___________________________
[15]				[2]		
[7]				[2]		
[1]				[3]		
[19]				[3]		
[7]				[5]		
[17]				[5]		
[11]				[6]		
[4]				[6]		
[4]				[8]		
[9]				[9]		
___________________________
Simulation Topology [1:1]
___________________________
From 	  To 		Length
___________________________
  0	 | 	1	 | 	8,00
  0	 | 	9	 | 	9,22
  1	 | 	5	 | 	10,44
  1	 | 	7	 | 	5,00
  2	 | 	3	 | 	18,00
  2	 | 	7	 | 	4,24
  3	 | 	4	 | 	12,17
  3	 | 	6	 | 	8,54
  3	 | 	7	 | 	15,30
  3	 | 	8	 | 	15,81
  4	 | 	5	 | 	10,00
  4	 | 	7	 | 	3,16
  4	 | 	8	 | 	4,24
  4	 | 	9	 | 	4,47
  5	 | 	7	 | 	13,04
  6	 | 	7	 | 	7,00
  6	 | 	8	 | 	7,28
  6	 | 	9	 | 	3,61
___________________________
Simulation Topology [1:2]
___________________________
From 	  To 		Length
___________________________
  0	 | 	1	 | 	8,00
  0	 | 	9	 | 	9,22
  1	 | 	5	 | 	10,44
  1	 | 	7	 | 	5,00
  2	 | 	3	 | 	18,00
  2	 | 	7	 | 	4,24
  3	 | 	4	 | 	12,17
  3	 | 	6	 | 	8,54
  3	 | 	7	 | 	15,30
  3	 | 	8	 | 	15,81
  4	 | 	5	 | 	10,00
  4	 | 	7	 | 	3,16
  4	 | 	8	 | 	4,24
  4	 | 	9	 | 	4,47
  5	 | 	7	 | 	13,04
  6	 | 	7	 | 	7,00
  6	 | 	8	 | 	7,28
  6	 | 	9	 | 	3,61
  4	 | 	6	 | 	4,12
___________________________
Simulation Topology [1:3]
___________________________
From 	  To 		Length
___________________________
  0	 | 	1	 | 	8,00
  0	 | 	9	 | 	9,22
  1	 | 	5	 | 	10,44
  1	 | 	7	 | 	5,00
  2	 | 	3	 | 	18,00
  2	 | 	7	 | 	4,24
  3	 | 	4	 | 	12,17
  3	 | 	6	 | 	8,54
  3	 | 	7	 | 	15,30
  3	 | 	8	 | 	15,81
  4	 | 	5	 | 	10,00
  4	 | 	7	 | 	3,16
  4	 | 	8	 | 	4,24
  4	 | 	9	 | 	4,47
  5	 | 	7	 | 	13,04
  6	 | 	7	 | 	7,00
  6	 | 	8	 | 	7,28
  6	 | 	9	 | 	3,61
  4	 | 	6	 | 	4,12
  0	 | 	3	 | 	4,12
___________________________
