Simulation Topology 1
___________________________
[17]				[0]		
[12]				[2]		
[10]				[2]		
[5]				[6]		
[19]				[6]		
[12]				[7]		
[10]				[7]		
[2]				[8]		
[3]				[9]		
[0]				[10]		
___________________________
Simulation Topology [1:1]
___________________________
From 	  To 		Length
___________________________
  0	 | 	1	 | 	5,39
  0	 | 	2	 | 	7,28
  0	 | 	7	 | 	17,00
  0	 | 	9	 | 	19,72
  1	 | 	8	 | 	11,40
  2	 | 	3	 | 	6,40
  2	 | 	5	 | 	5,39
  2	 | 	9	 | 	12,81
  3	 | 	5	 | 	7,07
  3	 | 	9	 | 	6,40
  4	 | 	5	 | 	7,07
  4	 | 	6	 | 	9,06
  4	 | 	8	 | 	16,28
  5	 | 	6	 | 	2,00
  5	 | 	7	 | 	10,05
  6	 | 	8	 | 	7,28
  8	 | 	9	 | 	3,16
___________________________
Simulation Topology [1:2]
___________________________
From 	  To 		Length
___________________________
  0	 | 	1	 | 	5,39
  0	 | 	2	 | 	7,28
  0	 | 	7	 | 	17,00
  0	 | 	9	 | 	19,72
  1	 | 	8	 | 	11,40
  2	 | 	3	 | 	6,40
  2	 | 	5	 | 	5,39
  2	 | 	9	 | 	12,81
  3	 | 	5	 | 	7,07
  3	 | 	9	 | 	6,40
  4	 | 	5	 | 	7,07
  4	 | 	6	 | 	9,06
  4	 | 	8	 | 	16,28
  5	 | 	6	 | 	2,00
  5	 | 	7	 | 	10,05
  6	 | 	8	 | 	7,28
  8	 | 	9	 | 	3,16
  5	 | 	8	 | 	9,22
___________________________
Simulation Topology [1:3]
___________________________
From 	  To 		Length
___________________________
  0	 | 	1	 | 	5,39
  0	 | 	2	 | 	7,28
  0	 | 	7	 | 	17,00
  0	 | 	9	 | 	19,72
  1	 | 	8	 | 	11,40
  2	 | 	3	 | 	6,40
  2	 | 	5	 | 	5,39
  2	 | 	9	 | 	12,81
  3	 | 	5	 | 	7,07
  3	 | 	9	 | 	6,40
  4	 | 	5	 | 	7,07
  4	 | 	6	 | 	9,06
  4	 | 	8	 | 	16,28
  5	 | 	6	 | 	2,00
  5	 | 	7	 | 	10,05
  6	 | 	8	 | 	7,28
  8	 | 	9	 | 	3,16
  5	 | 	8	 | 	9,22
  7	 | 	8	 | 	1,41
___________________________
Simulation Topology [1:4]
___________________________
From 	  To 		Length
___________________________
  0	 | 	1	 | 	5,39
  0	 | 	2	 | 	7,28
  0	 | 	7	 | 	17,00
  0	 | 	9	 | 	19,72
  1	 | 	8	 | 	11,40
  2	 | 	3	 | 	6,40
  2	 | 	5	 | 	5,39
  2	 | 	9	 | 	12,81
  3	 | 	5	 | 	7,07
  3	 | 	9	 | 	6,40
  4	 | 	5	 | 	7,07
  4	 | 	6	 | 	9,06
  4	 | 	8	 | 	16,28
  5	 | 	6	 | 	2,00
  5	 | 	7	 | 	10,05
  6	 | 	8	 | 	7,28
  8	 | 	9	 | 	3,16
  5	 | 	8	 | 	9,22
  7	 | 	8	 | 	1,41
  7	 | 	9	 | 	2,83
___________________________
