Simulation Topology 1
___________________________
[8]				[0]		
[15]				[0]		
[9]				[2]		
[7]				[2]		
[15]				[3]		
[7]				[3]		
[16]				[4]		
[7]				[5]		
[9]				[5]		
[1]				[6]		
___________________________
Simulation Topology [1:1]
___________________________
From 	  To 		Length
___________________________
  0	 | 	1	 | 	7,00
  0	 | 	8	 | 	5,10
  0	 | 	9	 | 	9,22
  1	 | 	4	 | 	3,00
  2	 | 	3	 | 	2,00
  2	 | 	5	 | 	2,24
  2	 | 	7	 | 	3,61
  3	 | 	6	 | 	9,22
  3	 | 	8	 | 	3,61
  4	 | 	5	 | 	8,00
  4	 | 	9	 | 	14,32
  5	 | 	6	 | 	9,06
  5	 | 	8	 | 	2,83
  6	 | 	7	 | 	9,06
  6	 | 	9	 | 	15,13
  7	 | 	9	 | 	6,08
  8	 | 	9	 | 	8,06
___________________________
Simulation Topology [1:2]
___________________________
From 	  To 		Length
___________________________
  0	 | 	1	 | 	7,00
  0	 | 	8	 | 	5,10
  0	 | 	9	 | 	9,22
  1	 | 	4	 | 	3,00
  2	 | 	3	 | 	2,00
  2	 | 	5	 | 	2,24
  2	 | 	7	 | 	3,61
  3	 | 	6	 | 	9,22
  3	 | 	8	 | 	3,61
  4	 | 	5	 | 	8,00
  4	 | 	9	 | 	14,32
  5	 | 	6	 | 	9,06
  5	 | 	8	 | 	2,83
  6	 | 	7	 | 	9,06
  6	 | 	9	 | 	15,13
  7	 | 	9	 | 	6,08
  8	 | 	9	 | 	8,06
  0	 | 	2	 | 	2,24
___________________________
Simulation Topology [1:3]
___________________________
From 	  To 		Length
___________________________
  0	 | 	1	 | 	7,00
  0	 | 	8	 | 	5,10
  0	 | 	9	 | 	9,22
  1	 | 	4	 | 	3,00
  2	 | 	3	 | 	2,00
  2	 | 	5	 | 	2,24
  2	 | 	7	 | 	3,61
  3	 | 	6	 | 	9,22
  3	 | 	8	 | 	3,61
  4	 | 	5	 | 	8,00
  4	 | 	9	 | 	14,32
  5	 | 	6	 | 	9,06
  5	 | 	8	 | 	2,83
  6	 | 	7	 | 	9,06
  6	 | 	9	 | 	15,13
  7	 | 	9	 | 	6,08
  8	 | 	9	 | 	8,06
  0	 | 	2	 | 	2,24
  3	 | 	7	 | 	3,00
___________________________
Simulation Topology [1:4]
___________________________
From 	  To 		Length
___________________________
  0	 | 	1	 | 	7,00
  0	 | 	8	 | 	5,10
  0	 | 	9	 | 	9,22
  1	 | 	4	 | 	3,00
  2	 | 	3	 | 	2,00
  2	 | 	5	 | 	2,24
  2	 | 	7	 | 	3,61
  3	 | 	6	 | 	9,22
  3	 | 	8	 | 	3,61
  4	 | 	5	 | 	8,00
  4	 | 	9	 | 	14,32
  5	 | 	6	 | 	9,06
  5	 | 	8	 | 	2,83
  6	 | 	7	 | 	9,06
  6	 | 	9	 | 	15,13
  7	 | 	9	 | 	6,08
  8	 | 	9	 | 	8,06
  0	 | 	2	 | 	2,24
  3	 | 	7	 | 	3,00
  4	 | 	6	 | 	1,41
___________________________
