Simulation Topology 1
___________________________
[9]				[0]		
[18]				[1]		
[2]				[2]		
[8]				[3]		
[19]				[3]		
[18]				[4]		
[16]				[5]		
[1]				[6]		
[9]				[6]		
[19]				[7]		
___________________________
Simulation Topology [1:1]
___________________________
From 	  To 		Length
___________________________
  0	 | 	1	 | 	9,06
  0	 | 	4	 | 	10,44
  0	 | 	7	 | 	10,00
  1	 | 	3	 | 	10,20
  1	 | 	5	 | 	3,00
  2	 | 	3	 | 	6,08
  2	 | 	5	 | 	16,12
  2	 | 	6	 | 	14,32
  2	 | 	7	 | 	4,12
  2	 | 	8	 | 	8,06
  2	 | 	9	 | 	17,72
  3	 | 	5	 | 	10,05
  3	 | 	6	 | 	8,25
  4	 | 	6	 | 	3,61
  4	 | 	9	 | 	4,00
  5	 | 	8	 | 	9,22
  5	 | 	9	 | 	3,16
  6	 | 	9	 | 	3,61
  7	 | 	9	 | 	18,03
___________________________
Simulation Topology [1:2]
___________________________
From 	  To 		Length
___________________________
  0	 | 	1	 | 	9,06
  0	 | 	4	 | 	10,44
  0	 | 	7	 | 	10,00
  1	 | 	3	 | 	10,20
  1	 | 	5	 | 	3,00
  2	 | 	3	 | 	6,08
  2	 | 	5	 | 	16,12
  2	 | 	6	 | 	14,32
  2	 | 	7	 | 	4,12
  2	 | 	8	 | 	8,06
  2	 | 	9	 | 	17,72
  3	 | 	5	 | 	10,05
  3	 | 	6	 | 	8,25
  4	 | 	6	 | 	3,61
  4	 | 	9	 | 	4,00
  5	 | 	8	 | 	9,22
  5	 | 	9	 | 	3,16
  6	 | 	9	 | 	3,61
  7	 | 	9	 | 	18,03
  5	 | 	6	 | 	2,24
___________________________
