Simulation Topology 1
___________________________
[4]				[0]		
[17]				[0]		
[2]				[2]		
[1]				[4]		
[4]				[5]		
[1]				[6]		
[13]				[6]		
[12]				[8]		
[1]				[8]		
[18]				[9]		
___________________________
Simulation Topology [1:1]
___________________________
From 	  To 		Length
___________________________
  0	 | 	1	 | 	13,00
  0	 | 	3	 | 	5,00
  0	 | 	4	 | 	5,00
  1	 | 	4	 | 	13,93
  1	 | 	7	 | 	9,43
  1	 | 	9	 | 	9,06
  2	 | 	3	 | 	2,24
  2	 | 	4	 | 	3,61
  2	 | 	6	 | 	11,70
  2	 | 	7	 | 	11,66
  2	 | 	8	 | 	6,08
  3	 | 	6	 | 	12,17
  3	 | 	8	 | 	4,00
  4	 | 	5	 | 	3,16
  5	 | 	9	 | 	17,26
  6	 | 	9	 | 	5,83
  7	 | 	9	 | 	6,08
  8	 | 	9	 | 	17,03
___________________________
Simulation Topology [1:2]
___________________________
From 	  To 		Length
___________________________
  0	 | 	1	 | 	13,00
  0	 | 	3	 | 	5,00
  0	 | 	4	 | 	5,00
  1	 | 	4	 | 	13,93
  1	 | 	7	 | 	9,43
  1	 | 	9	 | 	9,06
  2	 | 	3	 | 	2,24
  2	 | 	4	 | 	3,61
  2	 | 	6	 | 	11,70
  2	 | 	7	 | 	11,66
  2	 | 	8	 | 	6,08
  3	 | 	6	 | 	12,17
  3	 | 	8	 | 	4,00
  4	 | 	5	 | 	3,16
  5	 | 	9	 | 	17,26
  6	 | 	9	 | 	5,83
  7	 | 	9	 | 	6,08
  8	 | 	9	 | 	17,03
  3	 | 	5	 | 	2,00
___________________________
Simulation Topology [1:3]
___________________________
From 	  To 		Length
___________________________
  0	 | 	1	 | 	13,00
  0	 | 	3	 | 	5,00
  0	 | 	4	 | 	5,00
  1	 | 	4	 | 	13,93
  1	 | 	7	 | 	9,43
  1	 | 	9	 | 	9,06
  2	 | 	3	 | 	2,24
  2	 | 	4	 | 	3,61
  2	 | 	6	 | 	11,70
  2	 | 	7	 | 	11,66
  2	 | 	8	 | 	6,08
  3	 | 	6	 | 	12,17
  3	 | 	8	 | 	4,00
  4	 | 	5	 | 	3,16
  5	 | 	9	 | 	17,26
  6	 | 	9	 | 	5,83
  7	 | 	9	 | 	6,08
  8	 | 	9	 | 	17,03
  3	 | 	5	 | 	2,00
  4	 | 	6	 | 	9,06
___________________________
