Simulation Topology 1
___________________________
[7]				[1]		
[4]				[1]		
[11]				[5]		
[4]				[6]		
[12]				[7]		
[8]				[7]		
[16]				[9]		
[11]				[9]		
[7]				[10]		
[9]				[11]		
___________________________
Simulation Topology [1:1]
___________________________
From 	  To 		Length
___________________________
  0	 | 	1	 | 	3,00
  0	 | 	3	 | 	5,83
  0	 | 	7	 | 	8,94
  0	 | 	8	 | 	9,00
  1	 | 	2	 | 	8,06
  1	 | 	3	 | 	5,00
  1	 | 	9	 | 	11,18
  2	 | 	3	 | 	7,07
  2	 | 	5	 | 	3,61
  2	 | 	9	 | 	6,32
  3	 | 	9	 | 	7,07
  4	 | 	5	 | 	4,00
  4	 | 	7	 | 	2,24
  4	 | 	9	 | 	5,00
  5	 | 	6	 | 	8,25
  5	 | 	7	 | 	3,61
  5	 | 	8	 | 	3,16
  6	 | 	8	 | 	9,06
  8	 | 	9	 | 	2,24
___________________________
Simulation Topology [1:2]
___________________________
From 	  To 		Length
___________________________
  0	 | 	1	 | 	3,00
  0	 | 	3	 | 	5,83
  0	 | 	7	 | 	8,94
  0	 | 	8	 | 	9,00
  1	 | 	2	 | 	8,06
  1	 | 	3	 | 	5,00
  1	 | 	9	 | 	11,18
  2	 | 	3	 | 	7,07
  2	 | 	5	 | 	3,61
  2	 | 	9	 | 	6,32
  3	 | 	9	 | 	7,07
  4	 | 	5	 | 	4,00
  4	 | 	7	 | 	2,24
  4	 | 	9	 | 	5,00
  5	 | 	6	 | 	8,25
  5	 | 	7	 | 	3,61
  5	 | 	8	 | 	3,16
  6	 | 	8	 | 	9,06
  8	 | 	9	 | 	2,24
  0	 | 	4	 | 	7,81
___________________________
