Simulation Topology 1
___________________________
[1]				[0]		
[6]				[0]		
[13]				[1]		
[4]				[1]		
[9]				[3]		
[1]				[3]		
[9]				[4]		
[11]				[6]		
[2]				[8]		
[11]				[10]		
___________________________
Simulation Topology [1:1]
___________________________
From 	  To 		Length
___________________________
  0	 | 	1	 | 	5,00
  0	 | 	5	 | 	3,00
  0	 | 	8	 | 	8,06
  1	 | 	2	 | 	7,07
  1	 | 	7	 | 	7,81
  1	 | 	9	 | 	11,18
  2	 | 	3	 | 	9,00
  2	 | 	6	 | 	5,00
  2	 | 	8	 | 	13,04
  3	 | 	7	 | 	8,60
  3	 | 	9	 | 	11,40
  4	 | 	5	 | 	8,00
  4	 | 	6	 | 	1,00
  4	 | 	8	 | 	8,60
  4	 | 	9	 | 	7,28
  5	 | 	8	 | 	5,10
  6	 | 	7	 | 	2,83
  6	 | 	9	 | 	6,32
  7	 | 	8	 | 	9,22
___________________________
Simulation Topology [1:2]
___________________________
From 	  To 		Length
___________________________
  0	 | 	1	 | 	5,00
  0	 | 	5	 | 	3,00
  0	 | 	8	 | 	8,06
  1	 | 	2	 | 	7,07
  1	 | 	7	 | 	7,81
  1	 | 	9	 | 	11,18
  2	 | 	3	 | 	9,00
  2	 | 	6	 | 	5,00
  2	 | 	8	 | 	13,04
  3	 | 	7	 | 	8,60
  3	 | 	9	 | 	11,40
  4	 | 	5	 | 	8,00
  4	 | 	6	 | 	1,00
  4	 | 	8	 | 	8,60
  4	 | 	9	 | 	7,28
  5	 | 	8	 | 	5,10
  6	 | 	7	 | 	2,83
  6	 | 	9	 | 	6,32
  7	 | 	8	 | 	9,22
  3	 | 	6	 | 	5,83
___________________________
