Simulation Topology 1
___________________________
[13]				[0]		
[5]				[0]		
[7]				[1]		
[9]				[2]		
[12]				[3]		
[1]				[4]		
[16]				[5]		
[6]				[5]		
[17]				[7]		
[13]				[7]		
___________________________
Simulation Topology [1:1]
___________________________
From 	  To 		Length
___________________________
  0	 | 	1	 | 	8,00
  0	 | 	2	 | 	6,08
  0	 | 	4	 | 	3,16
  0	 | 	8	 | 	8,06
  1	 | 	5	 | 	5,66
  2	 | 	3	 | 	2,24
  2	 | 	4	 | 	5,39
  2	 | 	5	 | 	6,71
  2	 | 	6	 | 	9,85
  3	 | 	4	 | 	3,16
  3	 | 	7	 | 	4,24
  3	 | 	9	 | 	6,40
  4	 | 	5	 | 	11,05
  4	 | 	6	 | 	4,47
  4	 | 	7	 | 	6,32
  5	 | 	6	 | 	15,03
  6	 | 	8	 | 	2,24
  7	 | 	9	 | 	7,28
___________________________
Simulation Topology [1:2]
___________________________
From 	  To 		Length
___________________________
  0	 | 	1	 | 	8,00
  0	 | 	2	 | 	6,08
  0	 | 	4	 | 	3,16
  0	 | 	8	 | 	8,06
  1	 | 	5	 | 	5,66
  2	 | 	3	 | 	2,24
  2	 | 	4	 | 	5,39
  2	 | 	5	 | 	6,71
  2	 | 	6	 | 	9,85
  3	 | 	4	 | 	3,16
  3	 | 	7	 | 	4,24
  3	 | 	9	 | 	6,40
  4	 | 	5	 | 	11,05
  4	 | 	6	 | 	4,47
  4	 | 	7	 | 	6,32
  5	 | 	6	 | 	15,03
  6	 | 	8	 | 	2,24
  7	 | 	9	 | 	7,28
  1	 | 	3	 | 	4,47
___________________________
Simulation Topology [1:3]
___________________________
From 	  To 		Length
___________________________
  0	 | 	1	 | 	8,00
  0	 | 	2	 | 	6,08
  0	 | 	4	 | 	3,16
  0	 | 	8	 | 	8,06
  1	 | 	5	 | 	5,66
  2	 | 	3	 | 	2,24
  2	 | 	4	 | 	5,39
  2	 | 	5	 | 	6,71
  2	 | 	6	 | 	9,85
  3	 | 	4	 | 	3,16
  3	 | 	7	 | 	4,24
  3	 | 	9	 | 	6,40
  4	 | 	5	 | 	11,05
  4	 | 	6	 | 	4,47
  4	 | 	7	 | 	6,32
  5	 | 	6	 | 	15,03
  6	 | 	8	 | 	2,24
  7	 | 	9	 | 	7,28
  1	 | 	3	 | 	4,47
  4	 | 	9	 | 	4,12
___________________________
