Simulation Topology 1
___________________________
[9]				[1]		
[16]				[1]		
[3]				[2]		
[16]				[2]		
[4]				[5]		
[10]				[5]		
[9]				[7]		
[19]				[7]		
[10]				[8]		
[5]				[8]		
___________________________
Simulation Topology [1:1]
___________________________
From 	  To 		Length
___________________________
  0	 | 	1	 | 	7,00
  0	 | 	6	 | 	6,00
  0	 | 	7	 | 	11,66
  0	 | 	8	 | 	7,07
  1	 | 	3	 | 	1,00
  1	 | 	6	 | 	9,22
  2	 | 	3	 | 	13,00
  2	 | 	4	 | 	3,16
  2	 | 	5	 | 	7,62
  2	 | 	8	 | 	9,22
  3	 | 	8	 | 	8,49
  4	 | 	5	 | 	6,00
  4	 | 	7	 | 	15,13
  5	 | 	6	 | 	2,24
  6	 | 	7	 | 	10,00
  6	 | 	9	 | 	4,12
  8	 | 	9	 | 	5,00
___________________________
Simulation Topology [1:2]
___________________________
From 	  To 		Length
___________________________
  0	 | 	1	 | 	7,00
  0	 | 	6	 | 	6,00
  0	 | 	7	 | 	11,66
  0	 | 	8	 | 	7,07
  1	 | 	3	 | 	1,00
  1	 | 	6	 | 	9,22
  2	 | 	3	 | 	13,00
  2	 | 	4	 | 	3,16
  2	 | 	5	 | 	7,62
  2	 | 	8	 | 	9,22
  3	 | 	8	 | 	8,49
  4	 | 	5	 | 	6,00
  4	 | 	7	 | 	15,13
  5	 | 	6	 | 	2,24
  6	 | 	7	 | 	10,00
  6	 | 	9	 | 	4,12
  8	 | 	9	 | 	5,00
  2	 | 	9	 | 	6,32
___________________________
Simulation Topology [1:3]
___________________________
From 	  To 		Length
___________________________
  0	 | 	1	 | 	7,00
  0	 | 	6	 | 	6,00
  0	 | 	7	 | 	11,66
  0	 | 	8	 | 	7,07
  1	 | 	3	 | 	1,00
  1	 | 	6	 | 	9,22
  2	 | 	3	 | 	13,00
  2	 | 	4	 | 	3,16
  2	 | 	5	 | 	7,62
  2	 | 	8	 | 	9,22
  3	 | 	8	 | 	8,49
  4	 | 	5	 | 	6,00
  4	 | 	7	 | 	15,13
  5	 | 	6	 | 	2,24
  6	 | 	7	 | 	10,00
  6	 | 	9	 | 	4,12
  8	 | 	9	 | 	5,00
  2	 | 	9	 | 	6,32
  6	 | 	8	 | 	1,41
___________________________
Simulation Topology [1:4]
___________________________
From 	  To 		Length
___________________________
  0	 | 	1	 | 	7,00
  0	 | 	6	 | 	6,00
  0	 | 	7	 | 	11,66
  0	 | 	8	 | 	7,07
  1	 | 	3	 | 	1,00
  1	 | 	6	 | 	9,22
  2	 | 	3	 | 	13,00
  2	 | 	4	 | 	3,16
  2	 | 	5	 | 	7,62
  2	 | 	8	 | 	9,22
  3	 | 	8	 | 	8,49
  4	 | 	5	 | 	6,00
  4	 | 	7	 | 	15,13
  5	 | 	6	 | 	2,24
  6	 | 	7	 | 	10,00
  6	 | 	9	 | 	4,12
  8	 | 	9	 | 	5,00
  2	 | 	9	 | 	6,32
  6	 | 	8	 | 	1,41
  4	 | 	9	 | 	3,16
___________________________
