Simulation Topology 1
___________________________
[16]				[0]		
[10]				[2]		
[14]				[2]		
[19]				[5]		
[18]				[6]		
[0]				[6]		
[15]				[7]		
[19]				[8]		
[12]				[8]		
[8]				[10]		
___________________________
Simulation Topology [1:1]
___________________________
From 	  To 		Length
___________________________
  0	 | 	1	 | 	6,32
  0	 | 	2	 | 	2,83
  0	 | 	4	 | 	6,32
  0	 | 	8	 | 	8,94
  1	 | 	3	 | 	9,49
  1	 | 	7	 | 	10,82
  2	 | 	3	 | 	5,83
  2	 | 	5	 | 	14,56
  2	 | 	6	 | 	5,10
  2	 | 	8	 | 	6,32
  3	 | 	4	 | 	1,41
  3	 | 	6	 | 	4,47
  3	 | 	9	 | 	12,08
  4	 | 	5	 | 	18,00
  4	 | 	7	 | 	2,24
  4	 | 	9	 | 	10,77
  5	 | 	6	 | 	15,03
  5	 | 	9	 | 	8,94
  6	 | 	7	 | 	4,12
  7	 | 	9	 | 	11,18
  8	 | 	9	 | 	4,47
___________________________
Simulation Topology [1:2]
___________________________
From 	  To 		Length
___________________________
  0	 | 	1	 | 	6,32
  0	 | 	2	 | 	2,83
  0	 | 	4	 | 	6,32
  0	 | 	8	 | 	8,94
  1	 | 	3	 | 	9,49
  1	 | 	7	 | 	10,82
  2	 | 	3	 | 	5,83
  2	 | 	5	 | 	14,56
  2	 | 	6	 | 	5,10
  2	 | 	8	 | 	6,32
  3	 | 	4	 | 	1,41
  3	 | 	6	 | 	4,47
  3	 | 	9	 | 	12,08
  4	 | 	5	 | 	18,00
  4	 | 	7	 | 	2,24
  4	 | 	9	 | 	10,77
  5	 | 	6	 | 	15,03
  5	 | 	9	 | 	8,94
  6	 | 	7	 | 	4,12
  7	 | 	9	 | 	11,18
  8	 | 	9	 | 	4,47
  2	 | 	4	 | 	5,66
___________________________
Simulation Topology [1:3]
___________________________
From 	  To 		Length
___________________________
  0	 | 	1	 | 	6,32
  0	 | 	2	 | 	2,83
  0	 | 	4	 | 	6,32
  0	 | 	8	 | 	8,94
  1	 | 	3	 | 	9,49
  1	 | 	7	 | 	10,82
  2	 | 	3	 | 	5,83
  2	 | 	5	 | 	14,56
  2	 | 	6	 | 	5,10
  2	 | 	8	 | 	6,32
  3	 | 	4	 | 	1,41
  3	 | 	6	 | 	4,47
  3	 | 	9	 | 	12,08
  4	 | 	5	 | 	18,00
  4	 | 	7	 | 	2,24
  4	 | 	9	 | 	10,77
  5	 | 	6	 | 	15,03
  5	 | 	9	 | 	8,94
  6	 | 	7	 | 	4,12
  7	 | 	9	 | 	11,18
  8	 | 	9	 | 	4,47
  2	 | 	4	 | 	5,66
  2	 | 	7	 | 	7,81
___________________________
Simulation Topology [1:4]
___________________________
From 	  To 		Length
___________________________
  0	 | 	1	 | 	6,32
  0	 | 	2	 | 	2,83
  0	 | 	4	 | 	6,32
  0	 | 	8	 | 	8,94
  1	 | 	3	 | 	9,49
  1	 | 	7	 | 	10,82
  2	 | 	3	 | 	5,83
  2	 | 	5	 | 	14,56
  2	 | 	6	 | 	5,10
  2	 | 	8	 | 	6,32
  3	 | 	4	 | 	1,41
  3	 | 	6	 | 	4,47
  3	 | 	9	 | 	12,08
  4	 | 	5	 | 	18,00
  4	 | 	7	 | 	2,24
  4	 | 	9	 | 	10,77
  5	 | 	6	 | 	15,03
  5	 | 	9	 | 	8,94
  6	 | 	7	 | 	4,12
  7	 | 	9	 | 	11,18
  8	 | 	9	 | 	4,47
  2	 | 	4	 | 	5,66
  2	 | 	7	 | 	7,81
  4	 | 	8	 | 	6,32
___________________________
Simulation Topology [1:5]
___________________________
From 	  To 		Length
___________________________
  0	 | 	1	 | 	6,32
  0	 | 	2	 | 	2,83
  0	 | 	4	 | 	6,32
  0	 | 	8	 | 	8,94
  1	 | 	3	 | 	9,49
  1	 | 	7	 | 	10,82
  2	 | 	3	 | 	5,83
  2	 | 	5	 | 	14,56
  2	 | 	6	 | 	5,10
  2	 | 	8	 | 	6,32
  3	 | 	4	 | 	1,41
  3	 | 	6	 | 	4,47
  3	 | 	9	 | 	12,08
  4	 | 	5	 | 	18,00
  4	 | 	7	 | 	2,24
  4	 | 	9	 | 	10,77
  5	 | 	6	 | 	15,03
  5	 | 	9	 | 	8,94
  6	 | 	7	 | 	4,12
  7	 | 	9	 | 	11,18
  8	 | 	9	 | 	4,47
  2	 | 	4	 | 	5,66
  2	 | 	7	 | 	7,81
  4	 | 	8	 | 	6,32
  6	 | 	9	 | 	7,62
___________________________
Simulation Topology [1:6]
___________________________
From 	  To 		Length
___________________________
  0	 | 	1	 | 	6,32
  0	 | 	2	 | 	2,83
  0	 | 	4	 | 	6,32
  0	 | 	8	 | 	8,94
  1	 | 	3	 | 	9,49
  1	 | 	7	 | 	10,82
  2	 | 	3	 | 	5,83
  2	 | 	5	 | 	14,56
  2	 | 	6	 | 	5,10
  2	 | 	8	 | 	6,32
  3	 | 	4	 | 	1,41
  3	 | 	6	 | 	4,47
  3	 | 	9	 | 	12,08
  4	 | 	5	 | 	18,00
  4	 | 	7	 | 	2,24
  4	 | 	9	 | 	10,77
  5	 | 	6	 | 	15,03
  5	 | 	9	 | 	8,94
  6	 | 	7	 | 	4,12
  7	 | 	9	 | 	11,18
  8	 | 	9	 | 	4,47
  2	 | 	4	 | 	5,66
  2	 | 	7	 | 	7,81
  4	 | 	8	 | 	6,32
  6	 | 	9	 | 	7,62
  3	 | 	7	 | 	3,00
___________________________
Simulation Topology [1:7]
___________________________
From 	  To 		Length
___________________________
  0	 | 	1	 | 	6,32
  0	 | 	2	 | 	2,83
  0	 | 	4	 | 	6,32
  0	 | 	8	 | 	8,94
  1	 | 	3	 | 	9,49
  1	 | 	7	 | 	10,82
  2	 | 	3	 | 	5,83
  2	 | 	5	 | 	14,56
  2	 | 	6	 | 	5,10
  2	 | 	8	 | 	6,32
  3	 | 	4	 | 	1,41
  3	 | 	6	 | 	4,47
  3	 | 	9	 | 	12,08
  4	 | 	5	 | 	18,00
  4	 | 	7	 | 	2,24
  4	 | 	9	 | 	10,77
  5	 | 	6	 | 	15,03
  5	 | 	9	 | 	8,94
  6	 | 	7	 | 	4,12
  7	 | 	9	 | 	11,18
  8	 | 	9	 | 	4,47
  2	 | 	4	 | 	5,66
  2	 | 	7	 | 	7,81
  4	 | 	8	 | 	6,32
  6	 | 	9	 | 	7,62
  3	 | 	7	 | 	3,00
  0	 | 	3	 | 	5,83
___________________________
Simulation Topology [1:8]
___________________________
From 	  To 		Length
___________________________
  0	 | 	1	 | 	6,32
  0	 | 	2	 | 	2,83
  0	 | 	4	 | 	6,32
  0	 | 	8	 | 	8,94
  1	 | 	3	 | 	9,49
  1	 | 	7	 | 	10,82
  2	 | 	3	 | 	5,83
  2	 | 	5	 | 	14,56
  2	 | 	6	 | 	5,10
  2	 | 	8	 | 	6,32
  3	 | 	4	 | 	1,41
  3	 | 	6	 | 	4,47
  3	 | 	9	 | 	12,08
  4	 | 	5	 | 	18,00
  4	 | 	7	 | 	2,24
  4	 | 	9	 | 	10,77
  5	 | 	6	 | 	15,03
  5	 | 	9	 | 	8,94
  6	 | 	7	 | 	4,12
  7	 | 	9	 | 	11,18
  8	 | 	9	 | 	4,47
  2	 | 	4	 | 	5,66
  2	 | 	7	 | 	7,81
  4	 | 	8	 | 	6,32
  6	 | 	9	 | 	7,62
  3	 | 	7	 | 	3,00
  0	 | 	3	 | 	5,83
  1	 | 	9	 | 	8,25
___________________________
Simulation Topology [1:9]
___________________________
From 	  To 		Length
___________________________
  0	 | 	1	 | 	6,32
  0	 | 	2	 | 	2,83
  0	 | 	4	 | 	6,32
  0	 | 	8	 | 	8,94
  1	 | 	3	 | 	9,49
  1	 | 	7	 | 	10,82
  2	 | 	3	 | 	5,83
  2	 | 	5	 | 	14,56
  2	 | 	6	 | 	5,10
  2	 | 	8	 | 	6,32
  3	 | 	4	 | 	1,41
  3	 | 	6	 | 	4,47
  3	 | 	9	 | 	12,08
  4	 | 	5	 | 	18,00
  4	 | 	7	 | 	2,24
  4	 | 	9	 | 	10,77
  5	 | 	6	 | 	15,03
  5	 | 	9	 | 	8,94
  6	 | 	7	 | 	4,12
  7	 | 	9	 | 	11,18
  8	 | 	9	 | 	4,47
  2	 | 	4	 | 	5,66
  2	 | 	7	 | 	7,81
  4	 | 	8	 | 	6,32
  6	 | 	9	 | 	7,62
  3	 | 	7	 | 	3,00
  0	 | 	3	 | 	5,83
  1	 | 	9	 | 	8,25
  0	 | 	7	 | 	8,54
___________________________
Simulation Topology [1:10]
___________________________
From 	  To 		Length
___________________________
  0	 | 	1	 | 	6,32
  0	 | 	2	 | 	2,83
  0	 | 	4	 | 	6,32
  0	 | 	8	 | 	8,94
  1	 | 	3	 | 	9,49
  1	 | 	7	 | 	10,82
  2	 | 	3	 | 	5,83
  2	 | 	5	 | 	14,56
  2	 | 	6	 | 	5,10
  2	 | 	8	 | 	6,32
  3	 | 	4	 | 	1,41
  3	 | 	6	 | 	4,47
  3	 | 	9	 | 	12,08
  4	 | 	5	 | 	18,00
  4	 | 	7	 | 	2,24
  4	 | 	9	 | 	10,77
  5	 | 	6	 | 	15,03
  5	 | 	9	 | 	8,94
  6	 | 	7	 | 	4,12
  7	 | 	9	 | 	11,18
  8	 | 	9	 | 	4,47
  2	 | 	4	 | 	5,66
  2	 | 	7	 | 	7,81
  4	 | 	8	 | 	6,32
  6	 | 	9	 | 	7,62
  3	 | 	7	 | 	3,00
  0	 | 	3	 | 	5,83
  1	 | 	9	 | 	8,25
  0	 | 	7	 | 	8,54
  4	 | 	6	 | 	3,16
___________________________
Simulation Topology [1:11]
___________________________
From 	  To 		Length
___________________________
  0	 | 	1	 | 	6,32
  0	 | 	2	 | 	2,83
  0	 | 	4	 | 	6,32
  0	 | 	8	 | 	8,94
  1	 | 	3	 | 	9,49
  1	 | 	7	 | 	10,82
  2	 | 	3	 | 	5,83
  2	 | 	5	 | 	14,56
  2	 | 	6	 | 	5,10
  2	 | 	8	 | 	6,32
  3	 | 	4	 | 	1,41
  3	 | 	6	 | 	4,47
  3	 | 	9	 | 	12,08
  4	 | 	5	 | 	18,00
  4	 | 	7	 | 	2,24
  4	 | 	9	 | 	10,77
  5	 | 	6	 | 	15,03
  5	 | 	9	 | 	8,94
  6	 | 	7	 | 	4,12
  7	 | 	9	 | 	11,18
  8	 | 	9	 | 	4,47
  2	 | 	4	 | 	5,66
  2	 | 	7	 | 	7,81
  4	 | 	8	 | 	6,32
  6	 | 	9	 | 	7,62
  3	 | 	7	 | 	3,00
  0	 | 	3	 | 	5,83
  1	 | 	9	 | 	8,25
  0	 | 	7	 | 	8,54
  4	 | 	6	 | 	3,16
  1	 | 	8	 | 	6,32
___________________________
Simulation Topology [1:12]
___________________________
From 	  To 		Length
___________________________
  0	 | 	1	 | 	6,32
  0	 | 	2	 | 	2,83
  0	 | 	4	 | 	6,32
  0	 | 	8	 | 	8,94
  1	 | 	3	 | 	9,49
  1	 | 	7	 | 	10,82
  2	 | 	3	 | 	5,83
  2	 | 	5	 | 	14,56
  2	 | 	6	 | 	5,10
  2	 | 	8	 | 	6,32
  3	 | 	4	 | 	1,41
  3	 | 	6	 | 	4,47
  3	 | 	9	 | 	12,08
  4	 | 	5	 | 	18,00
  4	 | 	7	 | 	2,24
  4	 | 	9	 | 	10,77
  5	 | 	6	 | 	15,03
  5	 | 	9	 | 	8,94
  6	 | 	7	 | 	4,12
  7	 | 	9	 | 	11,18
  8	 | 	9	 | 	4,47
  2	 | 	4	 | 	5,66
  2	 | 	7	 | 	7,81
  4	 | 	8	 | 	6,32
  6	 | 	9	 | 	7,62
  3	 | 	7	 | 	3,00
  0	 | 	3	 | 	5,83
  1	 | 	9	 | 	8,25
  0	 | 	7	 | 	8,54
  4	 | 	6	 | 	3,16
  1	 | 	8	 | 	6,32
  1	 | 	4	 | 	8,94
___________________________
Simulation Topology [1:13]
___________________________
From 	  To 		Length
___________________________
  0	 | 	1	 | 	6,32
  0	 | 	2	 | 	2,83
  0	 | 	4	 | 	6,32
  0	 | 	8	 | 	8,94
  1	 | 	3	 | 	9,49
  1	 | 	7	 | 	10,82
  2	 | 	3	 | 	5,83
  2	 | 	5	 | 	14,56
  2	 | 	6	 | 	5,10
  2	 | 	8	 | 	6,32
  3	 | 	4	 | 	1,41
  3	 | 	6	 | 	4,47
  3	 | 	9	 | 	12,08
  4	 | 	5	 | 	18,00
  4	 | 	7	 | 	2,24
  4	 | 	9	 | 	10,77
  5	 | 	6	 | 	15,03
  5	 | 	9	 | 	8,94
  6	 | 	7	 | 	4,12
  7	 | 	9	 | 	11,18
  8	 | 	9	 | 	4,47
  2	 | 	4	 | 	5,66
  2	 | 	7	 | 	7,81
  4	 | 	8	 | 	6,32
  6	 | 	9	 | 	7,62
  3	 | 	7	 | 	3,00
  0	 | 	3	 | 	5,83
  1	 | 	9	 | 	8,25
  0	 | 	7	 | 	8,54
  4	 | 	6	 | 	3,16
  1	 | 	8	 | 	6,32
  1	 | 	4	 | 	8,94
  1	 | 	6	 | 	7,07
___________________________
Simulation Topology [1:14]
___________________________
From 	  To 		Length
___________________________
  0	 | 	1	 | 	6,32
  0	 | 	2	 | 	2,83
  0	 | 	4	 | 	6,32
  0	 | 	8	 | 	8,94
  1	 | 	3	 | 	9,49
  1	 | 	7	 | 	10,82
  2	 | 	3	 | 	5,83
  2	 | 	5	 | 	14,56
  2	 | 	6	 | 	5,10
  2	 | 	8	 | 	6,32
  3	 | 	4	 | 	1,41
  3	 | 	6	 | 	4,47
  3	 | 	9	 | 	12,08
  4	 | 	5	 | 	18,00
  4	 | 	7	 | 	2,24
  4	 | 	9	 | 	10,77
  5	 | 	6	 | 	15,03
  5	 | 	9	 | 	8,94
  6	 | 	7	 | 	4,12
  7	 | 	9	 | 	11,18
  8	 | 	9	 | 	4,47
  2	 | 	4	 | 	5,66
  2	 | 	7	 | 	7,81
  4	 | 	8	 | 	6,32
  6	 | 	9	 | 	7,62
  3	 | 	7	 | 	3,00
  0	 | 	3	 | 	5,83
  1	 | 	9	 | 	8,25
  0	 | 	7	 | 	8,54
  4	 | 	6	 | 	3,16
  1	 | 	8	 | 	6,32
  1	 | 	4	 | 	8,94
  1	 | 	6	 | 	7,07
  6	 | 	8	 | 	3,16
___________________________
Simulation Topology [1:15]
___________________________
From 	  To 		Length
___________________________
  0	 | 	1	 | 	6,32
  0	 | 	2	 | 	2,83
  0	 | 	4	 | 	6,32
  0	 | 	8	 | 	8,94
  1	 | 	3	 | 	9,49
  1	 | 	7	 | 	10,82
  2	 | 	3	 | 	5,83
  2	 | 	5	 | 	14,56
  2	 | 	6	 | 	5,10
  2	 | 	8	 | 	6,32
  3	 | 	4	 | 	1,41
  3	 | 	6	 | 	4,47
  3	 | 	9	 | 	12,08
  4	 | 	5	 | 	18,00
  4	 | 	7	 | 	2,24
  4	 | 	9	 | 	10,77
  5	 | 	6	 | 	15,03
  5	 | 	9	 | 	8,94
  6	 | 	7	 | 	4,12
  7	 | 	9	 | 	11,18
  8	 | 	9	 | 	4,47
  2	 | 	4	 | 	5,66
  2	 | 	7	 | 	7,81
  4	 | 	8	 | 	6,32
  6	 | 	9	 | 	7,62
  3	 | 	7	 | 	3,00
  0	 | 	3	 | 	5,83
  1	 | 	9	 | 	8,25
  0	 | 	7	 | 	8,54
  4	 | 	6	 | 	3,16
  1	 | 	8	 | 	6,32
  1	 | 	4	 | 	8,94
  1	 | 	6	 | 	7,07
  6	 | 	8	 | 	3,16
  1	 | 	2	 | 	4,00
___________________________
Simulation Topology [1:16]
___________________________
From 	  To 		Length
___________________________
  0	 | 	1	 | 	6,32
  0	 | 	2	 | 	2,83
  0	 | 	4	 | 	6,32
  0	 | 	8	 | 	8,94
  1	 | 	3	 | 	9,49
  1	 | 	7	 | 	10,82
  2	 | 	3	 | 	5,83
  2	 | 	5	 | 	14,56
  2	 | 	6	 | 	5,10
  2	 | 	8	 | 	6,32
  3	 | 	4	 | 	1,41
  3	 | 	6	 | 	4,47
  3	 | 	9	 | 	12,08
  4	 | 	5	 | 	18,00
  4	 | 	7	 | 	2,24
  4	 | 	9	 | 	10,77
  5	 | 	6	 | 	15,03
  5	 | 	9	 | 	8,94
  6	 | 	7	 | 	4,12
  7	 | 	9	 | 	11,18
  8	 | 	9	 | 	4,47
  2	 | 	4	 | 	5,66
  2	 | 	7	 | 	7,81
  4	 | 	8	 | 	6,32
  6	 | 	9	 | 	7,62
  3	 | 	7	 | 	3,00
  0	 | 	3	 | 	5,83
  1	 | 	9	 | 	8,25
  0	 | 	7	 | 	8,54
  4	 | 	6	 | 	3,16
  1	 | 	8	 | 	6,32
  1	 | 	4	 | 	8,94
  1	 | 	6	 | 	7,07
  6	 | 	8	 | 	3,16
  1	 | 	2	 | 	4,00
  1	 | 	5	 | 	10,77
___________________________
Simulation Topology [1:17]
___________________________
From 	  To 		Length
___________________________
  0	 | 	1	 | 	6,32
  0	 | 	2	 | 	2,83
  0	 | 	4	 | 	6,32
  0	 | 	8	 | 	8,94
  1	 | 	3	 | 	9,49
  1	 | 	7	 | 	10,82
  2	 | 	3	 | 	5,83
  2	 | 	5	 | 	14,56
  2	 | 	6	 | 	5,10
  2	 | 	8	 | 	6,32
  3	 | 	4	 | 	1,41
  3	 | 	6	 | 	4,47
  3	 | 	9	 | 	12,08
  4	 | 	5	 | 	18,00
  4	 | 	7	 | 	2,24
  4	 | 	9	 | 	10,77
  5	 | 	6	 | 	15,03
  5	 | 	9	 | 	8,94
  6	 | 	7	 | 	4,12
  7	 | 	9	 | 	11,18
  8	 | 	9	 | 	4,47
  2	 | 	4	 | 	5,66
  2	 | 	7	 | 	7,81
  4	 | 	8	 | 	6,32
  6	 | 	9	 | 	7,62
  3	 | 	7	 | 	3,00
  0	 | 	3	 | 	5,83
  1	 | 	9	 | 	8,25
  0	 | 	7	 | 	8,54
  4	 | 	6	 | 	3,16
  1	 | 	8	 | 	6,32
  1	 | 	4	 | 	8,94
  1	 | 	6	 | 	7,07
  6	 | 	8	 | 	3,16
  1	 | 	2	 | 	4,00
  1	 | 	5	 | 	10,77
  7	 | 	8	 | 	7,00
___________________________
Simulation Topology [1:18]
___________________________
From 	  To 		Length
___________________________
  0	 | 	1	 | 	6,32
  0	 | 	2	 | 	2,83
  0	 | 	4	 | 	6,32
  0	 | 	8	 | 	8,94
  1	 | 	3	 | 	9,49
  1	 | 	7	 | 	10,82
  2	 | 	3	 | 	5,83
  2	 | 	5	 | 	14,56
  2	 | 	6	 | 	5,10
  2	 | 	8	 | 	6,32
  3	 | 	4	 | 	1,41
  3	 | 	6	 | 	4,47
  3	 | 	9	 | 	12,08
  4	 | 	5	 | 	18,00
  4	 | 	7	 | 	2,24
  4	 | 	9	 | 	10,77
  5	 | 	6	 | 	15,03
  5	 | 	9	 | 	8,94
  6	 | 	7	 | 	4,12
  7	 | 	9	 | 	11,18
  8	 | 	9	 | 	4,47
  2	 | 	4	 | 	5,66
  2	 | 	7	 | 	7,81
  4	 | 	8	 | 	6,32
  6	 | 	9	 | 	7,62
  3	 | 	7	 | 	3,00
  0	 | 	3	 | 	5,83
  1	 | 	9	 | 	8,25
  0	 | 	7	 | 	8,54
  4	 | 	6	 | 	3,16
  1	 | 	8	 | 	6,32
  1	 | 	4	 | 	8,94
  1	 | 	6	 | 	7,07
  6	 | 	8	 | 	3,16
  1	 | 	2	 | 	4,00
  1	 | 	5	 | 	10,77
  7	 | 	8	 | 	7,00
  3	 | 	8	 | 	7,62
___________________________
Simulation Topology [1:19]
___________________________
From 	  To 		Length
___________________________
  0	 | 	1	 | 	6,32
  0	 | 	2	 | 	2,83
  0	 | 	4	 | 	6,32
  0	 | 	8	 | 	8,94
  1	 | 	3	 | 	9,49
  1	 | 	7	 | 	10,82
  2	 | 	3	 | 	5,83
  2	 | 	5	 | 	14,56
  2	 | 	6	 | 	5,10
  2	 | 	8	 | 	6,32
  3	 | 	4	 | 	1,41
  3	 | 	6	 | 	4,47
  3	 | 	9	 | 	12,08
  4	 | 	5	 | 	18,00
  4	 | 	7	 | 	2,24
  4	 | 	9	 | 	10,77
  5	 | 	6	 | 	15,03
  5	 | 	9	 | 	8,94
  6	 | 	7	 | 	4,12
  7	 | 	9	 | 	11,18
  8	 | 	9	 | 	4,47
  2	 | 	4	 | 	5,66
  2	 | 	7	 | 	7,81
  4	 | 	8	 | 	6,32
  6	 | 	9	 | 	7,62
  3	 | 	7	 | 	3,00
  0	 | 	3	 | 	5,83
  1	 | 	9	 | 	8,25
  0	 | 	7	 | 	8,54
  4	 | 	6	 | 	3,16
  1	 | 	8	 | 	6,32
  1	 | 	4	 | 	8,94
  1	 | 	6	 | 	7,07
  6	 | 	8	 | 	3,16
  1	 | 	2	 | 	4,00
  1	 | 	5	 | 	10,77
  7	 | 	8	 | 	7,00
  3	 | 	8	 | 	7,62
  2	 | 	9	 | 	10,00
___________________________
Simulation Topology [1:20]
___________________________
From 	  To 		Length
___________________________
  0	 | 	1	 | 	6,32
  0	 | 	2	 | 	2,83
  0	 | 	4	 | 	6,32
  0	 | 	8	 | 	8,94
  1	 | 	3	 | 	9,49
  1	 | 	7	 | 	10,82
  2	 | 	3	 | 	5,83
  2	 | 	5	 | 	14,56
  2	 | 	6	 | 	5,10
  2	 | 	8	 | 	6,32
  3	 | 	4	 | 	1,41
  3	 | 	6	 | 	4,47
  3	 | 	9	 | 	12,08
  4	 | 	5	 | 	18,00
  4	 | 	7	 | 	2,24
  4	 | 	9	 | 	10,77
  5	 | 	6	 | 	15,03
  5	 | 	9	 | 	8,94
  6	 | 	7	 | 	4,12
  7	 | 	9	 | 	11,18
  8	 | 	9	 | 	4,47
  2	 | 	4	 | 	5,66
  2	 | 	7	 | 	7,81
  4	 | 	8	 | 	6,32
  6	 | 	9	 | 	7,62
  3	 | 	7	 | 	3,00
  0	 | 	3	 | 	5,83
  1	 | 	9	 | 	8,25
  0	 | 	7	 | 	8,54
  4	 | 	6	 | 	3,16
  1	 | 	8	 | 	6,32
  1	 | 	4	 | 	8,94
  1	 | 	6	 | 	7,07
  6	 | 	8	 | 	3,16
  1	 | 	2	 | 	4,00
  1	 | 	5	 | 	10,77
  7	 | 	8	 | 	7,00
  3	 | 	8	 | 	7,62
  2	 | 	9	 | 	10,00
  0	 | 	6	 | 	7,07
___________________________
