Simulation Topology 1
___________________________
[1]				[0]		
[17]				[0]		
[11]				[2]		
[17]				[2]		
[6]				[3]		
[13]				[5]		
[2]				[6]		
[12]				[7]		
[14]				[7]		
[3]				[9]		
___________________________
Simulation Topology [1:1]
___________________________
From 	  To 		Length
___________________________
  0	 | 	1	 | 	16,00
  0	 | 	7	 | 	13,04
  1	 | 	4	 | 	11,40
  1	 | 	6	 | 	16,16
  1	 | 	7	 | 	8,60
  2	 | 	3	 | 	6,00
  2	 | 	5	 | 	3,61
  2	 | 	8	 | 	5,83
  2	 | 	9	 | 	10,63
  3	 | 	8	 | 	5,83
  3	 | 	9	 | 	15,65
  4	 | 	5	 | 	7,28
  4	 | 	6	 | 	5,00
  4	 | 	9	 | 	6,71
  5	 | 	6	 | 	11,05
  5	 | 	7	 | 	2,24
  5	 | 	9	 | 	10,77
  6	 | 	9	 | 	3,16
  8	 | 	9	 | 	11,18
___________________________
Simulation Topology [1:2]
___________________________
From 	  To 		Length
___________________________
  0	 | 	1	 | 	16,00
  0	 | 	7	 | 	13,04
  1	 | 	4	 | 	11,40
  1	 | 	6	 | 	16,16
  1	 | 	7	 | 	8,60
  2	 | 	3	 | 	6,00
  2	 | 	5	 | 	3,61
  2	 | 	8	 | 	5,83
  2	 | 	9	 | 	10,63
  3	 | 	8	 | 	5,83
  3	 | 	9	 | 	15,65
  4	 | 	5	 | 	7,28
  4	 | 	6	 | 	5,00
  4	 | 	9	 | 	6,71
  5	 | 	6	 | 	11,05
  5	 | 	7	 | 	2,24
  5	 | 	9	 | 	10,77
  6	 | 	9	 | 	3,16
  8	 | 	9	 | 	11,18
  1	 | 	5	 | 	6,40
___________________________
