Simulation Topology 1
___________________________
[16]				[0]		
[19]				[1]		
[1]				[2]		
[5]				[2]		
[3]				[3]		
[5]				[3]		
[19]				[4]		
[14]				[4]		
[8]				[6]		
[14]				[6]		
___________________________
Simulation Topology [1:1]
___________________________
From 	  To 		Length
___________________________
  0	 | 	1	 | 	3,16
  0	 | 	2	 | 	15,13
  0	 | 	4	 | 	13,34
  1	 | 	3	 | 	14,04
  1	 | 	6	 | 	3,00
  1	 | 	8	 | 	12,08
  2	 | 	3	 | 	4,00
  2	 | 	8	 | 	8,06
  2	 | 	9	 | 	13,60
  3	 | 	6	 | 	14,14
  4	 | 	5	 | 	2,00
  4	 | 	8	 | 	5,83
  5	 | 	6	 | 	14,04
  6	 | 	7	 | 	5,00
  6	 | 	8	 | 	11,18
  6	 | 	9	 | 	5,39
  7	 | 	8	 | 	6,32
___________________________
Simulation Topology [1:2]
___________________________
From 	  To 		Length
___________________________
  0	 | 	1	 | 	3,16
  0	 | 	2	 | 	15,13
  0	 | 	4	 | 	13,34
  1	 | 	3	 | 	14,04
  1	 | 	6	 | 	3,00
  1	 | 	8	 | 	12,08
  2	 | 	3	 | 	4,00
  2	 | 	8	 | 	8,06
  2	 | 	9	 | 	13,60
  3	 | 	6	 | 	14,14
  4	 | 	5	 | 	2,00
  4	 | 	8	 | 	5,83
  5	 | 	6	 | 	14,04
  6	 | 	7	 | 	5,00
  6	 | 	8	 | 	11,18
  6	 | 	9	 | 	5,39
  7	 | 	8	 | 	6,32
  3	 | 	5	 | 	1,00
___________________________
Simulation Topology [1:3]
___________________________
From 	  To 		Length
___________________________
  0	 | 	1	 | 	3,16
  0	 | 	2	 | 	15,13
  0	 | 	4	 | 	13,34
  1	 | 	3	 | 	14,04
  1	 | 	6	 | 	3,00
  1	 | 	8	 | 	12,08
  2	 | 	3	 | 	4,00
  2	 | 	8	 | 	8,06
  2	 | 	9	 | 	13,60
  3	 | 	6	 | 	14,14
  4	 | 	5	 | 	2,00
  4	 | 	8	 | 	5,83
  5	 | 	6	 | 	14,04
  6	 | 	7	 | 	5,00
  6	 | 	8	 | 	11,18
  6	 | 	9	 | 	5,39
  7	 | 	8	 | 	6,32
  3	 | 	5	 | 	1,00
  0	 | 	7	 | 	4,47
___________________________
Simulation Topology [1:4]
___________________________
From 	  To 		Length
___________________________
  0	 | 	1	 | 	3,16
  0	 | 	2	 | 	15,13
  0	 | 	4	 | 	13,34
  1	 | 	3	 | 	14,04
  1	 | 	6	 | 	3,00
  1	 | 	8	 | 	12,08
  2	 | 	3	 | 	4,00
  2	 | 	8	 | 	8,06
  2	 | 	9	 | 	13,60
  3	 | 	6	 | 	14,14
  4	 | 	5	 | 	2,00
  4	 | 	8	 | 	5,83
  5	 | 	6	 | 	14,04
  6	 | 	7	 | 	5,00
  6	 | 	8	 | 	11,18
  6	 | 	9	 | 	5,39
  7	 | 	8	 | 	6,32
  3	 | 	5	 | 	1,00
  0	 | 	7	 | 	4,47
  7	 | 	9	 | 	2,00
___________________________
