Simulation Topology 1
___________________________
[4]				[0]		
[17]				[0]		
[5]				[1]		
[5]				[4]		
[12]				[4]		
[8]				[5]		
[15]				[5]		
[12]				[6]		
[19]				[8]		
[1]				[9]		
___________________________
Simulation Topology [1:1]
___________________________
From 	  To 		Length
___________________________
  0	 | 	1	 | 	13,00
  0	 | 	5	 | 	6,40
  0	 | 	9	 | 	9,49
  1	 | 	3	 | 	12,65
  2	 | 	3	 | 	3,00
  2	 | 	4	 | 	7,62
  2	 | 	5	 | 	5,00
  2	 | 	8	 | 	15,65
  3	 | 	5	 | 	3,16
  3	 | 	9	 | 	6,40
  4	 | 	5	 | 	4,12
  4	 | 	8	 | 	8,06
  4	 | 	9	 | 	12,08
  5	 | 	8	 | 	11,40
  5	 | 	9	 | 	8,06
  6	 | 	7	 | 	3,16
  6	 | 	9	 | 	14,56
  7	 | 	8	 | 	7,28
___________________________
Simulation Topology [1:2]
___________________________
From 	  To 		Length
___________________________
  0	 | 	1	 | 	13,00
  0	 | 	5	 | 	6,40
  0	 | 	9	 | 	9,49
  1	 | 	3	 | 	12,65
  2	 | 	3	 | 	3,00
  2	 | 	4	 | 	7,62
  2	 | 	5	 | 	5,00
  2	 | 	8	 | 	15,65
  3	 | 	5	 | 	3,16
  3	 | 	9	 | 	6,40
  4	 | 	5	 | 	4,12
  4	 | 	8	 | 	8,06
  4	 | 	9	 | 	12,08
  5	 | 	8	 | 	11,40
  5	 | 	9	 | 	8,06
  6	 | 	7	 | 	3,16
  6	 | 	9	 | 	14,56
  7	 | 	8	 | 	7,28
  4	 | 	6	 | 	3,16
___________________________
Simulation Topology [1:3]
___________________________
From 	  To 		Length
___________________________
  0	 | 	1	 | 	13,00
  0	 | 	5	 | 	6,40
  0	 | 	9	 | 	9,49
  1	 | 	3	 | 	12,65
  2	 | 	3	 | 	3,00
  2	 | 	4	 | 	7,62
  2	 | 	5	 | 	5,00
  2	 | 	8	 | 	15,65
  3	 | 	5	 | 	3,16
  3	 | 	9	 | 	6,40
  4	 | 	5	 | 	4,12
  4	 | 	8	 | 	8,06
  4	 | 	9	 | 	12,08
  5	 | 	8	 | 	11,40
  5	 | 	9	 | 	8,06
  6	 | 	7	 | 	3,16
  6	 | 	9	 | 	14,56
  7	 | 	8	 | 	7,28
  4	 | 	6	 | 	3,16
  0	 | 	2	 | 	1,41
___________________________
