Simulation Topology 1
___________________________
[3]				[0]		
[11]				[0]		
[9]				[1]		
[2]				[2]		
[14]				[2]		
[12]				[3]		
[2]				[4]		
[17]				[5]		
[3]				[6]		
[14]				[7]		
___________________________
Simulation Topology [1:1]
___________________________
From 	  To 		Length
___________________________
  0	 | 	1	 | 	8,00
  0	 | 	7	 | 	14,87
  1	 | 	2	 | 	2,24
  1	 | 	4	 | 	3,61
  1	 | 	8	 | 	10,00
  2	 | 	3	 | 	7,07
  2	 | 	5	 | 	3,61
  2	 | 	6	 | 	7,62
  2	 | 	7	 | 	8,94
  2	 | 	8	 | 	7,81
  3	 | 	5	 | 	10,05
  3	 | 	7	 | 	15,30
  4	 | 	6	 | 	12,17
  4	 | 	9	 | 	5,00
  5	 | 	7	 | 	5,39
  5	 | 	9	 | 	4,47
  6	 | 	8	 | 	2,24
  6	 | 	9	 | 	12,37
  7	 | 	9	 | 	3,61
___________________________
Simulation Topology [1:2]
___________________________
From 	  To 		Length
___________________________
  0	 | 	1	 | 	8,00
  0	 | 	7	 | 	14,87
  1	 | 	2	 | 	2,24
  1	 | 	4	 | 	3,61
  1	 | 	8	 | 	10,00
  2	 | 	3	 | 	7,07
  2	 | 	5	 | 	3,61
  2	 | 	6	 | 	7,62
  2	 | 	7	 | 	8,94
  2	 | 	8	 | 	7,81
  3	 | 	5	 | 	10,05
  3	 | 	7	 | 	15,30
  4	 | 	6	 | 	12,17
  4	 | 	9	 | 	5,00
  5	 | 	7	 | 	5,39
  5	 | 	9	 | 	4,47
  6	 | 	8	 | 	2,24
  6	 | 	9	 | 	12,37
  7	 | 	9	 | 	3,61
  4	 | 	7	 | 	4,24
___________________________
