Simulation Topology 1
___________________________
[16]				[0]		
[1]				[0]		
[6]				[2]		
[10]				[3]		
[3]				[4]		
[18]				[4]		
[14]				[5]		
[0]				[6]		
[14]				[6]		
[17]				[7]		
___________________________
Simulation Topology [1:1]
___________________________
From 	  To 		Length
___________________________
  0	 | 	1	 | 	15,00
  0	 | 	2	 | 	10,20
  0	 | 	3	 | 	6,71
  0	 | 	7	 | 	17,09
  1	 | 	6	 | 	13,93
  1	 | 	8	 | 	14,32
  1	 | 	9	 | 	17,46
  2	 | 	3	 | 	4,12
  2	 | 	4	 | 	3,61
  2	 | 	6	 | 	8,54
  2	 | 	9	 | 	12,08
  3	 | 	6	 | 	4,47
  3	 | 	8	 | 	5,00
  4	 | 	5	 | 	15,00
  4	 | 	7	 | 	3,61
  4	 | 	9	 | 	14,32
  5	 | 	8	 | 	4,47
  6	 | 	9	 | 	3,61
  8	 | 	9	 | 	3,16
___________________________
Simulation Topology [1:2]
___________________________
From 	  To 		Length
___________________________
  0	 | 	1	 | 	15,00
  0	 | 	2	 | 	10,20
  0	 | 	3	 | 	6,71
  0	 | 	7	 | 	17,09
  1	 | 	6	 | 	13,93
  1	 | 	8	 | 	14,32
  1	 | 	9	 | 	17,46
  2	 | 	3	 | 	4,12
  2	 | 	4	 | 	3,61
  2	 | 	6	 | 	8,54
  2	 | 	9	 | 	12,08
  3	 | 	6	 | 	4,47
  3	 | 	8	 | 	5,00
  4	 | 	5	 | 	15,00
  4	 | 	7	 | 	3,61
  4	 | 	9	 | 	14,32
  5	 | 	8	 | 	4,47
  6	 | 	9	 | 	3,61
  8	 | 	9	 | 	3,16
  6	 | 	8	 | 	1,00
___________________________
