Simulation Topology 1
___________________________
[0]				[0]		
[15]				[0]		
[12]				[1]		
[19]				[1]		
[10]				[3]		
[5]				[3]		
[0]				[5]		
[13]				[5]		
[3]				[6]		
[4]				[7]		
___________________________
Simulation Topology [1:1]
___________________________
From 	  To 		Length
___________________________
  0	 | 	1	 | 	15,00
  0	 | 	6	 | 	5,00
  0	 | 	7	 | 	13,93
  1	 | 	2	 | 	3,16
  1	 | 	3	 | 	4,12
  2	 | 	3	 | 	7,00
  2	 | 	7	 | 	4,12
  2	 | 	9	 | 	10,00
  3	 | 	4	 | 	9,22
  4	 | 	5	 | 	5,00
  4	 | 	8	 | 	7,62
  5	 | 	7	 | 	8,25
  5	 | 	8	 | 	3,61
  5	 | 	9	 | 	4,12
  6	 | 	7	 | 	13,00
  6	 | 	9	 | 	4,47
  7	 | 	9	 | 	9,22
___________________________
Simulation Topology [1:2]
___________________________
From 	  To 		Length
___________________________
  0	 | 	1	 | 	15,00
  0	 | 	6	 | 	5,00
  0	 | 	7	 | 	13,93
  1	 | 	2	 | 	3,16
  1	 | 	3	 | 	4,12
  2	 | 	3	 | 	7,00
  2	 | 	7	 | 	4,12
  2	 | 	9	 | 	10,00
  3	 | 	4	 | 	9,22
  4	 | 	5	 | 	5,00
  4	 | 	8	 | 	7,62
  5	 | 	7	 | 	8,25
  5	 | 	8	 | 	3,61
  5	 | 	9	 | 	4,12
  6	 | 	7	 | 	13,00
  6	 | 	9	 | 	4,47
  7	 | 	9	 | 	9,22
  2	 | 	4	 | 	2,83
___________________________
Simulation Topology [1:3]
___________________________
From 	  To 		Length
___________________________
  0	 | 	1	 | 	15,00
  0	 | 	6	 | 	5,00
  0	 | 	7	 | 	13,93
  1	 | 	2	 | 	3,16
  1	 | 	3	 | 	4,12
  2	 | 	3	 | 	7,00
  2	 | 	7	 | 	4,12
  2	 | 	9	 | 	10,00
  3	 | 	4	 | 	9,22
  4	 | 	5	 | 	5,00
  4	 | 	8	 | 	7,62
  5	 | 	7	 | 	8,25
  5	 | 	8	 | 	3,61
  5	 | 	9	 | 	4,12
  6	 | 	7	 | 	13,00
  6	 | 	9	 | 	4,47
  7	 | 	9	 | 	9,22
  2	 | 	4	 | 	2,83
  0	 | 	4	 | 	10,44
___________________________
Simulation Topology [1:4]
___________________________
From 	  To 		Length
___________________________
  0	 | 	1	 | 	15,00
  0	 | 	6	 | 	5,00
  0	 | 	7	 | 	13,93
  1	 | 	2	 | 	3,16
  1	 | 	3	 | 	4,12
  2	 | 	3	 | 	7,00
  2	 | 	7	 | 	4,12
  2	 | 	9	 | 	10,00
  3	 | 	4	 | 	9,22
  4	 | 	5	 | 	5,00
  4	 | 	8	 | 	7,62
  5	 | 	7	 | 	8,25
  5	 | 	8	 | 	3,61
  5	 | 	9	 | 	4,12
  6	 | 	7	 | 	13,00
  6	 | 	9	 | 	4,47
  7	 | 	9	 | 	9,22
  2	 | 	4	 | 	2,83
  0	 | 	4	 | 	10,44
  1	 | 	7	 | 	5,39
___________________________
