Simulation Topology 1
___________________________
[17]				[0]		
[8]				[0]		
[18]				[1]		
[6]				[4]		
[19]				[4]		
[19]				[5]		
[2]				[5]		
[6]				[7]		
[19]				[8]		
[3]				[10]		
___________________________
Simulation Topology [1:1]
___________________________
From 	  To 		Length
___________________________
  0	 | 	1	 | 	9,00
  0	 | 	2	 | 	1,41
  0	 | 	3	 | 	11,70
  0	 | 	8	 | 	8,25
  0	 | 	9	 | 	17,20
  1	 | 	5	 | 	12,08
  1	 | 	8	 | 	13,60
  2	 | 	3	 | 	12,37
  2	 | 	6	 | 	16,49
  2	 | 	7	 | 	13,42
  2	 | 	8	 | 	7,07
  3	 | 	6	 | 	4,12
  3	 | 	9	 | 	6,71
  4	 | 	5	 | 	1,00
  4	 | 	9	 | 	17,09
  5	 | 	7	 | 	13,15
  5	 | 	8	 | 	3,00
  7	 | 	8	 | 	13,04
  7	 | 	9	 | 	4,24
___________________________
Simulation Topology [1:2]
___________________________
From 	  To 		Length
___________________________
  0	 | 	1	 | 	9,00
  0	 | 	2	 | 	1,41
  0	 | 	3	 | 	11,70
  0	 | 	8	 | 	8,25
  0	 | 	9	 | 	17,20
  1	 | 	5	 | 	12,08
  1	 | 	8	 | 	13,60
  2	 | 	3	 | 	12,37
  2	 | 	6	 | 	16,49
  2	 | 	7	 | 	13,42
  2	 | 	8	 | 	7,07
  3	 | 	6	 | 	4,12
  3	 | 	9	 | 	6,71
  4	 | 	5	 | 	1,00
  4	 | 	9	 | 	17,09
  5	 | 	7	 | 	13,15
  5	 | 	8	 | 	3,00
  7	 | 	8	 | 	13,04
  7	 | 	9	 | 	4,24
  2	 | 	4	 | 	3,16
___________________________
