Simulation Topology 1
___________________________
[13]				[0]		
[19]				[1]		
[15]				[3]		
[11]				[7]		
[5]				[10]		
[17]				[12]		
[18]				[13]		
[8]				[13]		
[3]				[14]		
[13]				[14]		
___________________________
Simulation Topology [1:1]
___________________________
From 	  To 		Length
___________________________
  0	 | 	1	 | 	6,08
  0	 | 	2	 | 	3,61
  0	 | 	5	 | 	12,65
  0	 | 	6	 | 	13,93
  0	 | 	8	 | 	17,20
  1	 | 	3	 | 	10,00
  1	 | 	4	 | 	16,64
  1	 | 	6	 | 	12,04
  1	 | 	7	 | 	16,28
  2	 | 	3	 | 	5,66
  2	 | 	4	 | 	12,21
  3	 | 	4	 | 	6,71
  3	 | 	7	 | 	6,71
  3	 | 	9	 | 	7,28
  4	 | 	6	 | 	13,34
  4	 | 	7	 | 	4,24
  5	 | 	7	 | 	9,06
  5	 | 	8	 | 	14,14
  6	 | 	9	 | 	5,10
___________________________
Simulation Topology [1:2]
___________________________
From 	  To 		Length
___________________________
  0	 | 	1	 | 	6,08
  0	 | 	2	 | 	3,61
  0	 | 	5	 | 	12,65
  0	 | 	6	 | 	13,93
  0	 | 	8	 | 	17,20
  1	 | 	3	 | 	10,00
  1	 | 	4	 | 	16,64
  1	 | 	6	 | 	12,04
  1	 | 	7	 | 	16,28
  2	 | 	3	 | 	5,66
  2	 | 	4	 | 	12,21
  3	 | 	4	 | 	6,71
  3	 | 	7	 | 	6,71
  3	 | 	9	 | 	7,28
  4	 | 	6	 | 	13,34
  4	 | 	7	 | 	4,24
  5	 | 	7	 | 	9,06
  5	 | 	8	 | 	14,14
  6	 | 	9	 | 	5,10
  7	 | 	9	 | 	5,10
___________________________
