Simulation Topology 1
___________________________
[4]				[1]		
[12]				[1]		
[19]				[2]		
[14]				[4]		
[12]				[4]		
[11]				[5]		
[9]				[5]		
[15]				[6]		
[4]				[6]		
[5]				[7]		
___________________________
Simulation Topology [1:1]
___________________________
From 	  To 		Length
___________________________
  0	 | 	1	 | 	8,00
  0	 | 	2	 | 	15,03
  0	 | 	3	 | 	10,44
  0	 | 	9	 | 	6,08
  1	 | 	6	 | 	5,00
  1	 | 	7	 | 	5,83
  2	 | 	3	 | 	5,39
  2	 | 	4	 | 	7,28
  2	 | 	6	 | 	10,44
  3	 | 	7	 | 	2,24
  3	 | 	8	 | 	10,20
  4	 | 	5	 | 	1,41
  5	 | 	7	 | 	4,12
  5	 | 	8	 | 	7,07
  5	 | 	9	 | 	6,32
  6	 | 	7	 | 	6,08
  6	 | 	9	 | 	4,47
___________________________
Simulation Topology [1:2]
___________________________
From 	  To 		Length
___________________________
  0	 | 	1	 | 	8,00
  0	 | 	2	 | 	15,03
  0	 | 	3	 | 	10,44
  0	 | 	9	 | 	6,08
  1	 | 	6	 | 	5,00
  1	 | 	7	 | 	5,83
  2	 | 	3	 | 	5,39
  2	 | 	4	 | 	7,28
  2	 | 	6	 | 	10,44
  3	 | 	7	 | 	2,24
  3	 | 	8	 | 	10,20
  4	 | 	5	 | 	1,41
  5	 | 	7	 | 	4,12
  5	 | 	8	 | 	7,07
  5	 | 	9	 | 	6,32
  6	 | 	7	 | 	6,08
  6	 | 	9	 | 	4,47
  8	 | 	9	 | 	1,41
___________________________
Simulation Topology [1:3]
___________________________
From 	  To 		Length
___________________________
  0	 | 	1	 | 	8,00
  0	 | 	2	 | 	15,03
  0	 | 	3	 | 	10,44
  0	 | 	9	 | 	6,08
  1	 | 	6	 | 	5,00
  1	 | 	7	 | 	5,83
  2	 | 	3	 | 	5,39
  2	 | 	4	 | 	7,28
  2	 | 	6	 | 	10,44
  3	 | 	7	 | 	2,24
  3	 | 	8	 | 	10,20
  4	 | 	5	 | 	1,41
  5	 | 	7	 | 	4,12
  5	 | 	8	 | 	7,07
  5	 | 	9	 | 	6,32
  6	 | 	7	 | 	6,08
  6	 | 	9	 | 	4,47
  8	 | 	9	 | 	1,41
  1	 | 	5	 | 	4,12
___________________________
Simulation Topology [1:4]
___________________________
From 	  To 		Length
___________________________
  0	 | 	1	 | 	8,00
  0	 | 	2	 | 	15,03
  0	 | 	3	 | 	10,44
  0	 | 	9	 | 	6,08
  1	 | 	6	 | 	5,00
  1	 | 	7	 | 	5,83
  2	 | 	3	 | 	5,39
  2	 | 	4	 | 	7,28
  2	 | 	6	 | 	10,44
  3	 | 	7	 | 	2,24
  3	 | 	8	 | 	10,20
  4	 | 	5	 | 	1,41
  5	 | 	7	 | 	4,12
  5	 | 	8	 | 	7,07
  5	 | 	9	 | 	6,32
  6	 | 	7	 | 	6,08
  6	 | 	9	 | 	4,47
  8	 | 	9	 | 	1,41
  1	 | 	5	 | 	4,12
  3	 | 	4	 | 	2,00
___________________________
