Simulation Topology 1
___________________________
[2]				[0]		
[3]				[3]		
[15]				[4]		
[7]				[4]		
[5]				[5]		
[3]				[5]		
[3]				[6]		
[9]				[7]		
[18]				[9]		
[11]				[9]		
___________________________
Simulation Topology [1:1]
___________________________
From 	  To 		Length
___________________________
  0	 | 	1	 | 	3,16
  0	 | 	2	 | 	13,60
  0	 | 	6	 | 	6,08
  0	 | 	9	 | 	12,73
  1	 | 	2	 | 	12,04
  1	 | 	6	 | 	3,00
  1	 | 	9	 | 	10,00
  2	 | 	3	 | 	8,00
  2	 | 	4	 | 	10,05
  2	 | 	7	 | 	6,71
  3	 | 	4	 | 	2,24
  3	 | 	8	 | 	12,08
  4	 | 	5	 | 	2,00
  4	 | 	6	 | 	2,24
  5	 | 	7	 | 	6,32
  6	 | 	9	 | 	8,54
  7	 | 	8	 | 	9,22
  7	 | 	9	 | 	2,83
___________________________
Simulation Topology [1:2]
___________________________
From 	  To 		Length
___________________________
  0	 | 	1	 | 	3,16
  0	 | 	2	 | 	13,60
  0	 | 	6	 | 	6,08
  0	 | 	9	 | 	12,73
  1	 | 	2	 | 	12,04
  1	 | 	6	 | 	3,00
  1	 | 	9	 | 	10,00
  2	 | 	3	 | 	8,00
  2	 | 	4	 | 	10,05
  2	 | 	7	 | 	6,71
  3	 | 	4	 | 	2,24
  3	 | 	8	 | 	12,08
  4	 | 	5	 | 	2,00
  4	 | 	6	 | 	2,24
  5	 | 	7	 | 	6,32
  6	 | 	9	 | 	8,54
  7	 | 	8	 | 	9,22
  7	 | 	9	 | 	2,83
  1	 | 	7	 | 	7,21
___________________________
Simulation Topology [1:3]
___________________________
From 	  To 		Length
___________________________
  0	 | 	1	 | 	3,16
  0	 | 	2	 | 	13,60
  0	 | 	6	 | 	6,08
  0	 | 	9	 | 	12,73
  1	 | 	2	 | 	12,04
  1	 | 	6	 | 	3,00
  1	 | 	9	 | 	10,00
  2	 | 	3	 | 	8,00
  2	 | 	4	 | 	10,05
  2	 | 	7	 | 	6,71
  3	 | 	4	 | 	2,24
  3	 | 	8	 | 	12,08
  4	 | 	5	 | 	2,00
  4	 | 	6	 | 	2,24
  5	 | 	7	 | 	6,32
  6	 | 	9	 | 	8,54
  7	 | 	8	 | 	9,22
  7	 | 	9	 | 	2,83
  1	 | 	7	 | 	7,21
  3	 | 	9	 | 	6,40
___________________________
