Simulation Topology 1
___________________________
[11]				[0]		
[8]				[1]		
[17]				[3]		
[15]				[4]		
[10]				[4]		
[3]				[5]		
[10]				[7]		
[15]				[9]		
[17]				[10]		
[14]				[11]		
___________________________
Simulation Topology [1:1]
___________________________
From 	  To 		Length
___________________________
  0	 | 	1	 | 	3,16
  0	 | 	5	 | 	9,43
  0	 | 	7	 | 	9,85
  0	 | 	8	 | 	11,66
  1	 | 	3	 | 	7,62
  1	 | 	4	 | 	3,61
  1	 | 	8	 | 	12,73
  2	 | 	4	 | 	7,07
  2	 | 	8	 | 	7,00
  3	 | 	5	 | 	12,04
  3	 | 	9	 | 	7,07
  4	 | 	6	 | 	3,00
  4	 | 	9	 | 	8,06
  5	 | 	6	 | 	7,28
  6	 | 	9	 | 	5,66
  7	 | 	8	 | 	2,24
  7	 | 	9	 | 	2,24
___________________________
Simulation Topology [1:2]
___________________________
From 	  To 		Length
___________________________
  0	 | 	1	 | 	3,16
  0	 | 	5	 | 	9,43
  0	 | 	7	 | 	9,85
  0	 | 	8	 | 	11,66
  1	 | 	3	 | 	7,62
  1	 | 	4	 | 	3,61
  1	 | 	8	 | 	12,73
  2	 | 	4	 | 	7,07
  2	 | 	8	 | 	7,00
  3	 | 	5	 | 	12,04
  3	 | 	9	 | 	7,07
  4	 | 	6	 | 	3,00
  4	 | 	9	 | 	8,06
  5	 | 	6	 | 	7,28
  6	 | 	9	 | 	5,66
  7	 | 	8	 | 	2,24
  7	 | 	9	 | 	2,24
  8	 | 	9	 | 	3,16
___________________________
Simulation Topology [1:3]
___________________________
From 	  To 		Length
___________________________
  0	 | 	1	 | 	3,16
  0	 | 	5	 | 	9,43
  0	 | 	7	 | 	9,85
  0	 | 	8	 | 	11,66
  1	 | 	3	 | 	7,62
  1	 | 	4	 | 	3,61
  1	 | 	8	 | 	12,73
  2	 | 	4	 | 	7,07
  2	 | 	8	 | 	7,00
  3	 | 	5	 | 	12,04
  3	 | 	9	 | 	7,07
  4	 | 	6	 | 	3,00
  4	 | 	9	 | 	8,06
  5	 | 	6	 | 	7,28
  6	 | 	9	 | 	5,66
  7	 | 	8	 | 	2,24
  7	 | 	9	 | 	2,24
  8	 | 	9	 | 	3,16
  3	 | 	7	 | 	5,00
___________________________
Simulation Topology [1:4]
___________________________
From 	  To 		Length
___________________________
  0	 | 	1	 | 	3,16
  0	 | 	5	 | 	9,43
  0	 | 	7	 | 	9,85
  0	 | 	8	 | 	11,66
  1	 | 	3	 | 	7,62
  1	 | 	4	 | 	3,61
  1	 | 	8	 | 	12,73
  2	 | 	4	 | 	7,07
  2	 | 	8	 | 	7,00
  3	 | 	5	 | 	12,04
  3	 | 	9	 | 	7,07
  4	 | 	6	 | 	3,00
  4	 | 	9	 | 	8,06
  5	 | 	6	 | 	7,28
  6	 | 	9	 | 	5,66
  7	 | 	8	 | 	2,24
  7	 | 	9	 | 	2,24
  8	 | 	9	 | 	3,16
  3	 | 	7	 | 	5,00
  3	 | 	6	 | 	5,83
___________________________
