Simulation Topology 1
___________________________
[7]				[0]		
[4]				[0]		
[19]				[1]		
[7]				[3]		
[15]				[6]		
[13]				[6]		
[11]				[7]		
[19]				[7]		
[0]				[8]		
[5]				[8]		
___________________________
Simulation Topology [1:1]
___________________________
From 	  To 		Length
___________________________
  0	 | 	1	 | 	3,00
  0	 | 	2	 | 	12,04
  0	 | 	4	 | 	10,00
  0	 | 	6	 | 	8,06
  1	 | 	2	 | 	15,03
  1	 | 	8	 | 	8,94
  2	 | 	3	 | 	12,17
  2	 | 	5	 | 	7,81
  3	 | 	5	 | 	6,71
  3	 | 	6	 | 	5,66
  3	 | 	7	 | 	12,65
  4	 | 	5	 | 	2,00
  4	 | 	6	 | 	4,12
  4	 | 	7	 | 	4,12
  4	 | 	8	 | 	15,13
  4	 | 	9	 | 	10,20
  5	 | 	9	 | 	8,25
  6	 | 	7	 | 	8,00
___________________________
Simulation Topology [1:2]
___________________________
From 	  To 		Length
___________________________
  0	 | 	1	 | 	3,00
  0	 | 	2	 | 	12,04
  0	 | 	4	 | 	10,00
  0	 | 	6	 | 	8,06
  1	 | 	2	 | 	15,03
  1	 | 	8	 | 	8,94
  2	 | 	3	 | 	12,17
  2	 | 	5	 | 	7,81
  3	 | 	5	 | 	6,71
  3	 | 	6	 | 	5,66
  3	 | 	7	 | 	12,65
  4	 | 	5	 | 	2,00
  4	 | 	6	 | 	4,12
  4	 | 	7	 | 	4,12
  4	 | 	8	 | 	15,13
  4	 | 	9	 | 	10,20
  5	 | 	9	 | 	8,25
  6	 | 	7	 | 	8,00
  5	 | 	6	 | 	2,24
___________________________
Simulation Topology [1:3]
___________________________
From 	  To 		Length
___________________________
  0	 | 	1	 | 	3,00
  0	 | 	2	 | 	12,04
  0	 | 	4	 | 	10,00
  0	 | 	6	 | 	8,06
  1	 | 	2	 | 	15,03
  1	 | 	8	 | 	8,94
  2	 | 	3	 | 	12,17
  2	 | 	5	 | 	7,81
  3	 | 	5	 | 	6,71
  3	 | 	6	 | 	5,66
  3	 | 	7	 | 	12,65
  4	 | 	5	 | 	2,00
  4	 | 	6	 | 	4,12
  4	 | 	7	 | 	4,12
  4	 | 	8	 | 	15,13
  4	 | 	9	 | 	10,20
  5	 | 	9	 | 	8,25
  6	 | 	7	 | 	8,00
  5	 | 	6	 | 	2,24
  8	 | 	9	 | 	5,00
___________________________
