Simulation Topology 1
___________________________
[9]				[1]		
[11]				[1]		
[9]				[2]		
[0]				[5]		
[5]				[6]		
[19]				[7]		
[0]				[7]		
[11]				[8]		
[5]				[8]		
[11]				[10]		
___________________________
Simulation Topology [1:1]
___________________________
From 	  To 		Length
___________________________
  0	 | 	1	 | 	2,00
  0	 | 	2	 | 	1,00
  0	 | 	7	 | 	7,28
  1	 | 	5	 | 	10,00
  1	 | 	9	 | 	9,00
  2	 | 	3	 | 	9,49
  2	 | 	4	 | 	5,66
  2	 | 	8	 | 	7,21
  3	 | 	4	 | 	5,10
  3	 | 	6	 | 	2,00
  3	 | 	7	 | 	11,40
  4	 | 	5	 | 	14,04
  4	 | 	8	 | 	2,00
  5	 | 	7	 | 	8,06
  5	 | 	8	 | 	14,04
  6	 | 	9	 | 	11,40
  7	 | 	9	 | 	2,00
___________________________
Simulation Topology [1:2]
___________________________
From 	  To 		Length
___________________________
  0	 | 	1	 | 	2,00
  0	 | 	2	 | 	1,00
  0	 | 	7	 | 	7,28
  1	 | 	5	 | 	10,00
  1	 | 	9	 | 	9,00
  2	 | 	3	 | 	9,49
  2	 | 	4	 | 	5,66
  2	 | 	8	 | 	7,21
  3	 | 	4	 | 	5,10
  3	 | 	6	 | 	2,00
  3	 | 	7	 | 	11,40
  4	 | 	5	 | 	14,04
  4	 | 	8	 | 	2,00
  5	 | 	7	 | 	8,06
  5	 | 	8	 | 	14,04
  6	 | 	9	 | 	11,40
  7	 | 	9	 | 	2,00
  1	 | 	2	 | 	2,24
___________________________
Simulation Topology [1:3]
___________________________
From 	  To 		Length
___________________________
  0	 | 	1	 | 	2,00
  0	 | 	2	 | 	1,00
  0	 | 	7	 | 	7,28
  1	 | 	5	 | 	10,00
  1	 | 	9	 | 	9,00
  2	 | 	3	 | 	9,49
  2	 | 	4	 | 	5,66
  2	 | 	8	 | 	7,21
  3	 | 	4	 | 	5,10
  3	 | 	6	 | 	2,00
  3	 | 	7	 | 	11,40
  4	 | 	5	 | 	14,04
  4	 | 	8	 | 	2,00
  5	 | 	7	 | 	8,06
  5	 | 	8	 | 	14,04
  6	 | 	9	 | 	11,40
  7	 | 	9	 | 	2,00
  1	 | 	2	 | 	2,24
  7	 | 	8	 | 	6,00
___________________________
Simulation Topology [1:4]
___________________________
From 	  To 		Length
___________________________
  0	 | 	1	 | 	2,00
  0	 | 	2	 | 	1,00
  0	 | 	7	 | 	7,28
  1	 | 	5	 | 	10,00
  1	 | 	9	 | 	9,00
  2	 | 	3	 | 	9,49
  2	 | 	4	 | 	5,66
  2	 | 	8	 | 	7,21
  3	 | 	4	 | 	5,10
  3	 | 	6	 | 	2,00
  3	 | 	7	 | 	11,40
  4	 | 	5	 | 	14,04
  4	 | 	8	 | 	2,00
  5	 | 	7	 | 	8,06
  5	 | 	8	 | 	14,04
  6	 | 	9	 | 	11,40
  7	 | 	9	 | 	2,00
  1	 | 	2	 | 	2,24
  7	 | 	8	 | 	6,00
  6	 | 	8	 | 	5,10
___________________________
