Simulation Topology 1
___________________________
[5]				[0]		
[2]				[0]		
[4]				[1]		
[2]				[1]		
[5]				[2]		
[7]				[2]		
[18]				[3]		
[9]				[5]		
[16]				[6]		
[7]				[7]		
___________________________
Simulation Topology [1:1]
___________________________
From 	  To 		Length
___________________________
  0	 | 	1	 | 	3,00
  0	 | 	2	 | 	1,41
  0	 | 	7	 | 	6,40
  0	 | 	8	 | 	12,53
  1	 | 	7	 | 	8,60
  1	 | 	9	 | 	8,60
  2	 | 	3	 | 	2,00
  2	 | 	7	 | 	6,40
  2	 | 	8	 | 	13,00
  3	 | 	5	 | 	5,10
  3	 | 	9	 | 	7,81
  4	 | 	5	 | 	2,00
  4	 | 	6	 | 	13,04
  4	 | 	7	 | 	5,00
  5	 | 	7	 | 	3,61
  5	 | 	8	 | 	9,85
  6	 | 	8	 | 	3,61
___________________________
Simulation Topology [1:2]
___________________________
From 	  To 		Length
___________________________
  0	 | 	1	 | 	3,00
  0	 | 	2	 | 	1,41
  0	 | 	7	 | 	6,40
  0	 | 	8	 | 	12,53
  1	 | 	7	 | 	8,60
  1	 | 	9	 | 	8,60
  2	 | 	3	 | 	2,00
  2	 | 	7	 | 	6,40
  2	 | 	8	 | 	13,00
  3	 | 	5	 | 	5,10
  3	 | 	9	 | 	7,81
  4	 | 	5	 | 	2,00
  4	 | 	6	 | 	13,04
  4	 | 	7	 | 	5,00
  5	 | 	7	 | 	3,61
  5	 | 	8	 | 	9,85
  6	 | 	8	 | 	3,61
  3	 | 	7	 | 	8,06
___________________________
Simulation Topology [1:3]
___________________________
From 	  To 		Length
___________________________
  0	 | 	1	 | 	3,00
  0	 | 	2	 | 	1,41
  0	 | 	7	 | 	6,40
  0	 | 	8	 | 	12,53
  1	 | 	7	 | 	8,60
  1	 | 	9	 | 	8,60
  2	 | 	3	 | 	2,00
  2	 | 	7	 | 	6,40
  2	 | 	8	 | 	13,00
  3	 | 	5	 | 	5,10
  3	 | 	9	 | 	7,81
  4	 | 	5	 | 	2,00
  4	 | 	6	 | 	13,04
  4	 | 	7	 | 	5,00
  5	 | 	7	 | 	3,61
  5	 | 	8	 | 	9,85
  6	 | 	8	 | 	3,61
  3	 | 	7	 | 	8,06
  2	 | 	4	 | 	1,41
___________________________
Simulation Topology [1:4]
___________________________
From 	  To 		Length
___________________________
  0	 | 	1	 | 	3,00
  0	 | 	2	 | 	1,41
  0	 | 	7	 | 	6,40
  0	 | 	8	 | 	12,53
  1	 | 	7	 | 	8,60
  1	 | 	9	 | 	8,60
  2	 | 	3	 | 	2,00
  2	 | 	7	 | 	6,40
  2	 | 	8	 | 	13,00
  3	 | 	5	 | 	5,10
  3	 | 	9	 | 	7,81
  4	 | 	5	 | 	2,00
  4	 | 	6	 | 	13,04
  4	 | 	7	 | 	5,00
  5	 | 	7	 | 	3,61
  5	 | 	8	 | 	9,85
  6	 | 	8	 | 	3,61
  3	 | 	7	 | 	8,06
  2	 | 	4	 | 	1,41
  0	 | 	4	 | 	2,00
___________________________
