Simulation Topology 1
___________________________
[7]				[0]		
[18]				[0]		
[14]				[1]		
[3]				[1]		
[4]				[2]		
[1]				[2]		
[7]				[4]		
[13]				[4]		
[2]				[9]		
[0]				[10]		
___________________________
Simulation Topology [1:1]
___________________________
From 	  To 		Length
___________________________
  0	 | 	1	 | 	11,00
  0	 | 	2	 | 	7,07
  0	 | 	8	 | 	10,30
  0	 | 	9	 | 	12,21
  1	 | 	2	 | 	4,12
  1	 | 	6	 | 	11,70
  1	 | 	8	 | 	18,36
  2	 | 	3	 | 	11,00
  2	 | 	4	 | 	10,05
  3	 | 	4	 | 	1,41
  3	 | 	8	 | 	8,06
  3	 | 	9	 | 	9,49
  4	 | 	5	 | 	3,00
  4	 | 	6	 | 	3,61
  5	 | 	6	 | 	6,32
  6	 | 	7	 | 	6,00
  6	 | 	8	 | 	7,07
  7	 | 	9	 | 	14,32
___________________________
Simulation Topology [1:2]
___________________________
From 	  To 		Length
___________________________
  0	 | 	1	 | 	11,00
  0	 | 	2	 | 	7,07
  0	 | 	8	 | 	10,30
  0	 | 	9	 | 	12,21
  1	 | 	2	 | 	4,12
  1	 | 	6	 | 	11,70
  1	 | 	8	 | 	18,36
  2	 | 	3	 | 	11,00
  2	 | 	4	 | 	10,05
  3	 | 	4	 | 	1,41
  3	 | 	8	 | 	8,06
  3	 | 	9	 | 	9,49
  4	 | 	5	 | 	3,00
  4	 | 	6	 | 	3,61
  5	 | 	6	 | 	6,32
  6	 | 	7	 | 	6,00
  6	 | 	8	 | 	7,07
  7	 | 	9	 | 	14,32
  4	 | 	9	 | 	8,94
___________________________
Simulation Topology [1:3]
___________________________
From 	  To 		Length
___________________________
  0	 | 	1	 | 	11,00
  0	 | 	2	 | 	7,07
  0	 | 	8	 | 	10,30
  0	 | 	9	 | 	12,21
  1	 | 	2	 | 	4,12
  1	 | 	6	 | 	11,70
  1	 | 	8	 | 	18,36
  2	 | 	3	 | 	11,00
  2	 | 	4	 | 	10,05
  3	 | 	4	 | 	1,41
  3	 | 	8	 | 	8,06
  3	 | 	9	 | 	9,49
  4	 | 	5	 | 	3,00
  4	 | 	6	 | 	3,61
  5	 | 	6	 | 	6,32
  6	 | 	7	 | 	6,00
  6	 | 	8	 | 	7,07
  7	 | 	9	 | 	14,32
  4	 | 	9	 | 	8,94
  3	 | 	5	 | 	2,24
___________________________
