Simulation Topology 1
___________________________
[0]				[0]		
[1]				[1]		
[17]				[1]		
[5]				[2]		
[2]				[2]		
[9]				[3]		
[17]				[3]		
[1]				[5]		
[9]				[6]		
[14]				[6]		
___________________________
Simulation Topology [1:1]
___________________________
From 	  To 		Length
___________________________
  0	 | 	1	 | 	1,41
  0	 | 	7	 | 	5,10
  0	 | 	8	 | 	10,82
  0	 | 	9	 | 	15,23
  1	 | 	6	 | 	16,12
  2	 | 	3	 | 	12,04
  2	 | 	9	 | 	5,83
  3	 | 	6	 | 	12,04
  3	 | 	8	 | 	5,66
  4	 | 	5	 | 	7,07
  4	 | 	7	 | 	3,16
  4	 | 	9	 | 	12,65
  5	 | 	8	 | 	3,00
  6	 | 	7	 | 	16,12
  6	 | 	8	 | 	8,54
  7	 | 	9	 | 	13,04
___________________________
Simulation Topology [1:2]
___________________________
From 	  To 		Length
___________________________
  0	 | 	1	 | 	1,41
  0	 | 	7	 | 	5,10
  0	 | 	8	 | 	10,82
  0	 | 	9	 | 	15,23
  1	 | 	6	 | 	16,12
  2	 | 	3	 | 	12,04
  2	 | 	9	 | 	5,83
  3	 | 	6	 | 	12,04
  3	 | 	8	 | 	5,66
  4	 | 	5	 | 	7,07
  4	 | 	7	 | 	3,16
  4	 | 	9	 | 	12,65
  5	 | 	8	 | 	3,00
  6	 | 	7	 | 	16,12
  6	 | 	8	 | 	8,54
  7	 | 	9	 | 	13,04
  1	 | 	4	 | 	1,41
___________________________
Simulation Topology [1:3]
___________________________
From 	  To 		Length
___________________________
  0	 | 	1	 | 	1,41
  0	 | 	7	 | 	5,10
  0	 | 	8	 | 	10,82
  0	 | 	9	 | 	15,23
  1	 | 	6	 | 	16,12
  2	 | 	3	 | 	12,04
  2	 | 	9	 | 	5,83
  3	 | 	6	 | 	12,04
  3	 | 	8	 | 	5,66
  4	 | 	5	 | 	7,07
  4	 | 	7	 | 	3,16
  4	 | 	9	 | 	12,65
  5	 | 	8	 | 	3,00
  6	 | 	7	 | 	16,12
  6	 | 	8	 | 	8,54
  7	 | 	9	 | 	13,04
  1	 | 	4	 | 	1,41
  2	 | 	6	 | 	2,00
___________________________
Simulation Topology [1:4]
___________________________
From 	  To 		Length
___________________________
  0	 | 	1	 | 	1,41
  0	 | 	7	 | 	5,10
  0	 | 	8	 | 	10,82
  0	 | 	9	 | 	15,23
  1	 | 	6	 | 	16,12
  2	 | 	3	 | 	12,04
  2	 | 	9	 | 	5,83
  3	 | 	6	 | 	12,04
  3	 | 	8	 | 	5,66
  4	 | 	5	 | 	7,07
  4	 | 	7	 | 	3,16
  4	 | 	9	 | 	12,65
  5	 | 	8	 | 	3,00
  6	 | 	7	 | 	16,12
  6	 | 	8	 | 	8,54
  7	 | 	9	 | 	13,04
  1	 | 	4	 | 	1,41
  2	 | 	6	 | 	2,00
  0	 | 	4	 | 	2,83
___________________________
Simulation Topology [1:5]
___________________________
From 	  To 		Length
___________________________
  0	 | 	1	 | 	1,41
  0	 | 	7	 | 	5,10
  0	 | 	8	 | 	10,82
  0	 | 	9	 | 	15,23
  1	 | 	6	 | 	16,12
  2	 | 	3	 | 	12,04
  2	 | 	9	 | 	5,83
  3	 | 	6	 | 	12,04
  3	 | 	8	 | 	5,66
  4	 | 	5	 | 	7,07
  4	 | 	7	 | 	3,16
  4	 | 	9	 | 	12,65
  5	 | 	8	 | 	3,00
  6	 | 	7	 | 	16,12
  6	 | 	8	 | 	8,54
  7	 | 	9	 | 	13,04
  1	 | 	4	 | 	1,41
  2	 | 	6	 | 	2,00
  0	 | 	4	 | 	2,83
  3	 | 	7	 | 	5,00
___________________________
