Simulation Topology 1
___________________________
[9]				[1]		
[18]				[6]		
[6]				[6]		
[13]				[8]		
[6]				[8]		
[2]				[11]		
[18]				[12]		
[15]				[13]		
[2]				[13]		
[9]				[15]		
___________________________
Simulation Topology [1:1]
___________________________
From 	  To 		Length
___________________________
  0	 | 	1	 | 	10,30
  0	 | 	2	 | 	5,83
  0	 | 	3	 | 	8,06
  0	 | 	4	 | 	7,62
  0	 | 	5	 | 	12,21
  0	 | 	9	 | 	14,00
  1	 | 	4	 | 	12,17
  1	 | 	6	 | 	6,00
  2	 | 	3	 | 	7,28
  2	 | 	8	 | 	8,06
  3	 | 	6	 | 	6,40
  3	 | 	7	 | 	5,39
  4	 | 	5	 | 	5,00
  4	 | 	9	 | 	7,62
  5	 | 	8	 | 	2,00
  5	 | 	9	 | 	8,06
  7	 | 	9	 | 	6,32
  8	 | 	9	 | 	7,28
___________________________
Simulation Topology [1:2]
___________________________
From 	  To 		Length
___________________________
  0	 | 	1	 | 	10,30
  0	 | 	2	 | 	5,83
  0	 | 	3	 | 	8,06
  0	 | 	4	 | 	7,62
  0	 | 	5	 | 	12,21
  0	 | 	9	 | 	14,00
  1	 | 	4	 | 	12,17
  1	 | 	6	 | 	6,00
  2	 | 	3	 | 	7,28
  2	 | 	8	 | 	8,06
  3	 | 	6	 | 	6,40
  3	 | 	7	 | 	5,39
  4	 | 	5	 | 	5,00
  4	 | 	9	 | 	7,62
  5	 | 	8	 | 	2,00
  5	 | 	9	 | 	8,06
  7	 | 	9	 | 	6,32
  8	 | 	9	 | 	7,28
  7	 | 	8	 | 	13,00
___________________________
Simulation Topology [1:3]
___________________________
From 	  To 		Length
___________________________
  0	 | 	1	 | 	10,30
  0	 | 	2	 | 	5,83
  0	 | 	3	 | 	8,06
  0	 | 	4	 | 	7,62
  0	 | 	5	 | 	12,21
  0	 | 	9	 | 	14,00
  1	 | 	4	 | 	12,17
  1	 | 	6	 | 	6,00
  2	 | 	3	 | 	7,28
  2	 | 	8	 | 	8,06
  3	 | 	6	 | 	6,40
  3	 | 	7	 | 	5,39
  4	 | 	5	 | 	5,00
  4	 | 	9	 | 	7,62
  5	 | 	8	 | 	2,00
  5	 | 	9	 | 	8,06
  7	 | 	9	 | 	6,32
  8	 | 	9	 | 	7,28
  7	 | 	8	 | 	13,00
  6	 | 	7	 | 	3,16
___________________________
