Simulation Topology 1
___________________________
[4]				[0]		
[9]				[1]		
[0]				[2]		
[5]				[3]		
[12]				[3]		
[16]				[4]		
[6]				[4]		
[9]				[6]		
[11]				[8]		
[8]				[8]		
___________________________
Simulation Topology [1:1]
___________________________
From 	  To 		Length
___________________________
  0	 | 	1	 | 	5,10
  0	 | 	2	 | 	4,47
  0	 | 	6	 | 	4,47
  1	 | 	4	 | 	3,61
  1	 | 	6	 | 	4,24
  1	 | 	9	 | 	7,07
  2	 | 	3	 | 	5,10
  2	 | 	4	 | 	12,04
  2	 | 	6	 | 	6,32
  3	 | 	8	 | 	7,81
  3	 | 	9	 | 	5,83
  4	 | 	5	 | 	4,12
  4	 | 	6	 | 	6,08
  4	 | 	7	 | 	4,24
  4	 | 	9	 | 	6,40
  5	 | 	7	 | 	7,28
  5	 | 	8	 | 	6,40
  6	 | 	7	 | 	3,61
  7	 | 	9	 | 	2,24
___________________________
Simulation Topology [1:2]
___________________________
From 	  To 		Length
___________________________
  0	 | 	1	 | 	5,10
  0	 | 	2	 | 	4,47
  0	 | 	6	 | 	4,47
  1	 | 	4	 | 	3,61
  1	 | 	6	 | 	4,24
  1	 | 	9	 | 	7,07
  2	 | 	3	 | 	5,10
  2	 | 	4	 | 	12,04
  2	 | 	6	 | 	6,32
  3	 | 	8	 | 	7,81
  3	 | 	9	 | 	5,83
  4	 | 	5	 | 	4,12
  4	 | 	6	 | 	6,08
  4	 | 	7	 | 	4,24
  4	 | 	9	 | 	6,40
  5	 | 	7	 | 	7,28
  5	 | 	8	 | 	6,40
  6	 | 	7	 | 	3,61
  7	 | 	9	 | 	2,24
  3	 | 	6	 | 	1,41
___________________________
