Simulation Topology 1
___________________________
[1]				[1]		
[9]				[2]		
[18]				[2]		
[0]				[3]		
[12]				[3]		
[19]				[4]		
[8]				[5]		
[6]				[5]		
[3]				[7]		
[9]				[7]		
___________________________
Simulation Topology [1:1]
___________________________
From 	  To 		Length
___________________________
  0	 | 	1	 | 	8,06
  0	 | 	3	 | 	2,24
  0	 | 	6	 | 	8,06
  0	 | 	8	 | 	6,32
  1	 | 	5	 | 	10,20
  1	 | 	8	 | 	7,81
  2	 | 	3	 | 	18,03
  2	 | 	7	 | 	12,37
  3	 | 	7	 | 	6,32
  4	 | 	5	 | 	7,07
  4	 | 	7	 | 	6,32
  5	 | 	7	 | 	13,04
  5	 | 	8	 | 	16,28
  5	 | 	9	 | 	10,44
  6	 | 	7	 | 	2,00
  6	 | 	9	 | 	2,24
  7	 | 	9	 | 	3,61
___________________________
Simulation Topology [1:2]
___________________________
From 	  To 		Length
___________________________
  0	 | 	1	 | 	8,06
  0	 | 	3	 | 	2,24
  0	 | 	6	 | 	8,06
  0	 | 	8	 | 	6,32
  1	 | 	5	 | 	10,20
  1	 | 	8	 | 	7,81
  2	 | 	3	 | 	18,03
  2	 | 	7	 | 	12,37
  3	 | 	7	 | 	6,32
  4	 | 	5	 | 	7,07
  4	 | 	7	 | 	6,32
  5	 | 	7	 | 	13,04
  5	 | 	8	 | 	16,28
  5	 | 	9	 | 	10,44
  6	 | 	7	 | 	2,00
  6	 | 	9	 | 	2,24
  7	 | 	9	 | 	3,61
  1	 | 	7	 | 	4,24
___________________________
Simulation Topology [1:3]
___________________________
From 	  To 		Length
___________________________
  0	 | 	1	 | 	8,06
  0	 | 	3	 | 	2,24
  0	 | 	6	 | 	8,06
  0	 | 	8	 | 	6,32
  1	 | 	5	 | 	10,20
  1	 | 	8	 | 	7,81
  2	 | 	3	 | 	18,03
  2	 | 	7	 | 	12,37
  3	 | 	7	 | 	6,32
  4	 | 	5	 | 	7,07
  4	 | 	7	 | 	6,32
  5	 | 	7	 | 	13,04
  5	 | 	8	 | 	16,28
  5	 | 	9	 | 	10,44
  6	 | 	7	 | 	2,00
  6	 | 	9	 | 	2,24
  7	 | 	9	 | 	3,61
  1	 | 	7	 | 	4,24
  0	 | 	7	 | 	6,40
___________________________
Simulation Topology [1:4]
___________________________
From 	  To 		Length
___________________________
  0	 | 	1	 | 	8,06
  0	 | 	3	 | 	2,24
  0	 | 	6	 | 	8,06
  0	 | 	8	 | 	6,32
  1	 | 	5	 | 	10,20
  1	 | 	8	 | 	7,81
  2	 | 	3	 | 	18,03
  2	 | 	7	 | 	12,37
  3	 | 	7	 | 	6,32
  4	 | 	5	 | 	7,07
  4	 | 	7	 | 	6,32
  5	 | 	7	 | 	13,04
  5	 | 	8	 | 	16,28
  5	 | 	9	 | 	10,44
  6	 | 	7	 | 	2,00
  6	 | 	9	 | 	2,24
  7	 | 	9	 | 	3,61
  1	 | 	7	 | 	4,24
  0	 | 	7	 | 	6,40
  7	 | 	8	 | 	3,61
___________________________
