Simulation Topology 1
___________________________
[3]				[0]		
[17]				[0]		
[9]				[1]		
[1]				[1]		
[12]				[2]		
[16]				[3]		
[5]				[4]		
[17]				[4]		
[16]				[5]		
[5]				[7]		
___________________________
Simulation Topology [1:1]
___________________________
From 	  To 		Length
___________________________
  0	 | 	1	 | 	14,00
  0	 | 	2	 | 	6,08
  0	 | 	7	 | 	14,56
  0	 | 	8	 | 	13,93
  1	 | 	4	 | 	5,39
  2	 | 	3	 | 	8,00
  2	 | 	4	 | 	3,16
  2	 | 	8	 | 	8,06
  3	 | 	8	 | 	15,52
  3	 | 	9	 | 	7,21
  4	 | 	5	 | 	4,12
  4	 | 	6	 | 	7,28
  4	 | 	7	 | 	5,39
  4	 | 	9	 | 	8,60
  5	 | 	8	 | 	2,00
  5	 | 	9	 | 	11,70
  6	 | 	8	 | 	11,05
  6	 | 	9	 | 	3,00
  7	 | 	8	 | 	1,41
___________________________
Simulation Topology [1:2]
___________________________
From 	  To 		Length
___________________________
  0	 | 	1	 | 	14,00
  0	 | 	2	 | 	6,08
  0	 | 	7	 | 	14,56
  0	 | 	8	 | 	13,93
  1	 | 	4	 | 	5,39
  2	 | 	3	 | 	8,00
  2	 | 	4	 | 	3,16
  2	 | 	8	 | 	8,06
  3	 | 	8	 | 	15,52
  3	 | 	9	 | 	7,21
  4	 | 	5	 | 	4,12
  4	 | 	6	 | 	7,28
  4	 | 	7	 | 	5,39
  4	 | 	9	 | 	8,60
  5	 | 	8	 | 	2,00
  5	 | 	9	 | 	11,70
  6	 | 	8	 | 	11,05
  6	 | 	9	 | 	3,00
  7	 | 	8	 | 	1,41
  3	 | 	6	 | 	5,00
___________________________
