Simulation Topology 1
___________________________
[8]				[0]		
[2]				[1]		
[7]				[2]		
[12]				[2]		
[15]				[4]		
[18]				[5]		
[13]				[6]		
[6]				[6]		
[15]				[8]		
[14]				[9]		
___________________________
Simulation Topology [1:1]
___________________________
From 	  To 		Length
___________________________
  0	 | 	1	 | 	6,08
  0	 | 	2	 | 	2,24
  0	 | 	4	 | 	8,06
  0	 | 	5	 | 	11,18
  0	 | 	8	 | 	10,63
  0	 | 	9	 | 	10,82
  1	 | 	2	 | 	5,10
  1	 | 	6	 | 	12,08
  1	 | 	8	 | 	14,76
  2	 | 	3	 | 	5,00
  2	 | 	5	 | 	11,40
  3	 | 	4	 | 	3,61
  3	 | 	8	 | 	6,71
  3	 | 	9	 | 	7,28
  4	 | 	8	 | 	4,00
  4	 | 	9	 | 	5,10
  5	 | 	6	 | 	5,10
  5	 | 	7	 | 	12,04
  5	 | 	8	 | 	4,24
  5	 | 	9	 | 	5,66
  7	 | 	8	 | 	9,22
___________________________
Simulation Topology [1:2]
___________________________
From 	  To 		Length
___________________________
  0	 | 	1	 | 	6,08
  0	 | 	2	 | 	2,24
  0	 | 	4	 | 	8,06
  0	 | 	5	 | 	11,18
  0	 | 	8	 | 	10,63
  0	 | 	9	 | 	10,82
  1	 | 	2	 | 	5,10
  1	 | 	6	 | 	12,08
  1	 | 	8	 | 	14,76
  2	 | 	3	 | 	5,00
  2	 | 	5	 | 	11,40
  3	 | 	4	 | 	3,61
  3	 | 	8	 | 	6,71
  3	 | 	9	 | 	7,28
  4	 | 	8	 | 	4,00
  4	 | 	9	 | 	5,10
  5	 | 	6	 | 	5,10
  5	 | 	7	 | 	12,04
  5	 | 	8	 | 	4,24
  5	 | 	9	 | 	5,66
  7	 | 	8	 | 	9,22
  4	 | 	6	 | 	2,83
___________________________
Simulation Topology [1:3]
___________________________
From 	  To 		Length
___________________________
  0	 | 	1	 | 	6,08
  0	 | 	2	 | 	2,24
  0	 | 	4	 | 	8,06
  0	 | 	5	 | 	11,18
  0	 | 	8	 | 	10,63
  0	 | 	9	 | 	10,82
  1	 | 	2	 | 	5,10
  1	 | 	6	 | 	12,08
  1	 | 	8	 | 	14,76
  2	 | 	3	 | 	5,00
  2	 | 	5	 | 	11,40
  3	 | 	4	 | 	3,61
  3	 | 	8	 | 	6,71
  3	 | 	9	 | 	7,28
  4	 | 	8	 | 	4,00
  4	 | 	9	 | 	5,10
  5	 | 	6	 | 	5,10
  5	 | 	7	 | 	12,04
  5	 | 	8	 | 	4,24
  5	 | 	9	 | 	5,66
  7	 | 	8	 | 	9,22
  4	 | 	6	 | 	2,83
  2	 | 	7	 | 	4,12
___________________________
Simulation Topology [1:4]
___________________________
From 	  To 		Length
___________________________
  0	 | 	1	 | 	6,08
  0	 | 	2	 | 	2,24
  0	 | 	4	 | 	8,06
  0	 | 	5	 | 	11,18
  0	 | 	8	 | 	10,63
  0	 | 	9	 | 	10,82
  1	 | 	2	 | 	5,10
  1	 | 	6	 | 	12,08
  1	 | 	8	 | 	14,76
  2	 | 	3	 | 	5,00
  2	 | 	5	 | 	11,40
  3	 | 	4	 | 	3,61
  3	 | 	8	 | 	6,71
  3	 | 	9	 | 	7,28
  4	 | 	8	 | 	4,00
  4	 | 	9	 | 	5,10
  5	 | 	6	 | 	5,10
  5	 | 	7	 | 	12,04
  5	 | 	8	 | 	4,24
  5	 | 	9	 | 	5,66
  7	 | 	8	 | 	9,22
  4	 | 	6	 | 	2,83
  2	 | 	7	 | 	4,12
  4	 | 	5	 | 	3,16
___________________________
Simulation Topology [1:5]
___________________________
From 	  To 		Length
___________________________
  0	 | 	1	 | 	6,08
  0	 | 	2	 | 	2,24
  0	 | 	4	 | 	8,06
  0	 | 	5	 | 	11,18
  0	 | 	8	 | 	10,63
  0	 | 	9	 | 	10,82
  1	 | 	2	 | 	5,10
  1	 | 	6	 | 	12,08
  1	 | 	8	 | 	14,76
  2	 | 	3	 | 	5,00
  2	 | 	5	 | 	11,40
  3	 | 	4	 | 	3,61
  3	 | 	8	 | 	6,71
  3	 | 	9	 | 	7,28
  4	 | 	8	 | 	4,00
  4	 | 	9	 | 	5,10
  5	 | 	6	 | 	5,10
  5	 | 	7	 | 	12,04
  5	 | 	8	 | 	4,24
  5	 | 	9	 | 	5,66
  7	 | 	8	 | 	9,22
  4	 | 	6	 | 	2,83
  2	 | 	7	 | 	4,12
  4	 | 	5	 | 	3,16
  3	 | 	6	 | 	4,12
___________________________
Simulation Topology [1:6]
___________________________
From 	  To 		Length
___________________________
  0	 | 	1	 | 	6,08
  0	 | 	2	 | 	2,24
  0	 | 	4	 | 	8,06
  0	 | 	5	 | 	11,18
  0	 | 	8	 | 	10,63
  0	 | 	9	 | 	10,82
  1	 | 	2	 | 	5,10
  1	 | 	6	 | 	12,08
  1	 | 	8	 | 	14,76
  2	 | 	3	 | 	5,00
  2	 | 	5	 | 	11,40
  3	 | 	4	 | 	3,61
  3	 | 	8	 | 	6,71
  3	 | 	9	 | 	7,28
  4	 | 	8	 | 	4,00
  4	 | 	9	 | 	5,10
  5	 | 	6	 | 	5,10
  5	 | 	7	 | 	12,04
  5	 | 	8	 | 	4,24
  5	 | 	9	 | 	5,66
  7	 | 	8	 | 	9,22
  4	 | 	6	 | 	2,83
  2	 | 	7	 | 	4,12
  4	 | 	5	 | 	3,16
  3	 | 	6	 | 	4,12
  8	 | 	9	 | 	1,41
___________________________
Simulation Topology [1:7]
___________________________
From 	  To 		Length
___________________________
  0	 | 	1	 | 	6,08
  0	 | 	2	 | 	2,24
  0	 | 	4	 | 	8,06
  0	 | 	5	 | 	11,18
  0	 | 	8	 | 	10,63
  0	 | 	9	 | 	10,82
  1	 | 	2	 | 	5,10
  1	 | 	6	 | 	12,08
  1	 | 	8	 | 	14,76
  2	 | 	3	 | 	5,00
  2	 | 	5	 | 	11,40
  3	 | 	4	 | 	3,61
  3	 | 	8	 | 	6,71
  3	 | 	9	 | 	7,28
  4	 | 	8	 | 	4,00
  4	 | 	9	 | 	5,10
  5	 | 	6	 | 	5,10
  5	 | 	7	 | 	12,04
  5	 | 	8	 | 	4,24
  5	 | 	9	 | 	5,66
  7	 | 	8	 | 	9,22
  4	 | 	6	 | 	2,83
  2	 | 	7	 | 	4,12
  4	 | 	5	 | 	3,16
  3	 | 	6	 | 	4,12
  8	 | 	9	 | 	1,41
  6	 | 	8	 | 	2,83
___________________________
Simulation Topology [1:8]
___________________________
From 	  To 		Length
___________________________
  0	 | 	1	 | 	6,08
  0	 | 	2	 | 	2,24
  0	 | 	4	 | 	8,06
  0	 | 	5	 | 	11,18
  0	 | 	8	 | 	10,63
  0	 | 	9	 | 	10,82
  1	 | 	2	 | 	5,10
  1	 | 	6	 | 	12,08
  1	 | 	8	 | 	14,76
  2	 | 	3	 | 	5,00
  2	 | 	5	 | 	11,40
  3	 | 	4	 | 	3,61
  3	 | 	8	 | 	6,71
  3	 | 	9	 | 	7,28
  4	 | 	8	 | 	4,00
  4	 | 	9	 | 	5,10
  5	 | 	6	 | 	5,10
  5	 | 	7	 | 	12,04
  5	 | 	8	 | 	4,24
  5	 | 	9	 | 	5,66
  7	 | 	8	 | 	9,22
  4	 | 	6	 | 	2,83
  2	 | 	7	 | 	4,12
  4	 | 	5	 | 	3,16
  3	 | 	6	 | 	4,12
  8	 | 	9	 | 	1,41
  6	 | 	8	 | 	2,83
  0	 | 	3	 | 	4,47
___________________________
Simulation Topology [1:9]
___________________________
From 	  To 		Length
___________________________
  0	 | 	1	 | 	6,08
  0	 | 	2	 | 	2,24
  0	 | 	4	 | 	8,06
  0	 | 	5	 | 	11,18
  0	 | 	8	 | 	10,63
  0	 | 	9	 | 	10,82
  1	 | 	2	 | 	5,10
  1	 | 	6	 | 	12,08
  1	 | 	8	 | 	14,76
  2	 | 	3	 | 	5,00
  2	 | 	5	 | 	11,40
  3	 | 	4	 | 	3,61
  3	 | 	8	 | 	6,71
  3	 | 	9	 | 	7,28
  4	 | 	8	 | 	4,00
  4	 | 	9	 | 	5,10
  5	 | 	6	 | 	5,10
  5	 | 	7	 | 	12,04
  5	 | 	8	 | 	4,24
  5	 | 	9	 | 	5,66
  7	 | 	8	 | 	9,22
  4	 | 	6	 | 	2,83
  2	 | 	7	 | 	4,12
  4	 | 	5	 | 	3,16
  3	 | 	6	 | 	4,12
  8	 | 	9	 | 	1,41
  6	 | 	8	 | 	2,83
  0	 | 	3	 | 	4,47
  3	 | 	5	 | 	6,71
___________________________
Simulation Topology [1:10]
___________________________
From 	  To 		Length
___________________________
  0	 | 	1	 | 	6,08
  0	 | 	2	 | 	2,24
  0	 | 	4	 | 	8,06
  0	 | 	5	 | 	11,18
  0	 | 	8	 | 	10,63
  0	 | 	9	 | 	10,82
  1	 | 	2	 | 	5,10
  1	 | 	6	 | 	12,08
  1	 | 	8	 | 	14,76
  2	 | 	3	 | 	5,00
  2	 | 	5	 | 	11,40
  3	 | 	4	 | 	3,61
  3	 | 	8	 | 	6,71
  3	 | 	9	 | 	7,28
  4	 | 	8	 | 	4,00
  4	 | 	9	 | 	5,10
  5	 | 	6	 | 	5,10
  5	 | 	7	 | 	12,04
  5	 | 	8	 | 	4,24
  5	 | 	9	 | 	5,66
  7	 | 	8	 | 	9,22
  4	 | 	6	 | 	2,83
  2	 | 	7	 | 	4,12
  4	 | 	5	 | 	3,16
  3	 | 	6	 | 	4,12
  8	 | 	9	 | 	1,41
  6	 | 	8	 | 	2,83
  0	 | 	3	 | 	4,47
  3	 | 	5	 | 	6,71
  0	 | 	6	 | 	7,81
___________________________
Simulation Topology [1:11]
___________________________
From 	  To 		Length
___________________________
  0	 | 	1	 | 	6,08
  0	 | 	2	 | 	2,24
  0	 | 	4	 | 	8,06
  0	 | 	5	 | 	11,18
  0	 | 	8	 | 	10,63
  0	 | 	9	 | 	10,82
  1	 | 	2	 | 	5,10
  1	 | 	6	 | 	12,08
  1	 | 	8	 | 	14,76
  2	 | 	3	 | 	5,00
  2	 | 	5	 | 	11,40
  3	 | 	4	 | 	3,61
  3	 | 	8	 | 	6,71
  3	 | 	9	 | 	7,28
  4	 | 	8	 | 	4,00
  4	 | 	9	 | 	5,10
  5	 | 	6	 | 	5,10
  5	 | 	7	 | 	12,04
  5	 | 	8	 | 	4,24
  5	 | 	9	 | 	5,66
  7	 | 	8	 | 	9,22
  4	 | 	6	 | 	2,83
  2	 | 	7	 | 	4,12
  4	 | 	5	 | 	3,16
  3	 | 	6	 | 	4,12
  8	 | 	9	 | 	1,41
  6	 | 	8	 | 	2,83
  0	 | 	3	 | 	4,47
  3	 | 	5	 | 	6,71
  0	 | 	6	 | 	7,81
  6	 | 	9	 | 	3,16
___________________________
Simulation Topology [1:12]
___________________________
From 	  To 		Length
___________________________
  0	 | 	1	 | 	6,08
  0	 | 	2	 | 	2,24
  0	 | 	4	 | 	8,06
  0	 | 	5	 | 	11,18
  0	 | 	8	 | 	10,63
  0	 | 	9	 | 	10,82
  1	 | 	2	 | 	5,10
  1	 | 	6	 | 	12,08
  1	 | 	8	 | 	14,76
  2	 | 	3	 | 	5,00
  2	 | 	5	 | 	11,40
  3	 | 	4	 | 	3,61
  3	 | 	8	 | 	6,71
  3	 | 	9	 | 	7,28
  4	 | 	8	 | 	4,00
  4	 | 	9	 | 	5,10
  5	 | 	6	 | 	5,10
  5	 | 	7	 | 	12,04
  5	 | 	8	 | 	4,24
  5	 | 	9	 | 	5,66
  7	 | 	8	 | 	9,22
  4	 | 	6	 | 	2,83
  2	 | 	7	 | 	4,12
  4	 | 	5	 | 	3,16
  3	 | 	6	 | 	4,12
  8	 | 	9	 | 	1,41
  6	 | 	8	 | 	2,83
  0	 | 	3	 | 	4,47
  3	 | 	5	 | 	6,71
  0	 | 	6	 | 	7,81
  6	 | 	9	 | 	3,16
  7	 | 	9	 | 	8,54
___________________________
Simulation Topology [1:13]
___________________________
From 	  To 		Length
___________________________
  0	 | 	1	 | 	6,08
  0	 | 	2	 | 	2,24
  0	 | 	4	 | 	8,06
  0	 | 	5	 | 	11,18
  0	 | 	8	 | 	10,63
  0	 | 	9	 | 	10,82
  1	 | 	2	 | 	5,10
  1	 | 	6	 | 	12,08
  1	 | 	8	 | 	14,76
  2	 | 	3	 | 	5,00
  2	 | 	5	 | 	11,40
  3	 | 	4	 | 	3,61
  3	 | 	8	 | 	6,71
  3	 | 	9	 | 	7,28
  4	 | 	8	 | 	4,00
  4	 | 	9	 | 	5,10
  5	 | 	6	 | 	5,10
  5	 | 	7	 | 	12,04
  5	 | 	8	 | 	4,24
  5	 | 	9	 | 	5,66
  7	 | 	8	 | 	9,22
  4	 | 	6	 | 	2,83
  2	 | 	7	 | 	4,12
  4	 | 	5	 | 	3,16
  3	 | 	6	 | 	4,12
  8	 | 	9	 | 	1,41
  6	 | 	8	 | 	2,83
  0	 | 	3	 | 	4,47
  3	 | 	5	 | 	6,71
  0	 | 	6	 | 	7,81
  6	 | 	9	 | 	3,16
  7	 | 	9	 | 	8,54
  2	 | 	8	 | 	10,00
___________________________
Simulation Topology [1:14]
___________________________
From 	  To 		Length
___________________________
  0	 | 	1	 | 	6,08
  0	 | 	2	 | 	2,24
  0	 | 	4	 | 	8,06
  0	 | 	5	 | 	11,18
  0	 | 	8	 | 	10,63
  0	 | 	9	 | 	10,82
  1	 | 	2	 | 	5,10
  1	 | 	6	 | 	12,08
  1	 | 	8	 | 	14,76
  2	 | 	3	 | 	5,00
  2	 | 	5	 | 	11,40
  3	 | 	4	 | 	3,61
  3	 | 	8	 | 	6,71
  3	 | 	9	 | 	7,28
  4	 | 	8	 | 	4,00
  4	 | 	9	 | 	5,10
  5	 | 	6	 | 	5,10
  5	 | 	7	 | 	12,04
  5	 | 	8	 | 	4,24
  5	 | 	9	 | 	5,66
  7	 | 	8	 | 	9,22
  4	 | 	6	 | 	2,83
  2	 | 	7	 | 	4,12
  4	 | 	5	 | 	3,16
  3	 | 	6	 | 	4,12
  8	 | 	9	 | 	1,41
  6	 | 	8	 | 	2,83
  0	 | 	3	 | 	4,47
  3	 | 	5	 | 	6,71
  0	 | 	6	 | 	7,81
  6	 | 	9	 | 	3,16
  7	 | 	9	 | 	8,54
  2	 | 	8	 | 	10,00
  1	 | 	4	 | 	13,34
___________________________
Simulation Topology [1:15]
___________________________
From 	  To 		Length
___________________________
  0	 | 	1	 | 	6,08
  0	 | 	2	 | 	2,24
  0	 | 	4	 | 	8,06
  0	 | 	5	 | 	11,18
  0	 | 	8	 | 	10,63
  0	 | 	9	 | 	10,82
  1	 | 	2	 | 	5,10
  1	 | 	6	 | 	12,08
  1	 | 	8	 | 	14,76
  2	 | 	3	 | 	5,00
  2	 | 	5	 | 	11,40
  3	 | 	4	 | 	3,61
  3	 | 	8	 | 	6,71
  3	 | 	9	 | 	7,28
  4	 | 	8	 | 	4,00
  4	 | 	9	 | 	5,10
  5	 | 	6	 | 	5,10
  5	 | 	7	 | 	12,04
  5	 | 	8	 | 	4,24
  5	 | 	9	 | 	5,66
  7	 | 	8	 | 	9,22
  4	 | 	6	 | 	2,83
  2	 | 	7	 | 	4,12
  4	 | 	5	 | 	3,16
  3	 | 	6	 | 	4,12
  8	 | 	9	 | 	1,41
  6	 | 	8	 | 	2,83
  0	 | 	3	 | 	4,47
  3	 | 	5	 | 	6,71
  0	 | 	6	 | 	7,81
  6	 | 	9	 | 	3,16
  7	 | 	9	 | 	8,54
  2	 | 	8	 | 	10,00
  1	 | 	4	 | 	13,34
  2	 | 	6	 | 	7,21
___________________________
Simulation Topology [1:16]
___________________________
From 	  To 		Length
___________________________
  0	 | 	1	 | 	6,08
  0	 | 	2	 | 	2,24
  0	 | 	4	 | 	8,06
  0	 | 	5	 | 	11,18
  0	 | 	8	 | 	10,63
  0	 | 	9	 | 	10,82
  1	 | 	2	 | 	5,10
  1	 | 	6	 | 	12,08
  1	 | 	8	 | 	14,76
  2	 | 	3	 | 	5,00
  2	 | 	5	 | 	11,40
  3	 | 	4	 | 	3,61
  3	 | 	8	 | 	6,71
  3	 | 	9	 | 	7,28
  4	 | 	8	 | 	4,00
  4	 | 	9	 | 	5,10
  5	 | 	6	 | 	5,10
  5	 | 	7	 | 	12,04
  5	 | 	8	 | 	4,24
  5	 | 	9	 | 	5,66
  7	 | 	8	 | 	9,22
  4	 | 	6	 | 	2,83
  2	 | 	7	 | 	4,12
  4	 | 	5	 | 	3,16
  3	 | 	6	 | 	4,12
  8	 | 	9	 | 	1,41
  6	 | 	8	 | 	2,83
  0	 | 	3	 | 	4,47
  3	 | 	5	 | 	6,71
  0	 | 	6	 | 	7,81
  6	 | 	9	 | 	3,16
  7	 | 	9	 | 	8,54
  2	 | 	8	 | 	10,00
  1	 | 	4	 | 	13,34
  2	 | 	6	 | 	7,21
  1	 | 	7	 | 	6,40
___________________________
Simulation Topology [1:17]
___________________________
From 	  To 		Length
___________________________
  0	 | 	1	 | 	6,08
  0	 | 	2	 | 	2,24
  0	 | 	4	 | 	8,06
  0	 | 	5	 | 	11,18
  0	 | 	8	 | 	10,63
  0	 | 	9	 | 	10,82
  1	 | 	2	 | 	5,10
  1	 | 	6	 | 	12,08
  1	 | 	8	 | 	14,76
  2	 | 	3	 | 	5,00
  2	 | 	5	 | 	11,40
  3	 | 	4	 | 	3,61
  3	 | 	8	 | 	6,71
  3	 | 	9	 | 	7,28
  4	 | 	8	 | 	4,00
  4	 | 	9	 | 	5,10
  5	 | 	6	 | 	5,10
  5	 | 	7	 | 	12,04
  5	 | 	8	 | 	4,24
  5	 | 	9	 | 	5,66
  7	 | 	8	 | 	9,22
  4	 | 	6	 | 	2,83
  2	 | 	7	 | 	4,12
  4	 | 	5	 | 	3,16
  3	 | 	6	 | 	4,12
  8	 | 	9	 | 	1,41
  6	 | 	8	 | 	2,83
  0	 | 	3	 | 	4,47
  3	 | 	5	 | 	6,71
  0	 | 	6	 | 	7,81
  6	 | 	9	 | 	3,16
  7	 | 	9	 | 	8,54
  2	 | 	8	 | 	10,00
  1	 | 	4	 | 	13,34
  2	 | 	6	 | 	7,21
  1	 | 	7	 | 	6,40
  4	 | 	7	 | 	9,22
___________________________
Simulation Topology [1:18]
___________________________
From 	  To 		Length
___________________________
  0	 | 	1	 | 	6,08
  0	 | 	2	 | 	2,24
  0	 | 	4	 | 	8,06
  0	 | 	5	 | 	11,18
  0	 | 	8	 | 	10,63
  0	 | 	9	 | 	10,82
  1	 | 	2	 | 	5,10
  1	 | 	6	 | 	12,08
  1	 | 	8	 | 	14,76
  2	 | 	3	 | 	5,00
  2	 | 	5	 | 	11,40
  3	 | 	4	 | 	3,61
  3	 | 	8	 | 	6,71
  3	 | 	9	 | 	7,28
  4	 | 	8	 | 	4,00
  4	 | 	9	 | 	5,10
  5	 | 	6	 | 	5,10
  5	 | 	7	 | 	12,04
  5	 | 	8	 | 	4,24
  5	 | 	9	 | 	5,66
  7	 | 	8	 | 	9,22
  4	 | 	6	 | 	2,83
  2	 | 	7	 | 	4,12
  4	 | 	5	 | 	3,16
  3	 | 	6	 | 	4,12
  8	 | 	9	 | 	1,41
  6	 | 	8	 | 	2,83
  0	 | 	3	 | 	4,47
  3	 | 	5	 | 	6,71
  0	 | 	6	 | 	7,81
  6	 | 	9	 | 	3,16
  7	 | 	9	 | 	8,54
  2	 | 	8	 | 	10,00
  1	 | 	4	 | 	13,34
  2	 | 	6	 | 	7,21
  1	 | 	7	 | 	6,40
  4	 | 	7	 | 	9,22
  0	 | 	7	 | 	6,32
___________________________
Simulation Topology [1:19]
___________________________
From 	  To 		Length
___________________________
  0	 | 	1	 | 	6,08
  0	 | 	2	 | 	2,24
  0	 | 	4	 | 	8,06
  0	 | 	5	 | 	11,18
  0	 | 	8	 | 	10,63
  0	 | 	9	 | 	10,82
  1	 | 	2	 | 	5,10
  1	 | 	6	 | 	12,08
  1	 | 	8	 | 	14,76
  2	 | 	3	 | 	5,00
  2	 | 	5	 | 	11,40
  3	 | 	4	 | 	3,61
  3	 | 	8	 | 	6,71
  3	 | 	9	 | 	7,28
  4	 | 	8	 | 	4,00
  4	 | 	9	 | 	5,10
  5	 | 	6	 | 	5,10
  5	 | 	7	 | 	12,04
  5	 | 	8	 | 	4,24
  5	 | 	9	 | 	5,66
  7	 | 	8	 | 	9,22
  4	 | 	6	 | 	2,83
  2	 | 	7	 | 	4,12
  4	 | 	5	 | 	3,16
  3	 | 	6	 | 	4,12
  8	 | 	9	 | 	1,41
  6	 | 	8	 | 	2,83
  0	 | 	3	 | 	4,47
  3	 | 	5	 | 	6,71
  0	 | 	6	 | 	7,81
  6	 | 	9	 | 	3,16
  7	 | 	9	 | 	8,54
  2	 | 	8	 | 	10,00
  1	 | 	4	 | 	13,34
  2	 | 	6	 | 	7,21
  1	 | 	7	 | 	6,40
  4	 | 	7	 | 	9,22
  0	 | 	7	 | 	6,32
  2	 | 	9	 | 	9,90
___________________________
Simulation Topology [1:20]
___________________________
From 	  To 		Length
___________________________
  0	 | 	1	 | 	6,08
  0	 | 	2	 | 	2,24
  0	 | 	4	 | 	8,06
  0	 | 	5	 | 	11,18
  0	 | 	8	 | 	10,63
  0	 | 	9	 | 	10,82
  1	 | 	2	 | 	5,10
  1	 | 	6	 | 	12,08
  1	 | 	8	 | 	14,76
  2	 | 	3	 | 	5,00
  2	 | 	5	 | 	11,40
  3	 | 	4	 | 	3,61
  3	 | 	8	 | 	6,71
  3	 | 	9	 | 	7,28
  4	 | 	8	 | 	4,00
  4	 | 	9	 | 	5,10
  5	 | 	6	 | 	5,10
  5	 | 	7	 | 	12,04
  5	 | 	8	 | 	4,24
  5	 | 	9	 | 	5,66
  7	 | 	8	 | 	9,22
  4	 | 	6	 | 	2,83
  2	 | 	7	 | 	4,12
  4	 | 	5	 | 	3,16
  3	 | 	6	 | 	4,12
  8	 | 	9	 | 	1,41
  6	 | 	8	 | 	2,83
  0	 | 	3	 | 	4,47
  3	 | 	5	 | 	6,71
  0	 | 	6	 | 	7,81
  6	 | 	9	 | 	3,16
  7	 | 	9	 | 	8,54
  2	 | 	8	 | 	10,00
  1	 | 	4	 | 	13,34
  2	 | 	6	 | 	7,21
  1	 | 	7	 | 	6,40
  4	 | 	7	 | 	9,22
  0	 | 	7	 | 	6,32
  2	 | 	9	 | 	9,90
  6	 | 	7	 | 	7,00
___________________________
