Simulation Topology 1
___________________________
[15]				[1]		
[15]				[2]		
[10]				[2]		
[0]				[3]		
[17]				[3]		
[12]				[5]		
[12]				[7]		
[2]				[7]		
[15]				[9]		
[11]				[10]		
___________________________
Simulation Topology [1:1]
___________________________
From 	  To 		Length
___________________________
  0	 | 	1	 | 	1,00
  0	 | 	4	 | 	2,83
  0	 | 	6	 | 	6,71
  0	 | 	8	 | 	8,00
  0	 | 	9	 | 	9,85
  1	 | 	3	 | 	15,03
  2	 | 	3	 | 	10,05
  2	 | 	5	 | 	3,61
  2	 | 	8	 | 	8,60
  2	 | 	9	 | 	8,06
  3	 | 	7	 | 	4,47
  3	 | 	8	 | 	16,16
  3	 | 	9	 | 	13,04
  4	 | 	5	 | 	5,39
  4	 | 	9	 | 	9,22
  5	 | 	7	 | 	10,20
  5	 | 	8	 | 	5,00
  6	 | 	8	 | 	3,61
  6	 | 	9	 | 	3,16
___________________________
Simulation Topology [1:2]
___________________________
From 	  To 		Length
___________________________
  0	 | 	1	 | 	1,00
  0	 | 	4	 | 	2,83
  0	 | 	6	 | 	6,71
  0	 | 	8	 | 	8,00
  0	 | 	9	 | 	9,85
  1	 | 	3	 | 	15,03
  2	 | 	3	 | 	10,05
  2	 | 	5	 | 	3,61
  2	 | 	8	 | 	8,60
  2	 | 	9	 | 	8,06
  3	 | 	7	 | 	4,47
  3	 | 	8	 | 	16,16
  3	 | 	9	 | 	13,04
  4	 | 	5	 | 	5,39
  4	 | 	9	 | 	9,22
  5	 | 	7	 | 	10,20
  5	 | 	8	 | 	5,00
  6	 | 	8	 | 	3,61
  6	 | 	9	 | 	3,16
  1	 | 	8	 | 	7,00
___________________________
