Simulation Topology 1
___________________________
[16]				[0]		
[10]				[0]		
[19]				[1]		
[6]				[1]		
[0]				[4]		
[15]				[5]		
[0]				[6]		
[14]				[7]		
[4]				[9]		
[8]				[10]		
___________________________
Simulation Topology [1:1]
___________________________
From 	  To 		Length
___________________________
  0	 | 	1	 | 	6,00
  0	 | 	4	 | 	16,49
  0	 | 	5	 | 	5,10
  0	 | 	8	 | 	15,00
  1	 | 	2	 | 	9,06
  1	 | 	6	 | 	11,66
  2	 | 	3	 | 	13,00
  2	 | 	6	 | 	19,65
  3	 | 	6	 | 	7,81
  3	 | 	7	 | 	10,00
  3	 | 	9	 | 	9,22
  4	 | 	8	 | 	6,40
  5	 | 	6	 | 	15,03
  5	 | 	7	 | 	2,24
  5	 | 	8	 | 	11,70
  5	 | 	9	 | 	8,60
  7	 | 	9	 | 	6,71
  8	 | 	9	 | 	4,12
___________________________
Simulation Topology [1:2]
___________________________
From 	  To 		Length
___________________________
  0	 | 	1	 | 	6,00
  0	 | 	4	 | 	16,49
  0	 | 	5	 | 	5,10
  0	 | 	8	 | 	15,00
  1	 | 	2	 | 	9,06
  1	 | 	6	 | 	11,66
  2	 | 	3	 | 	13,00
  2	 | 	6	 | 	19,65
  3	 | 	6	 | 	7,81
  3	 | 	7	 | 	10,00
  3	 | 	9	 | 	9,22
  4	 | 	8	 | 	6,40
  5	 | 	6	 | 	15,03
  5	 | 	7	 | 	2,24
  5	 | 	8	 | 	11,70
  5	 | 	9	 | 	8,60
  7	 | 	9	 | 	6,71
  8	 | 	9	 | 	4,12
  2	 | 	5	 | 	5,66
___________________________
Simulation Topology [1:3]
___________________________
From 	  To 		Length
___________________________
  0	 | 	1	 | 	6,00
  0	 | 	4	 | 	16,49
  0	 | 	5	 | 	5,10
  0	 | 	8	 | 	15,00
  1	 | 	2	 | 	9,06
  1	 | 	6	 | 	11,66
  2	 | 	3	 | 	13,00
  2	 | 	6	 | 	19,65
  3	 | 	6	 | 	7,81
  3	 | 	7	 | 	10,00
  3	 | 	9	 | 	9,22
  4	 | 	8	 | 	6,40
  5	 | 	6	 | 	15,03
  5	 | 	7	 | 	2,24
  5	 | 	8	 | 	11,70
  5	 | 	9	 | 	8,60
  7	 | 	9	 | 	6,71
  8	 | 	9	 | 	4,12
  2	 | 	5	 | 	5,66
  4	 | 	6	 | 	2,00
___________________________
