Simulation Topology 1
___________________________
[1]				[0]		
[5]				[0]		
[1]				[3]		
[15]				[3]		
[4]				[4]		
[0]				[4]		
[17]				[6]		
[4]				[7]		
[7]				[9]		
[13]				[10]		
___________________________
Simulation Topology [1:1]
___________________________
From 	  To 		Length
___________________________
  0	 | 	1	 | 	4,00
  0	 | 	5	 | 	4,12
  0	 | 	7	 | 	7,62
  0	 | 	8	 | 	10,82
  1	 | 	4	 | 	4,12
  1	 | 	6	 | 	13,42
  1	 | 	9	 | 	12,81
  2	 | 	3	 | 	14,00
  2	 | 	4	 | 	3,16
  2	 | 	5	 | 	1,41
  2	 | 	8	 | 	8,49
  2	 | 	9	 | 	13,89
  3	 | 	4	 | 	11,05
  3	 | 	8	 | 	10,00
  4	 | 	5	 | 	4,00
  4	 | 	7	 | 	3,00
  5	 | 	6	 | 	17,12
  5	 | 	9	 | 	14,32
  6	 | 	9	 | 	5,66
___________________________
Simulation Topology [1:2]
___________________________
From 	  To 		Length
___________________________
  0	 | 	1	 | 	4,00
  0	 | 	5	 | 	4,12
  0	 | 	7	 | 	7,62
  0	 | 	8	 | 	10,82
  1	 | 	4	 | 	4,12
  1	 | 	6	 | 	13,42
  1	 | 	9	 | 	12,81
  2	 | 	3	 | 	14,00
  2	 | 	4	 | 	3,16
  2	 | 	5	 | 	1,41
  2	 | 	8	 | 	8,49
  2	 | 	9	 | 	13,89
  3	 | 	4	 | 	11,05
  3	 | 	8	 | 	10,00
  4	 | 	5	 | 	4,00
  4	 | 	7	 | 	3,00
  5	 | 	6	 | 	17,12
  5	 | 	9	 | 	14,32
  6	 | 	9	 | 	5,66
  0	 | 	2	 | 	3,00
___________________________
