Simulation Topology 1
___________________________
[18]				[1]		
[8]				[1]		
[16]				[2]		
[13]				[3]		
[0]				[5]		
[17]				[7]		
[15]				[7]		
[19]				[8]		
[13]				[9]		
[11]				[10]		
___________________________
Simulation Topology [1:1]
___________________________
From 	  To 		Length
___________________________
  0	 | 	1	 | 	10,00
  0	 | 	2	 | 	2,24
  0	 | 	7	 | 	7,07
  0	 | 	8	 | 	9,43
  1	 | 	2	 | 	8,06
  1	 | 	3	 | 	5,39
  1	 | 	9	 | 	9,49
  2	 | 	3	 | 	3,16
  2	 | 	4	 | 	16,28
  2	 | 	6	 | 	5,10
  3	 | 	6	 | 	4,47
  3	 | 	8	 | 	6,00
  4	 | 	5	 | 	17,12
  4	 | 	8	 | 	13,60
  4	 | 	9	 | 	12,08
  5	 | 	7	 | 	2,24
  6	 | 	7	 | 	4,12
  6	 | 	8	 | 	2,83
  7	 | 	9	 | 	8,25
___________________________
Simulation Topology [1:2]
___________________________
From 	  To 		Length
___________________________
  0	 | 	1	 | 	10,00
  0	 | 	2	 | 	2,24
  0	 | 	7	 | 	7,07
  0	 | 	8	 | 	9,43
  1	 | 	2	 | 	8,06
  1	 | 	3	 | 	5,39
  1	 | 	9	 | 	9,49
  2	 | 	3	 | 	3,16
  2	 | 	4	 | 	16,28
  2	 | 	6	 | 	5,10
  3	 | 	6	 | 	4,47
  3	 | 	8	 | 	6,00
  4	 | 	5	 | 	17,12
  4	 | 	8	 | 	13,60
  4	 | 	9	 | 	12,08
  5	 | 	7	 | 	2,24
  6	 | 	7	 | 	4,12
  6	 | 	8	 | 	2,83
  7	 | 	9	 | 	8,25
  6	 | 	9	 | 	5,00
___________________________
