Simulation Topology 1
___________________________
[3]				[0]		
[3]				[1]		
[10]				[2]		
[9]				[4]		
[1]				[4]		
[0]				[5]		
[10]				[6]		
[13]				[7]		
[18]				[7]		
[11]				[8]		
___________________________
Simulation Topology [1:1]
___________________________
From 	  To 		Length
___________________________
  0	 | 	1	 | 	1,00
  0	 | 	4	 | 	4,47
  0	 | 	5	 | 	5,83
  1	 | 	3	 | 	6,71
  1	 | 	6	 | 	8,60
  1	 | 	8	 | 	16,16
  1	 | 	9	 | 	10,63
  2	 | 	3	 | 	2,24
  2	 | 	5	 | 	10,44
  2	 | 	8	 | 	9,43
  3	 | 	7	 | 	5,00
  3	 | 	9	 | 	4,47
  4	 | 	9	 | 	10,77
  5	 | 	7	 | 	13,15
  5	 | 	8	 | 	18,11
  6	 | 	7	 | 	3,16
  6	 | 	8	 | 	8,06
  7	 | 	9	 | 	2,24
___________________________
Simulation Topology [1:2]
___________________________
From 	  To 		Length
___________________________
  0	 | 	1	 | 	1,00
  0	 | 	4	 | 	4,47
  0	 | 	5	 | 	5,83
  1	 | 	3	 | 	6,71
  1	 | 	6	 | 	8,60
  1	 | 	8	 | 	16,16
  1	 | 	9	 | 	10,63
  2	 | 	3	 | 	2,24
  2	 | 	5	 | 	10,44
  2	 | 	8	 | 	9,43
  3	 | 	7	 | 	5,00
  3	 | 	9	 | 	4,47
  4	 | 	9	 | 	10,77
  5	 | 	7	 | 	13,15
  5	 | 	8	 | 	18,11
  6	 | 	7	 | 	3,16
  6	 | 	8	 | 	8,06
  7	 | 	9	 | 	2,24
  5	 | 	6	 | 	10,05
___________________________
Simulation Topology [1:3]
___________________________
From 	  To 		Length
___________________________
  0	 | 	1	 | 	1,00
  0	 | 	4	 | 	4,47
  0	 | 	5	 | 	5,83
  1	 | 	3	 | 	6,71
  1	 | 	6	 | 	8,60
  1	 | 	8	 | 	16,16
  1	 | 	9	 | 	10,63
  2	 | 	3	 | 	2,24
  2	 | 	5	 | 	10,44
  2	 | 	8	 | 	9,43
  3	 | 	7	 | 	5,00
  3	 | 	9	 | 	4,47
  4	 | 	9	 | 	10,77
  5	 | 	7	 | 	13,15
  5	 | 	8	 | 	18,11
  6	 | 	7	 | 	3,16
  6	 | 	8	 | 	8,06
  7	 | 	9	 | 	2,24
  5	 | 	6	 | 	10,05
  3	 | 	6	 | 	2,24
___________________________
