Simulation Topology 1
___________________________
[16]				[5]		
[16]				[6]		
[5]				[6]		
[9]				[7]		
[5]				[9]		
[3]				[10]		
[1]				[10]		
[7]				[11]		
[10]				[11]		
[1]				[12]		
___________________________
Simulation Topology [1:1]
___________________________
From 	  To 		Length
___________________________
  0	 | 	1	 | 	1,00
  0	 | 	3	 | 	7,28
  0	 | 	4	 | 	11,70
  0	 | 	7	 | 	10,82
  0	 | 	9	 | 	16,55
  1	 | 	9	 | 	16,16
  2	 | 	3	 | 	4,12
  2	 | 	5	 | 	4,47
  2	 | 	9	 | 	7,21
  3	 | 	4	 | 	4,47
  4	 | 	5	 | 	2,24
  4	 | 	6	 | 	4,12
  4	 | 	9	 | 	5,00
  5	 | 	9	 | 	2,83
  6	 | 	8	 | 	9,06
  7	 | 	8	 | 	3,00
  7	 | 	9	 | 	6,08
  8	 | 	9	 | 	9,06
___________________________
Simulation Topology [1:2]
___________________________
From 	  To 		Length
___________________________
  0	 | 	1	 | 	1,00
  0	 | 	3	 | 	7,28
  0	 | 	4	 | 	11,70
  0	 | 	7	 | 	10,82
  0	 | 	9	 | 	16,55
  1	 | 	9	 | 	16,16
  2	 | 	3	 | 	4,12
  2	 | 	5	 | 	4,47
  2	 | 	9	 | 	7,21
  3	 | 	4	 | 	4,47
  4	 | 	5	 | 	2,24
  4	 | 	6	 | 	4,12
  4	 | 	9	 | 	5,00
  5	 | 	9	 | 	2,83
  6	 | 	8	 | 	9,06
  7	 | 	8	 | 	3,00
  7	 | 	9	 | 	6,08
  8	 | 	9	 | 	9,06
  3	 | 	8	 | 	4,12
___________________________
Simulation Topology [1:3]
___________________________
From 	  To 		Length
___________________________
  0	 | 	1	 | 	1,00
  0	 | 	3	 | 	7,28
  0	 | 	4	 | 	11,70
  0	 | 	7	 | 	10,82
  0	 | 	9	 | 	16,55
  1	 | 	9	 | 	16,16
  2	 | 	3	 | 	4,12
  2	 | 	5	 | 	4,47
  2	 | 	9	 | 	7,21
  3	 | 	4	 | 	4,47
  4	 | 	5	 | 	2,24
  4	 | 	6	 | 	4,12
  4	 | 	9	 | 	5,00
  5	 | 	9	 | 	2,83
  6	 | 	8	 | 	9,06
  7	 | 	8	 | 	3,00
  7	 | 	9	 | 	6,08
  8	 | 	9	 | 	9,06
  3	 | 	8	 | 	4,12
  6	 | 	7	 | 	6,08
___________________________
