Simulation Topology 1
___________________________
[6]				[0]		
[12]				[0]		
[13]				[2]		
[15]				[3]		
[13]				[3]		
[2]				[4]		
[1]				[5]		
[4]				[6]		
[14]				[7]		
[4]				[8]		
___________________________
Simulation Topology [1:1]
___________________________
From 	  To 		Length
___________________________
  0	 | 	1	 | 	6,00
  0	 | 	2	 | 	7,28
  0	 | 	3	 | 	9,49
  0	 | 	4	 | 	7,62
  0	 | 	5	 | 	5,66
  0	 | 	7	 | 	6,32
  1	 | 	2	 | 	2,24
  1	 | 	6	 | 	12,08
  1	 | 	9	 | 	11,31
  2	 | 	3	 | 	2,24
  2	 | 	5	 | 	11,18
  2	 | 	6	 | 	12,37
  2	 | 	7	 | 	9,85
  2	 | 	8	 | 	5,10
  2	 | 	9	 | 	10,82
  3	 | 	5	 | 	13,04
  4	 | 	8	 | 	4,12
  5	 | 	8	 | 	12,37
  7	 | 	8	 | 	10,05
___________________________
Simulation Topology [1:2]
___________________________
From 	  To 		Length
___________________________
  0	 | 	1	 | 	6,00
  0	 | 	2	 | 	7,28
  0	 | 	3	 | 	9,49
  0	 | 	4	 | 	7,62
  0	 | 	5	 | 	5,66
  0	 | 	7	 | 	6,32
  1	 | 	2	 | 	2,24
  1	 | 	6	 | 	12,08
  1	 | 	9	 | 	11,31
  2	 | 	3	 | 	2,24
  2	 | 	5	 | 	11,18
  2	 | 	6	 | 	12,37
  2	 | 	7	 | 	9,85
  2	 | 	8	 | 	5,10
  2	 | 	9	 | 	10,82
  3	 | 	5	 | 	13,04
  4	 | 	8	 | 	4,12
  5	 | 	8	 | 	12,37
  7	 | 	8	 | 	10,05
  6	 | 	7	 | 	3,16
___________________________
