Simulation Topology 1
___________________________
[3]				[0]		
[19]				[2]		
[13]				[4]		
[18]				[6]		
[5]				[7]		
[0]				[9]		
[9]				[9]		
[8]				[13]		
[10]				[13]		
[19]				[14]		
___________________________
Simulation Topology [1:1]
___________________________
From 	  To 		Length
___________________________
  0	 | 	1	 | 	16,12
  0	 | 	5	 | 	9,49
  0	 | 	9	 | 	21,26
  1	 | 	3	 | 	4,12
  1	 | 	4	 | 	14,87
  1	 | 	7	 | 	15,56
  1	 | 	9	 | 	12,00
  2	 | 	3	 | 	5,39
  2	 | 	4	 | 	8,54
  2	 | 	7	 | 	10,30
  2	 | 	8	 | 	9,49
  3	 | 	5	 | 	18,25
  3	 | 	7	 | 	12,21
  4	 | 	5	 | 	5,39
  4	 | 	9	 | 	15,65
  5	 | 	8	 | 	10,77
  6	 | 	7	 | 	4,12
  6	 | 	9	 | 	11,18
___________________________
Simulation Topology [1:2]
___________________________
From 	  To 		Length
___________________________
  0	 | 	1	 | 	16,12
  0	 | 	5	 | 	9,49
  0	 | 	9	 | 	21,26
  1	 | 	3	 | 	4,12
  1	 | 	4	 | 	14,87
  1	 | 	7	 | 	15,56
  1	 | 	9	 | 	12,00
  2	 | 	3	 | 	5,39
  2	 | 	4	 | 	8,54
  2	 | 	7	 | 	10,30
  2	 | 	8	 | 	9,49
  3	 | 	5	 | 	18,25
  3	 | 	7	 | 	12,21
  4	 | 	5	 | 	5,39
  4	 | 	9	 | 	15,65
  5	 | 	8	 | 	10,77
  6	 | 	7	 | 	4,12
  6	 | 	9	 | 	11,18
  6	 | 	8	 | 	4,12
___________________________
Simulation Topology [1:3]
___________________________
From 	  To 		Length
___________________________
  0	 | 	1	 | 	16,12
  0	 | 	5	 | 	9,49
  0	 | 	9	 | 	21,26
  1	 | 	3	 | 	4,12
  1	 | 	4	 | 	14,87
  1	 | 	7	 | 	15,56
  1	 | 	9	 | 	12,00
  2	 | 	3	 | 	5,39
  2	 | 	4	 | 	8,54
  2	 | 	7	 | 	10,30
  2	 | 	8	 | 	9,49
  3	 | 	5	 | 	18,25
  3	 | 	7	 | 	12,21
  4	 | 	5	 | 	5,39
  4	 | 	9	 | 	15,65
  5	 | 	8	 | 	10,77
  6	 | 	7	 | 	4,12
  6	 | 	9	 | 	11,18
  6	 | 	8	 | 	4,12
  7	 | 	8	 | 	2,00
___________________________
