Simulation Topology 1
___________________________
[0]				[1]		
[11]				[2]		
[11]				[3]		
[1]				[7]		
[6]				[9]		
[3]				[11]		
[13]				[11]		
[19]				[12]		
[1]				[14]		
[10]				[14]		
___________________________
Simulation Topology [1:1]
___________________________
From 	  To 		Length
___________________________
  0	 | 	1	 | 	11,05
  0	 | 	4	 | 	10,00
  0	 | 	5	 | 	10,44
  0	 | 	7	 | 	21,95
  1	 | 	4	 | 	8,60
  1	 | 	8	 | 	15,62
  1	 | 	9	 | 	12,04
  2	 | 	3	 | 	10,77
  2	 | 	4	 | 	7,81
  2	 | 	5	 | 	11,31
  2	 | 	6	 | 	8,25
  2	 | 	7	 | 	12,04
  3	 | 	4	 | 	5,39
  3	 | 	8	 | 	7,00
  3	 | 	9	 | 	11,40
  4	 | 	9	 | 	6,40
  5	 | 	7	 | 	16,03
  6	 | 	9	 | 	4,24
  7	 | 	8	 | 	18,11
___________________________
Simulation Topology [1:2]
___________________________
From 	  To 		Length
___________________________
  0	 | 	1	 | 	11,05
  0	 | 	4	 | 	10,00
  0	 | 	5	 | 	10,44
  0	 | 	7	 | 	21,95
  1	 | 	4	 | 	8,60
  1	 | 	8	 | 	15,62
  1	 | 	9	 | 	12,04
  2	 | 	3	 | 	10,77
  2	 | 	4	 | 	7,81
  2	 | 	5	 | 	11,31
  2	 | 	6	 | 	8,25
  2	 | 	7	 | 	12,04
  3	 | 	4	 | 	5,39
  3	 | 	8	 | 	7,00
  3	 | 	9	 | 	11,40
  4	 | 	9	 | 	6,40
  5	 | 	7	 | 	16,03
  6	 | 	9	 | 	4,24
  7	 | 	8	 | 	18,11
  1	 | 	2	 | 	1,00
___________________________
