Simulation Topology 1
___________________________
[3]				[0]		
[7]				[2]		
[15]				[3]		
[18]				[4]		
[18]				[6]		
[11]				[8]		
[9]				[8]		
[7]				[9]		
[4]				[9]		
[17]				[10]		
___________________________
Simulation Topology [1:1]
___________________________
From 	  To 		Length
___________________________
  0	 | 	1	 | 	4,47
  0	 | 	2	 | 	12,37
  0	 | 	3	 | 	15,52
  0	 | 	7	 | 	9,85
  1	 | 	2	 | 	8,06
  1	 | 	3	 | 	11,18
  1	 | 	5	 | 	7,21
  2	 | 	3	 | 	3,16
  2	 | 	6	 | 	7,81
  3	 | 	4	 | 	2,00
  4	 | 	8	 | 	14,32
  4	 | 	9	 | 	4,12
  5	 | 	9	 | 	6,32
  6	 | 	9	 | 	8,25
  7	 | 	8	 | 	3,00
  8	 | 	9	 | 	13,04
___________________________
Simulation Topology [1:2]
___________________________
From 	  To 		Length
___________________________
  0	 | 	1	 | 	4,47
  0	 | 	2	 | 	12,37
  0	 | 	3	 | 	15,52
  0	 | 	7	 | 	9,85
  1	 | 	2	 | 	8,06
  1	 | 	3	 | 	11,18
  1	 | 	5	 | 	7,21
  2	 | 	3	 | 	3,16
  2	 | 	6	 | 	7,81
  3	 | 	4	 | 	2,00
  4	 | 	8	 | 	14,32
  4	 | 	9	 | 	4,12
  5	 | 	9	 | 	6,32
  6	 | 	9	 | 	8,25
  7	 | 	8	 | 	3,00
  8	 | 	9	 | 	13,04
  6	 | 	7	 | 	2,24
___________________________
Simulation Topology [1:3]
___________________________
From 	  To 		Length
___________________________
  0	 | 	1	 | 	4,47
  0	 | 	2	 | 	12,37
  0	 | 	3	 | 	15,52
  0	 | 	7	 | 	9,85
  1	 | 	2	 | 	8,06
  1	 | 	3	 | 	11,18
  1	 | 	5	 | 	7,21
  2	 | 	3	 | 	3,16
  2	 | 	6	 | 	7,81
  3	 | 	4	 | 	2,00
  4	 | 	8	 | 	14,32
  4	 | 	9	 | 	4,12
  5	 | 	9	 | 	6,32
  6	 | 	9	 | 	8,25
  7	 | 	8	 | 	3,00
  8	 | 	9	 | 	13,04
  6	 | 	7	 | 	2,24
  2	 | 	4	 | 	4,24
___________________________
Simulation Topology [1:4]
___________________________
From 	  To 		Length
___________________________
  0	 | 	1	 | 	4,47
  0	 | 	2	 | 	12,37
  0	 | 	3	 | 	15,52
  0	 | 	7	 | 	9,85
  1	 | 	2	 | 	8,06
  1	 | 	3	 | 	11,18
  1	 | 	5	 | 	7,21
  2	 | 	3	 | 	3,16
  2	 | 	6	 | 	7,81
  3	 | 	4	 | 	2,00
  4	 | 	8	 | 	14,32
  4	 | 	9	 | 	4,12
  5	 | 	9	 | 	6,32
  6	 | 	9	 | 	8,25
  7	 | 	8	 | 	3,00
  8	 | 	9	 | 	13,04
  6	 | 	7	 | 	2,24
  2	 | 	4	 | 	4,24
  5	 | 	6	 | 	2,00
___________________________
Simulation Topology [1:5]
___________________________
From 	  To 		Length
___________________________
  0	 | 	1	 | 	4,47
  0	 | 	2	 | 	12,37
  0	 | 	3	 | 	15,52
  0	 | 	7	 | 	9,85
  1	 | 	2	 | 	8,06
  1	 | 	3	 | 	11,18
  1	 | 	5	 | 	7,21
  2	 | 	3	 | 	3,16
  2	 | 	6	 | 	7,81
  3	 | 	4	 | 	2,00
  4	 | 	8	 | 	14,32
  4	 | 	9	 | 	4,12
  5	 | 	9	 | 	6,32
  6	 | 	9	 | 	8,25
  7	 | 	8	 | 	3,00
  8	 | 	9	 | 	13,04
  6	 | 	7	 | 	2,24
  2	 | 	4	 | 	4,24
  5	 | 	6	 | 	2,00
  1	 | 	6	 | 	6,32
___________________________
