Simulation Topology 1
___________________________
[14]				[0]		
[14]				[1]		
[5]				[2]		
[2]				[2]		
[0]				[3]		
[15]				[7]		
[13]				[7]		
[9]				[8]		
[9]				[10]		
[14]				[11]		
___________________________
Simulation Topology [1:1]
___________________________
From 	  To 		Length
___________________________
  0	 | 	1	 | 	1,00
  0	 | 	3	 | 	12,17
  0	 | 	4	 | 	14,32
  0	 | 	7	 | 	9,43
  0	 | 	9	 | 	11,00
  1	 | 	6	 | 	6,08
  1	 | 	7	 | 	8,60
  2	 | 	3	 | 	3,00
  2	 | 	5	 | 	11,18
  2	 | 	8	 | 	8,94
  2	 | 	9	 | 	12,73
  3	 | 	5	 | 	13,93
  4	 | 	6	 | 	13,60
  4	 | 	7	 | 	10,30
  5	 | 	6	 | 	2,00
  5	 | 	9	 | 	4,12
  6	 | 	7	 | 	4,12
  7	 | 	8	 | 	2,00
  8	 | 	9	 | 	5,10
___________________________
Simulation Topology [1:2]
___________________________
From 	  To 		Length
___________________________
  0	 | 	1	 | 	1,00
  0	 | 	3	 | 	12,17
  0	 | 	4	 | 	14,32
  0	 | 	7	 | 	9,43
  0	 | 	9	 | 	11,00
  1	 | 	6	 | 	6,08
  1	 | 	7	 | 	8,60
  2	 | 	3	 | 	3,00
  2	 | 	5	 | 	11,18
  2	 | 	8	 | 	8,94
  2	 | 	9	 | 	12,73
  3	 | 	5	 | 	13,93
  4	 | 	6	 | 	13,60
  4	 | 	7	 | 	10,30
  5	 | 	6	 | 	2,00
  5	 | 	9	 | 	4,12
  6	 | 	7	 | 	4,12
  7	 | 	8	 | 	2,00
  8	 | 	9	 | 	5,10
  6	 | 	9	 | 	4,12
___________________________
