Simulation Topology 1
___________________________
[5]				[0]		
[8]				[0]		
[4]				[1]		
[1]				[1]		
[9]				[2]		
[1]				[2]		
[11]				[4]		
[15]				[5]		
[15]				[7]		
[1]				[7]		
___________________________
Simulation Topology [1:1]
___________________________
From 	  To 		Length
___________________________
  0	 | 	1	 | 	3,00
  0	 | 	3	 | 	4,12
  0	 | 	7	 | 	11,18
  1	 | 	7	 | 	8,60
  2	 | 	3	 | 	3,00
  2	 | 	4	 | 	5,10
  2	 | 	5	 | 	3,16
  2	 | 	9	 | 	6,71
  3	 | 	5	 | 	1,00
  3	 | 	7	 | 	14,56
  3	 | 	9	 | 	6,00
  4	 | 	5	 | 	8,00
  4	 | 	6	 | 	2,83
  4	 | 	7	 | 	6,71
  5	 | 	6	 | 	10,20
  5	 | 	8	 | 	14,87
  6	 | 	7	 | 	4,12
  7	 | 	8	 | 	2,00
___________________________
Simulation Topology [1:2]
___________________________
From 	  To 		Length
___________________________
  0	 | 	1	 | 	3,00
  0	 | 	3	 | 	4,12
  0	 | 	7	 | 	11,18
  1	 | 	7	 | 	8,60
  2	 | 	3	 | 	3,00
  2	 | 	4	 | 	5,10
  2	 | 	5	 | 	3,16
  2	 | 	9	 | 	6,71
  3	 | 	5	 | 	1,00
  3	 | 	7	 | 	14,56
  3	 | 	9	 | 	6,00
  4	 | 	5	 | 	8,00
  4	 | 	6	 | 	2,83
  4	 | 	7	 | 	6,71
  5	 | 	6	 | 	10,20
  5	 | 	8	 | 	14,87
  6	 | 	7	 | 	4,12
  7	 | 	8	 | 	2,00
  1	 | 	4	 | 	2,24
___________________________
Simulation Topology [1:3]
___________________________
From 	  To 		Length
___________________________
  0	 | 	1	 | 	3,00
  0	 | 	3	 | 	4,12
  0	 | 	7	 | 	11,18
  1	 | 	7	 | 	8,60
  2	 | 	3	 | 	3,00
  2	 | 	4	 | 	5,10
  2	 | 	5	 | 	3,16
  2	 | 	9	 | 	6,71
  3	 | 	5	 | 	1,00
  3	 | 	7	 | 	14,56
  3	 | 	9	 | 	6,00
  4	 | 	5	 | 	8,00
  4	 | 	6	 | 	2,83
  4	 | 	7	 | 	6,71
  5	 | 	6	 | 	10,20
  5	 | 	8	 | 	14,87
  6	 | 	7	 | 	4,12
  7	 | 	8	 | 	2,00
  1	 | 	4	 | 	2,24
  0	 | 	5	 | 	4,47
___________________________
