Simulation Topology 1
___________________________
[13]				[3]		
[1]				[4]		
[16]				[4]		
[7]				[5]		
[3]				[6]		
[14]				[6]		
[17]				[8]		
[0]				[8]		
[9]				[9]		
[17]				[9]		
___________________________
Simulation Topology [1:1]
___________________________
From 	  To 		Length
___________________________
  0	 | 	1	 | 	12,04
  0	 | 	3	 | 	6,32
  0	 | 	4	 | 	10,44
  0	 | 	5	 | 	3,16
  0	 | 	7	 | 	13,93
  0	 | 	9	 | 	7,21
  1	 | 	5	 | 	13,15
  2	 | 	3	 | 	9,06
  2	 | 	8	 | 	8,60
  2	 | 	9	 | 	5,10
  3	 | 	4	 | 	4,12
  3	 | 	6	 | 	10,44
  4	 | 	5	 | 	11,00
  4	 | 	7	 | 	3,61
  4	 | 	8	 | 	6,71
  5	 | 	6	 | 	3,61
  5	 | 	8	 | 	5,83
  6	 | 	7	 | 	17,00
___________________________
Simulation Topology [1:2]
___________________________
From 	  To 		Length
___________________________
  0	 | 	1	 | 	12,04
  0	 | 	3	 | 	6,32
  0	 | 	4	 | 	10,44
  0	 | 	5	 | 	3,16
  0	 | 	7	 | 	13,93
  0	 | 	9	 | 	7,21
  1	 | 	5	 | 	13,15
  2	 | 	3	 | 	9,06
  2	 | 	8	 | 	8,60
  2	 | 	9	 | 	5,10
  3	 | 	4	 | 	4,12
  3	 | 	6	 | 	10,44
  4	 | 	5	 | 	11,00
  4	 | 	7	 | 	3,61
  4	 | 	8	 | 	6,71
  5	 | 	6	 | 	3,61
  5	 | 	8	 | 	5,83
  6	 | 	7	 | 	17,00
  3	 | 	5	 | 	7,07
___________________________
Simulation Topology [1:3]
___________________________
From 	  To 		Length
___________________________
  0	 | 	1	 | 	12,04
  0	 | 	3	 | 	6,32
  0	 | 	4	 | 	10,44
  0	 | 	5	 | 	3,16
  0	 | 	7	 | 	13,93
  0	 | 	9	 | 	7,21
  1	 | 	5	 | 	13,15
  2	 | 	3	 | 	9,06
  2	 | 	8	 | 	8,60
  2	 | 	9	 | 	5,10
  3	 | 	4	 | 	4,12
  3	 | 	6	 | 	10,44
  4	 | 	5	 | 	11,00
  4	 | 	7	 | 	3,61
  4	 | 	8	 | 	6,71
  5	 | 	6	 | 	3,61
  5	 | 	8	 | 	5,83
  6	 | 	7	 | 	17,00
  3	 | 	5	 | 	7,07
  1	 | 	3	 | 	6,08
___________________________
