Simulation Topology 1
___________________________
[8]				[0]		
[5]				[0]		
[5]				[1]		
[10]				[1]		
[5]				[2]		
[16]				[3]		
[11]				[3]		
[19]				[4]		
[9]				[4]		
[12]				[5]		
___________________________
Simulation Topology [1:1]
___________________________
From 	  To 		Length
___________________________
  0	 | 	1	 | 	3,00
  0	 | 	4	 | 	3,61
  0	 | 	9	 | 	6,40
  1	 | 	3	 | 	5,10
  1	 | 	4	 | 	2,00
  1	 | 	6	 | 	6,71
  1	 | 	9	 | 	8,60
  2	 | 	3	 | 	5,00
  2	 | 	4	 | 	1,00
  2	 | 	9	 | 	8,06
  3	 | 	6	 | 	2,24
  4	 | 	5	 | 	11,05
  4	 | 	8	 | 	4,47
  5	 | 	6	 | 	5,00
  5	 | 	8	 | 	7,07
  5	 | 	9	 | 	4,47
  6	 | 	7	 | 	8,06
  7	 | 	9	 | 	7,07
___________________________
Simulation Topology [1:2]
___________________________
From 	  To 		Length
___________________________
  0	 | 	1	 | 	3,00
  0	 | 	4	 | 	3,61
  0	 | 	9	 | 	6,40
  1	 | 	3	 | 	5,10
  1	 | 	4	 | 	2,00
  1	 | 	6	 | 	6,71
  1	 | 	9	 | 	8,60
  2	 | 	3	 | 	5,00
  2	 | 	4	 | 	1,00
  2	 | 	9	 | 	8,06
  3	 | 	6	 | 	2,24
  4	 | 	5	 | 	11,05
  4	 | 	8	 | 	4,47
  5	 | 	6	 | 	5,00
  5	 | 	8	 | 	7,07
  5	 | 	9	 | 	4,47
  6	 | 	7	 | 	8,06
  7	 | 	9	 | 	7,07
  6	 | 	8	 | 	2,24
___________________________
Simulation Topology [1:3]
___________________________
From 	  To 		Length
___________________________
  0	 | 	1	 | 	3,00
  0	 | 	4	 | 	3,61
  0	 | 	9	 | 	6,40
  1	 | 	3	 | 	5,10
  1	 | 	4	 | 	2,00
  1	 | 	6	 | 	6,71
  1	 | 	9	 | 	8,60
  2	 | 	3	 | 	5,00
  2	 | 	4	 | 	1,00
  2	 | 	9	 | 	8,06
  3	 | 	6	 | 	2,24
  4	 | 	5	 | 	11,05
  4	 | 	8	 | 	4,47
  5	 | 	6	 | 	5,00
  5	 | 	8	 | 	7,07
  5	 | 	9	 | 	4,47
  6	 | 	7	 | 	8,06
  7	 | 	9	 | 	7,07
  6	 | 	8	 | 	2,24
  0	 | 	3	 | 	2,24
___________________________
