Simulation Topology 1
___________________________
[16]				[0]		
[3]				[0]		
[14]				[2]		
[9]				[2]		
[19]				[5]		
[4]				[8]		
[13]				[8]		
[8]				[10]		
[1]				[14]		
[11]				[15]		
___________________________
Simulation Topology [1:1]
___________________________
From 	  To 		Length
___________________________
  0	 | 	1	 | 	13,00
  0	 | 	3	 | 	7,28
  0	 | 	4	 | 	5,83
  0	 | 	5	 | 	14,42
  1	 | 	7	 | 	11,18
  1	 | 	9	 | 	17,00
  2	 | 	3	 | 	5,00
  2	 | 	8	 | 	17,69
  2	 | 	9	 | 	13,34
  3	 | 	4	 | 	10,44
  3	 | 	5	 | 	7,81
  3	 | 	8	 | 	14,42
  4	 | 	5	 | 	15,30
  4	 | 	6	 | 	6,71
  4	 | 	7	 | 	12,08
  4	 | 	9	 | 	12,81
  6	 | 	7	 | 	5,39
  6	 | 	8	 | 	13,42
  6	 | 	9	 | 	7,28
___________________________
Simulation Topology [1:2]
___________________________
From 	  To 		Length
___________________________
  0	 | 	1	 | 	13,00
  0	 | 	3	 | 	7,28
  0	 | 	4	 | 	5,83
  0	 | 	5	 | 	14,42
  1	 | 	7	 | 	11,18
  1	 | 	9	 | 	17,00
  2	 | 	3	 | 	5,00
  2	 | 	8	 | 	17,69
  2	 | 	9	 | 	13,34
  3	 | 	4	 | 	10,44
  3	 | 	5	 | 	7,81
  3	 | 	8	 | 	14,42
  4	 | 	5	 | 	15,30
  4	 | 	6	 | 	6,71
  4	 | 	7	 | 	12,08
  4	 | 	9	 | 	12,81
  6	 | 	7	 | 	5,39
  6	 | 	8	 | 	13,42
  6	 | 	9	 | 	7,28
  3	 | 	7	 | 	8,06
___________________________
