Simulation Topology 1
___________________________
[9]				[0]		
[7]				[2]		
[17]				[2]		
[8]				[5]		
[3]				[5]		
[13]				[6]		
[1]				[6]		
[7]				[8]		
[2]				[9]		
[9]				[9]		
___________________________
Simulation Topology [1:1]
___________________________
From 	  To 		Length
___________________________
  0	 | 	1	 | 	2,83
  0	 | 	2	 | 	8,25
  0	 | 	8	 | 	11,40
  1	 | 	8	 | 	8,60
  2	 | 	3	 | 	9,49
  2	 | 	5	 | 	5,66
  2	 | 	8	 | 	16,55
  2	 | 	9	 | 	10,63
  3	 | 	7	 | 	3,16
  3	 | 	9	 | 	4,12
  4	 | 	5	 | 	10,05
  4	 | 	6	 | 	2,24
  4	 | 	8	 | 	4,12
  5	 | 	9	 | 	5,00
  6	 | 	7	 | 	6,32
  6	 | 	8	 | 	3,16
  7	 | 	8	 | 	5,10
  7	 | 	9	 | 	2,24
___________________________
Simulation Topology [1:2]
___________________________
From 	  To 		Length
___________________________
  0	 | 	1	 | 	2,83
  0	 | 	2	 | 	8,25
  0	 | 	8	 | 	11,40
  1	 | 	8	 | 	8,60
  2	 | 	3	 | 	9,49
  2	 | 	5	 | 	5,66
  2	 | 	8	 | 	16,55
  2	 | 	9	 | 	10,63
  3	 | 	7	 | 	3,16
  3	 | 	9	 | 	4,12
  4	 | 	5	 | 	10,05
  4	 | 	6	 | 	2,24
  4	 | 	8	 | 	4,12
  5	 | 	9	 | 	5,00
  6	 | 	7	 | 	6,32
  6	 | 	8	 | 	3,16
  7	 | 	8	 | 	5,10
  7	 | 	9	 | 	2,24
  1	 | 	3	 | 	3,16
___________________________
Simulation Topology [1:3]
___________________________
From 	  To 		Length
___________________________
  0	 | 	1	 | 	2,83
  0	 | 	2	 | 	8,25
  0	 | 	8	 | 	11,40
  1	 | 	8	 | 	8,60
  2	 | 	3	 | 	9,49
  2	 | 	5	 | 	5,66
  2	 | 	8	 | 	16,55
  2	 | 	9	 | 	10,63
  3	 | 	7	 | 	3,16
  3	 | 	9	 | 	4,12
  4	 | 	5	 | 	10,05
  4	 | 	6	 | 	2,24
  4	 | 	8	 | 	4,12
  5	 | 	9	 | 	5,00
  6	 | 	7	 | 	6,32
  6	 | 	8	 | 	3,16
  7	 | 	8	 | 	5,10
  7	 | 	9	 | 	2,24
  1	 | 	3	 | 	3,16
  0	 | 	3	 | 	5,10
___________________________
