Simulation Topology 1
___________________________
[10]				[1]		
[9]				[4]		
[5]				[4]		
[9]				[6]		
[15]				[7]		
[12]				[7]		
[7]				[8]		
[5]				[11]		
[3]				[11]		
[11]				[12]		
___________________________
Simulation Topology [1:1]
___________________________
From 	  To 		Length
___________________________
  0	 | 	1	 | 	3,16
  0	 | 	2	 | 	5,83
  0	 | 	4	 | 	7,81
  0	 | 	8	 | 	12,21
  1	 | 	3	 | 	2,00
  1	 | 	5	 | 	4,24
  1	 | 	6	 | 	4,47
  1	 | 	8	 | 	9,22
  2	 | 	3	 | 	4,47
  2	 | 	6	 | 	4,47
  3	 | 	5	 | 	3,16
  3	 | 	7	 | 	6,40
  4	 | 	5	 | 	3,00
  5	 | 	7	 | 	8,06
  5	 | 	9	 | 	5,10
  6	 | 	8	 | 	5,00
  6	 | 	9	 | 	5,66
  7	 | 	9	 | 	6,08
___________________________
Simulation Topology [1:2]
___________________________
From 	  To 		Length
___________________________
  0	 | 	1	 | 	3,16
  0	 | 	2	 | 	5,83
  0	 | 	4	 | 	7,81
  0	 | 	8	 | 	12,21
  1	 | 	3	 | 	2,00
  1	 | 	5	 | 	4,24
  1	 | 	6	 | 	4,47
  1	 | 	8	 | 	9,22
  2	 | 	3	 | 	4,47
  2	 | 	6	 | 	4,47
  3	 | 	5	 | 	3,16
  3	 | 	7	 | 	6,40
  4	 | 	5	 | 	3,00
  5	 | 	7	 | 	8,06
  5	 | 	9	 | 	5,10
  6	 | 	8	 | 	5,00
  6	 | 	9	 | 	5,66
  7	 | 	9	 | 	6,08
  5	 | 	6	 | 	5,10
___________________________
Simulation Topology [1:3]
___________________________
From 	  To 		Length
___________________________
  0	 | 	1	 | 	3,16
  0	 | 	2	 | 	5,83
  0	 | 	4	 | 	7,81
  0	 | 	8	 | 	12,21
  1	 | 	3	 | 	2,00
  1	 | 	5	 | 	4,24
  1	 | 	6	 | 	4,47
  1	 | 	8	 | 	9,22
  2	 | 	3	 | 	4,47
  2	 | 	6	 | 	4,47
  3	 | 	5	 | 	3,16
  3	 | 	7	 | 	6,40
  4	 | 	5	 | 	3,00
  5	 | 	7	 | 	8,06
  5	 | 	9	 | 	5,10
  6	 | 	8	 | 	5,00
  6	 | 	9	 | 	5,66
  7	 | 	9	 | 	6,08
  5	 | 	6	 | 	5,10
  0	 | 	5	 | 	6,32
___________________________
