Simulation Topology 1
___________________________
[11]				[2]		
[5]				[2]		
[11]				[3]		
[8]				[3]		
[1]				[4]		
[10]				[4]		
[2]				[5]		
[11]				[5]		
[15]				[8]		
[8]				[9]		
___________________________
Simulation Topology [1:1]
___________________________
From 	  To 		Length
___________________________
  0	 | 	1	 | 	6,00
  0	 | 	4	 | 	10,20
  0	 | 	6	 | 	9,49
  1	 | 	4	 | 	4,47
  1	 | 	6	 | 	4,24
  2	 | 	3	 | 	3,00
  2	 | 	4	 | 	10,05
  2	 | 	7	 | 	2,00
  3	 | 	4	 | 	7,07
  3	 | 	7	 | 	3,61
  3	 | 	9	 | 	6,00
  4	 | 	5	 | 	9,00
  5	 | 	8	 | 	6,40
  5	 | 	9	 | 	5,39
  6	 | 	7	 | 	9,00
  6	 | 	9	 | 	7,21
  7	 | 	8	 | 	5,00
___________________________
Simulation Topology [1:2]
___________________________
From 	  To 		Length
___________________________
  0	 | 	1	 | 	6,00
  0	 | 	4	 | 	10,20
  0	 | 	6	 | 	9,49
  1	 | 	4	 | 	4,47
  1	 | 	6	 | 	4,24
  2	 | 	3	 | 	3,00
  2	 | 	4	 | 	10,05
  2	 | 	7	 | 	2,00
  3	 | 	4	 | 	7,07
  3	 | 	7	 | 	3,61
  3	 | 	9	 | 	6,00
  4	 | 	5	 | 	9,00
  5	 | 	8	 | 	6,40
  5	 | 	9	 | 	5,39
  6	 | 	7	 | 	9,00
  6	 | 	9	 | 	7,21
  7	 | 	8	 | 	5,00
  5	 | 	7	 | 	1,41
___________________________
Simulation Topology [1:3]
___________________________
From 	  To 		Length
___________________________
  0	 | 	1	 | 	6,00
  0	 | 	4	 | 	10,20
  0	 | 	6	 | 	9,49
  1	 | 	4	 | 	4,47
  1	 | 	6	 | 	4,24
  2	 | 	3	 | 	3,00
  2	 | 	4	 | 	10,05
  2	 | 	7	 | 	2,00
  3	 | 	4	 | 	7,07
  3	 | 	7	 | 	3,61
  3	 | 	9	 | 	6,00
  4	 | 	5	 | 	9,00
  5	 | 	8	 | 	6,40
  5	 | 	9	 | 	5,39
  6	 | 	7	 | 	9,00
  6	 | 	9	 | 	7,21
  7	 | 	8	 | 	5,00
  5	 | 	7	 | 	1,41
  3	 | 	5	 | 	2,24
___________________________
Simulation Topology [1:4]
___________________________
From 	  To 		Length
___________________________
  0	 | 	1	 | 	6,00
  0	 | 	4	 | 	10,20
  0	 | 	6	 | 	9,49
  1	 | 	4	 | 	4,47
  1	 | 	6	 | 	4,24
  2	 | 	3	 | 	3,00
  2	 | 	4	 | 	10,05
  2	 | 	7	 | 	2,00
  3	 | 	4	 | 	7,07
  3	 | 	7	 | 	3,61
  3	 | 	9	 | 	6,00
  4	 | 	5	 | 	9,00
  5	 | 	8	 | 	6,40
  5	 | 	9	 | 	5,39
  6	 | 	7	 | 	9,00
  6	 | 	9	 | 	7,21
  7	 | 	8	 | 	5,00
  5	 | 	7	 | 	1,41
  3	 | 	5	 | 	2,24
  0	 | 	5	 | 	2,24
___________________________
