Simulation Topology 1
___________________________
[12]				[0]		
[1]				[1]		
[4]				[1]		
[17]				[2]		
[14]				[3]		
[3]				[4]		
[1]				[5]		
[18]				[5]		
[4]				[6]		
[0]				[6]		
___________________________
Simulation Topology [1:1]
___________________________
From 	  To 		Length
___________________________
  0	 | 	1	 | 	11,05
  0	 | 	3	 | 	5,39
  0	 | 	5	 | 	9,85
  0	 | 	6	 | 	12,08
  1	 | 	4	 | 	13,15
  1	 | 	9	 | 	5,10
  2	 | 	3	 | 	13,04
  2	 | 	4	 | 	10,20
  2	 | 	5	 | 	3,16
  2	 | 	6	 | 	5,00
  2	 | 	7	 | 	14,56
  3	 | 	4	 | 	3,16
  3	 | 	5	 | 	14,14
  4	 | 	5	 | 	11,05
  5	 | 	6	 | 	2,24
  6	 | 	8	 | 	3,16
  7	 | 	8	 | 	14,04
  7	 | 	9	 | 	18,03
___________________________
Simulation Topology [1:2]
___________________________
From 	  To 		Length
___________________________
  0	 | 	1	 | 	11,05
  0	 | 	3	 | 	5,39
  0	 | 	5	 | 	9,85
  0	 | 	6	 | 	12,08
  1	 | 	4	 | 	13,15
  1	 | 	9	 | 	5,10
  2	 | 	3	 | 	13,04
  2	 | 	4	 | 	10,20
  2	 | 	5	 | 	3,16
  2	 | 	6	 | 	5,00
  2	 | 	7	 | 	14,56
  3	 | 	4	 | 	3,16
  3	 | 	5	 | 	14,14
  4	 | 	5	 | 	11,05
  5	 | 	6	 | 	2,24
  6	 | 	8	 | 	3,16
  7	 | 	8	 | 	14,04
  7	 | 	9	 | 	18,03
  8	 | 	9	 | 	4,00
___________________________
Simulation Topology [1:3]
___________________________
From 	  To 		Length
___________________________
  0	 | 	1	 | 	11,05
  0	 | 	3	 | 	5,39
  0	 | 	5	 | 	9,85
  0	 | 	6	 | 	12,08
  1	 | 	4	 | 	13,15
  1	 | 	9	 | 	5,10
  2	 | 	3	 | 	13,04
  2	 | 	4	 | 	10,20
  2	 | 	5	 | 	3,16
  2	 | 	6	 | 	5,00
  2	 | 	7	 | 	14,56
  3	 | 	4	 | 	3,16
  3	 | 	5	 | 	14,14
  4	 | 	5	 | 	11,05
  5	 | 	6	 | 	2,24
  6	 | 	8	 | 	3,16
  7	 | 	8	 | 	14,04
  7	 | 	9	 | 	18,03
  8	 | 	9	 | 	4,00
  5	 | 	8	 | 	2,24
___________________________
