Simulation Topology 1
___________________________
[2]				[0]		
[5]				[0]		
[10]				[1]		
[11]				[5]		
[8]				[5]		
[16]				[6]		
[2]				[9]		
[18]				[9]		
[4]				[10]		
[8]				[11]		
___________________________
Simulation Topology [1:1]
___________________________
From 	  To 		Length
___________________________
  0	 | 	1	 | 	3,00
  0	 | 	3	 | 	10,30
  1	 | 	3	 | 	7,81
  1	 | 	4	 | 	5,83
  2	 | 	3	 | 	4,12
  2	 | 	4	 | 	4,47
  2	 | 	5	 | 	7,81
  2	 | 	8	 | 	10,82
  2	 | 	9	 | 	10,20
  3	 | 	6	 | 	9,85
  3	 | 	9	 | 	6,71
  4	 | 	5	 | 	8,06
  4	 | 	9	 | 	6,00
  5	 | 	7	 | 	3,61
  5	 | 	8	 | 	12,65
  6	 | 	8	 | 	2,24
  7	 | 	9	 | 	10,20
  8	 | 	9	 | 	4,12
___________________________
Simulation Topology [1:2]
___________________________
From 	  To 		Length
___________________________
  0	 | 	1	 | 	3,00
  0	 | 	3	 | 	10,30
  1	 | 	3	 | 	7,81
  1	 | 	4	 | 	5,83
  2	 | 	3	 | 	4,12
  2	 | 	4	 | 	4,47
  2	 | 	5	 | 	7,81
  2	 | 	8	 | 	10,82
  2	 | 	9	 | 	10,20
  3	 | 	6	 | 	9,85
  3	 | 	9	 | 	6,71
  4	 | 	5	 | 	8,06
  4	 | 	9	 | 	6,00
  5	 | 	7	 | 	3,61
  5	 | 	8	 | 	12,65
  6	 | 	8	 | 	2,24
  7	 | 	9	 | 	10,20
  8	 | 	9	 | 	4,12
  3	 | 	4	 | 	3,00
___________________________
Simulation Topology [1:3]
___________________________
From 	  To 		Length
___________________________
  0	 | 	1	 | 	3,00
  0	 | 	3	 | 	10,30
  1	 | 	3	 | 	7,81
  1	 | 	4	 | 	5,83
  2	 | 	3	 | 	4,12
  2	 | 	4	 | 	4,47
  2	 | 	5	 | 	7,81
  2	 | 	8	 | 	10,82
  2	 | 	9	 | 	10,20
  3	 | 	6	 | 	9,85
  3	 | 	9	 | 	6,71
  4	 | 	5	 | 	8,06
  4	 | 	9	 | 	6,00
  5	 | 	7	 | 	3,61
  5	 | 	8	 | 	12,65
  6	 | 	8	 | 	2,24
  7	 | 	9	 | 	10,20
  8	 | 	9	 | 	4,12
  3	 | 	4	 | 	3,00
  3	 | 	5	 | 	5,10
___________________________
