Simulation Topology 1
___________________________
[6]				[0]		
[9]				[1]		
[1]				[4]		
[11]				[4]		
[19]				[5]		
[9]				[11]		
[3]				[12]		
[13]				[15]		
[2]				[15]		
[18]				[16]		
___________________________
Simulation Topology [1:1]
___________________________
From 	  To 		Length
___________________________
  0	 | 	1	 | 	3,16
  0	 | 	3	 | 	6,40
  0	 | 	4	 | 	13,93
  0	 | 	6	 | 	12,37
  1	 | 	4	 | 	10,77
  1	 | 	7	 | 	14,56
  1	 | 	9	 | 	17,49
  2	 | 	3	 | 	10,00
  2	 | 	4	 | 	18,03
  2	 | 	6	 | 	8,25
  3	 | 	4	 | 	8,06
  3	 | 	5	 | 	7,28
  3	 | 	8	 | 	14,21
  5	 | 	6	 | 	6,08
  5	 | 	9	 | 	10,30
  6	 | 	8	 | 	3,16
  7	 | 	9	 | 	5,10
  8	 | 	9	 | 	16,03
___________________________
Simulation Topology [1:2]
___________________________
From 	  To 		Length
___________________________
  0	 | 	1	 | 	3,16
  0	 | 	3	 | 	6,40
  0	 | 	4	 | 	13,93
  0	 | 	6	 | 	12,37
  1	 | 	4	 | 	10,77
  1	 | 	7	 | 	14,56
  1	 | 	9	 | 	17,49
  2	 | 	3	 | 	10,00
  2	 | 	4	 | 	18,03
  2	 | 	6	 | 	8,25
  3	 | 	4	 | 	8,06
  3	 | 	5	 | 	7,28
  3	 | 	8	 | 	14,21
  5	 | 	6	 | 	6,08
  5	 | 	9	 | 	10,30
  6	 | 	8	 | 	3,16
  7	 | 	9	 | 	5,10
  8	 | 	9	 | 	16,03
  0	 | 	2	 | 	6,40
___________________________
Simulation Topology [1:3]
___________________________
From 	  To 		Length
___________________________
  0	 | 	1	 | 	3,16
  0	 | 	3	 | 	6,40
  0	 | 	4	 | 	13,93
  0	 | 	6	 | 	12,37
  1	 | 	4	 | 	10,77
  1	 | 	7	 | 	14,56
  1	 | 	9	 | 	17,49
  2	 | 	3	 | 	10,00
  2	 | 	4	 | 	18,03
  2	 | 	6	 | 	8,25
  3	 | 	4	 | 	8,06
  3	 | 	5	 | 	7,28
  3	 | 	8	 | 	14,21
  5	 | 	6	 | 	6,08
  5	 | 	9	 | 	10,30
  6	 | 	8	 | 	3,16
  7	 | 	9	 | 	5,10
  8	 | 	9	 | 	16,03
  0	 | 	2	 | 	6,40
  1	 | 	3	 | 	3,61
___________________________
