Simulation Topology 1
___________________________
[1]				[0]		
[5]				[0]		
[16]				[2]		
[14]				[2]		
[5]				[3]		
[10]				[3]		
[0]				[4]		
[19]				[4]		
[4]				[5]		
[7]				[5]		
___________________________
Simulation Topology [1:1]
___________________________
From 	  To 		Length
___________________________
  0	 | 	1	 | 	4,00
  0	 | 	3	 | 	13,15
  0	 | 	5	 | 	9,49
  0	 | 	7	 | 	18,44
  0	 | 	8	 | 	5,83
  1	 | 	4	 | 	3,00
  1	 | 	6	 | 	6,40
  2	 | 	3	 | 	2,00
  2	 | 	4	 | 	11,05
  2	 | 	8	 | 	12,37
  3	 | 	7	 | 	5,39
  3	 | 	8	 | 	10,44
  4	 | 	5	 | 	5,00
  4	 | 	9	 | 	2,83
  6	 | 	7	 | 	19,00
  7	 | 	9	 | 	12,04
  8	 | 	9	 | 	3,00
___________________________
Simulation Topology [1:2]
___________________________
From 	  To 		Length
___________________________
  0	 | 	1	 | 	4,00
  0	 | 	3	 | 	13,15
  0	 | 	5	 | 	9,49
  0	 | 	7	 | 	18,44
  0	 | 	8	 | 	5,83
  1	 | 	4	 | 	3,00
  1	 | 	6	 | 	6,40
  2	 | 	3	 | 	2,00
  2	 | 	4	 | 	11,05
  2	 | 	8	 | 	12,37
  3	 | 	7	 | 	5,39
  3	 | 	8	 | 	10,44
  4	 | 	5	 | 	5,00
  4	 | 	9	 | 	2,83
  6	 | 	7	 | 	19,00
  7	 | 	9	 | 	12,04
  8	 | 	9	 | 	3,00
  3	 | 	5	 | 	4,12
___________________________
Simulation Topology [1:3]
___________________________
From 	  To 		Length
___________________________
  0	 | 	1	 | 	4,00
  0	 | 	3	 | 	13,15
  0	 | 	5	 | 	9,49
  0	 | 	7	 | 	18,44
  0	 | 	8	 | 	5,83
  1	 | 	4	 | 	3,00
  1	 | 	6	 | 	6,40
  2	 | 	3	 | 	2,00
  2	 | 	4	 | 	11,05
  2	 | 	8	 | 	12,37
  3	 | 	7	 | 	5,39
  3	 | 	8	 | 	10,44
  4	 | 	5	 | 	5,00
  4	 | 	9	 | 	2,83
  6	 | 	7	 | 	19,00
  7	 | 	9	 | 	12,04
  8	 | 	9	 | 	3,00
  3	 | 	5	 | 	4,12
  5	 | 	9	 | 	3,61
___________________________
Simulation Topology [1:4]
___________________________
From 	  To 		Length
___________________________
  0	 | 	1	 | 	4,00
  0	 | 	3	 | 	13,15
  0	 | 	5	 | 	9,49
  0	 | 	7	 | 	18,44
  0	 | 	8	 | 	5,83
  1	 | 	4	 | 	3,00
  1	 | 	6	 | 	6,40
  2	 | 	3	 | 	2,00
  2	 | 	4	 | 	11,05
  2	 | 	8	 | 	12,37
  3	 | 	7	 | 	5,39
  3	 | 	8	 | 	10,44
  4	 | 	5	 | 	5,00
  4	 | 	9	 | 	2,83
  6	 | 	7	 | 	19,00
  7	 | 	9	 | 	12,04
  8	 | 	9	 | 	3,00
  3	 | 	5	 | 	4,12
  5	 | 	9	 | 	3,61
  0	 | 	4	 | 	5,00
___________________________
