Simulation Topology 1
___________________________
[15]				[1]		
[2]				[2]		
[15]				[3]		
[2]				[4]		
[18]				[4]		
[2]				[6]		
[13]				[7]		
[8]				[7]		
[15]				[8]		
[18]				[8]		
___________________________
Simulation Topology [1:1]
___________________________
From 	  To 		Length
___________________________
  0	 | 	1	 | 	13,04
  0	 | 	2	 | 	2,00
  0	 | 	8	 | 	7,00
  0	 | 	9	 | 	7,62
  1	 | 	5	 | 	4,00
  1	 | 	6	 | 	12,08
  2	 | 	3	 | 	13,04
  2	 | 	4	 | 	3,16
  2	 | 	8	 | 	5,00
  3	 | 	6	 | 	11,40
  4	 | 	5	 | 	16,12
  4	 | 	7	 | 	10,44
  4	 | 	9	 | 	4,00
  5	 | 	7	 | 	6,08
  5	 | 	9	 | 	16,12
  6	 | 	8	 | 	2,24
  6	 | 	9	 | 	5,10
  7	 | 	8	 | 	7,07
  7	 | 	9	 | 	10,05
___________________________
Simulation Topology [1:2]
___________________________
From 	  To 		Length
___________________________
  0	 | 	1	 | 	13,04
  0	 | 	2	 | 	2,00
  0	 | 	8	 | 	7,00
  0	 | 	9	 | 	7,62
  1	 | 	5	 | 	4,00
  1	 | 	6	 | 	12,08
  2	 | 	3	 | 	13,04
  2	 | 	4	 | 	3,16
  2	 | 	8	 | 	5,00
  3	 | 	6	 | 	11,40
  4	 | 	5	 | 	16,12
  4	 | 	7	 | 	10,44
  4	 | 	9	 | 	4,00
  5	 | 	7	 | 	6,08
  5	 | 	9	 | 	16,12
  6	 | 	8	 | 	2,24
  6	 | 	9	 | 	5,10
  7	 | 	8	 | 	7,07
  7	 | 	9	 | 	10,05
  0	 | 	4	 | 	4,24
___________________________
