Simulation Topology 1
___________________________
[3]				[0]		
[0]				[0]		
[7]				[1]		
[18]				[1]		
[8]				[3]		
[6]				[4]		
[9]				[4]		
[12]				[5]		
[16]				[6]		
[7]				[8]		
___________________________
Simulation Topology [1:1]
___________________________
From 	  To 		Length
___________________________
  0	 | 	1	 | 	3,00
  0	 | 	4	 | 	5,83
  0	 | 	6	 | 	7,21
  0	 | 	8	 | 	14,32
  1	 | 	4	 | 	8,54
  1	 | 	5	 | 	7,21
  1	 | 	7	 | 	13,00
  2	 | 	3	 | 	11,00
  2	 | 	4	 | 	2,24
  2	 | 	6	 | 	3,61
  2	 | 	7	 | 	6,40
  3	 | 	5	 | 	12,37
  3	 | 	9	 | 	13,04
  4	 | 	5	 | 	2,24
  4	 | 	6	 | 	1,41
  5	 | 	9	 | 	4,12
  6	 | 	9	 | 	4,47
  7	 | 	9	 | 	5,83
  8	 | 	9	 | 	9,22
___________________________
Simulation Topology [1:2]
___________________________
From 	  To 		Length
___________________________
  0	 | 	1	 | 	3,00
  0	 | 	4	 | 	5,83
  0	 | 	6	 | 	7,21
  0	 | 	8	 | 	14,32
  1	 | 	4	 | 	8,54
  1	 | 	5	 | 	7,21
  1	 | 	7	 | 	13,00
  2	 | 	3	 | 	11,00
  2	 | 	4	 | 	2,24
  2	 | 	6	 | 	3,61
  2	 | 	7	 | 	6,40
  3	 | 	5	 | 	12,37
  3	 | 	9	 | 	13,04
  4	 | 	5	 | 	2,24
  4	 | 	6	 | 	1,41
  5	 | 	9	 | 	4,12
  6	 | 	9	 | 	4,47
  7	 | 	9	 | 	5,83
  8	 | 	9	 | 	9,22
  6	 | 	8	 | 	7,28
___________________________
