Simulation Topology 1
___________________________
[12]				[4]		
[16]				[4]		
[16]				[5]		
[4]				[5]		
[5]				[9]		
[15]				[9]		
[4]				[10]		
[14]				[10]		
[9]				[11]		
[15]				[12]		
___________________________
Simulation Topology [1:1]
___________________________
From 	  To 		Length
___________________________
  0	 | 	1	 | 	4,00
  0	 | 	2	 | 	4,12
  0	 | 	3	 | 	8,06
  1	 | 	3	 | 	12,04
  1	 | 	7	 | 	6,32
  1	 | 	8	 | 	9,90
  2	 | 	3	 | 	12,00
  2	 | 	8	 | 	9,22
  2	 | 	9	 | 	7,07
  3	 | 	5	 | 	11,70
  4	 | 	5	 | 	10,00
  4	 | 	7	 | 	9,06
  4	 | 	8	 | 	4,47
  5	 | 	8	 | 	6,32
  6	 | 	7	 | 	10,00
  6	 | 	8	 | 	5,10
  7	 | 	8	 | 	5,10
  7	 | 	9	 | 	2,24
___________________________
Simulation Topology [1:2]
___________________________
From 	  To 		Length
___________________________
  0	 | 	1	 | 	4,00
  0	 | 	2	 | 	4,12
  0	 | 	3	 | 	8,06
  1	 | 	3	 | 	12,04
  1	 | 	7	 | 	6,32
  1	 | 	8	 | 	9,90
  2	 | 	3	 | 	12,00
  2	 | 	8	 | 	9,22
  2	 | 	9	 | 	7,07
  3	 | 	5	 | 	11,70
  4	 | 	5	 | 	10,00
  4	 | 	7	 | 	9,06
  4	 | 	8	 | 	4,47
  5	 | 	8	 | 	6,32
  6	 | 	7	 | 	10,00
  6	 | 	8	 | 	5,10
  7	 | 	8	 | 	5,10
  7	 | 	9	 | 	2,24
  0	 | 	6	 | 	10,00
___________________________
Simulation Topology [1:3]
___________________________
From 	  To 		Length
___________________________
  0	 | 	1	 | 	4,00
  0	 | 	2	 | 	4,12
  0	 | 	3	 | 	8,06
  1	 | 	3	 | 	12,04
  1	 | 	7	 | 	6,32
  1	 | 	8	 | 	9,90
  2	 | 	3	 | 	12,00
  2	 | 	8	 | 	9,22
  2	 | 	9	 | 	7,07
  3	 | 	5	 | 	11,70
  4	 | 	5	 | 	10,00
  4	 | 	7	 | 	9,06
  4	 | 	8	 | 	4,47
  5	 | 	8	 | 	6,32
  6	 | 	7	 | 	10,00
  6	 | 	8	 | 	5,10
  7	 | 	8	 | 	5,10
  7	 | 	9	 | 	2,24
  0	 | 	6	 | 	10,00
  5	 | 	7	 | 	1,41
___________________________
