Simulation Topology 1
___________________________
[11]				[0]		
[12]				[1]		
[11]				[2]		
[3]				[2]		
[17]				[3]		
[11]				[3]		
[0]				[5]		
[17]				[6]		
[18]				[7]		
[15]				[8]		
___________________________
Simulation Topology [1:1]
___________________________
From 	  To 		Length
___________________________
  0	 | 	1	 | 	1,41
  0	 | 	2	 | 	2,00
  0	 | 	6	 | 	12,08
  0	 | 	8	 | 	9,90
  0	 | 	9	 | 	8,94
  1	 | 	4	 | 	5,39
  1	 | 	5	 | 	2,24
  1	 | 	8	 | 	8,49
  2	 | 	3	 | 	8,00
  2	 | 	4	 | 	6,08
  2	 | 	6	 | 	11,40
  2	 | 	7	 | 	7,21
  3	 | 	5	 | 	8,06
  3	 | 	7	 | 	14,56
  4	 | 	8	 | 	4,12
  6	 | 	7	 | 	17,03
  6	 | 	9	 | 	15,30
  7	 | 	8	 | 	1,41
  8	 | 	9	 | 	3,16
___________________________
Simulation Topology [1:2]
___________________________
From 	  To 		Length
___________________________
  0	 | 	1	 | 	1,41
  0	 | 	2	 | 	2,00
  0	 | 	6	 | 	12,08
  0	 | 	8	 | 	9,90
  0	 | 	9	 | 	8,94
  1	 | 	4	 | 	5,39
  1	 | 	5	 | 	2,24
  1	 | 	8	 | 	8,49
  2	 | 	3	 | 	8,00
  2	 | 	4	 | 	6,08
  2	 | 	6	 | 	11,40
  2	 | 	7	 | 	7,21
  3	 | 	5	 | 	8,06
  3	 | 	7	 | 	14,56
  4	 | 	8	 | 	4,12
  6	 | 	7	 | 	17,03
  6	 | 	9	 | 	15,30
  7	 | 	8	 | 	1,41
  8	 | 	9	 | 	3,16
  2	 | 	5	 | 	1,00
___________________________
