Simulation Topology 1
___________________________
[1]				[0]		
[14]				[4]		
[11]				[6]		
[2]				[8]		
[1]				[10]		
[18]				[11]		
[9]				[13]		
[10]				[14]		
[10]				[16]		
[1]				[17]		
___________________________
Simulation Topology [1:1]
___________________________
From 	  To 		Length
___________________________
  0	 | 	1	 | 	13,60
  0	 | 	3	 | 	8,06
  0	 | 	5	 | 	20,25
  0	 | 	9	 | 	17,00
  1	 | 	4	 | 	14,32
  1	 | 	8	 | 	12,65
  2	 | 	5	 | 	8,60
  2	 | 	6	 | 	7,28
  2	 | 	7	 | 	8,06
  2	 | 	9	 | 	14,87
  3	 | 	4	 | 	2,24
  3	 | 	5	 | 	16,28
  3	 | 	6	 | 	8,60
  3	 | 	8	 | 	11,31
  4	 | 	5	 | 	17,03
  4	 | 	8	 | 	10,82
  6	 | 	9	 | 	8,94
  7	 | 	8	 | 	2,00
  7	 | 	9	 | 	9,49
___________________________
Simulation Topology [1:2]
___________________________
From 	  To 		Length
___________________________
  0	 | 	1	 | 	13,60
  0	 | 	3	 | 	8,06
  0	 | 	5	 | 	20,25
  0	 | 	9	 | 	17,00
  1	 | 	4	 | 	14,32
  1	 | 	8	 | 	12,65
  2	 | 	5	 | 	8,60
  2	 | 	6	 | 	7,28
  2	 | 	7	 | 	8,06
  2	 | 	9	 | 	14,87
  3	 | 	4	 | 	2,24
  3	 | 	5	 | 	16,28
  3	 | 	6	 | 	8,60
  3	 | 	8	 | 	11,31
  4	 | 	5	 | 	17,03
  4	 | 	8	 | 	10,82
  6	 | 	9	 | 	8,94
  7	 | 	8	 | 	2,00
  7	 | 	9	 | 	9,49
  2	 | 	8	 | 	10,05
___________________________
