Simulation Topology 1
___________________________
[4]				[3]		
[7]				[3]		
[12]				[4]		
[10]				[4]		
[1]				[6]		
[15]				[6]		
[10]				[7]		
[3]				[7]		
[0]				[9]		
[16]				[11]		
___________________________
Simulation Topology [1:1]
___________________________
From 	  To 		Length
___________________________
  0	 | 	1	 | 	3,00
  0	 | 	3	 | 	6,08
  0	 | 	7	 | 	4,12
  1	 | 	2	 | 	5,10
  1	 | 	7	 | 	5,66
  1	 | 	8	 | 	9,22
  1	 | 	9	 | 	12,04
  2	 | 	3	 | 	2,00
  2	 | 	4	 | 	11,18
  2	 | 	5	 | 	3,61
  2	 | 	7	 | 	9,49
  2	 | 	8	 | 	13,00
  4	 | 	5	 | 	14,00
  4	 | 	6	 | 	9,06
  4	 | 	7	 | 	2,24
  6	 | 	7	 | 	7,00
  6	 | 	9	 | 	7,21
___________________________
Simulation Topology [1:2]
___________________________
From 	  To 		Length
___________________________
  0	 | 	1	 | 	3,00
  0	 | 	3	 | 	6,08
  0	 | 	7	 | 	4,12
  1	 | 	2	 | 	5,10
  1	 | 	7	 | 	5,66
  1	 | 	8	 | 	9,22
  1	 | 	9	 | 	12,04
  2	 | 	3	 | 	2,00
  2	 | 	4	 | 	11,18
  2	 | 	5	 | 	3,61
  2	 | 	7	 | 	9,49
  2	 | 	8	 | 	13,00
  4	 | 	5	 | 	14,00
  4	 | 	6	 | 	9,06
  4	 | 	7	 | 	2,24
  6	 | 	7	 | 	7,00
  6	 | 	9	 | 	7,21
  3	 | 	5	 | 	5,39
___________________________
Simulation Topology [1:3]
___________________________
From 	  To 		Length
___________________________
  0	 | 	1	 | 	3,00
  0	 | 	3	 | 	6,08
  0	 | 	7	 | 	4,12
  1	 | 	2	 | 	5,10
  1	 | 	7	 | 	5,66
  1	 | 	8	 | 	9,22
  1	 | 	9	 | 	12,04
  2	 | 	3	 | 	2,00
  2	 | 	4	 | 	11,18
  2	 | 	5	 | 	3,61
  2	 | 	7	 | 	9,49
  2	 | 	8	 | 	13,00
  4	 | 	5	 | 	14,00
  4	 | 	6	 | 	9,06
  4	 | 	7	 | 	2,24
  6	 | 	7	 | 	7,00
  6	 | 	9	 | 	7,21
  3	 | 	5	 | 	5,39
  3	 | 	9	 | 	9,22
___________________________
Simulation Topology [1:4]
___________________________
From 	  To 		Length
___________________________
  0	 | 	1	 | 	3,00
  0	 | 	3	 | 	6,08
  0	 | 	7	 | 	4,12
  1	 | 	2	 | 	5,10
  1	 | 	7	 | 	5,66
  1	 | 	8	 | 	9,22
  1	 | 	9	 | 	12,04
  2	 | 	3	 | 	2,00
  2	 | 	4	 | 	11,18
  2	 | 	5	 | 	3,61
  2	 | 	7	 | 	9,49
  2	 | 	8	 | 	13,00
  4	 | 	5	 | 	14,00
  4	 | 	6	 | 	9,06
  4	 | 	7	 | 	2,24
  6	 | 	7	 | 	7,00
  6	 | 	9	 | 	7,21
  3	 | 	5	 | 	5,39
  3	 | 	9	 | 	9,22
  1	 | 	3	 | 	3,16
___________________________
