Simulation Topology 1
___________________________
[11]				[0]		
[0]				[1]		
[7]				[2]		
[4]				[2]		
[14]				[3]		
[9]				[3]		
[7]				[4]		
[13]				[4]		
[4]				[5]		
[7]				[5]		
___________________________
Simulation Topology [1:1]
___________________________
From 	  To 		Length
___________________________
  0	 | 	1	 | 	11,05
  0	 | 	4	 | 	4,24
  0	 | 	8	 | 	8,60
  0	 | 	9	 | 	6,40
  1	 | 	2	 | 	7,07
  1	 | 	3	 | 	4,12
  1	 | 	7	 | 	13,34
  2	 | 	3	 | 	3,00
  2	 | 	5	 | 	2,24
  2	 | 	9	 | 	3,00
  3	 | 	7	 | 	9,22
  4	 | 	5	 | 	5,00
  4	 | 	6	 | 	7,07
  4	 | 	9	 | 	7,28
  5	 | 	6	 | 	2,24
  5	 | 	8	 | 	5,39
  6	 | 	7	 | 	6,00
___________________________
Simulation Topology [1:2]
___________________________
From 	  To 		Length
___________________________
  0	 | 	1	 | 	11,05
  0	 | 	4	 | 	4,24
  0	 | 	8	 | 	8,60
  0	 | 	9	 | 	6,40
  1	 | 	2	 | 	7,07
  1	 | 	3	 | 	4,12
  1	 | 	7	 | 	13,34
  2	 | 	3	 | 	3,00
  2	 | 	5	 | 	2,24
  2	 | 	9	 | 	3,00
  3	 | 	7	 | 	9,22
  4	 | 	5	 | 	5,00
  4	 | 	6	 | 	7,07
  4	 | 	9	 | 	7,28
  5	 | 	6	 | 	2,24
  5	 | 	8	 | 	5,39
  6	 | 	7	 | 	6,00
  6	 | 	8	 | 	3,16
___________________________
Simulation Topology [1:3]
___________________________
From 	  To 		Length
___________________________
  0	 | 	1	 | 	11,05
  0	 | 	4	 | 	4,24
  0	 | 	8	 | 	8,60
  0	 | 	9	 | 	6,40
  1	 | 	2	 | 	7,07
  1	 | 	3	 | 	4,12
  1	 | 	7	 | 	13,34
  2	 | 	3	 | 	3,00
  2	 | 	5	 | 	2,24
  2	 | 	9	 | 	3,00
  3	 | 	7	 | 	9,22
  4	 | 	5	 | 	5,00
  4	 | 	6	 | 	7,07
  4	 | 	9	 | 	7,28
  5	 | 	6	 | 	2,24
  5	 | 	8	 | 	5,39
  6	 | 	7	 | 	6,00
  6	 | 	8	 | 	3,16
  2	 | 	6	 | 	2,00
___________________________
Simulation Topology [1:4]
___________________________
From 	  To 		Length
___________________________
  0	 | 	1	 | 	11,05
  0	 | 	4	 | 	4,24
  0	 | 	8	 | 	8,60
  0	 | 	9	 | 	6,40
  1	 | 	2	 | 	7,07
  1	 | 	3	 | 	4,12
  1	 | 	7	 | 	13,34
  2	 | 	3	 | 	3,00
  2	 | 	5	 | 	2,24
  2	 | 	9	 | 	3,00
  3	 | 	7	 | 	9,22
  4	 | 	5	 | 	5,00
  4	 | 	6	 | 	7,07
  4	 | 	9	 | 	7,28
  5	 | 	6	 | 	2,24
  5	 | 	8	 | 	5,39
  6	 | 	7	 | 	6,00
  6	 | 	8	 | 	3,16
  2	 | 	6	 | 	2,00
  6	 | 	9	 | 	1,00
___________________________
