Simulation Topology 1
___________________________
[14]				[0]		
[16]				[1]		
[12]				[1]		
[8]				[2]		
[9]				[3]		
[1]				[4]		
[5]				[4]		
[14]				[5]		
[18]				[5]		
[17]				[7]		
___________________________
Simulation Topology [1:1]
___________________________
From 	  To 		Length
___________________________
  0	 | 	1	 | 	2,24
  0	 | 	3	 | 	6,32
  0	 | 	4	 | 	5,83
  0	 | 	5	 | 	13,60
  0	 | 	7	 | 	5,00
  1	 | 	3	 | 	8,06
  1	 | 	4	 | 	7,28
  2	 | 	3	 | 	4,12
  2	 | 	5	 | 	11,40
  2	 | 	7	 | 	4,47
  3	 | 	8	 | 	10,44
  3	 | 	9	 | 	10,30
  4	 | 	5	 | 	8,06
  4	 | 	8	 | 	9,22
  5	 | 	6	 | 	4,00
  5	 | 	7	 | 	13,04
  6	 | 	9	 | 	12,37
  7	 | 	9	 | 	3,61
  8	 | 	9	 | 	2,24
___________________________
Simulation Topology [1:2]
___________________________
From 	  To 		Length
___________________________
  0	 | 	1	 | 	2,24
  0	 | 	3	 | 	6,32
  0	 | 	4	 | 	5,83
  0	 | 	5	 | 	13,60
  0	 | 	7	 | 	5,00
  1	 | 	3	 | 	8,06
  1	 | 	4	 | 	7,28
  2	 | 	3	 | 	4,12
  2	 | 	5	 | 	11,40
  2	 | 	7	 | 	4,47
  3	 | 	8	 | 	10,44
  3	 | 	9	 | 	10,30
  4	 | 	5	 | 	8,06
  4	 | 	8	 | 	9,22
  5	 | 	6	 | 	4,00
  5	 | 	7	 | 	13,04
  6	 | 	9	 | 	12,37
  7	 | 	9	 | 	3,61
  8	 | 	9	 | 	2,24
  4	 | 	6	 | 	4,12
___________________________
