Simulation Topology 1
___________________________
[12]				[0]		
[18]				[2]		
[15]				[2]		
[16]				[4]		
[4]				[4]		
[12]				[6]		
[14]				[10]		
[3]				[10]		
[10]				[12]		
[6]				[12]		
___________________________
Simulation Topology [1:1]
___________________________
From 	  To 		Length
___________________________
  0	 | 	1	 | 	6,32
  0	 | 	2	 | 	3,61
  0	 | 	3	 | 	5,66
  0	 | 	5	 | 	6,00
  0	 | 	9	 | 	13,42
  1	 | 	4	 | 	14,14
  2	 | 	3	 | 	2,24
  2	 | 	6	 | 	8,06
  2	 | 	8	 | 	11,18
  3	 | 	7	 | 	14,32
  3	 | 	8	 | 	10,00
  3	 | 	9	 | 	12,81
  4	 | 	5	 | 	8,25
  4	 | 	9	 | 	8,25
  5	 | 	6	 | 	4,47
  5	 | 	7	 | 	9,85
  5	 | 	9	 | 	8,49
  6	 | 	7	 | 	11,00
___________________________
Simulation Topology [1:2]
___________________________
From 	  To 		Length
___________________________
  0	 | 	1	 | 	6,32
  0	 | 	2	 | 	3,61
  0	 | 	3	 | 	5,66
  0	 | 	5	 | 	6,00
  0	 | 	9	 | 	13,42
  1	 | 	4	 | 	14,14
  2	 | 	3	 | 	2,24
  2	 | 	6	 | 	8,06
  2	 | 	8	 | 	11,18
  3	 | 	7	 | 	14,32
  3	 | 	8	 | 	10,00
  3	 | 	9	 | 	12,81
  4	 | 	5	 | 	8,25
  4	 | 	9	 | 	8,25
  5	 | 	6	 | 	4,47
  5	 | 	7	 | 	9,85
  5	 | 	9	 | 	8,49
  6	 | 	7	 | 	11,00
  8	 | 	9	 | 	4,00
___________________________
Simulation Topology [1:3]
___________________________
From 	  To 		Length
___________________________
  0	 | 	1	 | 	6,32
  0	 | 	2	 | 	3,61
  0	 | 	3	 | 	5,66
  0	 | 	5	 | 	6,00
  0	 | 	9	 | 	13,42
  1	 | 	4	 | 	14,14
  2	 | 	3	 | 	2,24
  2	 | 	6	 | 	8,06
  2	 | 	8	 | 	11,18
  3	 | 	7	 | 	14,32
  3	 | 	8	 | 	10,00
  3	 | 	9	 | 	12,81
  4	 | 	5	 | 	8,25
  4	 | 	9	 | 	8,25
  5	 | 	6	 | 	4,47
  5	 | 	7	 | 	9,85
  5	 | 	9	 | 	8,49
  6	 | 	7	 | 	11,00
  8	 | 	9	 | 	4,00
  5	 | 	8	 | 	6,32
___________________________
