Simulation Topology 1
___________________________
[6]				[1]		
[4]				[1]		
[13]				[2]		
[17]				[2]		
[11]				[3]		
[15]				[6]		
[1]				[6]		
[16]				[7]		
[3]				[7]		
[18]				[8]		
___________________________
Simulation Topology [1:1]
___________________________
From 	  To 		Length
___________________________
  0	 | 	1	 | 	2,00
  0	 | 	2	 | 	7,07
  0	 | 	8	 | 	6,71
  1	 | 	3	 | 	13,04
  1	 | 	6	 | 	5,83
  1	 | 	7	 | 	13,42
  2	 | 	3	 | 	4,00
  2	 | 	5	 | 	4,47
  2	 | 	9	 | 	7,81
  3	 | 	4	 | 	6,08
  3	 | 	6	 | 	16,49
  3	 | 	9	 | 	6,08
  4	 | 	5	 | 	5,00
  4	 | 	9	 | 	8,60
  5	 | 	7	 | 	1,41
  6	 | 	7	 | 	15,03
  6	 | 	9	 | 	17,12
  8	 | 	9	 | 	15,03
___________________________
Simulation Topology [1:2]
___________________________
From 	  To 		Length
___________________________
  0	 | 	1	 | 	2,00
  0	 | 	2	 | 	7,07
  0	 | 	8	 | 	6,71
  1	 | 	3	 | 	13,04
  1	 | 	6	 | 	5,83
  1	 | 	7	 | 	13,42
  2	 | 	3	 | 	4,00
  2	 | 	5	 | 	4,47
  2	 | 	9	 | 	7,81
  3	 | 	4	 | 	6,08
  3	 | 	6	 | 	16,49
  3	 | 	9	 | 	6,08
  4	 | 	5	 | 	5,00
  4	 | 	9	 | 	8,60
  5	 | 	7	 | 	1,41
  6	 | 	7	 | 	15,03
  6	 | 	9	 | 	17,12
  8	 | 	9	 | 	15,03
  6	 | 	8	 | 	2,24
___________________________
Simulation Topology [1:3]
___________________________
From 	  To 		Length
___________________________
  0	 | 	1	 | 	2,00
  0	 | 	2	 | 	7,07
  0	 | 	8	 | 	6,71
  1	 | 	3	 | 	13,04
  1	 | 	6	 | 	5,83
  1	 | 	7	 | 	13,42
  2	 | 	3	 | 	4,00
  2	 | 	5	 | 	4,47
  2	 | 	9	 | 	7,81
  3	 | 	4	 | 	6,08
  3	 | 	6	 | 	16,49
  3	 | 	9	 | 	6,08
  4	 | 	5	 | 	5,00
  4	 | 	9	 | 	8,60
  5	 | 	7	 | 	1,41
  6	 | 	7	 | 	15,03
  6	 | 	9	 | 	17,12
  8	 | 	9	 | 	15,03
  6	 | 	8	 | 	2,24
  7	 | 	9	 | 	2,24
___________________________
