Simulation Topology 1
___________________________
[19]				[1]		
[13]				[1]		
[12]				[2]		
[3]				[2]		
[10]				[3]		
[7]				[3]		
[17]				[4]		
[17]				[5]		
[13]				[7]		
[19]				[7]		
___________________________
Simulation Topology [1:1]
___________________________
From 	  To 		Length
___________________________
  0	 | 	1	 | 	6,00
  0	 | 	2	 | 	7,07
  0	 | 	7	 | 	4,47
  1	 | 	4	 | 	3,61
  1	 | 	7	 | 	5,66
  2	 | 	3	 | 	9,00
  2	 | 	6	 | 	5,39
  2	 | 	7	 | 	5,83
  3	 | 	6	 | 	14,14
  3	 | 	9	 | 	16,76
  4	 | 	5	 | 	3,00
  4	 | 	8	 | 	5,00
  4	 | 	9	 | 	9,85
  5	 | 	8	 | 	7,21
  5	 | 	9	 | 	12,65
  6	 | 	7	 | 	1,00
  6	 | 	9	 | 	3,61
___________________________
Simulation Topology [1:2]
___________________________
From 	  To 		Length
___________________________
  0	 | 	1	 | 	6,00
  0	 | 	2	 | 	7,07
  0	 | 	7	 | 	4,47
  1	 | 	4	 | 	3,61
  1	 | 	7	 | 	5,66
  2	 | 	3	 | 	9,00
  2	 | 	6	 | 	5,39
  2	 | 	7	 | 	5,83
  3	 | 	6	 | 	14,14
  3	 | 	9	 | 	16,76
  4	 | 	5	 | 	3,00
  4	 | 	8	 | 	5,00
  4	 | 	9	 | 	9,85
  5	 | 	8	 | 	7,21
  5	 | 	9	 | 	12,65
  6	 | 	7	 | 	1,00
  6	 | 	9	 | 	3,61
  2	 | 	4	 | 	2,24
___________________________
Simulation Topology [1:3]
___________________________
From 	  To 		Length
___________________________
  0	 | 	1	 | 	6,00
  0	 | 	2	 | 	7,07
  0	 | 	7	 | 	4,47
  1	 | 	4	 | 	3,61
  1	 | 	7	 | 	5,66
  2	 | 	3	 | 	9,00
  2	 | 	6	 | 	5,39
  2	 | 	7	 | 	5,83
  3	 | 	6	 | 	14,14
  3	 | 	9	 | 	16,76
  4	 | 	5	 | 	3,00
  4	 | 	8	 | 	5,00
  4	 | 	9	 | 	9,85
  5	 | 	8	 | 	7,21
  5	 | 	9	 | 	12,65
  6	 | 	7	 | 	1,00
  6	 | 	9	 | 	3,61
  2	 | 	4	 | 	2,24
  1	 | 	2	 | 	1,41
___________________________
Simulation Topology [1:4]
___________________________
From 	  To 		Length
___________________________
  0	 | 	1	 | 	6,00
  0	 | 	2	 | 	7,07
  0	 | 	7	 | 	4,47
  1	 | 	4	 | 	3,61
  1	 | 	7	 | 	5,66
  2	 | 	3	 | 	9,00
  2	 | 	6	 | 	5,39
  2	 | 	7	 | 	5,83
  3	 | 	6	 | 	14,14
  3	 | 	9	 | 	16,76
  4	 | 	5	 | 	3,00
  4	 | 	8	 | 	5,00
  4	 | 	9	 | 	9,85
  5	 | 	8	 | 	7,21
  5	 | 	9	 | 	12,65
  6	 | 	7	 | 	1,00
  6	 | 	9	 | 	3,61
  2	 | 	4	 | 	2,24
  1	 | 	2	 | 	1,41
  7	 | 	9	 | 	2,83
___________________________
