Simulation Topology 1
___________________________
[9]				[0]		
[15]				[3]		
[5]				[3]		
[5]				[5]		
[19]				[5]		
[12]				[7]		
[0]				[7]		
[14]				[8]		
[19]				[8]		
[19]				[9]		
___________________________
Simulation Topology [1:1]
___________________________
From 	  To 		Length
___________________________
  0	 | 	1	 | 	6,71
  0	 | 	6	 | 	11,40
  0	 | 	7	 | 	9,43
  1	 | 	4	 | 	4,47
  1	 | 	7	 | 	5,10
  1	 | 	9	 | 	7,21
  2	 | 	3	 | 	2,00
  2	 | 	7	 | 	10,30
  2	 | 	9	 | 	15,23
  3	 | 	6	 | 	5,39
  4	 | 	5	 | 	7,28
  4	 | 	6	 | 	19,10
  4	 | 	8	 | 	3,00
  4	 | 	9	 | 	4,00
  5	 | 	7	 | 	2,24
  5	 | 	8	 | 	7,07
  6	 | 	7	 | 	14,04
___________________________
Simulation Topology [1:2]
___________________________
From 	  To 		Length
___________________________
  0	 | 	1	 | 	6,71
  0	 | 	6	 | 	11,40
  0	 | 	7	 | 	9,43
  1	 | 	4	 | 	4,47
  1	 | 	7	 | 	5,10
  1	 | 	9	 | 	7,21
  2	 | 	3	 | 	2,00
  2	 | 	7	 | 	10,30
  2	 | 	9	 | 	15,23
  3	 | 	6	 | 	5,39
  4	 | 	5	 | 	7,28
  4	 | 	6	 | 	19,10
  4	 | 	8	 | 	3,00
  4	 | 	9	 | 	4,00
  5	 | 	7	 | 	2,24
  5	 | 	8	 | 	7,07
  6	 | 	7	 | 	14,04
  8	 | 	9	 | 	1,00
___________________________
Simulation Topology [1:3]
___________________________
From 	  To 		Length
___________________________
  0	 | 	1	 | 	6,71
  0	 | 	6	 | 	11,40
  0	 | 	7	 | 	9,43
  1	 | 	4	 | 	4,47
  1	 | 	7	 | 	5,10
  1	 | 	9	 | 	7,21
  2	 | 	3	 | 	2,00
  2	 | 	7	 | 	10,30
  2	 | 	9	 | 	15,23
  3	 | 	6	 | 	5,39
  4	 | 	5	 | 	7,28
  4	 | 	6	 | 	19,10
  4	 | 	8	 | 	3,00
  4	 | 	9	 | 	4,00
  5	 | 	7	 | 	2,24
  5	 | 	8	 | 	7,07
  6	 | 	7	 | 	14,04
  8	 | 	9	 | 	1,00
  0	 | 	3	 | 	6,40
___________________________
Simulation Topology [1:4]
___________________________
From 	  To 		Length
___________________________
  0	 | 	1	 | 	6,71
  0	 | 	6	 | 	11,40
  0	 | 	7	 | 	9,43
  1	 | 	4	 | 	4,47
  1	 | 	7	 | 	5,10
  1	 | 	9	 | 	7,21
  2	 | 	3	 | 	2,00
  2	 | 	7	 | 	10,30
  2	 | 	9	 | 	15,23
  3	 | 	6	 | 	5,39
  4	 | 	5	 | 	7,28
  4	 | 	6	 | 	19,10
  4	 | 	8	 | 	3,00
  4	 | 	9	 | 	4,00
  5	 | 	7	 | 	2,24
  5	 | 	8	 | 	7,07
  6	 | 	7	 | 	14,04
  8	 | 	9	 | 	1,00
  0	 | 	3	 | 	6,40
  5	 | 	9	 | 	7,28
___________________________
