Simulation Topology 1
___________________________
[10]				[0]		
[17]				[0]		
[2]				[3]		
[10]				[7]		
[0]				[8]		
[3]				[9]		
[15]				[10]		
[10]				[10]		
[10]				[11]		
[10]				[14]		
___________________________
Simulation Topology [1:1]
___________________________
From 	  To 		Length
___________________________
  0	 | 	1	 | 	7,00
  0	 | 	4	 | 	12,81
  0	 | 	5	 | 	11,40
  0	 | 	7	 | 	10,00
  0	 | 	8	 | 	11,00
  0	 | 	9	 | 	14,00
  1	 | 	6	 | 	10,20
  1	 | 	9	 | 	15,65
  2	 | 	3	 | 	8,94
  2	 | 	4	 | 	5,39
  2	 | 	6	 | 	14,76
  2	 | 	9	 | 	13,60
  3	 | 	7	 | 	3,00
  3	 | 	8	 | 	4,00
  3	 | 	9	 | 	7,00
  4	 | 	8	 | 	10,44
  5	 | 	9	 | 	8,60
  6	 | 	8	 | 	5,10
  7	 | 	8	 | 	1,00
___________________________
Simulation Topology [1:2]
___________________________
From 	  To 		Length
___________________________
  0	 | 	1	 | 	7,00
  0	 | 	4	 | 	12,81
  0	 | 	5	 | 	11,40
  0	 | 	7	 | 	10,00
  0	 | 	8	 | 	11,00
  0	 | 	9	 | 	14,00
  1	 | 	6	 | 	10,20
  1	 | 	9	 | 	15,65
  2	 | 	3	 | 	8,94
  2	 | 	4	 | 	5,39
  2	 | 	6	 | 	14,76
  2	 | 	9	 | 	13,60
  3	 | 	7	 | 	3,00
  3	 | 	8	 | 	4,00
  3	 | 	9	 | 	7,00
  4	 | 	8	 | 	10,44
  5	 | 	9	 | 	8,60
  6	 | 	8	 | 	5,10
  7	 | 	8	 | 	1,00
  7	 | 	9	 | 	4,00
___________________________
