Simulation Topology 1
___________________________
[1]				[0]		
[15]				[1]		
[13]				[1]		
[1]				[2]		
[6]				[2]		
[15]				[3]		
[9]				[3]		
[5]				[4]		
[1]				[5]		
[9]				[8]		
___________________________
Simulation Topology [1:1]
___________________________
From 	  To 		Length
___________________________
  0	 | 	1	 | 	14,04
  0	 | 	4	 | 	5,39
  0	 | 	8	 | 	5,00
  0	 | 	9	 | 	11,31
  1	 | 	2	 | 	2,00
  1	 | 	5	 | 	2,00
  2	 | 	3	 | 	12,04
  2	 | 	8	 | 	12,65
  3	 | 	7	 | 	4,47
  3	 | 	8	 | 	3,00
  4	 | 	5	 | 	9,06
  4	 | 	6	 | 	3,16
  4	 | 	7	 | 	2,24
  4	 | 	8	 | 	5,83
  5	 | 	7	 | 	10,05
  6	 | 	8	 | 	8,25
  6	 | 	9	 | 	5,00
  7	 | 	8	 | 	4,12
  8	 | 	9	 | 	8,54
___________________________
Simulation Topology [1:2]
___________________________
From 	  To 		Length
___________________________
  0	 | 	1	 | 	14,04
  0	 | 	4	 | 	5,39
  0	 | 	8	 | 	5,00
  0	 | 	9	 | 	11,31
  1	 | 	2	 | 	2,00
  1	 | 	5	 | 	2,00
  2	 | 	3	 | 	12,04
  2	 | 	8	 | 	12,65
  3	 | 	7	 | 	4,47
  3	 | 	8	 | 	3,00
  4	 | 	5	 | 	9,06
  4	 | 	6	 | 	3,16
  4	 | 	7	 | 	2,24
  4	 | 	8	 | 	5,83
  5	 | 	7	 | 	10,05
  6	 | 	8	 | 	8,25
  6	 | 	9	 | 	5,00
  7	 | 	8	 | 	4,12
  8	 | 	9	 | 	8,54
  0	 | 	3	 | 	2,00
___________________________
