Simulation Topology 1
___________________________
[17]				[1]		
[12]				[2]		
[7]				[2]		
[19]				[7]		
[4]				[7]		
[13]				[10]		
[5]				[11]		
[0]				[11]		
[9]				[12]		
[17]				[14]		
___________________________
Simulation Topology [1:1]
___________________________
From 	  To 		Length
___________________________
  0	 | 	1	 | 	5,10
  0	 | 	3	 | 	6,32
  0	 | 	4	 | 	14,32
  0	 | 	5	 | 	9,85
  1	 | 	5	 | 	8,06
  1	 | 	8	 | 	10,44
  2	 | 	3	 | 	13,00
  2	 | 	6	 | 	9,22
  3	 | 	5	 | 	6,71
  3	 | 	8	 | 	11,18
  3	 | 	9	 | 	7,28
  4	 | 	5	 | 	9,49
  4	 | 	8	 | 	7,07
  5	 | 	6	 | 	8,06
  5	 | 	7	 | 	13,04
  5	 | 	8	 | 	4,47
  5	 | 	9	 | 	5,66
  7	 | 	8	 | 	9,06
  8	 | 	9	 | 	8,25
___________________________
Simulation Topology [1:2]
___________________________
From 	  To 		Length
___________________________
  0	 | 	1	 | 	5,10
  0	 | 	3	 | 	6,32
  0	 | 	4	 | 	14,32
  0	 | 	5	 | 	9,85
  1	 | 	5	 | 	8,06
  1	 | 	8	 | 	10,44
  2	 | 	3	 | 	13,00
  2	 | 	6	 | 	9,22
  3	 | 	5	 | 	6,71
  3	 | 	8	 | 	11,18
  3	 | 	9	 | 	7,28
  4	 | 	5	 | 	9,49
  4	 | 	8	 | 	7,07
  5	 | 	6	 | 	8,06
  5	 | 	7	 | 	13,04
  5	 | 	8	 | 	4,47
  5	 | 	9	 | 	5,66
  7	 | 	8	 | 	9,06
  8	 | 	9	 | 	8,25
  1	 | 	4	 | 	9,43
___________________________
