Simulation Topology 1
___________________________
[11]				[0]		
[0]				[0]		
[12]				[1]		
[5]				[2]		
[7]				[2]		
[15]				[3]		
[0]				[4]		
[15]				[4]		
[2]				[5]		
[11]				[5]		
___________________________
Simulation Topology [1:1]
___________________________
From 	  To 		Length
___________________________
  0	 | 	1	 | 	11,00
  0	 | 	2	 | 	1,41
  0	 | 	5	 | 	5,00
  0	 | 	8	 | 	10,30
  0	 | 	9	 | 	5,00
  1	 | 	2	 | 	12,04
  1	 | 	6	 | 	4,00
  1	 | 	7	 | 	15,52
  2	 | 	3	 | 	7,07
  2	 | 	4	 | 	5,10
  2	 | 	9	 | 	4,12
  3	 | 	5	 | 	10,05
  3	 | 	6	 | 	5,39
  4	 | 	5	 | 	8,06
  4	 | 	8	 | 	5,83
  5	 | 	8	 | 	13,15
  5	 | 	9	 | 	4,47
  6	 | 	7	 | 	15,00
___________________________
Simulation Topology [1:2]
___________________________
From 	  To 		Length
___________________________
  0	 | 	1	 | 	11,00
  0	 | 	2	 | 	1,41
  0	 | 	5	 | 	5,00
  0	 | 	8	 | 	10,30
  0	 | 	9	 | 	5,00
  1	 | 	2	 | 	12,04
  1	 | 	6	 | 	4,00
  1	 | 	7	 | 	15,52
  2	 | 	3	 | 	7,07
  2	 | 	4	 | 	5,10
  2	 | 	9	 | 	4,12
  3	 | 	5	 | 	10,05
  3	 | 	6	 | 	5,39
  4	 | 	5	 | 	8,06
  4	 | 	8	 | 	5,83
  5	 | 	8	 | 	13,15
  5	 | 	9	 | 	4,47
  6	 | 	7	 | 	15,00
  5	 | 	7	 | 	1,00
___________________________
Simulation Topology [1:3]
___________________________
From 	  To 		Length
___________________________
  0	 | 	1	 | 	11,00
  0	 | 	2	 | 	1,41
  0	 | 	5	 | 	5,00
  0	 | 	8	 | 	10,30
  0	 | 	9	 | 	5,00
  1	 | 	2	 | 	12,04
  1	 | 	6	 | 	4,00
  1	 | 	7	 | 	15,52
  2	 | 	3	 | 	7,07
  2	 | 	4	 | 	5,10
  2	 | 	9	 | 	4,12
  3	 | 	5	 | 	10,05
  3	 | 	6	 | 	5,39
  4	 | 	5	 | 	8,06
  4	 | 	8	 | 	5,83
  5	 | 	8	 | 	13,15
  5	 | 	9	 | 	4,47
  6	 | 	7	 | 	15,00
  5	 | 	7	 | 	1,00
  0	 | 	4	 | 	4,47
___________________________
