Simulation Topology 1
___________________________
[17]				[1]		
[3]				[3]		
[0]				[3]		
[18]				[5]		
[15]				[6]		
[11]				[8]		
[5]				[9]		
[5]				[10]		
[8]				[10]		
[18]				[11]		
___________________________
Simulation Topology [1:1]
___________________________
From 	  To 		Length
___________________________
  0	 | 	1	 | 	14,14
  0	 | 	3	 | 	4,12
  0	 | 	5	 | 	9,22
  0	 | 	9	 | 	10,05
  1	 | 	2	 | 	3,00
  1	 | 	4	 | 	12,37
  1	 | 	8	 | 	8,60
  2	 | 	3	 | 	18,11
  2	 | 	5	 | 	12,08
  2	 | 	9	 | 	19,70
  3	 | 	7	 | 	13,93
  3	 | 	8	 | 	11,18
  3	 | 	9	 | 	6,00
  4	 | 	7	 | 	10,77
  4	 | 	9	 | 	5,83
  5	 | 	6	 | 	6,08
  5	 | 	7	 | 	6,32
  6	 | 	8	 | 	3,16
___________________________
Simulation Topology [1:2]
___________________________
From 	  To 		Length
___________________________
  0	 | 	1	 | 	14,14
  0	 | 	3	 | 	4,12
  0	 | 	5	 | 	9,22
  0	 | 	9	 | 	10,05
  1	 | 	2	 | 	3,00
  1	 | 	4	 | 	12,37
  1	 | 	8	 | 	8,60
  2	 | 	3	 | 	18,11
  2	 | 	5	 | 	12,08
  2	 | 	9	 | 	19,70
  3	 | 	7	 | 	13,93
  3	 | 	8	 | 	11,18
  3	 | 	9	 | 	6,00
  4	 | 	7	 | 	10,77
  4	 | 	9	 | 	5,83
  5	 | 	6	 | 	6,08
  5	 | 	7	 | 	6,32
  6	 | 	8	 | 	3,16
  5	 | 	8	 | 	3,61
___________________________
Simulation Topology [1:3]
___________________________
From 	  To 		Length
___________________________
  0	 | 	1	 | 	14,14
  0	 | 	3	 | 	4,12
  0	 | 	5	 | 	9,22
  0	 | 	9	 | 	10,05
  1	 | 	2	 | 	3,00
  1	 | 	4	 | 	12,37
  1	 | 	8	 | 	8,60
  2	 | 	3	 | 	18,11
  2	 | 	5	 | 	12,08
  2	 | 	9	 | 	19,70
  3	 | 	7	 | 	13,93
  3	 | 	8	 | 	11,18
  3	 | 	9	 | 	6,00
  4	 | 	7	 | 	10,77
  4	 | 	9	 | 	5,83
  5	 | 	6	 | 	6,08
  5	 | 	7	 | 	6,32
  6	 | 	8	 | 	3,16
  5	 | 	8	 | 	3,61
  3	 | 	4	 | 	3,16
___________________________
