Simulation Topology 1
___________________________
[18]				[0]		
[5]				[0]		
[6]				[3]		
[16]				[3]		
[5]				[4]		
[1]				[4]		
[9]				[5]		
[16]				[8]		
[3]				[9]		
[11]				[12]		
___________________________
Simulation Topology [1:1]
___________________________
From 	  To 		Length
___________________________
  0	 | 	1	 | 	13,00
  0	 | 	2	 | 	12,37
  0	 | 	6	 | 	10,30
  0	 | 	7	 | 	8,25
  1	 | 	2	 | 	3,16
  1	 | 	4	 | 	4,00
  2	 | 	3	 | 	10,00
  2	 | 	5	 | 	5,10
  2	 | 	7	 | 	11,18
  3	 | 	6	 | 	7,28
  3	 | 	7	 | 	5,00
  3	 | 	9	 | 	10,30
  4	 | 	5	 | 	4,00
  4	 | 	7	 | 	11,70
  4	 | 	9	 | 	10,00
  5	 | 	8	 | 	5,39
  5	 | 	9	 | 	12,81
  6	 | 	7	 | 	7,62
  8	 | 	9	 | 	8,54
___________________________
Simulation Topology [1:2]
___________________________
From 	  To 		Length
___________________________
  0	 | 	1	 | 	13,00
  0	 | 	2	 | 	12,37
  0	 | 	6	 | 	10,30
  0	 | 	7	 | 	8,25
  1	 | 	2	 | 	3,16
  1	 | 	4	 | 	4,00
  2	 | 	3	 | 	10,00
  2	 | 	5	 | 	5,10
  2	 | 	7	 | 	11,18
  3	 | 	6	 | 	7,28
  3	 | 	7	 | 	5,00
  3	 | 	9	 | 	10,30
  4	 | 	5	 | 	4,00
  4	 | 	7	 | 	11,70
  4	 | 	9	 | 	10,00
  5	 | 	8	 | 	5,39
  5	 | 	9	 | 	12,81
  6	 | 	7	 | 	7,62
  8	 | 	9	 | 	8,54
  2	 | 	6	 | 	3,61
___________________________
