Simulation Topology 1
___________________________
[16]				[1]		
[1]				[4]		
[8]				[4]		
[0]				[5]		
[6]				[5]		
[3]				[6]		
[8]				[7]		
[19]				[10]		
[14]				[11]		
[10]				[11]		
___________________________
Simulation Topology [1:1]
___________________________
From 	  To 		Length
___________________________
  0	 | 	1	 | 	15,30
  0	 | 	3	 | 	16,49
  0	 | 	5	 | 	13,93
  0	 | 	8	 | 	10,20
  1	 | 	9	 | 	11,40
  2	 | 	3	 | 	8,06
  2	 | 	4	 | 	2,24
  2	 | 	5	 | 	5,39
  2	 | 	6	 | 	3,00
  3	 | 	7	 | 	19,65
  3	 | 	9	 | 	11,66
  4	 | 	5	 | 	3,16
  4	 | 	6	 | 	2,83
  5	 | 	6	 | 	5,10
  5	 | 	7	 | 	16,49
  5	 | 	8	 | 	12,08
  6	 | 	9	 | 	4,47
  7	 | 	8	 | 	5,10
___________________________
Simulation Topology [1:2]
___________________________
From 	  To 		Length
___________________________
  0	 | 	1	 | 	15,30
  0	 | 	3	 | 	16,49
  0	 | 	5	 | 	13,93
  0	 | 	8	 | 	10,20
  1	 | 	9	 | 	11,40
  2	 | 	3	 | 	8,06
  2	 | 	4	 | 	2,24
  2	 | 	5	 | 	5,39
  2	 | 	6	 | 	3,00
  3	 | 	7	 | 	19,65
  3	 | 	9	 | 	11,66
  4	 | 	5	 | 	3,16
  4	 | 	6	 | 	2,83
  5	 | 	6	 | 	5,10
  5	 | 	7	 | 	16,49
  5	 | 	8	 | 	12,08
  6	 | 	9	 | 	4,47
  7	 | 	8	 | 	5,10
  1	 | 	5	 | 	2,83
___________________________
Simulation Topology [1:3]
___________________________
From 	  To 		Length
___________________________
  0	 | 	1	 | 	15,30
  0	 | 	3	 | 	16,49
  0	 | 	5	 | 	13,93
  0	 | 	8	 | 	10,20
  1	 | 	9	 | 	11,40
  2	 | 	3	 | 	8,06
  2	 | 	4	 | 	2,24
  2	 | 	5	 | 	5,39
  2	 | 	6	 | 	3,00
  3	 | 	7	 | 	19,65
  3	 | 	9	 | 	11,66
  4	 | 	5	 | 	3,16
  4	 | 	6	 | 	2,83
  5	 | 	6	 | 	5,10
  5	 | 	7	 | 	16,49
  5	 | 	8	 | 	12,08
  6	 | 	9	 | 	4,47
  7	 | 	8	 | 	5,10
  1	 | 	5	 | 	2,83
  1	 | 	3	 | 	1,41
___________________________
