Simulation Topology 1
___________________________
[15]				[0]		
[2]				[0]		
[4]				[1]		
[7]				[1]		
[6]				[2]		
[12]				[2]		
[19]				[3]		
[4]				[3]		
[7]				[4]		
[14]				[4]		
___________________________
Simulation Topology [1:1]
___________________________
From 	  To 		Length
___________________________
  0	 | 	1	 | 	13,00
  0	 | 	3	 | 	8,06
  0	 | 	4	 | 	9,22
  1	 | 	2	 | 	2,24
  1	 | 	9	 | 	12,65
  2	 | 	3	 | 	3,00
  3	 | 	4	 | 	1,41
  3	 | 	5	 | 	5,10
  3	 | 	6	 | 	12,17
  3	 | 	8	 | 	3,00
  4	 | 	5	 | 	6,00
  5	 | 	7	 | 	8,06
  5	 | 	8	 | 	5,39
  6	 | 	7	 | 	15,00
  7	 | 	8	 | 	3,16
  7	 | 	9	 | 	10,05
  8	 | 	9	 | 	7,00
___________________________
Simulation Topology [1:2]
___________________________
From 	  To 		Length
___________________________
  0	 | 	1	 | 	13,00
  0	 | 	3	 | 	8,06
  0	 | 	4	 | 	9,22
  1	 | 	2	 | 	2,24
  1	 | 	9	 | 	12,65
  2	 | 	3	 | 	3,00
  3	 | 	4	 | 	1,41
  3	 | 	5	 | 	5,10
  3	 | 	6	 | 	12,17
  3	 | 	8	 | 	3,00
  4	 | 	5	 | 	6,00
  5	 | 	7	 | 	8,06
  5	 | 	8	 | 	5,39
  6	 | 	7	 | 	15,00
  7	 | 	8	 | 	3,16
  7	 | 	9	 | 	10,05
  8	 | 	9	 | 	7,00
  1	 | 	7	 | 	3,61
___________________________
Simulation Topology [1:3]
___________________________
From 	  To 		Length
___________________________
  0	 | 	1	 | 	13,00
  0	 | 	3	 | 	8,06
  0	 | 	4	 | 	9,22
  1	 | 	2	 | 	2,24
  1	 | 	9	 | 	12,65
  2	 | 	3	 | 	3,00
  3	 | 	4	 | 	1,41
  3	 | 	5	 | 	5,10
  3	 | 	6	 | 	12,17
  3	 | 	8	 | 	3,00
  4	 | 	5	 | 	6,00
  5	 | 	7	 | 	8,06
  5	 | 	8	 | 	5,39
  6	 | 	7	 | 	15,00
  7	 | 	8	 | 	3,16
  7	 | 	9	 | 	10,05
  8	 | 	9	 | 	7,00
  1	 | 	7	 | 	3,61
  4	 | 	7	 | 	2,24
___________________________
Simulation Topology [1:4]
___________________________
From 	  To 		Length
___________________________
  0	 | 	1	 | 	13,00
  0	 | 	3	 | 	8,06
  0	 | 	4	 | 	9,22
  1	 | 	2	 | 	2,24
  1	 | 	9	 | 	12,65
  2	 | 	3	 | 	3,00
  3	 | 	4	 | 	1,41
  3	 | 	5	 | 	5,10
  3	 | 	6	 | 	12,17
  3	 | 	8	 | 	3,00
  4	 | 	5	 | 	6,00
  5	 | 	7	 | 	8,06
  5	 | 	8	 | 	5,39
  6	 | 	7	 | 	15,00
  7	 | 	8	 | 	3,16
  7	 | 	9	 | 	10,05
  8	 | 	9	 | 	7,00
  1	 | 	7	 | 	3,61
  4	 | 	7	 | 	2,24
  0	 | 	7	 | 	11,40
___________________________
