Simulation Topology 1
___________________________
[19]				[1]		
[18]				[2]		
[13]				[2]		
[10]				[3]		
[5]				[3]		
[12]				[4]		
[19]				[4]		
[6]				[5]		
[13]				[5]		
[9]				[6]		
___________________________
Simulation Topology [1:1]
___________________________
From 	  To 		Length
___________________________
  0	 | 	1	 | 	1,41
  0	 | 	4	 | 	14,14
  0	 | 	6	 | 	3,00
  0	 | 	8	 | 	7,21
  1	 | 	5	 | 	6,32
  1	 | 	7	 | 	12,37
  1	 | 	8	 | 	5,83
  2	 | 	3	 | 	3,16
  2	 | 	9	 | 	5,66
  3	 | 	6	 | 	9,06
  3	 | 	9	 | 	3,16
  4	 | 	5	 | 	7,07
  4	 | 	6	 | 	14,04
  4	 | 	9	 | 	5,00
  5	 | 	7	 | 	6,08
  5	 | 	8	 | 	1,41
  6	 | 	7	 | 	13,04
___________________________
Simulation Topology [1:2]
___________________________
From 	  To 		Length
___________________________
  0	 | 	1	 | 	1,41
  0	 | 	4	 | 	14,14
  0	 | 	6	 | 	3,00
  0	 | 	8	 | 	7,21
  1	 | 	5	 | 	6,32
  1	 | 	7	 | 	12,37
  1	 | 	8	 | 	5,83
  2	 | 	3	 | 	3,16
  2	 | 	9	 | 	5,66
  3	 | 	6	 | 	9,06
  3	 | 	9	 | 	3,16
  4	 | 	5	 | 	7,07
  4	 | 	6	 | 	14,04
  4	 | 	9	 | 	5,00
  5	 | 	7	 | 	6,08
  5	 | 	8	 | 	1,41
  6	 | 	7	 | 	13,04
  2	 | 	8	 | 	3,00
___________________________
Simulation Topology [1:3]
___________________________
From 	  To 		Length
___________________________
  0	 | 	1	 | 	1,41
  0	 | 	4	 | 	14,14
  0	 | 	6	 | 	3,00
  0	 | 	8	 | 	7,21
  1	 | 	5	 | 	6,32
  1	 | 	7	 | 	12,37
  1	 | 	8	 | 	5,83
  2	 | 	3	 | 	3,16
  2	 | 	9	 | 	5,66
  3	 | 	6	 | 	9,06
  3	 | 	9	 | 	3,16
  4	 | 	5	 | 	7,07
  4	 | 	6	 | 	14,04
  4	 | 	9	 | 	5,00
  5	 | 	7	 | 	6,08
  5	 | 	8	 | 	1,41
  6	 | 	7	 | 	13,04
  2	 | 	8	 | 	3,00
  1	 | 	2	 | 	5,00
___________________________
Simulation Topology [1:4]
___________________________
From 	  To 		Length
___________________________
  0	 | 	1	 | 	1,41
  0	 | 	4	 | 	14,14
  0	 | 	6	 | 	3,00
  0	 | 	8	 | 	7,21
  1	 | 	5	 | 	6,32
  1	 | 	7	 | 	12,37
  1	 | 	8	 | 	5,83
  2	 | 	3	 | 	3,16
  2	 | 	9	 | 	5,66
  3	 | 	6	 | 	9,06
  3	 | 	9	 | 	3,16
  4	 | 	5	 | 	7,07
  4	 | 	6	 | 	14,04
  4	 | 	9	 | 	5,00
  5	 | 	7	 | 	6,08
  5	 | 	8	 | 	1,41
  6	 | 	7	 | 	13,04
  2	 | 	8	 | 	3,00
  1	 | 	2	 | 	5,00
  5	 | 	9	 | 	3,61
___________________________
