Simulation Topology 1
___________________________
[4]				[1]		
[9]				[1]		
[19]				[2]		
[9]				[3]		
[0]				[3]		
[2]				[4]		
[1]				[5]		
[4]				[7]		
[14]				[8]		
[6]				[8]		
___________________________
Simulation Topology [1:1]
___________________________
From 	  To 		Length
___________________________
  0	 | 	1	 | 	5,00
  0	 | 	3	 | 	5,39
  0	 | 	5	 | 	3,61
  0	 | 	9	 | 	7,28
  1	 | 	2	 | 	10,05
  1	 | 	3	 | 	2,00
  2	 | 	3	 | 	10,05
  2	 | 	5	 | 	17,12
  2	 | 	7	 | 	15,81
  3	 | 	8	 | 	7,07
  4	 | 	5	 | 	2,24
  4	 | 	8	 | 	14,87
  5	 | 	7	 | 	3,61
  6	 | 	7	 | 	3,61
  6	 | 	8	 | 	13,34
  6	 | 	9	 | 	5,83
  7	 | 	8	 | 	10,05
___________________________
Simulation Topology [1:2]
___________________________
From 	  To 		Length
___________________________
  0	 | 	1	 | 	5,00
  0	 | 	3	 | 	5,39
  0	 | 	5	 | 	3,61
  0	 | 	9	 | 	7,28
  1	 | 	2	 | 	10,05
  1	 | 	3	 | 	2,00
  2	 | 	3	 | 	10,05
  2	 | 	5	 | 	17,12
  2	 | 	7	 | 	15,81
  3	 | 	8	 | 	7,07
  4	 | 	5	 | 	2,24
  4	 | 	8	 | 	14,87
  5	 | 	7	 | 	3,61
  6	 | 	7	 | 	3,61
  6	 | 	8	 | 	13,34
  6	 | 	9	 | 	5,83
  7	 | 	8	 | 	10,05
  4	 | 	7	 | 	5,66
___________________________
Simulation Topology [1:3]
___________________________
From 	  To 		Length
___________________________
  0	 | 	1	 | 	5,00
  0	 | 	3	 | 	5,39
  0	 | 	5	 | 	3,61
  0	 | 	9	 | 	7,28
  1	 | 	2	 | 	10,05
  1	 | 	3	 | 	2,00
  2	 | 	3	 | 	10,05
  2	 | 	5	 | 	17,12
  2	 | 	7	 | 	15,81
  3	 | 	8	 | 	7,07
  4	 | 	5	 | 	2,24
  4	 | 	8	 | 	14,87
  5	 | 	7	 | 	3,61
  6	 | 	7	 | 	3,61
  6	 | 	8	 | 	13,34
  6	 | 	9	 | 	5,83
  7	 | 	8	 | 	10,05
  4	 | 	7	 | 	5,66
  0	 | 	7	 | 	6,00
___________________________
Simulation Topology [1:4]
___________________________
From 	  To 		Length
___________________________
  0	 | 	1	 | 	5,00
  0	 | 	3	 | 	5,39
  0	 | 	5	 | 	3,61
  0	 | 	9	 | 	7,28
  1	 | 	2	 | 	10,05
  1	 | 	3	 | 	2,00
  2	 | 	3	 | 	10,05
  2	 | 	5	 | 	17,12
  2	 | 	7	 | 	15,81
  3	 | 	8	 | 	7,07
  4	 | 	5	 | 	2,24
  4	 | 	8	 | 	14,87
  5	 | 	7	 | 	3,61
  6	 | 	7	 | 	3,61
  6	 | 	8	 | 	13,34
  6	 | 	9	 | 	5,83
  7	 | 	8	 | 	10,05
  4	 | 	7	 | 	5,66
  0	 | 	7	 | 	6,00
  7	 | 	9	 | 	2,24
___________________________
