Simulation Topology 1
___________________________
[11]				[2]		
[3]				[3]		
[13]				[3]		
[4]				[4]		
[2]				[7]		
[14]				[8]		
[2]				[8]		
[14]				[9]		
[15]				[10]		
[6]				[10]		
___________________________
Simulation Topology [1:1]
___________________________
From 	  To 		Length
___________________________
  0	 | 	1	 | 	8,06
  0	 | 	2	 | 	2,24
  0	 | 	3	 | 	7,28
  0	 | 	4	 | 	10,30
  0	 | 	5	 | 	6,71
  0	 | 	8	 | 	8,94
  1	 | 	7	 | 	12,53
  1	 | 	8	 | 	13,89
  1	 | 	9	 | 	7,62
  2	 | 	3	 | 	9,06
  2	 | 	4	 | 	11,70
  2	 | 	9	 | 	9,90
  3	 | 	5	 | 	10,77
  4	 | 	5	 | 	12,04
  4	 | 	6	 | 	1,00
  4	 | 	9	 | 	5,00
  6	 | 	7	 | 	12,04
  6	 | 	9	 | 	4,47
___________________________
Simulation Topology [1:2]
___________________________
From 	  To 		Length
___________________________
  0	 | 	1	 | 	8,06
  0	 | 	2	 | 	2,24
  0	 | 	3	 | 	7,28
  0	 | 	4	 | 	10,30
  0	 | 	5	 | 	6,71
  0	 | 	8	 | 	8,94
  1	 | 	7	 | 	12,53
  1	 | 	8	 | 	13,89
  1	 | 	9	 | 	7,62
  2	 | 	3	 | 	9,06
  2	 | 	4	 | 	11,70
  2	 | 	9	 | 	9,90
  3	 | 	5	 | 	10,77
  4	 | 	5	 | 	12,04
  4	 | 	6	 | 	1,00
  4	 | 	9	 | 	5,00
  6	 | 	7	 | 	12,04
  6	 | 	9	 | 	4,47
  3	 | 	4	 | 	3,61
___________________________
Simulation Topology [1:3]
___________________________
From 	  To 		Length
___________________________
  0	 | 	1	 | 	8,06
  0	 | 	2	 | 	2,24
  0	 | 	3	 | 	7,28
  0	 | 	4	 | 	10,30
  0	 | 	5	 | 	6,71
  0	 | 	8	 | 	8,94
  1	 | 	7	 | 	12,53
  1	 | 	8	 | 	13,89
  1	 | 	9	 | 	7,62
  2	 | 	3	 | 	9,06
  2	 | 	4	 | 	11,70
  2	 | 	9	 | 	9,90
  3	 | 	5	 | 	10,77
  4	 | 	5	 | 	12,04
  4	 | 	6	 | 	1,00
  4	 | 	9	 | 	5,00
  6	 | 	7	 | 	12,04
  6	 | 	9	 | 	4,47
  3	 | 	4	 | 	3,61
  5	 | 	8	 | 	2,24
___________________________
