Simulation Topology 1
___________________________
[11]				[0]		
[7]				[1]		
[0]				[2]		
[1]				[3]		
[17]				[3]		
[12]				[4]		
[19]				[4]		
[19]				[5]		
[1]				[5]		
[8]				[6]		
___________________________
Simulation Topology [1:1]
___________________________
From 	  To 		Length
___________________________
  0	 | 	1	 | 	4,12
  0	 | 	3	 | 	10,44
  0	 | 	8	 | 	11,18
  0	 | 	9	 | 	6,71
  1	 | 	4	 | 	10,20
  1	 | 	7	 | 	12,65
  1	 | 	8	 | 	7,21
  2	 | 	3	 | 	1,41
  2	 | 	4	 | 	17,03
  2	 | 	6	 | 	19,10
  2	 | 	8	 | 	3,16
  3	 | 	5	 | 	11,05
  3	 | 	6	 | 	18,03
  3	 | 	8	 | 	2,00
  4	 | 	5	 | 	5,10
  4	 | 	6	 | 	2,24
  4	 | 	9	 | 	9,49
  5	 | 	8	 | 	11,05
  7	 | 	9	 | 	11,05
___________________________
Simulation Topology [1:2]
___________________________
From 	  To 		Length
___________________________
  0	 | 	1	 | 	4,12
  0	 | 	3	 | 	10,44
  0	 | 	8	 | 	11,18
  0	 | 	9	 | 	6,71
  1	 | 	4	 | 	10,20
  1	 | 	7	 | 	12,65
  1	 | 	8	 | 	7,21
  2	 | 	3	 | 	1,41
  2	 | 	4	 | 	17,03
  2	 | 	6	 | 	19,10
  2	 | 	8	 | 	3,16
  3	 | 	5	 | 	11,05
  3	 | 	6	 | 	18,03
  3	 | 	8	 | 	2,00
  4	 | 	5	 | 	5,10
  4	 | 	6	 | 	2,24
  4	 | 	9	 | 	9,49
  5	 | 	8	 | 	11,05
  7	 | 	9	 | 	11,05
  4	 | 	7	 | 	2,83
___________________________
