Simulation Topology 1
___________________________
[13]				[0]		
[7]				[0]		
[7]				[1]		
[8]				[5]		
[5]				[6]		
[11]				[8]		
[14]				[10]		
[17]				[11]		
[13]				[11]		
[1]				[12]		
___________________________
Simulation Topology [1:1]
___________________________
From 	  To 		Length
___________________________
  0	 | 	1	 | 	6,00
  0	 | 	3	 | 	7,07
  0	 | 	4	 | 	10,00
  0	 | 	8	 | 	11,00
  1	 | 	3	 | 	5,10
  1	 | 	5	 | 	8,94
  1	 | 	6	 | 	12,21
  1	 | 	9	 | 	13,42
  2	 | 	3	 | 	4,12
  2	 | 	4	 | 	5,39
  2	 | 	8	 | 	11,66
  3	 | 	4	 | 	3,16
  3	 | 	5	 | 	4,24
  3	 | 	6	 | 	7,81
  4	 | 	5	 | 	6,32
  4	 | 	6	 | 	9,85
  5	 | 	6	 | 	3,61
  5	 | 	7	 | 	6,71
  5	 | 	9	 | 	10,77
  6	 | 	7	 | 	3,16
  7	 | 	9	 | 	16,03
___________________________
Simulation Topology [1:2]
___________________________
From 	  To 		Length
___________________________
  0	 | 	1	 | 	6,00
  0	 | 	3	 | 	7,07
  0	 | 	4	 | 	10,00
  0	 | 	8	 | 	11,00
  1	 | 	3	 | 	5,10
  1	 | 	5	 | 	8,94
  1	 | 	6	 | 	12,21
  1	 | 	9	 | 	13,42
  2	 | 	3	 | 	4,12
  2	 | 	4	 | 	5,39
  2	 | 	8	 | 	11,66
  3	 | 	4	 | 	3,16
  3	 | 	5	 | 	4,24
  3	 | 	6	 | 	7,81
  4	 | 	5	 | 	6,32
  4	 | 	6	 | 	9,85
  5	 | 	6	 | 	3,61
  5	 | 	7	 | 	6,71
  5	 | 	9	 | 	10,77
  6	 | 	7	 | 	3,16
  7	 | 	9	 | 	16,03
  1	 | 	2	 | 	1,00
___________________________
Simulation Topology [1:3]
___________________________
From 	  To 		Length
___________________________
  0	 | 	1	 | 	6,00
  0	 | 	3	 | 	7,07
  0	 | 	4	 | 	10,00
  0	 | 	8	 | 	11,00
  1	 | 	3	 | 	5,10
  1	 | 	5	 | 	8,94
  1	 | 	6	 | 	12,21
  1	 | 	9	 | 	13,42
  2	 | 	3	 | 	4,12
  2	 | 	4	 | 	5,39
  2	 | 	8	 | 	11,66
  3	 | 	4	 | 	3,16
  3	 | 	5	 | 	4,24
  3	 | 	6	 | 	7,81
  4	 | 	5	 | 	6,32
  4	 | 	6	 | 	9,85
  5	 | 	6	 | 	3,61
  5	 | 	7	 | 	6,71
  5	 | 	9	 | 	10,77
  6	 | 	7	 | 	3,16
  7	 | 	9	 | 	16,03
  1	 | 	2	 | 	1,00
  1	 | 	4	 | 	6,32
___________________________
Simulation Topology [1:4]
___________________________
From 	  To 		Length
___________________________
  0	 | 	1	 | 	6,00
  0	 | 	3	 | 	7,07
  0	 | 	4	 | 	10,00
  0	 | 	8	 | 	11,00
  1	 | 	3	 | 	5,10
  1	 | 	5	 | 	8,94
  1	 | 	6	 | 	12,21
  1	 | 	9	 | 	13,42
  2	 | 	3	 | 	4,12
  2	 | 	4	 | 	5,39
  2	 | 	8	 | 	11,66
  3	 | 	4	 | 	3,16
  3	 | 	5	 | 	4,24
  3	 | 	6	 | 	7,81
  4	 | 	5	 | 	6,32
  4	 | 	6	 | 	9,85
  5	 | 	6	 | 	3,61
  5	 | 	7	 | 	6,71
  5	 | 	9	 | 	10,77
  6	 | 	7	 | 	3,16
  7	 | 	9	 | 	16,03
  1	 | 	2	 | 	1,00
  1	 | 	4	 | 	6,32
  6	 | 	8	 | 	1,41
___________________________
Simulation Topology [1:5]
___________________________
From 	  To 		Length
___________________________
  0	 | 	1	 | 	6,00
  0	 | 	3	 | 	7,07
  0	 | 	4	 | 	10,00
  0	 | 	8	 | 	11,00
  1	 | 	3	 | 	5,10
  1	 | 	5	 | 	8,94
  1	 | 	6	 | 	12,21
  1	 | 	9	 | 	13,42
  2	 | 	3	 | 	4,12
  2	 | 	4	 | 	5,39
  2	 | 	8	 | 	11,66
  3	 | 	4	 | 	3,16
  3	 | 	5	 | 	4,24
  3	 | 	6	 | 	7,81
  4	 | 	5	 | 	6,32
  4	 | 	6	 | 	9,85
  5	 | 	6	 | 	3,61
  5	 | 	7	 | 	6,71
  5	 | 	9	 | 	10,77
  6	 | 	7	 | 	3,16
  7	 | 	9	 | 	16,03
  1	 | 	2	 | 	1,00
  1	 | 	4	 | 	6,32
  6	 | 	8	 | 	1,41
  2	 | 	5	 | 	8,06
___________________________
Simulation Topology [1:6]
___________________________
From 	  To 		Length
___________________________
  0	 | 	1	 | 	6,00
  0	 | 	3	 | 	7,07
  0	 | 	4	 | 	10,00
  0	 | 	8	 | 	11,00
  1	 | 	3	 | 	5,10
  1	 | 	5	 | 	8,94
  1	 | 	6	 | 	12,21
  1	 | 	9	 | 	13,42
  2	 | 	3	 | 	4,12
  2	 | 	4	 | 	5,39
  2	 | 	8	 | 	11,66
  3	 | 	4	 | 	3,16
  3	 | 	5	 | 	4,24
  3	 | 	6	 | 	7,81
  4	 | 	5	 | 	6,32
  4	 | 	6	 | 	9,85
  5	 | 	6	 | 	3,61
  5	 | 	7	 | 	6,71
  5	 | 	9	 | 	10,77
  6	 | 	7	 | 	3,16
  7	 | 	9	 | 	16,03
  1	 | 	2	 | 	1,00
  1	 | 	4	 | 	6,32
  6	 | 	8	 | 	1,41
  2	 | 	5	 | 	8,06
  1	 | 	8	 | 	12,53
___________________________
Simulation Topology [1:7]
___________________________
From 	  To 		Length
___________________________
  0	 | 	1	 | 	6,00
  0	 | 	3	 | 	7,07
  0	 | 	4	 | 	10,00
  0	 | 	8	 | 	11,00
  1	 | 	3	 | 	5,10
  1	 | 	5	 | 	8,94
  1	 | 	6	 | 	12,21
  1	 | 	9	 | 	13,42
  2	 | 	3	 | 	4,12
  2	 | 	4	 | 	5,39
  2	 | 	8	 | 	11,66
  3	 | 	4	 | 	3,16
  3	 | 	5	 | 	4,24
  3	 | 	6	 | 	7,81
  4	 | 	5	 | 	6,32
  4	 | 	6	 | 	9,85
  5	 | 	6	 | 	3,61
  5	 | 	7	 | 	6,71
  5	 | 	9	 | 	10,77
  6	 | 	7	 | 	3,16
  7	 | 	9	 | 	16,03
  1	 | 	2	 | 	1,00
  1	 | 	4	 | 	6,32
  6	 | 	8	 | 	1,41
  2	 | 	5	 | 	8,06
  1	 | 	8	 | 	12,53
  5	 | 	8	 | 	3,61
___________________________
Simulation Topology [1:8]
___________________________
From 	  To 		Length
___________________________
  0	 | 	1	 | 	6,00
  0	 | 	3	 | 	7,07
  0	 | 	4	 | 	10,00
  0	 | 	8	 | 	11,00
  1	 | 	3	 | 	5,10
  1	 | 	5	 | 	8,94
  1	 | 	6	 | 	12,21
  1	 | 	9	 | 	13,42
  2	 | 	3	 | 	4,12
  2	 | 	4	 | 	5,39
  2	 | 	8	 | 	11,66
  3	 | 	4	 | 	3,16
  3	 | 	5	 | 	4,24
  3	 | 	6	 | 	7,81
  4	 | 	5	 | 	6,32
  4	 | 	6	 | 	9,85
  5	 | 	6	 | 	3,61
  5	 | 	7	 | 	6,71
  5	 | 	9	 | 	10,77
  6	 | 	7	 | 	3,16
  7	 | 	9	 | 	16,03
  1	 | 	2	 | 	1,00
  1	 | 	4	 | 	6,32
  6	 | 	8	 | 	1,41
  2	 | 	5	 | 	8,06
  1	 | 	8	 | 	12,53
  5	 | 	8	 | 	3,61
  1	 | 	7	 | 	14,87
___________________________
Simulation Topology [1:9]
___________________________
From 	  To 		Length
___________________________
  0	 | 	1	 | 	6,00
  0	 | 	3	 | 	7,07
  0	 | 	4	 | 	10,00
  0	 | 	8	 | 	11,00
  1	 | 	3	 | 	5,10
  1	 | 	5	 | 	8,94
  1	 | 	6	 | 	12,21
  1	 | 	9	 | 	13,42
  2	 | 	3	 | 	4,12
  2	 | 	4	 | 	5,39
  2	 | 	8	 | 	11,66
  3	 | 	4	 | 	3,16
  3	 | 	5	 | 	4,24
  3	 | 	6	 | 	7,81
  4	 | 	5	 | 	6,32
  4	 | 	6	 | 	9,85
  5	 | 	6	 | 	3,61
  5	 | 	7	 | 	6,71
  5	 | 	9	 | 	10,77
  6	 | 	7	 | 	3,16
  7	 | 	9	 | 	16,03
  1	 | 	2	 | 	1,00
  1	 | 	4	 | 	6,32
  6	 | 	8	 | 	1,41
  2	 | 	5	 | 	8,06
  1	 | 	8	 | 	12,53
  5	 | 	8	 | 	3,61
  1	 | 	7	 | 	14,87
  3	 | 	9	 | 	9,90
___________________________
Simulation Topology [1:10]
___________________________
From 	  To 		Length
___________________________
  0	 | 	1	 | 	6,00
  0	 | 	3	 | 	7,07
  0	 | 	4	 | 	10,00
  0	 | 	8	 | 	11,00
  1	 | 	3	 | 	5,10
  1	 | 	5	 | 	8,94
  1	 | 	6	 | 	12,21
  1	 | 	9	 | 	13,42
  2	 | 	3	 | 	4,12
  2	 | 	4	 | 	5,39
  2	 | 	8	 | 	11,66
  3	 | 	4	 | 	3,16
  3	 | 	5	 | 	4,24
  3	 | 	6	 | 	7,81
  4	 | 	5	 | 	6,32
  4	 | 	6	 | 	9,85
  5	 | 	6	 | 	3,61
  5	 | 	7	 | 	6,71
  5	 | 	9	 | 	10,77
  6	 | 	7	 | 	3,16
  7	 | 	9	 | 	16,03
  1	 | 	2	 | 	1,00
  1	 | 	4	 | 	6,32
  6	 | 	8	 | 	1,41
  2	 | 	5	 | 	8,06
  1	 | 	8	 | 	12,53
  5	 | 	8	 | 	3,61
  1	 | 	7	 | 	14,87
  3	 | 	9	 | 	9,90
  7	 | 	8	 | 	4,00
___________________________
Simulation Topology [1:11]
___________________________
From 	  To 		Length
___________________________
  0	 | 	1	 | 	6,00
  0	 | 	3	 | 	7,07
  0	 | 	4	 | 	10,00
  0	 | 	8	 | 	11,00
  1	 | 	3	 | 	5,10
  1	 | 	5	 | 	8,94
  1	 | 	6	 | 	12,21
  1	 | 	9	 | 	13,42
  2	 | 	3	 | 	4,12
  2	 | 	4	 | 	5,39
  2	 | 	8	 | 	11,66
  3	 | 	4	 | 	3,16
  3	 | 	5	 | 	4,24
  3	 | 	6	 | 	7,81
  4	 | 	5	 | 	6,32
  4	 | 	6	 | 	9,85
  5	 | 	6	 | 	3,61
  5	 | 	7	 | 	6,71
  5	 | 	9	 | 	10,77
  6	 | 	7	 | 	3,16
  7	 | 	9	 | 	16,03
  1	 | 	2	 | 	1,00
  1	 | 	4	 | 	6,32
  6	 | 	8	 | 	1,41
  2	 | 	5	 | 	8,06
  1	 | 	8	 | 	12,53
  5	 | 	8	 | 	3,61
  1	 | 	7	 | 	14,87
  3	 | 	9	 | 	9,90
  7	 | 	8	 | 	4,00
  3	 | 	7	 | 	10,82
___________________________
Simulation Topology [1:12]
___________________________
From 	  To 		Length
___________________________
  0	 | 	1	 | 	6,00
  0	 | 	3	 | 	7,07
  0	 | 	4	 | 	10,00
  0	 | 	8	 | 	11,00
  1	 | 	3	 | 	5,10
  1	 | 	5	 | 	8,94
  1	 | 	6	 | 	12,21
  1	 | 	9	 | 	13,42
  2	 | 	3	 | 	4,12
  2	 | 	4	 | 	5,39
  2	 | 	8	 | 	11,66
  3	 | 	4	 | 	3,16
  3	 | 	5	 | 	4,24
  3	 | 	6	 | 	7,81
  4	 | 	5	 | 	6,32
  4	 | 	6	 | 	9,85
  5	 | 	6	 | 	3,61
  5	 | 	7	 | 	6,71
  5	 | 	9	 | 	10,77
  6	 | 	7	 | 	3,16
  7	 | 	9	 | 	16,03
  1	 | 	2	 | 	1,00
  1	 | 	4	 | 	6,32
  6	 | 	8	 | 	1,41
  2	 | 	5	 | 	8,06
  1	 | 	8	 | 	12,53
  5	 | 	8	 | 	3,61
  1	 | 	7	 | 	14,87
  3	 | 	9	 | 	9,90
  7	 | 	8	 | 	4,00
  3	 | 	7	 | 	10,82
  0	 | 	2	 | 	6,08
___________________________
Simulation Topology [1:13]
___________________________
From 	  To 		Length
___________________________
  0	 | 	1	 | 	6,00
  0	 | 	3	 | 	7,07
  0	 | 	4	 | 	10,00
  0	 | 	8	 | 	11,00
  1	 | 	3	 | 	5,10
  1	 | 	5	 | 	8,94
  1	 | 	6	 | 	12,21
  1	 | 	9	 | 	13,42
  2	 | 	3	 | 	4,12
  2	 | 	4	 | 	5,39
  2	 | 	8	 | 	11,66
  3	 | 	4	 | 	3,16
  3	 | 	5	 | 	4,24
  3	 | 	6	 | 	7,81
  4	 | 	5	 | 	6,32
  4	 | 	6	 | 	9,85
  5	 | 	6	 | 	3,61
  5	 | 	7	 | 	6,71
  5	 | 	9	 | 	10,77
  6	 | 	7	 | 	3,16
  7	 | 	9	 | 	16,03
  1	 | 	2	 | 	1,00
  1	 | 	4	 | 	6,32
  6	 | 	8	 | 	1,41
  2	 | 	5	 | 	8,06
  1	 | 	8	 | 	12,53
  5	 | 	8	 | 	3,61
  1	 | 	7	 | 	14,87
  3	 | 	9	 | 	9,90
  7	 | 	8	 | 	4,00
  3	 | 	7	 | 	10,82
  0	 | 	2	 | 	6,08
  3	 | 	8	 | 	7,81
___________________________
Simulation Topology [1:14]
___________________________
From 	  To 		Length
___________________________
  0	 | 	1	 | 	6,00
  0	 | 	3	 | 	7,07
  0	 | 	4	 | 	10,00
  0	 | 	8	 | 	11,00
  1	 | 	3	 | 	5,10
  1	 | 	5	 | 	8,94
  1	 | 	6	 | 	12,21
  1	 | 	9	 | 	13,42
  2	 | 	3	 | 	4,12
  2	 | 	4	 | 	5,39
  2	 | 	8	 | 	11,66
  3	 | 	4	 | 	3,16
  3	 | 	5	 | 	4,24
  3	 | 	6	 | 	7,81
  4	 | 	5	 | 	6,32
  4	 | 	6	 | 	9,85
  5	 | 	6	 | 	3,61
  5	 | 	7	 | 	6,71
  5	 | 	9	 | 	10,77
  6	 | 	7	 | 	3,16
  7	 | 	9	 | 	16,03
  1	 | 	2	 | 	1,00
  1	 | 	4	 | 	6,32
  6	 | 	8	 | 	1,41
  2	 | 	5	 | 	8,06
  1	 | 	8	 | 	12,53
  5	 | 	8	 | 	3,61
  1	 | 	7	 | 	14,87
  3	 | 	9	 | 	9,90
  7	 | 	8	 | 	4,00
  3	 | 	7	 | 	10,82
  0	 | 	2	 | 	6,08
  3	 | 	8	 | 	7,81
  4	 | 	9	 | 	7,21
___________________________
Simulation Topology [1:15]
___________________________
From 	  To 		Length
___________________________
  0	 | 	1	 | 	6,00
  0	 | 	3	 | 	7,07
  0	 | 	4	 | 	10,00
  0	 | 	8	 | 	11,00
  1	 | 	3	 | 	5,10
  1	 | 	5	 | 	8,94
  1	 | 	6	 | 	12,21
  1	 | 	9	 | 	13,42
  2	 | 	3	 | 	4,12
  2	 | 	4	 | 	5,39
  2	 | 	8	 | 	11,66
  3	 | 	4	 | 	3,16
  3	 | 	5	 | 	4,24
  3	 | 	6	 | 	7,81
  4	 | 	5	 | 	6,32
  4	 | 	6	 | 	9,85
  5	 | 	6	 | 	3,61
  5	 | 	7	 | 	6,71
  5	 | 	9	 | 	10,77
  6	 | 	7	 | 	3,16
  7	 | 	9	 | 	16,03
  1	 | 	2	 | 	1,00
  1	 | 	4	 | 	6,32
  6	 | 	8	 | 	1,41
  2	 | 	5	 | 	8,06
  1	 | 	8	 | 	12,53
  5	 | 	8	 | 	3,61
  1	 | 	7	 | 	14,87
  3	 | 	9	 | 	9,90
  7	 | 	8	 | 	4,00
  3	 | 	7	 | 	10,82
  0	 | 	2	 | 	6,08
  3	 | 	8	 | 	7,81
  4	 | 	9	 | 	7,21
  0	 | 	5	 | 	8,25
___________________________
Simulation Topology [1:16]
___________________________
From 	  To 		Length
___________________________
  0	 | 	1	 | 	6,00
  0	 | 	3	 | 	7,07
  0	 | 	4	 | 	10,00
  0	 | 	8	 | 	11,00
  1	 | 	3	 | 	5,10
  1	 | 	5	 | 	8,94
  1	 | 	6	 | 	12,21
  1	 | 	9	 | 	13,42
  2	 | 	3	 | 	4,12
  2	 | 	4	 | 	5,39
  2	 | 	8	 | 	11,66
  3	 | 	4	 | 	3,16
  3	 | 	5	 | 	4,24
  3	 | 	6	 | 	7,81
  4	 | 	5	 | 	6,32
  4	 | 	6	 | 	9,85
  5	 | 	6	 | 	3,61
  5	 | 	7	 | 	6,71
  5	 | 	9	 | 	10,77
  6	 | 	7	 | 	3,16
  7	 | 	9	 | 	16,03
  1	 | 	2	 | 	1,00
  1	 | 	4	 | 	6,32
  6	 | 	8	 | 	1,41
  2	 | 	5	 | 	8,06
  1	 | 	8	 | 	12,53
  5	 | 	8	 | 	3,61
  1	 | 	7	 | 	14,87
  3	 | 	9	 | 	9,90
  7	 | 	8	 | 	4,00
  3	 | 	7	 | 	10,82
  0	 | 	2	 | 	6,08
  3	 | 	8	 | 	7,81
  4	 | 	9	 | 	7,21
  0	 | 	5	 | 	8,25
  4	 | 	8	 | 	9,43
___________________________
Simulation Topology [1:17]
___________________________
From 	  To 		Length
___________________________
  0	 | 	1	 | 	6,00
  0	 | 	3	 | 	7,07
  0	 | 	4	 | 	10,00
  0	 | 	8	 | 	11,00
  1	 | 	3	 | 	5,10
  1	 | 	5	 | 	8,94
  1	 | 	6	 | 	12,21
  1	 | 	9	 | 	13,42
  2	 | 	3	 | 	4,12
  2	 | 	4	 | 	5,39
  2	 | 	8	 | 	11,66
  3	 | 	4	 | 	3,16
  3	 | 	5	 | 	4,24
  3	 | 	6	 | 	7,81
  4	 | 	5	 | 	6,32
  4	 | 	6	 | 	9,85
  5	 | 	6	 | 	3,61
  5	 | 	7	 | 	6,71
  5	 | 	9	 | 	10,77
  6	 | 	7	 | 	3,16
  7	 | 	9	 | 	16,03
  1	 | 	2	 | 	1,00
  1	 | 	4	 | 	6,32
  6	 | 	8	 | 	1,41
  2	 | 	5	 | 	8,06
  1	 | 	8	 | 	12,53
  5	 | 	8	 | 	3,61
  1	 | 	7	 | 	14,87
  3	 | 	9	 | 	9,90
  7	 | 	8	 | 	4,00
  3	 | 	7	 | 	10,82
  0	 | 	2	 | 	6,08
  3	 | 	8	 | 	7,81
  4	 | 	9	 | 	7,21
  0	 | 	5	 | 	8,25
  4	 | 	8	 | 	9,43
  0	 | 	7	 | 	11,70
___________________________
Simulation Topology [1:18]
___________________________
From 	  To 		Length
___________________________
  0	 | 	1	 | 	6,00
  0	 | 	3	 | 	7,07
  0	 | 	4	 | 	10,00
  0	 | 	8	 | 	11,00
  1	 | 	3	 | 	5,10
  1	 | 	5	 | 	8,94
  1	 | 	6	 | 	12,21
  1	 | 	9	 | 	13,42
  2	 | 	3	 | 	4,12
  2	 | 	4	 | 	5,39
  2	 | 	8	 | 	11,66
  3	 | 	4	 | 	3,16
  3	 | 	5	 | 	4,24
  3	 | 	6	 | 	7,81
  4	 | 	5	 | 	6,32
  4	 | 	6	 | 	9,85
  5	 | 	6	 | 	3,61
  5	 | 	7	 | 	6,71
  5	 | 	9	 | 	10,77
  6	 | 	7	 | 	3,16
  7	 | 	9	 | 	16,03
  1	 | 	2	 | 	1,00
  1	 | 	4	 | 	6,32
  6	 | 	8	 | 	1,41
  2	 | 	5	 | 	8,06
  1	 | 	8	 | 	12,53
  5	 | 	8	 | 	3,61
  1	 | 	7	 | 	14,87
  3	 | 	9	 | 	9,90
  7	 | 	8	 | 	4,00
  3	 | 	7	 | 	10,82
  0	 | 	2	 | 	6,08
  3	 | 	8	 | 	7,81
  4	 | 	9	 | 	7,21
  0	 | 	5	 | 	8,25
  4	 | 	8	 | 	9,43
  0	 | 	7	 | 	11,70
  2	 | 	9	 | 	12,53
___________________________
Simulation Topology [1:19]
___________________________
From 	  To 		Length
___________________________
  0	 | 	1	 | 	6,00
  0	 | 	3	 | 	7,07
  0	 | 	4	 | 	10,00
  0	 | 	8	 | 	11,00
  1	 | 	3	 | 	5,10
  1	 | 	5	 | 	8,94
  1	 | 	6	 | 	12,21
  1	 | 	9	 | 	13,42
  2	 | 	3	 | 	4,12
  2	 | 	4	 | 	5,39
  2	 | 	8	 | 	11,66
  3	 | 	4	 | 	3,16
  3	 | 	5	 | 	4,24
  3	 | 	6	 | 	7,81
  4	 | 	5	 | 	6,32
  4	 | 	6	 | 	9,85
  5	 | 	6	 | 	3,61
  5	 | 	7	 | 	6,71
  5	 | 	9	 | 	10,77
  6	 | 	7	 | 	3,16
  7	 | 	9	 | 	16,03
  1	 | 	2	 | 	1,00
  1	 | 	4	 | 	6,32
  6	 | 	8	 | 	1,41
  2	 | 	5	 | 	8,06
  1	 | 	8	 | 	12,53
  5	 | 	8	 | 	3,61
  1	 | 	7	 | 	14,87
  3	 | 	9	 | 	9,90
  7	 | 	8	 | 	4,00
  3	 | 	7	 | 	10,82
  0	 | 	2	 | 	6,08
  3	 | 	8	 | 	7,81
  4	 | 	9	 | 	7,21
  0	 | 	5	 | 	8,25
  4	 | 	8	 | 	9,43
  0	 | 	7	 | 	11,70
  2	 | 	9	 | 	12,53
  8	 | 	9	 | 	12,04
___________________________
Simulation Topology [1:20]
___________________________
From 	  To 		Length
___________________________
  0	 | 	1	 | 	6,00
  0	 | 	3	 | 	7,07
  0	 | 	4	 | 	10,00
  0	 | 	8	 | 	11,00
  1	 | 	3	 | 	5,10
  1	 | 	5	 | 	8,94
  1	 | 	6	 | 	12,21
  1	 | 	9	 | 	13,42
  2	 | 	3	 | 	4,12
  2	 | 	4	 | 	5,39
  2	 | 	8	 | 	11,66
  3	 | 	4	 | 	3,16
  3	 | 	5	 | 	4,24
  3	 | 	6	 | 	7,81
  4	 | 	5	 | 	6,32
  4	 | 	6	 | 	9,85
  5	 | 	6	 | 	3,61
  5	 | 	7	 | 	6,71
  5	 | 	9	 | 	10,77
  6	 | 	7	 | 	3,16
  7	 | 	9	 | 	16,03
  1	 | 	2	 | 	1,00
  1	 | 	4	 | 	6,32
  6	 | 	8	 | 	1,41
  2	 | 	5	 | 	8,06
  1	 | 	8	 | 	12,53
  5	 | 	8	 | 	3,61
  1	 | 	7	 | 	14,87
  3	 | 	9	 | 	9,90
  7	 | 	8	 | 	4,00
  3	 | 	7	 | 	10,82
  0	 | 	2	 | 	6,08
  3	 | 	8	 | 	7,81
  4	 | 	9	 | 	7,21
  0	 | 	5	 | 	8,25
  4	 | 	8	 | 	9,43
  0	 | 	7	 | 	11,70
  2	 | 	9	 | 	12,53
  8	 | 	9	 | 	12,04
  4	 | 	7	 | 	13,00
___________________________
