Simulation Topology 1
___________________________
[19]				[1]		
[10]				[1]		
[1]				[3]		
[8]				[3]		
[17]				[4]		
[11]				[6]		
[2]				[6]		
[10]				[8]		
[5]				[8]		
[0]				[11]		
___________________________
Simulation Topology [1:1]
___________________________
From 	  To 		Length
___________________________
  0	 | 	1	 | 	9,00
  0	 | 	4	 | 	3,61
  0	 | 	7	 | 	11,40
  0	 | 	8	 | 	15,65
  1	 | 	3	 | 	2,83
  1	 | 	4	 | 	7,62
  1	 | 	7	 | 	7,00
  2	 | 	3	 | 	7,00
  2	 | 	4	 | 	16,03
  2	 | 	6	 | 	3,16
  2	 | 	9	 | 	8,06
  3	 | 	5	 | 	4,24
  3	 | 	8	 | 	5,83
  4	 | 	5	 | 	6,32
  6	 | 	7	 | 	8,25
  6	 | 	8	 | 	3,61
  6	 | 	9	 | 	5,39
  8	 | 	9	 | 	5,83
___________________________
Simulation Topology [1:2]
___________________________
From 	  To 		Length
___________________________
  0	 | 	1	 | 	9,00
  0	 | 	4	 | 	3,61
  0	 | 	7	 | 	11,40
  0	 | 	8	 | 	15,65
  1	 | 	3	 | 	2,83
  1	 | 	4	 | 	7,62
  1	 | 	7	 | 	7,00
  2	 | 	3	 | 	7,00
  2	 | 	4	 | 	16,03
  2	 | 	6	 | 	3,16
  2	 | 	9	 | 	8,06
  3	 | 	5	 | 	4,24
  3	 | 	8	 | 	5,83
  4	 | 	5	 | 	6,32
  6	 | 	7	 | 	8,25
  6	 | 	8	 | 	3,61
  6	 | 	9	 | 	5,39
  8	 | 	9	 | 	5,83
  7	 | 	9	 | 	10,44
___________________________
Simulation Topology [1:3]
___________________________
From 	  To 		Length
___________________________
  0	 | 	1	 | 	9,00
  0	 | 	4	 | 	3,61
  0	 | 	7	 | 	11,40
  0	 | 	8	 | 	15,65
  1	 | 	3	 | 	2,83
  1	 | 	4	 | 	7,62
  1	 | 	7	 | 	7,00
  2	 | 	3	 | 	7,00
  2	 | 	4	 | 	16,03
  2	 | 	6	 | 	3,16
  2	 | 	9	 | 	8,06
  3	 | 	5	 | 	4,24
  3	 | 	8	 | 	5,83
  4	 | 	5	 | 	6,32
  6	 | 	7	 | 	8,25
  6	 | 	8	 | 	3,61
  6	 | 	9	 | 	5,39
  8	 | 	9	 | 	5,83
  7	 | 	9	 | 	10,44
  1	 | 	5	 | 	5,10
___________________________
