Simulation Topology 1
___________________________
[10]				[0]		
[1]				[0]		
[16]				[2]		
[7]				[2]		
[11]				[3]		
[5]				[3]		
[19]				[5]		
[4]				[5]		
[1]				[6]		
[5]				[7]		
___________________________
Simulation Topology [1:1]
___________________________
From 	  To 		Length
___________________________
  0	 | 	1	 | 	9,00
  0	 | 	3	 | 	3,61
  0	 | 	6	 | 	10,30
  0	 | 	8	 | 	10,82
  1	 | 	3	 | 	6,32
  2	 | 	3	 | 	9,00
  2	 | 	4	 | 	5,10
  2	 | 	7	 | 	12,37
  2	 | 	9	 | 	12,08
  3	 | 	5	 | 	2,24
  3	 | 	8	 | 	7,21
  4	 | 	5	 | 	6,00
  4	 | 	7	 | 	7,28
  5	 | 	8	 | 	5,00
  5	 | 	9	 | 	4,00
  6	 | 	7	 | 	15,00
  7	 | 	9	 | 	2,24
___________________________
Simulation Topology [1:2]
___________________________
From 	  To 		Length
___________________________
  0	 | 	1	 | 	9,00
  0	 | 	3	 | 	3,61
  0	 | 	6	 | 	10,30
  0	 | 	8	 | 	10,82
  1	 | 	3	 | 	6,32
  2	 | 	3	 | 	9,00
  2	 | 	4	 | 	5,10
  2	 | 	7	 | 	12,37
  2	 | 	9	 | 	12,08
  3	 | 	5	 | 	2,24
  3	 | 	8	 | 	7,21
  4	 | 	5	 | 	6,00
  4	 | 	7	 | 	7,28
  5	 | 	8	 | 	5,00
  5	 | 	9	 | 	4,00
  6	 | 	7	 | 	15,00
  7	 | 	9	 | 	2,24
  1	 | 	5	 | 	5,00
___________________________
Simulation Topology [1:3]
___________________________
From 	  To 		Length
___________________________
  0	 | 	1	 | 	9,00
  0	 | 	3	 | 	3,61
  0	 | 	6	 | 	10,30
  0	 | 	8	 | 	10,82
  1	 | 	3	 | 	6,32
  2	 | 	3	 | 	9,00
  2	 | 	4	 | 	5,10
  2	 | 	7	 | 	12,37
  2	 | 	9	 | 	12,08
  3	 | 	5	 | 	2,24
  3	 | 	8	 | 	7,21
  4	 | 	5	 | 	6,00
  4	 | 	7	 | 	7,28
  5	 | 	8	 | 	5,00
  5	 | 	9	 | 	4,00
  6	 | 	7	 | 	15,00
  7	 | 	9	 | 	2,24
  1	 | 	5	 | 	5,00
  3	 | 	7	 | 	4,24
___________________________
Simulation Topology [1:4]
___________________________
From 	  To 		Length
___________________________
  0	 | 	1	 | 	9,00
  0	 | 	3	 | 	3,61
  0	 | 	6	 | 	10,30
  0	 | 	8	 | 	10,82
  1	 | 	3	 | 	6,32
  2	 | 	3	 | 	9,00
  2	 | 	4	 | 	5,10
  2	 | 	7	 | 	12,37
  2	 | 	9	 | 	12,08
  3	 | 	5	 | 	2,24
  3	 | 	8	 | 	7,21
  4	 | 	5	 | 	6,00
  4	 | 	7	 | 	7,28
  5	 | 	8	 | 	5,00
  5	 | 	9	 | 	4,00
  6	 | 	7	 | 	15,00
  7	 | 	9	 | 	2,24
  1	 | 	5	 | 	5,00
  3	 | 	7	 | 	4,24
  0	 | 	5	 | 	5,83
___________________________
