Simulation Topology 1
___________________________
[6]				[2]		
[9]				[3]		
[13]				[3]		
[2]				[4]		
[4]				[4]		
[4]				[5]		
[2]				[5]		
[19]				[10]		
[1]				[10]		
[9]				[12]		
___________________________
Simulation Topology [1:1]
___________________________
From 	  To 		Length
___________________________
  0	 | 	1	 | 	3,16
  0	 | 	3	 | 	4,47
  0	 | 	4	 | 	2,83
  0	 | 	5	 | 	3,61
  0	 | 	6	 | 	5,00
  0	 | 	8	 | 	9,43
  1	 | 	3	 | 	7,07
  1	 | 	4	 | 	5,10
  1	 | 	7	 | 	12,21
  2	 | 	3	 | 	11,05
  2	 | 	9	 | 	9,85
  3	 | 	7	 | 	18,03
  4	 | 	5	 | 	1,00
  4	 | 	9	 | 	9,43
  5	 | 	9	 | 	8,60
  6	 | 	7	 | 	17,72
  6	 | 	8	 | 	5,10
  7	 | 	9	 | 	10,20
___________________________
Simulation Topology [1:2]
___________________________
From 	  To 		Length
___________________________
  0	 | 	1	 | 	3,16
  0	 | 	3	 | 	4,47
  0	 | 	4	 | 	2,83
  0	 | 	5	 | 	3,61
  0	 | 	6	 | 	5,00
  0	 | 	8	 | 	9,43
  1	 | 	3	 | 	7,07
  1	 | 	4	 | 	5,10
  1	 | 	7	 | 	12,21
  2	 | 	3	 | 	11,05
  2	 | 	9	 | 	9,85
  3	 | 	7	 | 	18,03
  4	 | 	5	 | 	1,00
  4	 | 	9	 | 	9,43
  5	 | 	9	 | 	8,60
  6	 | 	7	 | 	17,72
  6	 | 	8	 | 	5,10
  7	 | 	9	 | 	10,20
  3	 | 	6	 | 	1,00
___________________________
Simulation Topology [1:3]
___________________________
From 	  To 		Length
___________________________
  0	 | 	1	 | 	3,16
  0	 | 	3	 | 	4,47
  0	 | 	4	 | 	2,83
  0	 | 	5	 | 	3,61
  0	 | 	6	 | 	5,00
  0	 | 	8	 | 	9,43
  1	 | 	3	 | 	7,07
  1	 | 	4	 | 	5,10
  1	 | 	7	 | 	12,21
  2	 | 	3	 | 	11,05
  2	 | 	9	 | 	9,85
  3	 | 	7	 | 	18,03
  4	 | 	5	 | 	1,00
  4	 | 	9	 | 	9,43
  5	 | 	9	 | 	8,60
  6	 | 	7	 | 	17,72
  6	 | 	8	 | 	5,10
  7	 | 	9	 | 	10,20
  3	 | 	6	 | 	1,00
  3	 | 	4	 | 	2,00
___________________________
