Simulation Topology 1
___________________________
[16]				[0]		
[7]				[1]		
[15]				[1]		
[13]				[2]		
[15]				[4]		
[4]				[4]		
[16]				[5]		
[10]				[6]		
[7]				[6]		
[14]				[7]		
___________________________
Simulation Topology [1:1]
___________________________
From 	  To 		Length
___________________________
  0	 | 	1	 | 	9,06
  0	 | 	3	 | 	3,61
  0	 | 	7	 | 	8,49
  0	 | 	9	 | 	7,28
  1	 | 	4	 | 	8,54
  2	 | 	3	 | 	2,24
  2	 | 	4	 | 	3,00
  2	 | 	5	 | 	11,40
  2	 | 	8	 | 	9,43
  3	 | 	6	 | 	4,24
  3	 | 	8	 | 	7,21
  4	 | 	5	 | 	11,00
  4	 | 	7	 | 	5,39
  4	 | 	9	 | 	3,16
  6	 | 	8	 | 	9,06
  6	 | 	9	 | 	2,83
  7	 | 	9	 | 	4,12
  8	 | 	9	 | 	7,07
___________________________
Simulation Topology [1:2]
___________________________
From 	  To 		Length
___________________________
  0	 | 	1	 | 	9,06
  0	 | 	3	 | 	3,61
  0	 | 	7	 | 	8,49
  0	 | 	9	 | 	7,28
  1	 | 	4	 | 	8,54
  2	 | 	3	 | 	2,24
  2	 | 	4	 | 	3,00
  2	 | 	5	 | 	11,40
  2	 | 	8	 | 	9,43
  3	 | 	6	 | 	4,24
  3	 | 	8	 | 	7,21
  4	 | 	5	 | 	11,00
  4	 | 	7	 | 	5,39
  4	 | 	9	 | 	3,16
  6	 | 	8	 | 	9,06
  6	 | 	9	 | 	2,83
  7	 | 	9	 | 	4,12
  8	 | 	9	 | 	7,07
  5	 | 	7	 | 	6,32
___________________________
Simulation Topology [1:3]
___________________________
From 	  To 		Length
___________________________
  0	 | 	1	 | 	9,06
  0	 | 	3	 | 	3,61
  0	 | 	7	 | 	8,49
  0	 | 	9	 | 	7,28
  1	 | 	4	 | 	8,54
  2	 | 	3	 | 	2,24
  2	 | 	4	 | 	3,00
  2	 | 	5	 | 	11,40
  2	 | 	8	 | 	9,43
  3	 | 	6	 | 	4,24
  3	 | 	8	 | 	7,21
  4	 | 	5	 | 	11,00
  4	 | 	7	 | 	5,39
  4	 | 	9	 | 	3,16
  6	 | 	8	 | 	9,06
  6	 | 	9	 | 	2,83
  7	 | 	9	 | 	4,12
  8	 | 	9	 | 	7,07
  5	 | 	7	 | 	6,32
  7	 | 	8	 | 	3,00
___________________________
