Simulation Topology 1
___________________________
[2]				[3]		
[18]				[3]		
[13]				[4]		
[9]				[5]		
[15]				[6]		
[10]				[6]		
[12]				[7]		
[0]				[7]		
[7]				[8]		
[4]				[9]		
___________________________
Simulation Topology [1:1]
___________________________
From 	  To 		Length
___________________________
  0	 | 	1	 | 	16,00
  0	 | 	2	 | 	11,05
  0	 | 	3	 | 	7,28
  0	 | 	4	 | 	13,34
  0	 | 	6	 | 	10,77
  1	 | 	8	 | 	12,08
  2	 | 	3	 | 	4,12
  2	 | 	4	 | 	2,83
  2	 | 	5	 | 	3,61
  2	 | 	6	 | 	3,16
  2	 | 	7	 | 	13,34
  2	 | 	8	 | 	7,21
  3	 | 	6	 | 	3,61
  4	 | 	5	 | 	5,00
  4	 | 	6	 | 	3,16
  4	 | 	7	 | 	15,03
  5	 | 	8	 | 	3,61
  6	 | 	9	 | 	8,25
  7	 | 	9	 | 	4,47
___________________________
Simulation Topology [1:2]
___________________________
From 	  To 		Length
___________________________
  0	 | 	1	 | 	16,00
  0	 | 	2	 | 	11,05
  0	 | 	3	 | 	7,28
  0	 | 	4	 | 	13,34
  0	 | 	6	 | 	10,77
  1	 | 	8	 | 	12,08
  2	 | 	3	 | 	4,12
  2	 | 	4	 | 	2,83
  2	 | 	5	 | 	3,61
  2	 | 	6	 | 	3,16
  2	 | 	7	 | 	13,34
  2	 | 	8	 | 	7,21
  3	 | 	6	 | 	3,61
  4	 | 	5	 | 	5,00
  4	 | 	6	 | 	3,16
  4	 | 	7	 | 	15,03
  5	 | 	8	 | 	3,61
  6	 | 	9	 | 	8,25
  7	 | 	9	 | 	4,47
  3	 | 	8	 | 	3,61
___________________________
