Simulation Topology 1
___________________________
[7]				[3]		
[19]				[3]		
[4]				[4]		
[19]				[4]		
[11]				[5]		
[15]				[6]		
[16]				[8]		
[9]				[8]		
[6]				[10]		
[5]				[11]		
___________________________
Simulation Topology [1:1]
___________________________
From 	  To 		Length
___________________________
  0	 | 	1	 | 	12,00
  0	 | 	4	 | 	4,47
  0	 | 	9	 | 	8,25
  1	 | 	2	 | 	15,03
  1	 | 	3	 | 	1,00
  1	 | 	6	 | 	5,83
  1	 | 	8	 | 	14,76
  1	 | 	9	 | 	16,12
  2	 | 	3	 | 	15,00
  2	 | 	5	 | 	11,18
  2	 | 	6	 | 	12,65
  3	 | 	4	 | 	8,06
  3	 | 	5	 | 	4,47
  4	 | 	5	 | 	4,12
  4	 | 	6	 | 	5,83
  4	 | 	7	 | 	3,61
  4	 | 	8	 | 	7,07
  6	 | 	7	 | 	7,00
  6	 | 	8	 | 	10,20
___________________________
Simulation Topology [1:2]
___________________________
From 	  To 		Length
___________________________
  0	 | 	1	 | 	12,00
  0	 | 	4	 | 	4,47
  0	 | 	9	 | 	8,25
  1	 | 	2	 | 	15,03
  1	 | 	3	 | 	1,00
  1	 | 	6	 | 	5,83
  1	 | 	8	 | 	14,76
  1	 | 	9	 | 	16,12
  2	 | 	3	 | 	15,00
  2	 | 	5	 | 	11,18
  2	 | 	6	 | 	12,65
  3	 | 	4	 | 	8,06
  3	 | 	5	 | 	4,47
  4	 | 	5	 | 	4,12
  4	 | 	6	 | 	5,83
  4	 | 	7	 | 	3,61
  4	 | 	8	 | 	7,07
  6	 | 	7	 | 	7,00
  6	 | 	8	 | 	10,20
  8	 | 	9	 | 	1,41
___________________________
