Simulation Topology 1
___________________________
[19]				[0]		
[17]				[0]		
[8]				[3]		
[8]				[4]		
[6]				[4]		
[8]				[5]		
[18]				[5]		
[9]				[8]		
[3]				[8]		
[13]				[10]		
___________________________
Simulation Topology [1:1]
___________________________
From 	  To 		Length
___________________________
  0	 | 	1	 | 	2,00
  0	 | 	5	 | 	12,08
  0	 | 	7	 | 	12,81
  0	 | 	8	 | 	17,89
  1	 | 	3	 | 	9,85
  1	 | 	6	 | 	5,10
  2	 | 	3	 | 	1,00
  2	 | 	4	 | 	2,24
  2	 | 	5	 | 	2,00
  3	 | 	4	 | 	2,00
  3	 | 	8	 | 	6,40
  4	 | 	5	 | 	2,24
  4	 | 	6	 | 	12,04
  5	 | 	7	 | 	3,16
  6	 | 	7	 | 	9,49
  6	 | 	9	 | 	7,07
  7	 | 	9	 | 	4,47
___________________________
Simulation Topology [1:2]
___________________________
From 	  To 		Length
___________________________
  0	 | 	1	 | 	2,00
  0	 | 	5	 | 	12,08
  0	 | 	7	 | 	12,81
  0	 | 	8	 | 	17,89
  1	 | 	3	 | 	9,85
  1	 | 	6	 | 	5,10
  2	 | 	3	 | 	1,00
  2	 | 	4	 | 	2,24
  2	 | 	5	 | 	2,00
  3	 | 	4	 | 	2,00
  3	 | 	8	 | 	6,40
  4	 | 	5	 | 	2,24
  4	 | 	6	 | 	12,04
  5	 | 	7	 | 	3,16
  6	 | 	7	 | 	9,49
  6	 | 	9	 | 	7,07
  7	 | 	9	 | 	4,47
  3	 | 	9	 | 	7,81
___________________________
Simulation Topology [1:3]
___________________________
From 	  To 		Length
___________________________
  0	 | 	1	 | 	2,00
  0	 | 	5	 | 	12,08
  0	 | 	7	 | 	12,81
  0	 | 	8	 | 	17,89
  1	 | 	3	 | 	9,85
  1	 | 	6	 | 	5,10
  2	 | 	3	 | 	1,00
  2	 | 	4	 | 	2,24
  2	 | 	5	 | 	2,00
  3	 | 	4	 | 	2,00
  3	 | 	8	 | 	6,40
  4	 | 	5	 | 	2,24
  4	 | 	6	 | 	12,04
  5	 | 	7	 | 	3,16
  6	 | 	7	 | 	9,49
  6	 | 	9	 | 	7,07
  7	 | 	9	 | 	4,47
  3	 | 	9	 | 	7,81
  2	 | 	8	 | 	7,07
___________________________
Simulation Topology [1:4]
___________________________
From 	  To 		Length
___________________________
  0	 | 	1	 | 	2,00
  0	 | 	5	 | 	12,08
  0	 | 	7	 | 	12,81
  0	 | 	8	 | 	17,89
  1	 | 	3	 | 	9,85
  1	 | 	6	 | 	5,10
  2	 | 	3	 | 	1,00
  2	 | 	4	 | 	2,24
  2	 | 	5	 | 	2,00
  3	 | 	4	 | 	2,00
  3	 | 	8	 | 	6,40
  4	 | 	5	 | 	2,24
  4	 | 	6	 | 	12,04
  5	 | 	7	 | 	3,16
  6	 | 	7	 | 	9,49
  6	 | 	9	 | 	7,07
  7	 | 	9	 | 	4,47
  3	 | 	9	 | 	7,81
  2	 | 	8	 | 	7,07
  8	 | 	9	 | 	10,20
___________________________
