Simulation Topology 1
___________________________
[14]				[1]		
[1]				[1]		
[5]				[3]		
[14]				[3]		
[11]				[5]		
[17]				[5]		
[15]				[6]		
[10]				[6]		
[9]				[7]		
[5]				[8]		
___________________________
Simulation Topology [1:1]
___________________________
From 	  To 		Length
___________________________
  0	 | 	1	 | 	13,00
  0	 | 	4	 | 	5,00
  0	 | 	6	 | 	5,10
  0	 | 	7	 | 	6,40
  1	 | 	6	 | 	14,87
  2	 | 	3	 | 	9,00
  2	 | 	7	 | 	5,83
  3	 | 	4	 | 	3,61
  3	 | 	5	 | 	3,61
  3	 | 	6	 | 	3,16
  4	 | 	5	 | 	6,00
  4	 | 	7	 | 	1,41
  4	 | 	8	 | 	2,83
  4	 | 	9	 | 	6,71
  6	 | 	7	 | 	5,00
  6	 | 	8	 | 	6,08
  8	 | 	9	 | 	4,12
___________________________
Simulation Topology [1:2]
___________________________
From 	  To 		Length
___________________________
  0	 | 	1	 | 	13,00
  0	 | 	4	 | 	5,00
  0	 | 	6	 | 	5,10
  0	 | 	7	 | 	6,40
  1	 | 	6	 | 	14,87
  2	 | 	3	 | 	9,00
  2	 | 	7	 | 	5,83
  3	 | 	4	 | 	3,61
  3	 | 	5	 | 	3,61
  3	 | 	6	 | 	3,16
  4	 | 	5	 | 	6,00
  4	 | 	7	 | 	1,41
  4	 | 	8	 | 	2,83
  4	 | 	9	 | 	6,71
  6	 | 	7	 | 	5,00
  6	 | 	8	 | 	6,08
  8	 | 	9	 | 	4,12
  5	 | 	6	 | 	2,24
___________________________
Simulation Topology [1:3]
___________________________
From 	  To 		Length
___________________________
  0	 | 	1	 | 	13,00
  0	 | 	4	 | 	5,00
  0	 | 	6	 | 	5,10
  0	 | 	7	 | 	6,40
  1	 | 	6	 | 	14,87
  2	 | 	3	 | 	9,00
  2	 | 	7	 | 	5,83
  3	 | 	4	 | 	3,61
  3	 | 	5	 | 	3,61
  3	 | 	6	 | 	3,16
  4	 | 	5	 | 	6,00
  4	 | 	7	 | 	1,41
  4	 | 	8	 | 	2,83
  4	 | 	9	 | 	6,71
  6	 | 	7	 | 	5,00
  6	 | 	8	 | 	6,08
  8	 | 	9	 | 	4,12
  5	 | 	6	 | 	2,24
  0	 | 	3	 | 	2,00
___________________________
Simulation Topology [1:4]
___________________________
From 	  To 		Length
___________________________
  0	 | 	1	 | 	13,00
  0	 | 	4	 | 	5,00
  0	 | 	6	 | 	5,10
  0	 | 	7	 | 	6,40
  1	 | 	6	 | 	14,87
  2	 | 	3	 | 	9,00
  2	 | 	7	 | 	5,83
  3	 | 	4	 | 	3,61
  3	 | 	5	 | 	3,61
  3	 | 	6	 | 	3,16
  4	 | 	5	 | 	6,00
  4	 | 	7	 | 	1,41
  4	 | 	8	 | 	2,83
  4	 | 	9	 | 	6,71
  6	 | 	7	 | 	5,00
  6	 | 	8	 | 	6,08
  8	 | 	9	 | 	4,12
  5	 | 	6	 | 	2,24
  0	 | 	3	 | 	2,00
  7	 | 	8	 | 	1,41
___________________________
