Simulation Topology 1
___________________________
[8]				[0]		
[5]				[1]		
[16]				[4]		
[18]				[5]		
[13]				[5]		
[4]				[6]		
[9]				[6]		
[6]				[7]		
[19]				[7]		
[16]				[8]		
___________________________
Simulation Topology [1:1]
___________________________
From 	  To 		Length
___________________________
  0	 | 	1	 | 	3,16
  0	 | 	6	 | 	6,08
  0	 | 	8	 | 	13,04
  1	 | 	5	 | 	5,10
  1	 | 	6	 | 	6,40
  1	 | 	9	 | 	13,04
  2	 | 	3	 | 	2,24
  2	 | 	7	 | 	10,44
  2	 | 	9	 | 	4,00
  3	 | 	7	 | 	12,17
  3	 | 	8	 | 	2,24
  4	 | 	5	 | 	9,06
  4	 | 	7	 | 	7,28
  4	 | 	8	 | 	6,32
  4	 | 	9	 | 	4,24
  5	 | 	7	 | 	2,24
  6	 | 	8	 | 	10,05
  6	 | 	9	 | 	7,28
___________________________
Simulation Topology [1:2]
___________________________
From 	  To 		Length
___________________________
  0	 | 	1	 | 	3,16
  0	 | 	6	 | 	6,08
  0	 | 	8	 | 	13,04
  1	 | 	5	 | 	5,10
  1	 | 	6	 | 	6,40
  1	 | 	9	 | 	13,04
  2	 | 	3	 | 	2,24
  2	 | 	7	 | 	10,44
  2	 | 	9	 | 	4,00
  3	 | 	7	 | 	12,17
  3	 | 	8	 | 	2,24
  4	 | 	5	 | 	9,06
  4	 | 	7	 | 	7,28
  4	 | 	8	 | 	6,32
  4	 | 	9	 | 	4,24
  5	 | 	7	 | 	2,24
  6	 | 	8	 | 	10,05
  6	 | 	9	 | 	7,28
  1	 | 	4	 | 	8,94
___________________________
Simulation Topology [1:3]
___________________________
From 	  To 		Length
___________________________
  0	 | 	1	 | 	3,16
  0	 | 	6	 | 	6,08
  0	 | 	8	 | 	13,04
  1	 | 	5	 | 	5,10
  1	 | 	6	 | 	6,40
  1	 | 	9	 | 	13,04
  2	 | 	3	 | 	2,24
  2	 | 	7	 | 	10,44
  2	 | 	9	 | 	4,00
  3	 | 	7	 | 	12,17
  3	 | 	8	 | 	2,24
  4	 | 	5	 | 	9,06
  4	 | 	7	 | 	7,28
  4	 | 	8	 | 	6,32
  4	 | 	9	 | 	4,24
  5	 | 	7	 | 	2,24
  6	 | 	8	 | 	10,05
  6	 | 	9	 | 	7,28
  1	 | 	4	 | 	8,94
  8	 | 	9	 | 	3,16
___________________________
