Simulation Topology 1
___________________________
[2]				[0]		
[3]				[2]		
[10]				[2]		
[15]				[3]		
[12]				[4]		
[7]				[5]		
[14]				[5]		
[7]				[7]		
[9]				[8]		
[0]				[9]		
___________________________
Simulation Topology [1:1]
___________________________
From 	  To 		Length
___________________________
  0	 | 	1	 | 	2,24
  0	 | 	2	 | 	8,25
  0	 | 	3	 | 	13,34
  0	 | 	4	 | 	10,77
  1	 | 	4	 | 	9,22
  1	 | 	6	 | 	11,40
  2	 | 	3	 | 	5,10
  2	 | 	9	 | 	12,21
  3	 | 	4	 | 	3,16
  3	 | 	9	 | 	16,16
  4	 | 	7	 | 	5,83
  4	 | 	8	 | 	5,00
  5	 | 	8	 | 	3,61
  5	 | 	9	 | 	8,06
  6	 | 	8	 | 	5,83
  7	 | 	8	 | 	2,24
  7	 | 	9	 | 	7,28
___________________________
Simulation Topology [1:2]
___________________________
From 	  To 		Length
___________________________
  0	 | 	1	 | 	2,24
  0	 | 	2	 | 	8,25
  0	 | 	3	 | 	13,34
  0	 | 	4	 | 	10,77
  1	 | 	4	 | 	9,22
  1	 | 	6	 | 	11,40
  2	 | 	3	 | 	5,10
  2	 | 	9	 | 	12,21
  3	 | 	4	 | 	3,16
  3	 | 	9	 | 	16,16
  4	 | 	7	 | 	5,83
  4	 | 	8	 | 	5,00
  5	 | 	8	 | 	3,61
  5	 | 	9	 | 	8,06
  6	 | 	8	 | 	5,83
  7	 | 	8	 | 	2,24
  7	 | 	9	 | 	7,28
  4	 | 	6	 | 	2,24
___________________________
Simulation Topology [1:3]
___________________________
From 	  To 		Length
___________________________
  0	 | 	1	 | 	2,24
  0	 | 	2	 | 	8,25
  0	 | 	3	 | 	13,34
  0	 | 	4	 | 	10,77
  1	 | 	4	 | 	9,22
  1	 | 	6	 | 	11,40
  2	 | 	3	 | 	5,10
  2	 | 	9	 | 	12,21
  3	 | 	4	 | 	3,16
  3	 | 	9	 | 	16,16
  4	 | 	7	 | 	5,83
  4	 | 	8	 | 	5,00
  5	 | 	8	 | 	3,61
  5	 | 	9	 | 	8,06
  6	 | 	8	 | 	5,83
  7	 | 	8	 | 	2,24
  7	 | 	9	 | 	7,28
  4	 | 	6	 | 	2,24
  2	 | 	4	 | 	2,83
___________________________
Simulation Topology [1:4]
___________________________
From 	  To 		Length
___________________________
  0	 | 	1	 | 	2,24
  0	 | 	2	 | 	8,25
  0	 | 	3	 | 	13,34
  0	 | 	4	 | 	10,77
  1	 | 	4	 | 	9,22
  1	 | 	6	 | 	11,40
  2	 | 	3	 | 	5,10
  2	 | 	9	 | 	12,21
  3	 | 	4	 | 	3,16
  3	 | 	9	 | 	16,16
  4	 | 	7	 | 	5,83
  4	 | 	8	 | 	5,00
  5	 | 	8	 | 	3,61
  5	 | 	9	 | 	8,06
  6	 | 	8	 | 	5,83
  7	 | 	8	 | 	2,24
  7	 | 	9	 | 	7,28
  4	 | 	6	 | 	2,24
  2	 | 	4	 | 	2,83
  1	 | 	5	 | 	5,00
___________________________
