Simulation Topology 1
___________________________
[9]				[0]		
[19]				[1]		
[3]				[4]		
[5]				[4]		
[0]				[6]		
[11]				[6]		
[7]				[10]		
[19]				[10]		
[16]				[11]		
[13]				[11]		
___________________________
Simulation Topology [1:1]
___________________________
From 	  To 		Length
___________________________
  0	 | 	1	 | 	10,05
  0	 | 	6	 | 	10,20
  0	 | 	7	 | 	14,14
  1	 | 	3	 | 	14,32
  1	 | 	7	 | 	9,00
  1	 | 	8	 | 	10,44
  1	 | 	9	 | 	11,66
  2	 | 	3	 | 	2,00
  2	 | 	8	 | 	14,76
  3	 | 	5	 | 	6,32
  3	 | 	9	 | 	10,63
  4	 | 	5	 | 	11,00
  4	 | 	6	 | 	8,06
  4	 | 	7	 | 	19,42
  5	 | 	9	 | 	5,39
  6	 | 	7	 | 	12,00
  7	 | 	8	 | 	3,16
  7	 | 	9	 | 	6,08
___________________________
Simulation Topology [1:2]
___________________________
From 	  To 		Length
___________________________
  0	 | 	1	 | 	10,05
  0	 | 	6	 | 	10,20
  0	 | 	7	 | 	14,14
  1	 | 	3	 | 	14,32
  1	 | 	7	 | 	9,00
  1	 | 	8	 | 	10,44
  1	 | 	9	 | 	11,66
  2	 | 	3	 | 	2,00
  2	 | 	8	 | 	14,76
  3	 | 	5	 | 	6,32
  3	 | 	9	 | 	10,63
  4	 | 	5	 | 	11,00
  4	 | 	6	 | 	8,06
  4	 | 	7	 | 	19,42
  5	 | 	9	 | 	5,39
  6	 | 	7	 | 	12,00
  7	 | 	8	 | 	3,16
  7	 | 	9	 | 	6,08
  8	 | 	9	 | 	3,00
___________________________
Simulation Topology [1:3]
___________________________
From 	  To 		Length
___________________________
  0	 | 	1	 | 	10,05
  0	 | 	6	 | 	10,20
  0	 | 	7	 | 	14,14
  1	 | 	3	 | 	14,32
  1	 | 	7	 | 	9,00
  1	 | 	8	 | 	10,44
  1	 | 	9	 | 	11,66
  2	 | 	3	 | 	2,00
  2	 | 	8	 | 	14,76
  3	 | 	5	 | 	6,32
  3	 | 	9	 | 	10,63
  4	 | 	5	 | 	11,00
  4	 | 	6	 | 	8,06
  4	 | 	7	 | 	19,42
  5	 | 	9	 | 	5,39
  6	 | 	7	 | 	12,00
  7	 | 	8	 | 	3,16
  7	 | 	9	 | 	6,08
  8	 | 	9	 | 	3,00
  0	 | 	5	 | 	6,32
___________________________
