Simulation Topology 1
___________________________
[6]				[1]		
[13]				[2]		
[8]				[2]		
[15]				[3]		
[8]				[4]		
[17]				[4]		
[13]				[5]		
[6]				[5]		
[13]				[6]		
[6]				[7]		
___________________________
Simulation Topology [1:1]
___________________________
From 	  To 		Length
___________________________
  0	 | 	1	 | 	7,07
  0	 | 	4	 | 	3,61
  0	 | 	6	 | 	8,06
  0	 | 	9	 | 	6,00
  1	 | 	3	 | 	2,24
  1	 | 	7	 | 	7,62
  1	 | 	9	 | 	8,60
  2	 | 	3	 | 	7,07
  2	 | 	6	 | 	5,83
  2	 | 	9	 | 	5,39
  3	 | 	6	 | 	2,83
  3	 | 	7	 | 	9,22
  3	 | 	8	 | 	3,61
  3	 | 	9	 | 	9,85
  4	 | 	5	 | 	9,00
  5	 | 	6	 | 	4,12
  7	 | 	8	 | 	7,07
___________________________
Simulation Topology [1:2]
___________________________
From 	  To 		Length
___________________________
  0	 | 	1	 | 	7,07
  0	 | 	4	 | 	3,61
  0	 | 	6	 | 	8,06
  0	 | 	9	 | 	6,00
  1	 | 	3	 | 	2,24
  1	 | 	7	 | 	7,62
  1	 | 	9	 | 	8,60
  2	 | 	3	 | 	7,07
  2	 | 	6	 | 	5,83
  2	 | 	9	 | 	5,39
  3	 | 	6	 | 	2,83
  3	 | 	7	 | 	9,22
  3	 | 	8	 | 	3,61
  3	 | 	9	 | 	9,85
  4	 | 	5	 | 	9,00
  5	 | 	6	 | 	4,12
  7	 | 	8	 | 	7,07
  4	 | 	7	 | 	2,24
___________________________
Simulation Topology [1:3]
___________________________
From 	  To 		Length
___________________________
  0	 | 	1	 | 	7,07
  0	 | 	4	 | 	3,61
  0	 | 	6	 | 	8,06
  0	 | 	9	 | 	6,00
  1	 | 	3	 | 	2,24
  1	 | 	7	 | 	7,62
  1	 | 	9	 | 	8,60
  2	 | 	3	 | 	7,07
  2	 | 	6	 | 	5,83
  2	 | 	9	 | 	5,39
  3	 | 	6	 | 	2,83
  3	 | 	7	 | 	9,22
  3	 | 	8	 | 	3,61
  3	 | 	9	 | 	9,85
  4	 | 	5	 | 	9,00
  5	 | 	6	 | 	4,12
  7	 | 	8	 | 	7,07
  4	 | 	7	 | 	2,24
  1	 | 	8	 | 	4,00
___________________________
Simulation Topology [1:4]
___________________________
From 	  To 		Length
___________________________
  0	 | 	1	 | 	7,07
  0	 | 	4	 | 	3,61
  0	 | 	6	 | 	8,06
  0	 | 	9	 | 	6,00
  1	 | 	3	 | 	2,24
  1	 | 	7	 | 	7,62
  1	 | 	9	 | 	8,60
  2	 | 	3	 | 	7,07
  2	 | 	6	 | 	5,83
  2	 | 	9	 | 	5,39
  3	 | 	6	 | 	2,83
  3	 | 	7	 | 	9,22
  3	 | 	8	 | 	3,61
  3	 | 	9	 | 	9,85
  4	 | 	5	 | 	9,00
  5	 | 	6	 | 	4,12
  7	 | 	8	 | 	7,07
  4	 | 	7	 | 	2,24
  1	 | 	8	 | 	4,00
  2	 | 	4	 | 	2,00
___________________________
