Simulation Topology 1
___________________________
[5]				[1]		
[14]				[2]		
[19]				[2]		
[5]				[3]		
[15]				[5]		
[1]				[5]		
[11]				[6]		
[19]				[7]		
[4]				[7]		
[18]				[9]		
___________________________
Simulation Topology [1:1]
___________________________
From 	  To 		Length
___________________________
  0	 | 	1	 | 	9,06
  0	 | 	3	 | 	2,00
  0	 | 	4	 | 	10,77
  0	 | 	7	 | 	15,23
  1	 | 	6	 | 	5,00
  1	 | 	8	 | 	11,18
  1	 | 	9	 | 	8,06
  2	 | 	3	 | 	14,04
  2	 | 	4	 | 	5,00
  2	 | 	5	 | 	18,25
  2	 | 	6	 | 	8,94
  2	 | 	9	 | 	7,07
  3	 | 	6	 | 	6,71
  3	 | 	9	 | 	14,32
  4	 | 	5	 | 	14,00
  5	 | 	7	 | 	18,11
  6	 | 	7	 | 	8,06
  7	 | 	9	 | 	2,24
  8	 | 	9	 | 	14,14
___________________________
Simulation Topology [1:2]
___________________________
From 	  To 		Length
___________________________
  0	 | 	1	 | 	9,06
  0	 | 	3	 | 	2,00
  0	 | 	4	 | 	10,77
  0	 | 	7	 | 	15,23
  1	 | 	6	 | 	5,00
  1	 | 	8	 | 	11,18
  1	 | 	9	 | 	8,06
  2	 | 	3	 | 	14,04
  2	 | 	4	 | 	5,00
  2	 | 	5	 | 	18,25
  2	 | 	6	 | 	8,94
  2	 | 	9	 | 	7,07
  3	 | 	6	 | 	6,71
  3	 | 	9	 | 	14,32
  4	 | 	5	 | 	14,00
  5	 | 	7	 | 	18,11
  6	 | 	7	 | 	8,06
  7	 | 	9	 | 	2,24
  8	 | 	9	 | 	14,14
  1	 | 	2	 | 	5,00
___________________________
