Simulation Topology 1
___________________________
[15]				[0]		
[19]				[1]		
[15]				[1]		
[17]				[2]		
[3]				[2]		
[0]				[3]		
[19]				[3]		
[15]				[4]		
[3]				[5]		
[5]				[5]		
___________________________
Simulation Topology [1:1]
___________________________
From 	  To 		Length
___________________________
  0	 | 	1	 | 	4,12
  0	 | 	4	 | 	12,17
  0	 | 	7	 | 	4,00
  1	 | 	3	 | 	2,24
  1	 | 	7	 | 	5,00
  1	 | 	8	 | 	16,49
  2	 | 	3	 | 	2,24
  2	 | 	7	 | 	3,00
  2	 | 	8	 | 	12,65
  3	 | 	5	 | 	17,03
  4	 | 	5	 | 	3,16
  4	 | 	9	 | 	3,61
  5	 | 	9	 | 	5,39
  6	 | 	7	 | 	4,12
  6	 | 	9	 | 	14,14
  7	 | 	9	 | 	10,05
  8	 | 	9	 | 	2,00
___________________________
Simulation Topology [1:2]
___________________________
From 	  To 		Length
___________________________
  0	 | 	1	 | 	4,12
  0	 | 	4	 | 	12,17
  0	 | 	7	 | 	4,00
  1	 | 	3	 | 	2,24
  1	 | 	7	 | 	5,00
  1	 | 	8	 | 	16,49
  2	 | 	3	 | 	2,24
  2	 | 	7	 | 	3,00
  2	 | 	8	 | 	12,65
  3	 | 	5	 | 	17,03
  4	 | 	5	 | 	3,16
  4	 | 	9	 | 	3,61
  5	 | 	9	 | 	5,39
  6	 | 	7	 | 	4,12
  6	 | 	9	 | 	14,14
  7	 | 	9	 | 	10,05
  8	 | 	9	 | 	2,00
  0	 | 	2	 | 	1,00
___________________________
Simulation Topology [1:3]
___________________________
From 	  To 		Length
___________________________
  0	 | 	1	 | 	4,12
  0	 | 	4	 | 	12,17
  0	 | 	7	 | 	4,00
  1	 | 	3	 | 	2,24
  1	 | 	7	 | 	5,00
  1	 | 	8	 | 	16,49
  2	 | 	3	 | 	2,24
  2	 | 	7	 | 	3,00
  2	 | 	8	 | 	12,65
  3	 | 	5	 | 	17,03
  4	 | 	5	 | 	3,16
  4	 | 	9	 | 	3,61
  5	 | 	9	 | 	5,39
  6	 | 	7	 | 	4,12
  6	 | 	9	 | 	14,14
  7	 | 	9	 | 	10,05
  8	 | 	9	 | 	2,00
  0	 | 	2	 | 	1,00
  1	 | 	6	 | 	2,00
___________________________
Simulation Topology [1:4]
___________________________
From 	  To 		Length
___________________________
  0	 | 	1	 | 	4,12
  0	 | 	4	 | 	12,17
  0	 | 	7	 | 	4,00
  1	 | 	3	 | 	2,24
  1	 | 	7	 | 	5,00
  1	 | 	8	 | 	16,49
  2	 | 	3	 | 	2,24
  2	 | 	7	 | 	3,00
  2	 | 	8	 | 	12,65
  3	 | 	5	 | 	17,03
  4	 | 	5	 | 	3,16
  4	 | 	9	 | 	3,61
  5	 | 	9	 | 	5,39
  6	 | 	7	 | 	4,12
  6	 | 	9	 | 	14,14
  7	 | 	9	 | 	10,05
  8	 | 	9	 | 	2,00
  0	 | 	2	 | 	1,00
  1	 | 	6	 | 	2,00
  2	 | 	6	 | 	4,47
___________________________
