Simulation Topology 1
___________________________
[16]				[0]		
[18]				[0]		
[0]				[1]		
[3]				[1]		
[11]				[4]		
[17]				[6]		
[19]				[6]		
[15]				[7]		
[19]				[7]		
[8]				[9]		
___________________________
Simulation Topology [1:1]
___________________________
From 	  To 		Length
___________________________
  0	 | 	1	 | 	2,00
  0	 | 	5	 | 	6,08
  0	 | 	7	 | 	7,07
  0	 | 	8	 | 	7,62
  0	 | 	9	 | 	12,04
  1	 | 	4	 | 	8,06
  1	 | 	5	 | 	6,08
  1	 | 	6	 | 	6,08
  1	 | 	7	 | 	7,62
  1	 | 	9	 | 	13,45
  2	 | 	3	 | 	3,00
  2	 | 	8	 | 	19,92
  3	 | 	6	 | 	16,76
  4	 | 	5	 | 	6,32
  4	 | 	6	 | 	8,25
  5	 | 	8	 | 	2,24
  6	 | 	7	 | 	4,12
___________________________
Simulation Topology [1:2]
___________________________
From 	  To 		Length
___________________________
  0	 | 	1	 | 	2,00
  0	 | 	5	 | 	6,08
  0	 | 	7	 | 	7,07
  0	 | 	8	 | 	7,62
  0	 | 	9	 | 	12,04
  1	 | 	4	 | 	8,06
  1	 | 	5	 | 	6,08
  1	 | 	6	 | 	6,08
  1	 | 	7	 | 	7,62
  1	 | 	9	 | 	13,45
  2	 | 	3	 | 	3,00
  2	 | 	8	 | 	19,92
  3	 | 	6	 | 	16,76
  4	 | 	5	 | 	6,32
  4	 | 	6	 | 	8,25
  5	 | 	8	 | 	2,24
  6	 | 	7	 | 	4,12
  7	 | 	8	 | 	4,00
___________________________
Simulation Topology [1:3]
___________________________
From 	  To 		Length
___________________________
  0	 | 	1	 | 	2,00
  0	 | 	5	 | 	6,08
  0	 | 	7	 | 	7,07
  0	 | 	8	 | 	7,62
  0	 | 	9	 | 	12,04
  1	 | 	4	 | 	8,06
  1	 | 	5	 | 	6,08
  1	 | 	6	 | 	6,08
  1	 | 	7	 | 	7,62
  1	 | 	9	 | 	13,45
  2	 | 	3	 | 	3,00
  2	 | 	8	 | 	19,92
  3	 | 	6	 | 	16,76
  4	 | 	5	 | 	6,32
  4	 | 	6	 | 	8,25
  5	 | 	8	 | 	2,24
  6	 | 	7	 | 	4,12
  7	 | 	8	 | 	4,00
  4	 | 	9	 | 	5,83
___________________________
Simulation Topology [1:4]
___________________________
From 	  To 		Length
___________________________
  0	 | 	1	 | 	2,00
  0	 | 	5	 | 	6,08
  0	 | 	7	 | 	7,07
  0	 | 	8	 | 	7,62
  0	 | 	9	 | 	12,04
  1	 | 	4	 | 	8,06
  1	 | 	5	 | 	6,08
  1	 | 	6	 | 	6,08
  1	 | 	7	 | 	7,62
  1	 | 	9	 | 	13,45
  2	 | 	3	 | 	3,00
  2	 | 	8	 | 	19,92
  3	 | 	6	 | 	16,76
  4	 | 	5	 | 	6,32
  4	 | 	6	 | 	8,25
  5	 | 	8	 | 	2,24
  6	 | 	7	 | 	4,12
  7	 | 	8	 | 	4,00
  4	 | 	9	 | 	5,83
  6	 | 	8	 | 	1,00
___________________________
