Simulation Topology 1
___________________________
[0]				[0]		
[3]				[1]		
[13]				[4]		
[16]				[4]		
[8]				[5]		
[5]				[5]		
[17]				[6]		
[6]				[7]		
[14]				[7]		
[0]				[8]		
___________________________
Simulation Topology [1:1]
___________________________
From 	  To 		Length
___________________________
  0	 | 	1	 | 	3,16
  0	 | 	2	 | 	13,60
  0	 | 	3	 | 	16,49
  0	 | 	6	 | 	18,03
  0	 | 	8	 | 	15,65
  1	 | 	5	 | 	4,47
  1	 | 	7	 | 	6,71
  1	 | 	8	 | 	12,53
  1	 | 	9	 | 	7,62
  2	 | 	3	 | 	3,00
  2	 | 	7	 | 	7,62
  3	 | 	6	 | 	2,24
  3	 | 	9	 | 	16,49
  4	 | 	5	 | 	3,00
  4	 | 	6	 | 	9,06
  4	 | 	9	 | 	8,54
  5	 | 	8	 | 	9,22
  6	 | 	8	 | 	3,16
___________________________
Simulation Topology [1:2]
___________________________
From 	  To 		Length
___________________________
  0	 | 	1	 | 	3,16
  0	 | 	2	 | 	13,60
  0	 | 	3	 | 	16,49
  0	 | 	6	 | 	18,03
  0	 | 	8	 | 	15,65
  1	 | 	5	 | 	4,47
  1	 | 	7	 | 	6,71
  1	 | 	8	 | 	12,53
  1	 | 	9	 | 	7,62
  2	 | 	3	 | 	3,00
  2	 | 	7	 | 	7,62
  3	 | 	6	 | 	2,24
  3	 | 	9	 | 	16,49
  4	 | 	5	 | 	3,00
  4	 | 	6	 | 	9,06
  4	 | 	9	 | 	8,54
  5	 | 	8	 | 	9,22
  6	 | 	8	 | 	3,16
  4	 | 	7	 | 	2,83
___________________________
Simulation Topology [1:3]
___________________________
From 	  To 		Length
___________________________
  0	 | 	1	 | 	3,16
  0	 | 	2	 | 	13,60
  0	 | 	3	 | 	16,49
  0	 | 	6	 | 	18,03
  0	 | 	8	 | 	15,65
  1	 | 	5	 | 	4,47
  1	 | 	7	 | 	6,71
  1	 | 	8	 | 	12,53
  1	 | 	9	 | 	7,62
  2	 | 	3	 | 	3,00
  2	 | 	7	 | 	7,62
  3	 | 	6	 | 	2,24
  3	 | 	9	 | 	16,49
  4	 | 	5	 | 	3,00
  4	 | 	6	 | 	9,06
  4	 | 	9	 | 	8,54
  5	 | 	8	 | 	9,22
  6	 | 	8	 | 	3,16
  4	 | 	7	 | 	2,83
  4	 | 	8	 | 	6,32
___________________________
