Simulation Topology 1
___________________________
[17]				[0]		
[7]				[0]		
[3]				[1]		
[10]				[1]		
[10]				[2]		
[8]				[2]		
[9]				[3]		
[15]				[4]		
[18]				[4]		
[8]				[5]		
___________________________
Simulation Topology [1:1]
___________________________
From 	  To 		Length
___________________________
  0	 | 	1	 | 	10,00
  0	 | 	7	 | 	4,47
  1	 | 	2	 | 	4,12
  1	 | 	3	 | 	3,16
  2	 | 	3	 | 	7,00
  2	 | 	4	 | 	7,07
  2	 | 	7	 | 	12,37
  2	 | 	8	 | 	15,30
  3	 | 	5	 | 	2,24
  3	 | 	6	 | 	2,24
  4	 | 	5	 | 	2,00
  5	 | 	9	 | 	3,00
  6	 | 	7	 | 	6,08
  6	 | 	9	 | 	2,24
  8	 | 	9	 | 	10,05
___________________________
Simulation Topology [1:2]
___________________________
From 	  To 		Length
___________________________
  0	 | 	1	 | 	10,00
  0	 | 	7	 | 	4,47
  1	 | 	2	 | 	4,12
  1	 | 	3	 | 	3,16
  2	 | 	3	 | 	7,00
  2	 | 	4	 | 	7,07
  2	 | 	7	 | 	12,37
  2	 | 	8	 | 	15,30
  3	 | 	5	 | 	2,24
  3	 | 	6	 | 	2,24
  4	 | 	5	 | 	2,00
  5	 | 	9	 | 	3,00
  6	 | 	7	 | 	6,08
  6	 | 	9	 | 	2,24
  8	 | 	9	 | 	10,05
  3	 | 	7	 | 	5,83
___________________________
Simulation Topology [1:3]
___________________________
From 	  To 		Length
___________________________
  0	 | 	1	 | 	10,00
  0	 | 	7	 | 	4,47
  1	 | 	2	 | 	4,12
  1	 | 	3	 | 	3,16
  2	 | 	3	 | 	7,00
  2	 | 	4	 | 	7,07
  2	 | 	7	 | 	12,37
  2	 | 	8	 | 	15,30
  3	 | 	5	 | 	2,24
  3	 | 	6	 | 	2,24
  4	 | 	5	 | 	2,00
  5	 | 	9	 | 	3,00
  6	 | 	7	 | 	6,08
  6	 | 	9	 | 	2,24
  8	 | 	9	 | 	10,05
  3	 | 	7	 | 	5,83
  4	 | 	6	 | 	1,41
___________________________
Simulation Topology [1:4]
___________________________
From 	  To 		Length
___________________________
  0	 | 	1	 | 	10,00
  0	 | 	7	 | 	4,47
  1	 | 	2	 | 	4,12
  1	 | 	3	 | 	3,16
  2	 | 	3	 | 	7,00
  2	 | 	4	 | 	7,07
  2	 | 	7	 | 	12,37
  2	 | 	8	 | 	15,30
  3	 | 	5	 | 	2,24
  3	 | 	6	 | 	2,24
  4	 | 	5	 | 	2,00
  5	 | 	9	 | 	3,00
  6	 | 	7	 | 	6,08
  6	 | 	9	 | 	2,24
  8	 | 	9	 | 	10,05
  3	 | 	7	 | 	5,83
  4	 | 	6	 | 	1,41
  1	 | 	6	 | 	3,61
___________________________
Simulation Topology [1:5]
___________________________
From 	  To 		Length
___________________________
  0	 | 	1	 | 	10,00
  0	 | 	7	 | 	4,47
  1	 | 	2	 | 	4,12
  1	 | 	3	 | 	3,16
  2	 | 	3	 | 	7,00
  2	 | 	4	 | 	7,07
  2	 | 	7	 | 	12,37
  2	 | 	8	 | 	15,30
  3	 | 	5	 | 	2,24
  3	 | 	6	 | 	2,24
  4	 | 	5	 | 	2,00
  5	 | 	9	 | 	3,00
  6	 | 	7	 | 	6,08
  6	 | 	9	 | 	2,24
  8	 | 	9	 | 	10,05
  3	 | 	7	 | 	5,83
  4	 | 	6	 | 	1,41
  1	 | 	6	 | 	3,61
  2	 | 	5	 | 	5,10
___________________________
Simulation Topology [1:6]
___________________________
From 	  To 		Length
___________________________
  0	 | 	1	 | 	10,00
  0	 | 	7	 | 	4,47
  1	 | 	2	 | 	4,12
  1	 | 	3	 | 	3,16
  2	 | 	3	 | 	7,00
  2	 | 	4	 | 	7,07
  2	 | 	7	 | 	12,37
  2	 | 	8	 | 	15,30
  3	 | 	5	 | 	2,24
  3	 | 	6	 | 	2,24
  4	 | 	5	 | 	2,00
  5	 | 	9	 | 	3,00
  6	 | 	7	 | 	6,08
  6	 | 	9	 | 	2,24
  8	 | 	9	 | 	10,05
  3	 | 	7	 | 	5,83
  4	 | 	6	 | 	1,41
  1	 | 	6	 | 	3,61
  2	 | 	5	 | 	5,10
  4	 | 	9	 | 	3,61
___________________________
