Simulation Topology 1
___________________________
[10]				[1]		
[14]				[3]		
[10]				[5]		
[4]				[6]		
[15]				[6]		
[13]				[7]		
[10]				[7]		
[10]				[11]		
[7]				[11]		
[11]				[14]		
___________________________
Simulation Topology [1:1]
___________________________
From 	  To 		Length
___________________________
  0	 | 	1	 | 	4,47
  0	 | 	3	 | 	7,81
  0	 | 	5	 | 	6,71
  0	 | 	8	 | 	10,44
  1	 | 	2	 | 	4,47
  1	 | 	3	 | 	10,44
  1	 | 	4	 | 	3,16
  1	 | 	7	 | 	8,94
  2	 | 	3	 | 	6,08
  2	 | 	6	 | 	2,00
  2	 | 	8	 | 	6,71
  2	 | 	9	 | 	9,06
  3	 | 	9	 | 	10,63
  4	 | 	5	 | 	2,24
  4	 | 	6	 | 	5,10
  4	 | 	8	 | 	9,43
  7	 | 	9	 | 	3,16
  8	 | 	9	 | 	5,00
___________________________
Simulation Topology [1:2]
___________________________
From 	  To 		Length
___________________________
  0	 | 	1	 | 	4,47
  0	 | 	3	 | 	7,81
  0	 | 	5	 | 	6,71
  0	 | 	8	 | 	10,44
  1	 | 	2	 | 	4,47
  1	 | 	3	 | 	10,44
  1	 | 	4	 | 	3,16
  1	 | 	7	 | 	8,94
  2	 | 	3	 | 	6,08
  2	 | 	6	 | 	2,00
  2	 | 	8	 | 	6,71
  2	 | 	9	 | 	9,06
  3	 | 	9	 | 	10,63
  4	 | 	5	 | 	2,24
  4	 | 	6	 | 	5,10
  4	 | 	8	 | 	9,43
  7	 | 	9	 | 	3,16
  8	 | 	9	 | 	5,00
  7	 | 	8	 | 	3,00
___________________________
Simulation Topology [1:3]
___________________________
From 	  To 		Length
___________________________
  0	 | 	1	 | 	4,47
  0	 | 	3	 | 	7,81
  0	 | 	5	 | 	6,71
  0	 | 	8	 | 	10,44
  1	 | 	2	 | 	4,47
  1	 | 	3	 | 	10,44
  1	 | 	4	 | 	3,16
  1	 | 	7	 | 	8,94
  2	 | 	3	 | 	6,08
  2	 | 	6	 | 	2,00
  2	 | 	8	 | 	6,71
  2	 | 	9	 | 	9,06
  3	 | 	9	 | 	10,63
  4	 | 	5	 | 	2,24
  4	 | 	6	 | 	5,10
  4	 | 	8	 | 	9,43
  7	 | 	9	 | 	3,16
  8	 | 	9	 | 	5,00
  7	 | 	8	 | 	3,00
  0	 | 	2	 | 	4,00
___________________________
