Simulation Topology 1
___________________________
[12]				[0]		
[13]				[1]		
[11]				[1]		
[5]				[2]		
[8]				[2]		
[4]				[3]		
[7]				[4]		
[4]				[4]		
[11]				[5]		
[0]				[5]		
___________________________
Simulation Topology [1:1]
___________________________
From 	  To 		Length
___________________________
  0	 | 	1	 | 	1,41
  0	 | 	3	 | 	7,28
  0	 | 	4	 | 	4,47
  0	 | 	5	 | 	8,54
  0	 | 	7	 | 	8,94
  0	 | 	8	 | 	5,10
  1	 | 	3	 | 	8,06
  1	 | 	5	 | 	9,22
  1	 | 	9	 | 	13,60
  2	 | 	3	 | 	6,08
  2	 | 	9	 | 	11,70
  4	 | 	5	 | 	4,12
  4	 | 	7	 | 	4,47
  4	 | 	9	 | 	8,54
  5	 | 	6	 | 	3,16
  5	 | 	8	 | 	7,28
  6	 | 	7	 | 	3,00
  6	 | 	8	 | 	4,12
___________________________
Simulation Topology [1:2]
___________________________
From 	  To 		Length
___________________________
  0	 | 	1	 | 	1,41
  0	 | 	3	 | 	7,28
  0	 | 	4	 | 	4,47
  0	 | 	5	 | 	8,54
  0	 | 	7	 | 	8,94
  0	 | 	8	 | 	5,10
  1	 | 	3	 | 	8,06
  1	 | 	5	 | 	9,22
  1	 | 	9	 | 	13,60
  2	 | 	3	 | 	6,08
  2	 | 	9	 | 	11,70
  4	 | 	5	 | 	4,12
  4	 | 	7	 | 	4,47
  4	 | 	9	 | 	8,54
  5	 | 	6	 | 	3,16
  5	 | 	8	 | 	7,28
  6	 | 	7	 | 	3,00
  6	 | 	8	 | 	4,12
  5	 | 	9	 | 	4,47
___________________________
Simulation Topology [1:3]
___________________________
From 	  To 		Length
___________________________
  0	 | 	1	 | 	1,41
  0	 | 	3	 | 	7,28
  0	 | 	4	 | 	4,47
  0	 | 	5	 | 	8,54
  0	 | 	7	 | 	8,94
  0	 | 	8	 | 	5,10
  1	 | 	3	 | 	8,06
  1	 | 	5	 | 	9,22
  1	 | 	9	 | 	13,60
  2	 | 	3	 | 	6,08
  2	 | 	9	 | 	11,70
  4	 | 	5	 | 	4,12
  4	 | 	7	 | 	4,47
  4	 | 	9	 | 	8,54
  5	 | 	6	 | 	3,16
  5	 | 	8	 | 	7,28
  6	 | 	7	 | 	3,00
  6	 | 	8	 | 	4,12
  5	 | 	9	 | 	4,47
  0	 | 	6	 | 	6,40
___________________________
