Simulation Topology 1
___________________________
[0]				[0]		
[12]				[1]		
[12]				[5]		
[6]				[5]		
[2]				[6]		
[5]				[6]		
[15]				[7]		
[3]				[8]		
[11]				[8]		
[17]				[9]		
___________________________
Simulation Topology [1:1]
___________________________
From 	  To 		Length
___________________________
  0	 | 	1	 | 	12,04
  0	 | 	2	 | 	13,00
  0	 | 	4	 | 	6,32
  0	 | 	8	 | 	13,60
  1	 | 	2	 | 	4,00
  1	 | 	4	 | 	11,18
  1	 | 	9	 | 	9,43
  2	 | 	3	 | 	6,00
  2	 | 	4	 | 	10,05
  2	 | 	9	 | 	6,40
  3	 | 	8	 | 	5,83
  4	 | 	5	 | 	3,00
  5	 | 	6	 | 	10,05
  5	 | 	7	 | 	2,83
  5	 | 	9	 | 	12,37
  6	 | 	9	 | 	2,83
  7	 | 	9	 | 	14,04
  8	 | 	9	 | 	6,08
___________________________
Simulation Topology [1:2]
___________________________
From 	  To 		Length
___________________________
  0	 | 	1	 | 	12,04
  0	 | 	2	 | 	13,00
  0	 | 	4	 | 	6,32
  0	 | 	8	 | 	13,60
  1	 | 	2	 | 	4,00
  1	 | 	4	 | 	11,18
  1	 | 	9	 | 	9,43
  2	 | 	3	 | 	6,00
  2	 | 	4	 | 	10,05
  2	 | 	9	 | 	6,40
  3	 | 	8	 | 	5,83
  4	 | 	5	 | 	3,00
  5	 | 	6	 | 	10,05
  5	 | 	7	 | 	2,83
  5	 | 	9	 | 	12,37
  6	 | 	9	 | 	2,83
  7	 | 	9	 | 	14,04
  8	 | 	9	 | 	6,08
  3	 | 	5	 | 	1,41
___________________________
Simulation Topology [1:3]
___________________________
From 	  To 		Length
___________________________
  0	 | 	1	 | 	12,04
  0	 | 	2	 | 	13,00
  0	 | 	4	 | 	6,32
  0	 | 	8	 | 	13,60
  1	 | 	2	 | 	4,00
  1	 | 	4	 | 	11,18
  1	 | 	9	 | 	9,43
  2	 | 	3	 | 	6,00
  2	 | 	4	 | 	10,05
  2	 | 	9	 | 	6,40
  3	 | 	8	 | 	5,83
  4	 | 	5	 | 	3,00
  5	 | 	6	 | 	10,05
  5	 | 	7	 | 	2,83
  5	 | 	9	 | 	12,37
  6	 | 	9	 | 	2,83
  7	 | 	9	 | 	14,04
  8	 | 	9	 | 	6,08
  3	 | 	5	 | 	1,41
  2	 | 	8	 | 	3,16
___________________________
