Simulation Topology 1
___________________________
[2]				[0]		
[11]				[0]		
[15]				[2]		
[12]				[5]		
[9]				[5]		
[12]				[6]		
[9]				[7]		
[6]				[7]		
[4]				[9]		
[13]				[9]		
___________________________
Simulation Topology [1:1]
___________________________
From 	  To 		Length
___________________________
  0	 | 	1	 | 	9,00
  0	 | 	2	 | 	13,15
  0	 | 	4	 | 	8,60
  0	 | 	7	 | 	8,06
  1	 | 	3	 | 	5,10
  1	 | 	7	 | 	8,60
  2	 | 	3	 | 	4,24
  2	 | 	5	 | 	5,00
  2	 | 	6	 | 	7,81
  3	 | 	6	 | 	3,61
  4	 | 	5	 | 	3,16
  4	 | 	7	 | 	3,61
  4	 | 	8	 | 	6,40
  4	 | 	9	 | 	5,66
  5	 | 	7	 | 	6,08
  6	 | 	7	 | 	3,00
  6	 | 	8	 | 	5,39
  6	 | 	9	 | 	4,47
___________________________
Simulation Topology [1:2]
___________________________
From 	  To 		Length
___________________________
  0	 | 	1	 | 	9,00
  0	 | 	2	 | 	13,15
  0	 | 	4	 | 	8,60
  0	 | 	7	 | 	8,06
  1	 | 	3	 | 	5,10
  1	 | 	7	 | 	8,60
  2	 | 	3	 | 	4,24
  2	 | 	5	 | 	5,00
  2	 | 	6	 | 	7,81
  3	 | 	6	 | 	3,61
  4	 | 	5	 | 	3,16
  4	 | 	7	 | 	3,61
  4	 | 	8	 | 	6,40
  4	 | 	9	 | 	5,66
  5	 | 	7	 | 	6,08
  6	 | 	7	 | 	3,00
  6	 | 	8	 | 	5,39
  6	 | 	9	 | 	4,47
  4	 | 	6	 | 	2,00
___________________________
Simulation Topology [1:3]
___________________________
From 	  To 		Length
___________________________
  0	 | 	1	 | 	9,00
  0	 | 	2	 | 	13,15
  0	 | 	4	 | 	8,60
  0	 | 	7	 | 	8,06
  1	 | 	3	 | 	5,10
  1	 | 	7	 | 	8,60
  2	 | 	3	 | 	4,24
  2	 | 	5	 | 	5,00
  2	 | 	6	 | 	7,81
  3	 | 	6	 | 	3,61
  4	 | 	5	 | 	3,16
  4	 | 	7	 | 	3,61
  4	 | 	8	 | 	6,40
  4	 | 	9	 | 	5,66
  5	 | 	7	 | 	6,08
  6	 | 	7	 | 	3,00
  6	 | 	8	 | 	5,39
  6	 | 	9	 | 	4,47
  4	 | 	6	 | 	2,00
  3	 | 	5	 | 	1,00
___________________________
