Simulation Topology 1
___________________________
[11]				[0]		
[1]				[1]		
[15]				[1]		
[0]				[3]		
[18]				[4]		
[11]				[4]		
[13]				[6]		
[17]				[7]		
[15]				[9]		
[3]				[9]		
___________________________
Simulation Topology [1:1]
___________________________
From 	  To 		Length
___________________________
  0	 | 	1	 | 	10,05
  0	 | 	4	 | 	8,06
  0	 | 	5	 | 	4,00
  0	 | 	6	 | 	6,32
  1	 | 	3	 | 	2,24
  1	 | 	4	 | 	17,26
  1	 | 	5	 | 	10,44
  1	 | 	8	 | 	16,12
  2	 | 	3	 | 	15,13
  2	 | 	4	 | 	4,24
  3	 | 	4	 | 	18,03
  3	 | 	7	 | 	17,46
  3	 | 	9	 | 	6,71
  4	 | 	5	 | 	7,00
  5	 | 	9	 | 	9,43
  6	 | 	8	 | 	3,61
  6	 | 	9	 | 	10,44
  7	 | 	9	 | 	14,14
___________________________
Simulation Topology [1:2]
___________________________
From 	  To 		Length
___________________________
  0	 | 	1	 | 	10,05
  0	 | 	4	 | 	8,06
  0	 | 	5	 | 	4,00
  0	 | 	6	 | 	6,32
  1	 | 	3	 | 	2,24
  1	 | 	4	 | 	17,26
  1	 | 	5	 | 	10,44
  1	 | 	8	 | 	16,12
  2	 | 	3	 | 	15,13
  2	 | 	4	 | 	4,24
  3	 | 	4	 | 	18,03
  3	 | 	7	 | 	17,46
  3	 | 	9	 | 	6,71
  4	 | 	5	 | 	7,00
  5	 | 	9	 | 	9,43
  6	 | 	8	 | 	3,61
  6	 | 	9	 | 	10,44
  7	 | 	9	 | 	14,14
  7	 | 	8	 | 	2,83
___________________________
Simulation Topology [1:3]
___________________________
From 	  To 		Length
___________________________
  0	 | 	1	 | 	10,05
  0	 | 	4	 | 	8,06
  0	 | 	5	 | 	4,00
  0	 | 	6	 | 	6,32
  1	 | 	3	 | 	2,24
  1	 | 	4	 | 	17,26
  1	 | 	5	 | 	10,44
  1	 | 	8	 | 	16,12
  2	 | 	3	 | 	15,13
  2	 | 	4	 | 	4,24
  3	 | 	4	 | 	18,03
  3	 | 	7	 | 	17,46
  3	 | 	9	 | 	6,71
  4	 | 	5	 | 	7,00
  5	 | 	9	 | 	9,43
  6	 | 	8	 | 	3,61
  6	 | 	9	 | 	10,44
  7	 | 	9	 | 	14,14
  7	 | 	8	 | 	2,83
  5	 | 	8	 | 	6,40
___________________________
