Simulation Topology 1
___________________________
[8]				[1]		
[18]				[1]		
[8]				[3]		
[6]				[3]		
[15]				[4]		
[13]				[4]		
[2]				[5]		
[13]				[6]		
[10]				[8]		
[3]				[8]		
___________________________
Simulation Topology [1:1]
___________________________
From 	  To 		Length
___________________________
  0	 | 	1	 | 	10,00
  0	 | 	6	 | 	7,21
  0	 | 	8	 | 	7,28
  0	 | 	9	 | 	8,60
  1	 | 	7	 | 	7,07
  1	 | 	8	 | 	10,63
  2	 | 	3	 | 	2,00
  2	 | 	4	 | 	7,07
  2	 | 	5	 | 	5,10
  2	 | 	7	 | 	5,83
  3	 | 	6	 | 	4,47
  4	 | 	5	 | 	2,00
  4	 | 	6	 | 	13,04
  4	 | 	7	 | 	2,83
  5	 | 	7	 | 	2,00
  5	 | 	9	 | 	10,77
  6	 | 	7	 | 	11,05
___________________________
Simulation Topology [1:2]
___________________________
From 	  To 		Length
___________________________
  0	 | 	1	 | 	10,00
  0	 | 	6	 | 	7,21
  0	 | 	8	 | 	7,28
  0	 | 	9	 | 	8,60
  1	 | 	7	 | 	7,07
  1	 | 	8	 | 	10,63
  2	 | 	3	 | 	2,00
  2	 | 	4	 | 	7,07
  2	 | 	5	 | 	5,10
  2	 | 	7	 | 	5,83
  3	 | 	6	 | 	4,47
  4	 | 	5	 | 	2,00
  4	 | 	6	 | 	13,04
  4	 | 	7	 | 	2,83
  5	 | 	7	 | 	2,00
  5	 | 	9	 | 	10,77
  6	 | 	7	 | 	11,05
  0	 | 	3	 | 	2,83
___________________________
Simulation Topology [1:3]
___________________________
From 	  To 		Length
___________________________
  0	 | 	1	 | 	10,00
  0	 | 	6	 | 	7,21
  0	 | 	8	 | 	7,28
  0	 | 	9	 | 	8,60
  1	 | 	7	 | 	7,07
  1	 | 	8	 | 	10,63
  2	 | 	3	 | 	2,00
  2	 | 	4	 | 	7,07
  2	 | 	5	 | 	5,10
  2	 | 	7	 | 	5,83
  3	 | 	6	 | 	4,47
  4	 | 	5	 | 	2,00
  4	 | 	6	 | 	13,04
  4	 | 	7	 | 	2,83
  5	 | 	7	 | 	2,00
  5	 | 	9	 | 	10,77
  6	 | 	7	 | 	11,05
  0	 | 	3	 | 	2,83
  0	 | 	4	 | 	7,62
___________________________
Simulation Topology [1:4]
___________________________
From 	  To 		Length
___________________________
  0	 | 	1	 | 	10,00
  0	 | 	6	 | 	7,21
  0	 | 	8	 | 	7,28
  0	 | 	9	 | 	8,60
  1	 | 	7	 | 	7,07
  1	 | 	8	 | 	10,63
  2	 | 	3	 | 	2,00
  2	 | 	4	 | 	7,07
  2	 | 	5	 | 	5,10
  2	 | 	7	 | 	5,83
  3	 | 	6	 | 	4,47
  4	 | 	5	 | 	2,00
  4	 | 	6	 | 	13,04
  4	 | 	7	 | 	2,83
  5	 | 	7	 | 	2,00
  5	 | 	9	 | 	10,77
  6	 | 	7	 | 	11,05
  0	 | 	3	 | 	2,83
  0	 | 	4	 | 	7,62
  6	 | 	9	 | 	3,16
___________________________
