Simulation Topology 1
___________________________
[18]				[0]		
[11]				[1]		
[8]				[1]		
[2]				[2]		
[11]				[2]		
[3]				[3]		
[13]				[4]		
[16]				[4]		
[19]				[5]		
[14]				[5]		
___________________________
Simulation Topology [1:1]
___________________________
From 	  To 		Length
___________________________
  0	 | 	1	 | 	7,07
  0	 | 	2	 | 	10,05
  0	 | 	5	 | 	15,30
  1	 | 	3	 | 	9,06
  1	 | 	6	 | 	3,61
  1	 | 	7	 | 	5,83
  1	 | 	8	 | 	8,94
  2	 | 	3	 | 	6,08
  2	 | 	5	 | 	5,39
  2	 | 	9	 | 	7,21
  3	 | 	7	 | 	14,14
  4	 | 	5	 | 	8,06
  4	 | 	6	 | 	2,83
  4	 | 	8	 | 	8,54
  5	 | 	7	 | 	13,04
  5	 | 	9	 | 	11,18
  6	 | 	7	 | 	3,00
  6	 | 	9	 | 	1,41
___________________________
Simulation Topology [1:2]
___________________________
From 	  To 		Length
___________________________
  0	 | 	1	 | 	7,07
  0	 | 	2	 | 	10,05
  0	 | 	5	 | 	15,30
  1	 | 	3	 | 	9,06
  1	 | 	6	 | 	3,61
  1	 | 	7	 | 	5,83
  1	 | 	8	 | 	8,94
  2	 | 	3	 | 	6,08
  2	 | 	5	 | 	5,39
  2	 | 	9	 | 	7,21
  3	 | 	7	 | 	14,14
  4	 | 	5	 | 	8,06
  4	 | 	6	 | 	2,83
  4	 | 	8	 | 	8,54
  5	 | 	7	 | 	13,04
  5	 | 	9	 | 	11,18
  6	 | 	7	 | 	3,00
  6	 | 	9	 | 	1,41
  7	 | 	9	 | 	2,24
___________________________
Simulation Topology [1:3]
___________________________
From 	  To 		Length
___________________________
  0	 | 	1	 | 	7,07
  0	 | 	2	 | 	10,05
  0	 | 	5	 | 	15,30
  1	 | 	3	 | 	9,06
  1	 | 	6	 | 	3,61
  1	 | 	7	 | 	5,83
  1	 | 	8	 | 	8,94
  2	 | 	3	 | 	6,08
  2	 | 	5	 | 	5,39
  2	 | 	9	 | 	7,21
  3	 | 	7	 | 	14,14
  4	 | 	5	 | 	8,06
  4	 | 	6	 | 	2,83
  4	 | 	8	 | 	8,54
  5	 | 	7	 | 	13,04
  5	 | 	9	 | 	11,18
  6	 | 	7	 | 	3,00
  6	 | 	9	 | 	1,41
  7	 | 	9	 | 	2,24
  0	 | 	7	 | 	4,47
___________________________
