Simulation Topology 1
___________________________
[15]				[1]		
[5]				[1]		
[14]				[2]		
[3]				[2]		
[0]				[4]		
[13]				[4]		
[13]				[7]		
[3]				[7]		
[11]				[8]		
[16]				[8]		
___________________________
Simulation Topology [1:1]
___________________________
From 	  To 		Length
___________________________
  0	 | 	1	 | 	10,00
  0	 | 	2	 | 	1,41
  0	 | 	5	 | 	3,61
  0	 | 	7	 | 	13,42
  0	 | 	8	 | 	8,06
  0	 | 	9	 | 	7,07
  1	 | 	9	 | 	13,04
  2	 | 	3	 | 	11,00
  2	 | 	7	 | 	12,08
  3	 | 	7	 | 	5,00
  3	 | 	8	 | 	10,00
  4	 | 	5	 | 	13,00
  4	 | 	6	 | 	13,34
  6	 | 	7	 | 	10,00
  6	 | 	9	 | 	3,16
  8	 | 	9	 | 	5,00
___________________________
Simulation Topology [1:2]
___________________________
From 	  To 		Length
___________________________
  0	 | 	1	 | 	10,00
  0	 | 	2	 | 	1,41
  0	 | 	5	 | 	3,61
  0	 | 	7	 | 	13,42
  0	 | 	8	 | 	8,06
  0	 | 	9	 | 	7,07
  1	 | 	9	 | 	13,04
  2	 | 	3	 | 	11,00
  2	 | 	7	 | 	12,08
  3	 | 	7	 | 	5,00
  3	 | 	8	 | 	10,00
  4	 | 	5	 | 	13,00
  4	 | 	6	 | 	13,34
  6	 | 	7	 | 	10,00
  6	 | 	9	 | 	3,16
  8	 | 	9	 | 	5,00
  1	 | 	3	 | 	2,24
___________________________
Simulation Topology [1:3]
___________________________
From 	  To 		Length
___________________________
  0	 | 	1	 | 	10,00
  0	 | 	2	 | 	1,41
  0	 | 	5	 | 	3,61
  0	 | 	7	 | 	13,42
  0	 | 	8	 | 	8,06
  0	 | 	9	 | 	7,07
  1	 | 	9	 | 	13,04
  2	 | 	3	 | 	11,00
  2	 | 	7	 | 	12,08
  3	 | 	7	 | 	5,00
  3	 | 	8	 | 	10,00
  4	 | 	5	 | 	13,00
  4	 | 	6	 | 	13,34
  6	 | 	7	 | 	10,00
  6	 | 	9	 | 	3,16
  8	 | 	9	 | 	5,00
  1	 | 	3	 | 	2,24
  5	 | 	7	 | 	10,44
___________________________
Simulation Topology [1:4]
___________________________
From 	  To 		Length
___________________________
  0	 | 	1	 | 	10,00
  0	 | 	2	 | 	1,41
  0	 | 	5	 | 	3,61
  0	 | 	7	 | 	13,42
  0	 | 	8	 | 	8,06
  0	 | 	9	 | 	7,07
  1	 | 	9	 | 	13,04
  2	 | 	3	 | 	11,00
  2	 | 	7	 | 	12,08
  3	 | 	7	 | 	5,00
  3	 | 	8	 | 	10,00
  4	 | 	5	 | 	13,00
  4	 | 	6	 | 	13,34
  6	 | 	7	 | 	10,00
  6	 | 	9	 | 	3,16
  8	 | 	9	 | 	5,00
  1	 | 	3	 | 	2,24
  5	 | 	7	 | 	10,44
  1	 | 	7	 | 	6,32
___________________________
Simulation Topology [1:5]
___________________________
From 	  To 		Length
___________________________
  0	 | 	1	 | 	10,00
  0	 | 	2	 | 	1,41
  0	 | 	5	 | 	3,61
  0	 | 	7	 | 	13,42
  0	 | 	8	 | 	8,06
  0	 | 	9	 | 	7,07
  1	 | 	9	 | 	13,04
  2	 | 	3	 | 	11,00
  2	 | 	7	 | 	12,08
  3	 | 	7	 | 	5,00
  3	 | 	8	 | 	10,00
  4	 | 	5	 | 	13,00
  4	 | 	6	 | 	13,34
  6	 | 	7	 | 	10,00
  6	 | 	9	 | 	3,16
  8	 | 	9	 | 	5,00
  1	 | 	3	 | 	2,24
  5	 | 	7	 | 	10,44
  1	 | 	7	 | 	6,32
  6	 | 	8	 | 	2,24
___________________________
