Simulation Topology 1
___________________________
[8]				[0]		
[11]				[1]		
[19]				[1]		
[1]				[3]		
[11]				[4]		
[15]				[4]		
[18]				[5]		
[15]				[5]		
[10]				[6]		
[12]				[6]		
___________________________
Simulation Topology [1:1]
___________________________
From 	  To 		Length
___________________________
  0	 | 	1	 | 	3,16
  0	 | 	4	 | 	5,00
  0	 | 	6	 | 	11,18
  0	 | 	7	 | 	8,60
  1	 | 	3	 | 	10,20
  1	 | 	6	 | 	8,06
  2	 | 	3	 | 	18,11
  2	 | 	5	 | 	5,00
  2	 | 	8	 | 	10,30
  2	 | 	9	 | 	8,60
  3	 | 	4	 | 	10,05
  4	 | 	5	 | 	4,00
  4	 | 	8	 | 	2,24
  5	 | 	7	 | 	1,00
  5	 | 	9	 | 	3,61
  6	 | 	7	 | 	3,00
  6	 | 	8	 | 	8,06
  7	 | 	9	 | 	3,16
___________________________
Simulation Topology [1:2]
___________________________
From 	  To 		Length
___________________________
  0	 | 	1	 | 	3,16
  0	 | 	4	 | 	5,00
  0	 | 	6	 | 	11,18
  0	 | 	7	 | 	8,60
  1	 | 	3	 | 	10,20
  1	 | 	6	 | 	8,06
  2	 | 	3	 | 	18,11
  2	 | 	5	 | 	5,00
  2	 | 	8	 | 	10,30
  2	 | 	9	 | 	8,60
  3	 | 	4	 | 	10,05
  4	 | 	5	 | 	4,00
  4	 | 	8	 | 	2,24
  5	 | 	7	 | 	1,00
  5	 | 	9	 | 	3,61
  6	 | 	7	 | 	3,00
  6	 | 	8	 | 	8,06
  7	 | 	9	 | 	3,16
  1	 | 	2	 | 	8,00
___________________________
Simulation Topology [1:3]
___________________________
From 	  To 		Length
___________________________
  0	 | 	1	 | 	3,16
  0	 | 	4	 | 	5,00
  0	 | 	6	 | 	11,18
  0	 | 	7	 | 	8,60
  1	 | 	3	 | 	10,20
  1	 | 	6	 | 	8,06
  2	 | 	3	 | 	18,11
  2	 | 	5	 | 	5,00
  2	 | 	8	 | 	10,30
  2	 | 	9	 | 	8,60
  3	 | 	4	 | 	10,05
  4	 | 	5	 | 	4,00
  4	 | 	8	 | 	2,24
  5	 | 	7	 | 	1,00
  5	 | 	9	 | 	3,61
  6	 | 	7	 | 	3,00
  6	 | 	8	 | 	8,06
  7	 | 	9	 | 	3,16
  1	 | 	2	 | 	8,00
  5	 | 	8	 | 	5,39
___________________________
