Simulation Topology 1
___________________________
[6]				[0]		
[11]				[0]		
[0]				[1]		
[14]				[1]		
[19]				[3]		
[0]				[3]		
[11]				[4]		
[13]				[4]		
[10]				[7]		
[8]				[9]		
___________________________
Simulation Topology [1:1]
___________________________
From 	  To 		Length
___________________________
  0	 | 	1	 | 	5,00
  0	 | 	6	 | 	6,40
  0	 | 	8	 | 	8,06
  1	 | 	2	 | 	11,05
  1	 | 	4	 | 	8,54
  1	 | 	9	 | 	9,49
  2	 | 	3	 | 	14,00
  2	 | 	5	 | 	2,00
  2	 | 	7	 | 	13,34
  3	 | 	5	 | 	14,14
  3	 | 	6	 | 	4,24
  4	 | 	5	 | 	19,00
  4	 | 	7	 | 	6,08
  4	 | 	8	 | 	9,85
  6	 | 	7	 | 	2,00
  6	 | 	8	 | 	3,16
  7	 | 	9	 | 	7,07
  8	 | 	9	 | 	2,83
___________________________
Simulation Topology [1:2]
___________________________
From 	  To 		Length
___________________________
  0	 | 	1	 | 	5,00
  0	 | 	6	 | 	6,40
  0	 | 	8	 | 	8,06
  1	 | 	2	 | 	11,05
  1	 | 	4	 | 	8,54
  1	 | 	9	 | 	9,49
  2	 | 	3	 | 	14,00
  2	 | 	5	 | 	2,00
  2	 | 	7	 | 	13,34
  3	 | 	5	 | 	14,14
  3	 | 	6	 | 	4,24
  4	 | 	5	 | 	19,00
  4	 | 	7	 | 	6,08
  4	 | 	8	 | 	9,85
  6	 | 	7	 | 	2,00
  6	 | 	8	 | 	3,16
  7	 | 	9	 | 	7,07
  8	 | 	9	 | 	2,83
  4	 | 	6	 | 	8,06
___________________________
Simulation Topology [1:3]
___________________________
From 	  To 		Length
___________________________
  0	 | 	1	 | 	5,00
  0	 | 	6	 | 	6,40
  0	 | 	8	 | 	8,06
  1	 | 	2	 | 	11,05
  1	 | 	4	 | 	8,54
  1	 | 	9	 | 	9,49
  2	 | 	3	 | 	14,00
  2	 | 	5	 | 	2,00
  2	 | 	7	 | 	13,34
  3	 | 	5	 | 	14,14
  3	 | 	6	 | 	4,24
  4	 | 	5	 | 	19,00
  4	 | 	7	 | 	6,08
  4	 | 	8	 | 	9,85
  6	 | 	7	 | 	2,00
  6	 | 	8	 | 	3,16
  7	 | 	9	 | 	7,07
  8	 | 	9	 | 	2,83
  4	 | 	6	 | 	8,06
  6	 | 	9	 | 	5,83
___________________________
