Simulation Topology 1
___________________________
[3]				[1]		
[14]				[1]		
[11]				[2]		
[14]				[2]		
[11]				[4]		
[4]				[4]		
[4]				[5]		
[16]				[7]		
[6]				[7]		
[10]				[8]		
___________________________
Simulation Topology [1:1]
___________________________
From 	  To 		Length
___________________________
  0	 | 	1	 | 	11,00
  0	 | 	6	 | 	4,12
  0	 | 	8	 | 	6,71
  0	 | 	9	 | 	9,90
  1	 | 	4	 | 	4,24
  2	 | 	3	 | 	3,00
  2	 | 	4	 | 	2,00
  2	 | 	6	 | 	7,62
  2	 | 	9	 | 	6,08
  3	 | 	4	 | 	3,61
  3	 | 	5	 | 	10,20
  3	 | 	6	 | 	10,44
  4	 | 	5	 | 	7,00
  4	 | 	6	 | 	7,07
  5	 | 	7	 | 	12,37
  5	 | 	8	 | 	3,61
  6	 | 	7	 | 	12,17
___________________________
Simulation Topology [1:2]
___________________________
From 	  To 		Length
___________________________
  0	 | 	1	 | 	11,00
  0	 | 	6	 | 	4,12
  0	 | 	8	 | 	6,71
  0	 | 	9	 | 	9,90
  1	 | 	4	 | 	4,24
  2	 | 	3	 | 	3,00
  2	 | 	4	 | 	2,00
  2	 | 	6	 | 	7,62
  2	 | 	9	 | 	6,08
  3	 | 	4	 | 	3,61
  3	 | 	5	 | 	10,20
  3	 | 	6	 | 	10,44
  4	 | 	5	 | 	7,00
  4	 | 	6	 | 	7,07
  5	 | 	7	 | 	12,37
  5	 | 	8	 | 	3,61
  6	 | 	7	 | 	12,17
  5	 | 	6	 | 	1,00
___________________________
Simulation Topology [1:3]
___________________________
From 	  To 		Length
___________________________
  0	 | 	1	 | 	11,00
  0	 | 	6	 | 	4,12
  0	 | 	8	 | 	6,71
  0	 | 	9	 | 	9,90
  1	 | 	4	 | 	4,24
  2	 | 	3	 | 	3,00
  2	 | 	4	 | 	2,00
  2	 | 	6	 | 	7,62
  2	 | 	9	 | 	6,08
  3	 | 	4	 | 	3,61
  3	 | 	5	 | 	10,20
  3	 | 	6	 | 	10,44
  4	 | 	5	 | 	7,00
  4	 | 	6	 | 	7,07
  5	 | 	7	 | 	12,37
  5	 | 	8	 | 	3,61
  6	 | 	7	 | 	12,17
  5	 | 	6	 | 	1,00
  6	 | 	8	 | 	2,83
___________________________
Simulation Topology [1:4]
___________________________
From 	  To 		Length
___________________________
  0	 | 	1	 | 	11,00
  0	 | 	6	 | 	4,12
  0	 | 	8	 | 	6,71
  0	 | 	9	 | 	9,90
  1	 | 	4	 | 	4,24
  2	 | 	3	 | 	3,00
  2	 | 	4	 | 	2,00
  2	 | 	6	 | 	7,62
  2	 | 	9	 | 	6,08
  3	 | 	4	 | 	3,61
  3	 | 	5	 | 	10,20
  3	 | 	6	 | 	10,44
  4	 | 	5	 | 	7,00
  4	 | 	6	 | 	7,07
  5	 | 	7	 | 	12,37
  5	 | 	8	 | 	3,61
  6	 | 	7	 | 	12,17
  5	 | 	6	 | 	1,00
  6	 | 	8	 | 	2,83
  1	 | 	3	 | 	1,00
___________________________
