Simulation Topology 1
___________________________
[18]				[0]		
[4]				[1]		
[11]				[3]		
[13]				[4]		
[7]				[5]		
[4]				[5]		
[0]				[9]		
[15]				[9]		
[4]				[12]		
[8]				[12]		
___________________________
Simulation Topology [1:1]
___________________________
From 	  To 		Length
___________________________
  0	 | 	1	 | 	14,04
  0	 | 	3	 | 	6,40
  0	 | 	4	 | 	12,08
  0	 | 	8	 | 	18,44
  1	 | 	3	 | 	9,49
  1	 | 	5	 | 	4,00
  1	 | 	6	 | 	8,94
  1	 | 	8	 | 	11,00
  2	 | 	3	 | 	2,24
  2	 | 	4	 | 	4,47
  2	 | 	5	 | 	7,28
  2	 | 	7	 | 	7,21
  2	 | 	9	 | 	9,49
  3	 | 	7	 | 	5,39
  3	 | 	8	 | 	12,04
  4	 | 	5	 | 	3,00
  5	 | 	9	 | 	8,06
  6	 | 	8	 | 	5,00
  7	 | 	8	 | 	11,40
___________________________
Simulation Topology [1:2]
___________________________
From 	  To 		Length
___________________________
  0	 | 	1	 | 	14,04
  0	 | 	3	 | 	6,40
  0	 | 	4	 | 	12,08
  0	 | 	8	 | 	18,44
  1	 | 	3	 | 	9,49
  1	 | 	5	 | 	4,00
  1	 | 	6	 | 	8,94
  1	 | 	8	 | 	11,00
  2	 | 	3	 | 	2,24
  2	 | 	4	 | 	4,47
  2	 | 	5	 | 	7,28
  2	 | 	7	 | 	7,21
  2	 | 	9	 | 	9,49
  3	 | 	7	 | 	5,39
  3	 | 	8	 | 	12,04
  4	 | 	5	 | 	3,00
  5	 | 	9	 | 	8,06
  6	 | 	8	 | 	5,00
  7	 | 	8	 | 	11,40
  1	 | 	4	 | 	5,00
___________________________
