Simulation Topology 1
___________________________
[0]				[0]		
[4]				[0]		
[8]				[2]		
[14]				[2]		
[8]				[3]		
[8]				[4]		
[0]				[4]		
[17]				[6]		
[6]				[7]		
[17]				[11]		
___________________________
Simulation Topology [1:1]
___________________________
From 	  To 		Length
___________________________
  0	 | 	1	 | 	4,00
  0	 | 	3	 | 	14,14
  0	 | 	4	 | 	8,54
  0	 | 	9	 | 	20,25
  1	 | 	4	 | 	5,00
  2	 | 	3	 | 	6,00
  2	 | 	7	 | 	9,85
  2	 | 	8	 | 	5,39
  2	 | 	9	 | 	12,73
  4	 | 	5	 | 	1,00
  4	 | 	6	 | 	8,06
  4	 | 	7	 | 	9,49
  5	 | 	8	 | 	3,61
  6	 | 	7	 | 	17,12
  6	 | 	8	 | 	6,71
  6	 | 	9	 | 	18,38
  7	 | 	8	 | 	11,05
  7	 | 	9	 | 	5,00
___________________________
Simulation Topology [1:2]
___________________________
From 	  To 		Length
___________________________
  0	 | 	1	 | 	4,00
  0	 | 	3	 | 	14,14
  0	 | 	4	 | 	8,54
  0	 | 	9	 | 	20,25
  1	 | 	4	 | 	5,00
  2	 | 	3	 | 	6,00
  2	 | 	7	 | 	9,85
  2	 | 	8	 | 	5,39
  2	 | 	9	 | 	12,73
  4	 | 	5	 | 	1,00
  4	 | 	6	 | 	8,06
  4	 | 	7	 | 	9,49
  5	 | 	8	 | 	3,61
  6	 | 	7	 | 	17,12
  6	 | 	8	 | 	6,71
  6	 | 	9	 | 	18,38
  7	 | 	8	 | 	11,05
  7	 | 	9	 | 	5,00
  2	 | 	5	 | 	2,00
___________________________
Simulation Topology [1:3]
___________________________
From 	  To 		Length
___________________________
  0	 | 	1	 | 	4,00
  0	 | 	3	 | 	14,14
  0	 | 	4	 | 	8,54
  0	 | 	9	 | 	20,25
  1	 | 	4	 | 	5,00
  2	 | 	3	 | 	6,00
  2	 | 	7	 | 	9,85
  2	 | 	8	 | 	5,39
  2	 | 	9	 | 	12,73
  4	 | 	5	 | 	1,00
  4	 | 	6	 | 	8,06
  4	 | 	7	 | 	9,49
  5	 | 	8	 | 	3,61
  6	 | 	7	 | 	17,12
  6	 | 	8	 | 	6,71
  6	 | 	9	 | 	18,38
  7	 | 	8	 | 	11,05
  7	 | 	9	 | 	5,00
  2	 | 	5	 | 	2,00
  1	 | 	2	 | 	4,47
___________________________
