Simulation Topology 1
___________________________
[3]				[1]		
[12]				[2]		
[2]				[2]		
[4]				[3]		
[8]				[4]		
[10]				[4]		
[12]				[5]		
[2]				[5]		
[5]				[7]		
[13]				[7]		
___________________________
Simulation Topology [1:1]
___________________________
From 	  To 		Length
___________________________
  0	 | 	1	 | 	9,06
  0	 | 	3	 | 	2,24
  0	 | 	5	 | 	7,62
  0	 | 	7	 | 	4,12
  1	 | 	4	 | 	4,47
  2	 | 	3	 | 	2,24
  2	 | 	6	 | 	10,44
  3	 | 	4	 | 	4,12
  3	 | 	6	 | 	8,25
  3	 | 	7	 | 	2,83
  3	 | 	8	 | 	4,12
  3	 | 	9	 | 	9,85
  4	 | 	5	 | 	2,00
  4	 | 	7	 | 	6,08
  4	 | 	8	 | 	4,24
  4	 | 	9	 | 	5,83
  6	 | 	7	 | 	10,00
___________________________
Simulation Topology [1:2]
___________________________
From 	  To 		Length
___________________________
  0	 | 	1	 | 	9,06
  0	 | 	3	 | 	2,24
  0	 | 	5	 | 	7,62
  0	 | 	7	 | 	4,12
  1	 | 	4	 | 	4,47
  2	 | 	3	 | 	2,24
  2	 | 	6	 | 	10,44
  3	 | 	4	 | 	4,12
  3	 | 	6	 | 	8,25
  3	 | 	7	 | 	2,83
  3	 | 	8	 | 	4,12
  3	 | 	9	 | 	9,85
  4	 | 	5	 | 	2,00
  4	 | 	7	 | 	6,08
  4	 | 	8	 | 	4,24
  4	 | 	9	 | 	5,83
  6	 | 	7	 | 	10,00
  1	 | 	5	 | 	2,83
___________________________
Simulation Topology [1:3]
___________________________
From 	  To 		Length
___________________________
  0	 | 	1	 | 	9,06
  0	 | 	3	 | 	2,24
  0	 | 	5	 | 	7,62
  0	 | 	7	 | 	4,12
  1	 | 	4	 | 	4,47
  2	 | 	3	 | 	2,24
  2	 | 	6	 | 	10,44
  3	 | 	4	 | 	4,12
  3	 | 	6	 | 	8,25
  3	 | 	7	 | 	2,83
  3	 | 	8	 | 	4,12
  3	 | 	9	 | 	9,85
  4	 | 	5	 | 	2,00
  4	 | 	7	 | 	6,08
  4	 | 	8	 | 	4,24
  4	 | 	9	 | 	5,83
  6	 | 	7	 | 	10,00
  1	 | 	5	 | 	2,83
  0	 | 	8	 | 	6,32
___________________________
Simulation Topology [1:4]
___________________________
From 	  To 		Length
___________________________
  0	 | 	1	 | 	9,06
  0	 | 	3	 | 	2,24
  0	 | 	5	 | 	7,62
  0	 | 	7	 | 	4,12
  1	 | 	4	 | 	4,47
  2	 | 	3	 | 	2,24
  2	 | 	6	 | 	10,44
  3	 | 	4	 | 	4,12
  3	 | 	6	 | 	8,25
  3	 | 	7	 | 	2,83
  3	 | 	8	 | 	4,12
  3	 | 	9	 | 	9,85
  4	 | 	5	 | 	2,00
  4	 | 	7	 | 	6,08
  4	 | 	8	 | 	4,24
  4	 | 	9	 | 	5,83
  6	 | 	7	 | 	10,00
  1	 | 	5	 | 	2,83
  0	 | 	8	 | 	6,32
  7	 | 	8	 | 	3,61
___________________________
