Simulation Topology 1
___________________________
[6]				[0]		
[2]				[1]		
[7]				[1]		
[14]				[2]		
[0]				[2]		
[1]				[4]		
[6]				[4]		
[0]				[6]		
[2]				[6]		
[14]				[7]		
___________________________
Simulation Topology [1:1]
___________________________
From 	  To 		Length
___________________________
  0	 | 	1	 | 	4,12
  0	 | 	3	 | 	8,25
  0	 | 	8	 | 	7,21
  0	 | 	9	 | 	10,63
  1	 | 	4	 | 	2,24
  1	 | 	5	 | 	3,16
  2	 | 	3	 | 	7,07
  2	 | 	5	 | 	6,71
  2	 | 	6	 | 	3,16
  2	 | 	7	 | 	8,60
  3	 | 	8	 | 	12,65
  3	 | 	9	 | 	5,00
  4	 | 	5	 | 	2,24
  4	 | 	8	 | 	4,47
  5	 | 	8	 | 	2,24
  6	 | 	7	 | 	6,32
  6	 | 	8	 | 	4,47
  6	 | 	9	 | 	8,54
___________________________
Simulation Topology [1:2]
___________________________
From 	  To 		Length
___________________________
  0	 | 	1	 | 	4,12
  0	 | 	3	 | 	8,25
  0	 | 	8	 | 	7,21
  0	 | 	9	 | 	10,63
  1	 | 	4	 | 	2,24
  1	 | 	5	 | 	3,16
  2	 | 	3	 | 	7,07
  2	 | 	5	 | 	6,71
  2	 | 	6	 | 	3,16
  2	 | 	7	 | 	8,60
  3	 | 	8	 | 	12,65
  3	 | 	9	 | 	5,00
  4	 | 	5	 | 	2,24
  4	 | 	8	 | 	4,47
  5	 | 	8	 | 	2,24
  6	 | 	7	 | 	6,32
  6	 | 	8	 | 	4,47
  6	 | 	9	 | 	8,54
  0	 | 	2	 | 	1,41
___________________________
Simulation Topology [1:3]
___________________________
From 	  To 		Length
___________________________
  0	 | 	1	 | 	4,12
  0	 | 	3	 | 	8,25
  0	 | 	8	 | 	7,21
  0	 | 	9	 | 	10,63
  1	 | 	4	 | 	2,24
  1	 | 	5	 | 	3,16
  2	 | 	3	 | 	7,07
  2	 | 	5	 | 	6,71
  2	 | 	6	 | 	3,16
  2	 | 	7	 | 	8,60
  3	 | 	8	 | 	12,65
  3	 | 	9	 | 	5,00
  4	 | 	5	 | 	2,24
  4	 | 	8	 | 	4,47
  5	 | 	8	 | 	2,24
  6	 | 	7	 | 	6,32
  6	 | 	8	 | 	4,47
  6	 | 	9	 | 	8,54
  0	 | 	2	 | 	1,41
  5	 | 	7	 | 	2,24
___________________________
