Simulation Topology 1
___________________________
[9]				[0]		
[6]				[1]		
[11]				[1]		
[8]				[3]		
[4]				[4]		
[1]				[5]		
[12]				[6]		
[15]				[6]		
[8]				[7]		
[10]				[7]		
___________________________
Simulation Topology [1:1]
___________________________
From 	  To 		Length
___________________________
  0	 | 	1	 | 	3,16
  0	 | 	3	 | 	3,16
  0	 | 	6	 | 	6,71
  0	 | 	9	 | 	7,07
  1	 | 	3	 | 	2,83
  1	 | 	4	 | 	3,61
  1	 | 	5	 | 	6,40
  1	 | 	6	 | 	7,81
  2	 | 	3	 | 	3,61
  2	 | 	5	 | 	10,77
  3	 | 	7	 | 	7,62
  3	 | 	8	 | 	4,00
  4	 | 	5	 | 	3,16
  4	 | 	7	 | 	11,18
  4	 | 	8	 | 	5,00
  5	 | 	7	 | 	14,04
  5	 | 	8	 | 	7,28
  6	 | 	9	 | 	2,24
  7	 | 	9	 | 	5,10
___________________________
Simulation Topology [1:2]
___________________________
From 	  To 		Length
___________________________
  0	 | 	1	 | 	3,16
  0	 | 	3	 | 	3,16
  0	 | 	6	 | 	6,71
  0	 | 	9	 | 	7,07
  1	 | 	3	 | 	2,83
  1	 | 	4	 | 	3,61
  1	 | 	5	 | 	6,40
  1	 | 	6	 | 	7,81
  2	 | 	3	 | 	3,61
  2	 | 	5	 | 	10,77
  3	 | 	7	 | 	7,62
  3	 | 	8	 | 	4,00
  4	 | 	5	 | 	3,16
  4	 | 	7	 | 	11,18
  4	 | 	8	 | 	5,00
  5	 | 	7	 | 	14,04
  5	 | 	8	 | 	7,28
  6	 | 	9	 | 	2,24
  7	 | 	9	 | 	5,10
  2	 | 	6	 | 	5,10
___________________________
