Simulation Topology 1
___________________________
[6]				[3]		
[4]				[3]		
[1]				[4]		
[13]				[4]		
[5]				[5]		
[10]				[6]		
[5]				[7]		
[3]				[7]		
[19]				[8]		
[11]				[8]		
___________________________
Simulation Topology [1:1]
___________________________
From 	  To 		Length
___________________________
  0	 | 	1	 | 	2,00
  0	 | 	3	 | 	7,07
  0	 | 	8	 | 	13,93
  1	 | 	3	 | 	9,06
  1	 | 	5	 | 	6,71
  1	 | 	7	 | 	4,12
  2	 | 	3	 | 	12,00
  2	 | 	5	 | 	9,22
  2	 | 	7	 | 	3,61
  2	 | 	8	 | 	18,44
  3	 | 	4	 | 	8,06
  4	 | 	5	 | 	5,10
  4	 | 	6	 | 	2,00
  4	 | 	9	 | 	6,71
  5	 | 	7	 | 	7,07
  5	 | 	9	 | 	2,24
  6	 | 	7	 | 	2,00
  6	 | 	9	 | 	6,08
___________________________
Simulation Topology [1:2]
___________________________
From 	  To 		Length
___________________________
  0	 | 	1	 | 	2,00
  0	 | 	3	 | 	7,07
  0	 | 	8	 | 	13,93
  1	 | 	3	 | 	9,06
  1	 | 	5	 | 	6,71
  1	 | 	7	 | 	4,12
  2	 | 	3	 | 	12,00
  2	 | 	5	 | 	9,22
  2	 | 	7	 | 	3,61
  2	 | 	8	 | 	18,44
  3	 | 	4	 | 	8,06
  4	 | 	5	 | 	5,10
  4	 | 	6	 | 	2,00
  4	 | 	9	 | 	6,71
  5	 | 	7	 | 	7,07
  5	 | 	9	 | 	2,24
  6	 | 	7	 | 	2,00
  6	 | 	9	 | 	6,08
  1	 | 	4	 | 	2,24
___________________________
Simulation Topology [1:3]
___________________________
From 	  To 		Length
___________________________
  0	 | 	1	 | 	2,00
  0	 | 	3	 | 	7,07
  0	 | 	8	 | 	13,93
  1	 | 	3	 | 	9,06
  1	 | 	5	 | 	6,71
  1	 | 	7	 | 	4,12
  2	 | 	3	 | 	12,00
  2	 | 	5	 | 	9,22
  2	 | 	7	 | 	3,61
  2	 | 	8	 | 	18,44
  3	 | 	4	 | 	8,06
  4	 | 	5	 | 	5,10
  4	 | 	6	 | 	2,00
  4	 | 	9	 | 	6,71
  5	 | 	7	 | 	7,07
  5	 | 	9	 | 	2,24
  6	 | 	7	 | 	2,00
  6	 | 	9	 | 	6,08
  1	 | 	4	 | 	2,24
  2	 | 	4	 | 	4,12
___________________________
