Simulation Topology 1
___________________________
[18]				[0]		
[14]				[2]		
[6]				[6]		
[19]				[6]		
[18]				[9]		
[6]				[9]		
[17]				[10]		
[6]				[10]		
[13]				[11]		
[1]				[12]		
___________________________
Simulation Topology [1:1]
___________________________
From 	  To 		Length
___________________________
  0	 | 	1	 | 	4,47
  0	 | 	4	 | 	9,00
  0	 | 	8	 | 	12,08
  0	 | 	9	 | 	20,81
  1	 | 	4	 | 	8,06
  1	 | 	9	 | 	16,40
  2	 | 	3	 | 	13,00
  2	 | 	5	 | 	3,00
  2	 | 	6	 | 	11,70
  2	 | 	9	 | 	7,81
  3	 | 	4	 | 	3,16
  3	 | 	8	 | 	7,81
  4	 | 	5	 | 	12,00
  5	 | 	6	 | 	11,05
  5	 | 	7	 | 	1,00
  5	 | 	8	 | 	7,28
  6	 | 	7	 | 	11,00
  6	 | 	8	 | 	4,12
  7	 | 	9	 | 	5,39
___________________________
Simulation Topology [1:2]
___________________________
From 	  To 		Length
___________________________
  0	 | 	1	 | 	4,47
  0	 | 	4	 | 	9,00
  0	 | 	8	 | 	12,08
  0	 | 	9	 | 	20,81
  1	 | 	4	 | 	8,06
  1	 | 	9	 | 	16,40
  2	 | 	3	 | 	13,00
  2	 | 	5	 | 	3,00
  2	 | 	6	 | 	11,70
  2	 | 	9	 | 	7,81
  3	 | 	4	 | 	3,16
  3	 | 	8	 | 	7,81
  4	 | 	5	 | 	12,00
  5	 | 	6	 | 	11,05
  5	 | 	7	 | 	1,00
  5	 | 	8	 | 	7,28
  6	 | 	7	 | 	11,00
  6	 | 	8	 | 	4,12
  7	 | 	9	 | 	5,39
  4	 | 	6	 | 	1,41
___________________________
