Simulation Topology 1
___________________________
[10]				[0]		
[7]				[0]		
[9]				[1]		
[14]				[3]		
[18]				[4]		
[5]				[4]		
[2]				[6]		
[6]				[6]		
[7]				[7]		
[0]				[8]		
___________________________
Simulation Topology [1:1]
___________________________
From 	  To 		Length
___________________________
  0	 | 	1	 | 	3,00
  0	 | 	3	 | 	5,00
  1	 | 	3	 | 	7,62
  1	 | 	4	 | 	11,70
  1	 | 	5	 | 	4,47
  1	 | 	9	 | 	10,63
  2	 | 	3	 | 	5,39
  2	 | 	7	 | 	5,83
  2	 | 	8	 | 	6,32
  2	 | 	9	 | 	11,40
  3	 | 	5	 | 	9,06
  3	 | 	6	 | 	12,37
  3	 | 	9	 | 	14,87
  4	 | 	5	 | 	13,00
  5	 | 	6	 | 	3,61
  6	 | 	8	 | 	5,10
  6	 | 	9	 | 	2,83
  7	 | 	8	 | 	1,41
  7	 | 	9	 | 	6,32
___________________________
Simulation Topology [1:2]
___________________________
From 	  To 		Length
___________________________
  0	 | 	1	 | 	3,00
  0	 | 	3	 | 	5,00
  1	 | 	3	 | 	7,62
  1	 | 	4	 | 	11,70
  1	 | 	5	 | 	4,47
  1	 | 	9	 | 	10,63
  2	 | 	3	 | 	5,39
  2	 | 	7	 | 	5,83
  2	 | 	8	 | 	6,32
  2	 | 	9	 | 	11,40
  3	 | 	5	 | 	9,06
  3	 | 	6	 | 	12,37
  3	 | 	9	 | 	14,87
  4	 | 	5	 | 	13,00
  5	 | 	6	 | 	3,61
  6	 | 	8	 | 	5,10
  6	 | 	9	 | 	2,83
  7	 | 	8	 | 	1,41
  7	 | 	9	 | 	6,32
  0	 | 	2	 | 	1,41
___________________________
