Simulation Topology 1
___________________________
[3]				[1]		
[6]				[8]		
[10]				[9]		
[15]				[9]		
[19]				[11]		
[1]				[11]		
[8]				[12]		
[11]				[13]		
[3]				[13]		
[19]				[14]		
___________________________
Simulation Topology [1:1]
___________________________
From 	  To 		Length
___________________________
  0	 | 	1	 | 	7,62
  0	 | 	3	 | 	14,42
  0	 | 	4	 | 	18,87
  1	 | 	2	 | 	4,12
  1	 | 	4	 | 	13,34
  1	 | 	5	 | 	5,83
  1	 | 	9	 | 	14,32
  2	 | 	3	 | 	5,00
  2	 | 	6	 | 	3,61
  2	 | 	9	 | 	10,30
  3	 | 	6	 | 	7,62
  4	 | 	5	 | 	18,00
  4	 | 	7	 | 	8,25
  4	 | 	9	 | 	3,00
  5	 | 	6	 | 	7,07
  5	 | 	7	 | 	10,20
  6	 | 	7	 | 	3,16
  6	 | 	8	 | 	5,10
  7	 | 	8	 | 	8,00
  7	 | 	9	 | 	8,06
  8	 | 	9	 | 	16,03
___________________________
Simulation Topology [1:2]
___________________________
From 	  To 		Length
___________________________
  0	 | 	1	 | 	7,62
  0	 | 	3	 | 	14,42
  0	 | 	4	 | 	18,87
  1	 | 	2	 | 	4,12
  1	 | 	4	 | 	13,34
  1	 | 	5	 | 	5,83
  1	 | 	9	 | 	14,32
  2	 | 	3	 | 	5,00
  2	 | 	6	 | 	3,61
  2	 | 	9	 | 	10,30
  3	 | 	6	 | 	7,62
  4	 | 	5	 | 	18,00
  4	 | 	7	 | 	8,25
  4	 | 	9	 | 	3,00
  5	 | 	6	 | 	7,07
  5	 | 	7	 | 	10,20
  6	 | 	7	 | 	3,16
  6	 | 	8	 | 	5,10
  7	 | 	8	 | 	8,00
  7	 | 	9	 | 	8,06
  8	 | 	9	 | 	16,03
  1	 | 	8	 | 	5,83
___________________________
Simulation Topology [1:3]
___________________________
From 	  To 		Length
___________________________
  0	 | 	1	 | 	7,62
  0	 | 	3	 | 	14,42
  0	 | 	4	 | 	18,87
  1	 | 	2	 | 	4,12
  1	 | 	4	 | 	13,34
  1	 | 	5	 | 	5,83
  1	 | 	9	 | 	14,32
  2	 | 	3	 | 	5,00
  2	 | 	6	 | 	3,61
  2	 | 	9	 | 	10,30
  3	 | 	6	 | 	7,62
  4	 | 	5	 | 	18,00
  4	 | 	7	 | 	8,25
  4	 | 	9	 | 	3,00
  5	 | 	6	 | 	7,07
  5	 | 	7	 | 	10,20
  6	 | 	7	 | 	3,16
  6	 | 	8	 | 	5,10
  7	 | 	8	 | 	8,00
  7	 | 	9	 | 	8,06
  8	 | 	9	 | 	16,03
  1	 | 	8	 | 	5,83
  5	 | 	8	 | 	2,83
___________________________
Simulation Topology [1:4]
___________________________
From 	  To 		Length
___________________________
  0	 | 	1	 | 	7,62
  0	 | 	3	 | 	14,42
  0	 | 	4	 | 	18,87
  1	 | 	2	 | 	4,12
  1	 | 	4	 | 	13,34
  1	 | 	5	 | 	5,83
  1	 | 	9	 | 	14,32
  2	 | 	3	 | 	5,00
  2	 | 	6	 | 	3,61
  2	 | 	9	 | 	10,30
  3	 | 	6	 | 	7,62
  4	 | 	5	 | 	18,00
  4	 | 	7	 | 	8,25
  4	 | 	9	 | 	3,00
  5	 | 	6	 | 	7,07
  5	 | 	7	 | 	10,20
  6	 | 	7	 | 	3,16
  6	 | 	8	 | 	5,10
  7	 | 	8	 | 	8,00
  7	 | 	9	 | 	8,06
  8	 | 	9	 | 	16,03
  1	 | 	8	 | 	5,83
  5	 | 	8	 | 	2,83
  0	 | 	2	 | 	10,63
___________________________
Simulation Topology [1:5]
___________________________
From 	  To 		Length
___________________________
  0	 | 	1	 | 	7,62
  0	 | 	3	 | 	14,42
  0	 | 	4	 | 	18,87
  1	 | 	2	 | 	4,12
  1	 | 	4	 | 	13,34
  1	 | 	5	 | 	5,83
  1	 | 	9	 | 	14,32
  2	 | 	3	 | 	5,00
  2	 | 	6	 | 	3,61
  2	 | 	9	 | 	10,30
  3	 | 	6	 | 	7,62
  4	 | 	5	 | 	18,00
  4	 | 	7	 | 	8,25
  4	 | 	9	 | 	3,00
  5	 | 	6	 | 	7,07
  5	 | 	7	 | 	10,20
  6	 | 	7	 | 	3,16
  6	 | 	8	 | 	5,10
  7	 | 	8	 | 	8,00
  7	 | 	9	 | 	8,06
  8	 | 	9	 | 	16,03
  1	 | 	8	 | 	5,83
  5	 | 	8	 | 	2,83
  0	 | 	2	 | 	10,63
  2	 | 	7	 | 	4,12
___________________________
Simulation Topology [1:6]
___________________________
From 	  To 		Length
___________________________
  0	 | 	1	 | 	7,62
  0	 | 	3	 | 	14,42
  0	 | 	4	 | 	18,87
  1	 | 	2	 | 	4,12
  1	 | 	4	 | 	13,34
  1	 | 	5	 | 	5,83
  1	 | 	9	 | 	14,32
  2	 | 	3	 | 	5,00
  2	 | 	6	 | 	3,61
  2	 | 	9	 | 	10,30
  3	 | 	6	 | 	7,62
  4	 | 	5	 | 	18,00
  4	 | 	7	 | 	8,25
  4	 | 	9	 | 	3,00
  5	 | 	6	 | 	7,07
  5	 | 	7	 | 	10,20
  6	 | 	7	 | 	3,16
  6	 | 	8	 | 	5,10
  7	 | 	8	 | 	8,00
  7	 | 	9	 | 	8,06
  8	 | 	9	 | 	16,03
  1	 | 	8	 | 	5,83
  5	 | 	8	 | 	2,83
  0	 | 	2	 | 	10,63
  2	 | 	7	 | 	4,12
  1	 | 	6	 | 	4,47
___________________________
Simulation Topology [1:7]
___________________________
From 	  To 		Length
___________________________
  0	 | 	1	 | 	7,62
  0	 | 	3	 | 	14,42
  0	 | 	4	 | 	18,87
  1	 | 	2	 | 	4,12
  1	 | 	4	 | 	13,34
  1	 | 	5	 | 	5,83
  1	 | 	9	 | 	14,32
  2	 | 	3	 | 	5,00
  2	 | 	6	 | 	3,61
  2	 | 	9	 | 	10,30
  3	 | 	6	 | 	7,62
  4	 | 	5	 | 	18,00
  4	 | 	7	 | 	8,25
  4	 | 	9	 | 	3,00
  5	 | 	6	 | 	7,07
  5	 | 	7	 | 	10,20
  6	 | 	7	 | 	3,16
  6	 | 	8	 | 	5,10
  7	 | 	8	 | 	8,00
  7	 | 	9	 | 	8,06
  8	 | 	9	 | 	16,03
  1	 | 	8	 | 	5,83
  5	 | 	8	 | 	2,83
  0	 | 	2	 | 	10,63
  2	 | 	7	 | 	4,12
  1	 | 	6	 | 	4,47
  3	 | 	9	 | 	6,40
___________________________
Simulation Topology [1:8]
___________________________
From 	  To 		Length
___________________________
  0	 | 	1	 | 	7,62
  0	 | 	3	 | 	14,42
  0	 | 	4	 | 	18,87
  1	 | 	2	 | 	4,12
  1	 | 	4	 | 	13,34
  1	 | 	5	 | 	5,83
  1	 | 	9	 | 	14,32
  2	 | 	3	 | 	5,00
  2	 | 	6	 | 	3,61
  2	 | 	9	 | 	10,30
  3	 | 	6	 | 	7,62
  4	 | 	5	 | 	18,00
  4	 | 	7	 | 	8,25
  4	 | 	9	 | 	3,00
  5	 | 	6	 | 	7,07
  5	 | 	7	 | 	10,20
  6	 | 	7	 | 	3,16
  6	 | 	8	 | 	5,10
  7	 | 	8	 | 	8,00
  7	 | 	9	 | 	8,06
  8	 | 	9	 | 	16,03
  1	 | 	8	 | 	5,83
  5	 | 	8	 | 	2,83
  0	 | 	2	 | 	10,63
  2	 | 	7	 | 	4,12
  1	 | 	6	 | 	4,47
  3	 | 	9	 | 	6,40
  3	 | 	7	 | 	5,66
___________________________
Simulation Topology [1:9]
___________________________
From 	  To 		Length
___________________________
  0	 | 	1	 | 	7,62
  0	 | 	3	 | 	14,42
  0	 | 	4	 | 	18,87
  1	 | 	2	 | 	4,12
  1	 | 	4	 | 	13,34
  1	 | 	5	 | 	5,83
  1	 | 	9	 | 	14,32
  2	 | 	3	 | 	5,00
  2	 | 	6	 | 	3,61
  2	 | 	9	 | 	10,30
  3	 | 	6	 | 	7,62
  4	 | 	5	 | 	18,00
  4	 | 	7	 | 	8,25
  4	 | 	9	 | 	3,00
  5	 | 	6	 | 	7,07
  5	 | 	7	 | 	10,20
  6	 | 	7	 | 	3,16
  6	 | 	8	 | 	5,10
  7	 | 	8	 | 	8,00
  7	 | 	9	 | 	8,06
  8	 | 	9	 | 	16,03
  1	 | 	8	 | 	5,83
  5	 | 	8	 | 	2,83
  0	 | 	2	 | 	10,63
  2	 | 	7	 | 	4,12
  1	 | 	6	 | 	4,47
  3	 | 	9	 | 	6,40
  3	 | 	7	 | 	5,66
  1	 | 	7	 | 	7,07
___________________________
Simulation Topology [1:10]
___________________________
From 	  To 		Length
___________________________
  0	 | 	1	 | 	7,62
  0	 | 	3	 | 	14,42
  0	 | 	4	 | 	18,87
  1	 | 	2	 | 	4,12
  1	 | 	4	 | 	13,34
  1	 | 	5	 | 	5,83
  1	 | 	9	 | 	14,32
  2	 | 	3	 | 	5,00
  2	 | 	6	 | 	3,61
  2	 | 	9	 | 	10,30
  3	 | 	6	 | 	7,62
  4	 | 	5	 | 	18,00
  4	 | 	7	 | 	8,25
  4	 | 	9	 | 	3,00
  5	 | 	6	 | 	7,07
  5	 | 	7	 | 	10,20
  6	 | 	7	 | 	3,16
  6	 | 	8	 | 	5,10
  7	 | 	8	 | 	8,00
  7	 | 	9	 | 	8,06
  8	 | 	9	 | 	16,03
  1	 | 	8	 | 	5,83
  5	 | 	8	 | 	2,83
  0	 | 	2	 | 	10,63
  2	 | 	7	 | 	4,12
  1	 | 	6	 | 	4,47
  3	 | 	9	 | 	6,40
  3	 | 	7	 | 	5,66
  1	 | 	7	 | 	7,07
  3	 | 	4	 | 	4,47
___________________________
Simulation Topology [1:11]
___________________________
From 	  To 		Length
___________________________
  0	 | 	1	 | 	7,62
  0	 | 	3	 | 	14,42
  0	 | 	4	 | 	18,87
  1	 | 	2	 | 	4,12
  1	 | 	4	 | 	13,34
  1	 | 	5	 | 	5,83
  1	 | 	9	 | 	14,32
  2	 | 	3	 | 	5,00
  2	 | 	6	 | 	3,61
  2	 | 	9	 | 	10,30
  3	 | 	6	 | 	7,62
  4	 | 	5	 | 	18,00
  4	 | 	7	 | 	8,25
  4	 | 	9	 | 	3,00
  5	 | 	6	 | 	7,07
  5	 | 	7	 | 	10,20
  6	 | 	7	 | 	3,16
  6	 | 	8	 | 	5,10
  7	 | 	8	 | 	8,00
  7	 | 	9	 | 	8,06
  8	 | 	9	 | 	16,03
  1	 | 	8	 | 	5,83
  5	 | 	8	 | 	2,83
  0	 | 	2	 | 	10,63
  2	 | 	7	 | 	4,12
  1	 | 	6	 | 	4,47
  3	 | 	9	 | 	6,40
  3	 | 	7	 | 	5,66
  1	 | 	7	 | 	7,07
  3	 | 	4	 | 	4,47
  2	 | 	4	 | 	9,22
___________________________
Simulation Topology [1:12]
___________________________
From 	  To 		Length
___________________________
  0	 | 	1	 | 	7,62
  0	 | 	3	 | 	14,42
  0	 | 	4	 | 	18,87
  1	 | 	2	 | 	4,12
  1	 | 	4	 | 	13,34
  1	 | 	5	 | 	5,83
  1	 | 	9	 | 	14,32
  2	 | 	3	 | 	5,00
  2	 | 	6	 | 	3,61
  2	 | 	9	 | 	10,30
  3	 | 	6	 | 	7,62
  4	 | 	5	 | 	18,00
  4	 | 	7	 | 	8,25
  4	 | 	9	 | 	3,00
  5	 | 	6	 | 	7,07
  5	 | 	7	 | 	10,20
  6	 | 	7	 | 	3,16
  6	 | 	8	 | 	5,10
  7	 | 	8	 | 	8,00
  7	 | 	9	 | 	8,06
  8	 | 	9	 | 	16,03
  1	 | 	8	 | 	5,83
  5	 | 	8	 | 	2,83
  0	 | 	2	 | 	10,63
  2	 | 	7	 | 	4,12
  1	 | 	6	 | 	4,47
  3	 | 	9	 | 	6,40
  3	 | 	7	 | 	5,66
  1	 | 	7	 | 	7,07
  3	 | 	4	 | 	4,47
  2	 | 	4	 | 	9,22
  2	 | 	8	 | 	8,06
___________________________
Simulation Topology [1:13]
___________________________
From 	  To 		Length
___________________________
  0	 | 	1	 | 	7,62
  0	 | 	3	 | 	14,42
  0	 | 	4	 | 	18,87
  1	 | 	2	 | 	4,12
  1	 | 	4	 | 	13,34
  1	 | 	5	 | 	5,83
  1	 | 	9	 | 	14,32
  2	 | 	3	 | 	5,00
  2	 | 	6	 | 	3,61
  2	 | 	9	 | 	10,30
  3	 | 	6	 | 	7,62
  4	 | 	5	 | 	18,00
  4	 | 	7	 | 	8,25
  4	 | 	9	 | 	3,00
  5	 | 	6	 | 	7,07
  5	 | 	7	 | 	10,20
  6	 | 	7	 | 	3,16
  6	 | 	8	 | 	5,10
  7	 | 	8	 | 	8,00
  7	 | 	9	 | 	8,06
  8	 | 	9	 | 	16,03
  1	 | 	8	 | 	5,83
  5	 | 	8	 | 	2,83
  0	 | 	2	 | 	10,63
  2	 | 	7	 | 	4,12
  1	 | 	6	 | 	4,47
  3	 | 	9	 | 	6,40
  3	 | 	7	 | 	5,66
  1	 | 	7	 | 	7,07
  3	 | 	4	 | 	4,47
  2	 | 	4	 | 	9,22
  2	 | 	8	 | 	8,06
  2	 | 	5	 | 	9,22
___________________________
Simulation Topology [1:14]
___________________________
From 	  To 		Length
___________________________
  0	 | 	1	 | 	7,62
  0	 | 	3	 | 	14,42
  0	 | 	4	 | 	18,87
  1	 | 	2	 | 	4,12
  1	 | 	4	 | 	13,34
  1	 | 	5	 | 	5,83
  1	 | 	9	 | 	14,32
  2	 | 	3	 | 	5,00
  2	 | 	6	 | 	3,61
  2	 | 	9	 | 	10,30
  3	 | 	6	 | 	7,62
  4	 | 	5	 | 	18,00
  4	 | 	7	 | 	8,25
  4	 | 	9	 | 	3,00
  5	 | 	6	 | 	7,07
  5	 | 	7	 | 	10,20
  6	 | 	7	 | 	3,16
  6	 | 	8	 | 	5,10
  7	 | 	8	 | 	8,00
  7	 | 	9	 | 	8,06
  8	 | 	9	 | 	16,03
  1	 | 	8	 | 	5,83
  5	 | 	8	 | 	2,83
  0	 | 	2	 | 	10,63
  2	 | 	7	 | 	4,12
  1	 | 	6	 | 	4,47
  3	 | 	9	 | 	6,40
  3	 | 	7	 | 	5,66
  1	 | 	7	 | 	7,07
  3	 | 	4	 | 	4,47
  2	 | 	4	 | 	9,22
  2	 | 	8	 | 	8,06
  2	 | 	5	 | 	9,22
  6	 | 	9	 | 	11,18
___________________________
Simulation Topology [1:15]
___________________________
From 	  To 		Length
___________________________
  0	 | 	1	 | 	7,62
  0	 | 	3	 | 	14,42
  0	 | 	4	 | 	18,87
  1	 | 	2	 | 	4,12
  1	 | 	4	 | 	13,34
  1	 | 	5	 | 	5,83
  1	 | 	9	 | 	14,32
  2	 | 	3	 | 	5,00
  2	 | 	6	 | 	3,61
  2	 | 	9	 | 	10,30
  3	 | 	6	 | 	7,62
  4	 | 	5	 | 	18,00
  4	 | 	7	 | 	8,25
  4	 | 	9	 | 	3,00
  5	 | 	6	 | 	7,07
  5	 | 	7	 | 	10,20
  6	 | 	7	 | 	3,16
  6	 | 	8	 | 	5,10
  7	 | 	8	 | 	8,00
  7	 | 	9	 | 	8,06
  8	 | 	9	 | 	16,03
  1	 | 	8	 | 	5,83
  5	 | 	8	 | 	2,83
  0	 | 	2	 | 	10,63
  2	 | 	7	 | 	4,12
  1	 | 	6	 | 	4,47
  3	 | 	9	 | 	6,40
  3	 | 	7	 | 	5,66
  1	 | 	7	 | 	7,07
  3	 | 	4	 | 	4,47
  2	 | 	4	 | 	9,22
  2	 | 	8	 | 	8,06
  2	 | 	5	 | 	9,22
  6	 | 	9	 | 	11,18
  0	 | 	6	 | 	12,08
___________________________
Simulation Topology [1:16]
___________________________
From 	  To 		Length
___________________________
  0	 | 	1	 | 	7,62
  0	 | 	3	 | 	14,42
  0	 | 	4	 | 	18,87
  1	 | 	2	 | 	4,12
  1	 | 	4	 | 	13,34
  1	 | 	5	 | 	5,83
  1	 | 	9	 | 	14,32
  2	 | 	3	 | 	5,00
  2	 | 	6	 | 	3,61
  2	 | 	9	 | 	10,30
  3	 | 	6	 | 	7,62
  4	 | 	5	 | 	18,00
  4	 | 	7	 | 	8,25
  4	 | 	9	 | 	3,00
  5	 | 	6	 | 	7,07
  5	 | 	7	 | 	10,20
  6	 | 	7	 | 	3,16
  6	 | 	8	 | 	5,10
  7	 | 	8	 | 	8,00
  7	 | 	9	 | 	8,06
  8	 | 	9	 | 	16,03
  1	 | 	8	 | 	5,83
  5	 | 	8	 | 	2,83
  0	 | 	2	 | 	10,63
  2	 | 	7	 | 	4,12
  1	 | 	6	 | 	4,47
  3	 | 	9	 | 	6,40
  3	 | 	7	 | 	5,66
  1	 | 	7	 | 	7,07
  3	 | 	4	 | 	4,47
  2	 | 	4	 | 	9,22
  2	 | 	8	 | 	8,06
  2	 | 	5	 | 	9,22
  6	 | 	9	 | 	11,18
  0	 | 	6	 | 	12,08
  4	 | 	6	 | 	11,05
___________________________
Simulation Topology [1:17]
___________________________
From 	  To 		Length
___________________________
  0	 | 	1	 | 	7,62
  0	 | 	3	 | 	14,42
  0	 | 	4	 | 	18,87
  1	 | 	2	 | 	4,12
  1	 | 	4	 | 	13,34
  1	 | 	5	 | 	5,83
  1	 | 	9	 | 	14,32
  2	 | 	3	 | 	5,00
  2	 | 	6	 | 	3,61
  2	 | 	9	 | 	10,30
  3	 | 	6	 | 	7,62
  4	 | 	5	 | 	18,00
  4	 | 	7	 | 	8,25
  4	 | 	9	 | 	3,00
  5	 | 	6	 | 	7,07
  5	 | 	7	 | 	10,20
  6	 | 	7	 | 	3,16
  6	 | 	8	 | 	5,10
  7	 | 	8	 | 	8,00
  7	 | 	9	 | 	8,06
  8	 | 	9	 | 	16,03
  1	 | 	8	 | 	5,83
  5	 | 	8	 | 	2,83
  0	 | 	2	 | 	10,63
  2	 | 	7	 | 	4,12
  1	 | 	6	 | 	4,47
  3	 | 	9	 | 	6,40
  3	 | 	7	 | 	5,66
  1	 | 	7	 | 	7,07
  3	 | 	4	 | 	4,47
  2	 | 	4	 | 	9,22
  2	 | 	8	 | 	8,06
  2	 | 	5	 | 	9,22
  6	 | 	9	 | 	11,18
  0	 | 	6	 | 	12,08
  4	 | 	6	 | 	11,05
  1	 | 	3	 | 	9,06
___________________________
Simulation Topology [1:18]
___________________________
From 	  To 		Length
___________________________
  0	 | 	1	 | 	7,62
  0	 | 	3	 | 	14,42
  0	 | 	4	 | 	18,87
  1	 | 	2	 | 	4,12
  1	 | 	4	 | 	13,34
  1	 | 	5	 | 	5,83
  1	 | 	9	 | 	14,32
  2	 | 	3	 | 	5,00
  2	 | 	6	 | 	3,61
  2	 | 	9	 | 	10,30
  3	 | 	6	 | 	7,62
  4	 | 	5	 | 	18,00
  4	 | 	7	 | 	8,25
  4	 | 	9	 | 	3,00
  5	 | 	6	 | 	7,07
  5	 | 	7	 | 	10,20
  6	 | 	7	 | 	3,16
  6	 | 	8	 | 	5,10
  7	 | 	8	 | 	8,00
  7	 | 	9	 | 	8,06
  8	 | 	9	 | 	16,03
  1	 | 	8	 | 	5,83
  5	 | 	8	 | 	2,83
  0	 | 	2	 | 	10,63
  2	 | 	7	 | 	4,12
  1	 | 	6	 | 	4,47
  3	 | 	9	 | 	6,40
  3	 | 	7	 | 	5,66
  1	 | 	7	 | 	7,07
  3	 | 	4	 | 	4,47
  2	 | 	4	 | 	9,22
  2	 | 	8	 | 	8,06
  2	 | 	5	 | 	9,22
  6	 | 	9	 | 	11,18
  0	 | 	6	 | 	12,08
  4	 | 	6	 | 	11,05
  1	 | 	3	 | 	9,06
  3	 | 	8	 | 	12,65
___________________________
Simulation Topology [1:19]
___________________________
From 	  To 		Length
___________________________
  0	 | 	1	 | 	7,62
  0	 | 	3	 | 	14,42
  0	 | 	4	 | 	18,87
  1	 | 	2	 | 	4,12
  1	 | 	4	 | 	13,34
  1	 | 	5	 | 	5,83
  1	 | 	9	 | 	14,32
  2	 | 	3	 | 	5,00
  2	 | 	6	 | 	3,61
  2	 | 	9	 | 	10,30
  3	 | 	6	 | 	7,62
  4	 | 	5	 | 	18,00
  4	 | 	7	 | 	8,25
  4	 | 	9	 | 	3,00
  5	 | 	6	 | 	7,07
  5	 | 	7	 | 	10,20
  6	 | 	7	 | 	3,16
  6	 | 	8	 | 	5,10
  7	 | 	8	 | 	8,00
  7	 | 	9	 | 	8,06
  8	 | 	9	 | 	16,03
  1	 | 	8	 | 	5,83
  5	 | 	8	 | 	2,83
  0	 | 	2	 | 	10,63
  2	 | 	7	 | 	4,12
  1	 | 	6	 | 	4,47
  3	 | 	9	 | 	6,40
  3	 | 	7	 | 	5,66
  1	 | 	7	 | 	7,07
  3	 | 	4	 | 	4,47
  2	 | 	4	 | 	9,22
  2	 | 	8	 | 	8,06
  2	 | 	5	 | 	9,22
  6	 | 	9	 | 	11,18
  0	 | 	6	 | 	12,08
  4	 | 	6	 | 	11,05
  1	 | 	3	 | 	9,06
  3	 | 	8	 | 	12,65
  0	 | 	5	 | 	10,20
___________________________
Simulation Topology [1:20]
___________________________
From 	  To 		Length
___________________________
  0	 | 	1	 | 	7,62
  0	 | 	3	 | 	14,42
  0	 | 	4	 | 	18,87
  1	 | 	2	 | 	4,12
  1	 | 	4	 | 	13,34
  1	 | 	5	 | 	5,83
  1	 | 	9	 | 	14,32
  2	 | 	3	 | 	5,00
  2	 | 	6	 | 	3,61
  2	 | 	9	 | 	10,30
  3	 | 	6	 | 	7,62
  4	 | 	5	 | 	18,00
  4	 | 	7	 | 	8,25
  4	 | 	9	 | 	3,00
  5	 | 	6	 | 	7,07
  5	 | 	7	 | 	10,20
  6	 | 	7	 | 	3,16
  6	 | 	8	 | 	5,10
  7	 | 	8	 | 	8,00
  7	 | 	9	 | 	8,06
  8	 | 	9	 | 	16,03
  1	 | 	8	 | 	5,83
  5	 | 	8	 | 	2,83
  0	 | 	2	 | 	10,63
  2	 | 	7	 | 	4,12
  1	 | 	6	 | 	4,47
  3	 | 	9	 | 	6,40
  3	 | 	7	 | 	5,66
  1	 | 	7	 | 	7,07
  3	 | 	4	 | 	4,47
  2	 | 	4	 | 	9,22
  2	 | 	8	 | 	8,06
  2	 | 	5	 | 	9,22
  6	 | 	9	 | 	11,18
  0	 | 	6	 | 	12,08
  4	 | 	6	 | 	11,05
  1	 | 	3	 | 	9,06
  3	 | 	8	 | 	12,65
  0	 | 	5	 | 	10,20
  0	 | 	8	 | 	12,00
___________________________
