Simulation Topology 1
___________________________
[11]				[0]		
[8]				[0]		
[7]				[1]		
[14]				[4]		
[18]				[5]		
[8]				[7]		
[9]				[9]		
[0]				[9]		
[14]				[10]		
[16]				[10]		
___________________________
Simulation Topology [1:1]
___________________________
From 	  To 		Length
___________________________
  0	 | 	1	 | 	3,00
  0	 | 	2	 | 	4,12
  0	 | 	3	 | 	5,00
  0	 | 	5	 | 	7,62
  0	 | 	7	 | 	14,21
  0	 | 	9	 | 	11,18
  1	 | 	4	 | 	11,18
  1	 | 	8	 | 	11,66
  2	 | 	3	 | 	7,62
  2	 | 	4	 | 	11,70
  2	 | 	5	 | 	6,08
  3	 | 	5	 | 	6,71
  3	 | 	8	 | 	6,00
  4	 | 	5	 | 	10,20
  4	 | 	6	 | 	9,85
  4	 | 	8	 | 	6,40
  4	 | 	9	 | 	5,39
  5	 | 	6	 | 	2,24
  5	 | 	7	 | 	8,25
___________________________
Simulation Topology [1:2]
___________________________
From 	  To 		Length
___________________________
  0	 | 	1	 | 	3,00
  0	 | 	2	 | 	4,12
  0	 | 	3	 | 	5,00
  0	 | 	5	 | 	7,62
  0	 | 	7	 | 	14,21
  0	 | 	9	 | 	11,18
  1	 | 	4	 | 	11,18
  1	 | 	8	 | 	11,66
  2	 | 	3	 | 	7,62
  2	 | 	4	 | 	11,70
  2	 | 	5	 | 	6,08
  3	 | 	5	 | 	6,71
  3	 | 	8	 | 	6,00
  4	 | 	5	 | 	10,20
  4	 | 	6	 | 	9,85
  4	 | 	8	 | 	6,40
  4	 | 	9	 | 	5,39
  5	 | 	6	 | 	2,24
  5	 | 	7	 | 	8,25
  1	 | 	2	 | 	1,41
___________________________
