Simulation Topology 1
___________________________
[12]				[0]		
[5]				[1]		
[0]				[2]		
[8]				[3]		
[3]				[4]		
[8]				[5]		
[14]				[5]		
[8]				[6]		
[13]				[8]		
[16]				[8]		
___________________________
Simulation Topology [1:1]
___________________________
From 	  To 		Length
___________________________
  0	 | 	1	 | 	7,07
  0	 | 	3	 | 	5,00
  0	 | 	7	 | 	7,21
  0	 | 	9	 | 	8,94
  1	 | 	3	 | 	3,61
  1	 | 	5	 | 	5,00
  1	 | 	9	 | 	13,04
  2	 | 	3	 | 	8,06
  2	 | 	4	 | 	3,61
  2	 | 	8	 | 	14,32
  3	 | 	4	 | 	5,10
  4	 | 	7	 | 	5,39
  4	 | 	9	 | 	13,60
  5	 | 	7	 | 	1,00
  5	 | 	8	 | 	5,83
  5	 | 	9	 | 	8,54
  6	 | 	7	 | 	6,08
  6	 | 	8	 | 	3,16
  7	 | 	8	 | 	5,39
___________________________
Simulation Topology [1:2]
___________________________
From 	  To 		Length
___________________________
  0	 | 	1	 | 	7,07
  0	 | 	3	 | 	5,00
  0	 | 	7	 | 	7,21
  0	 | 	9	 | 	8,94
  1	 | 	3	 | 	3,61
  1	 | 	5	 | 	5,00
  1	 | 	9	 | 	13,04
  2	 | 	3	 | 	8,06
  2	 | 	4	 | 	3,61
  2	 | 	8	 | 	14,32
  3	 | 	4	 | 	5,10
  4	 | 	7	 | 	5,39
  4	 | 	9	 | 	13,60
  5	 | 	7	 | 	1,00
  5	 | 	8	 | 	5,83
  5	 | 	9	 | 	8,54
  6	 | 	7	 | 	6,08
  6	 | 	8	 | 	3,16
  7	 | 	8	 | 	5,39
  8	 | 	9	 | 	3,00
___________________________
