Simulation Topology 1
___________________________
[18]				[0]		
[10]				[0]		
[12]				[1]		
[8]				[1]		
[18]				[3]		
[18]				[4]		
[16]				[4]		
[6]				[6]		
[3]				[6]		
[4]				[7]		
___________________________
Simulation Topology [1:1]
___________________________
From 	  To 		Length
___________________________
  0	 | 	1	 | 	8,00
  0	 | 	2	 | 	6,08
  0	 | 	3	 | 	10,05
  1	 | 	4	 | 	8,54
  2	 | 	3	 | 	4,00
  2	 | 	4	 | 	6,32
  2	 | 	5	 | 	6,71
  2	 | 	8	 | 	10,30
  2	 | 	9	 | 	10,00
  3	 | 	4	 | 	10,20
  4	 | 	5	 | 	1,00
  4	 | 	6	 | 	2,24
  5	 | 	7	 | 	12,17
  6	 | 	7	 | 	10,20
  6	 | 	9	 | 	12,37
  7	 | 	9	 | 	2,24
  8	 | 	9	 | 	1,41
___________________________
Simulation Topology [1:2]
___________________________
From 	  To 		Length
___________________________
  0	 | 	1	 | 	8,00
  0	 | 	2	 | 	6,08
  0	 | 	3	 | 	10,05
  1	 | 	4	 | 	8,54
  2	 | 	3	 | 	4,00
  2	 | 	4	 | 	6,32
  2	 | 	5	 | 	6,71
  2	 | 	8	 | 	10,30
  2	 | 	9	 | 	10,00
  3	 | 	4	 | 	10,20
  4	 | 	5	 | 	1,00
  4	 | 	6	 | 	2,24
  5	 | 	7	 | 	12,17
  6	 | 	7	 | 	10,20
  6	 | 	9	 | 	12,37
  7	 | 	9	 | 	2,24
  8	 | 	9	 | 	1,41
  5	 | 	6	 | 	2,00
___________________________
Simulation Topology [1:3]
___________________________
From 	  To 		Length
___________________________
  0	 | 	1	 | 	8,00
  0	 | 	2	 | 	6,08
  0	 | 	3	 | 	10,05
  1	 | 	4	 | 	8,54
  2	 | 	3	 | 	4,00
  2	 | 	4	 | 	6,32
  2	 | 	5	 | 	6,71
  2	 | 	8	 | 	10,30
  2	 | 	9	 | 	10,00
  3	 | 	4	 | 	10,20
  4	 | 	5	 | 	1,00
  4	 | 	6	 | 	2,24
  5	 | 	7	 | 	12,17
  6	 | 	7	 | 	10,20
  6	 | 	9	 | 	12,37
  7	 | 	9	 | 	2,24
  8	 | 	9	 | 	1,41
  5	 | 	6	 | 	2,00
  0	 | 	4	 | 	3,00
___________________________
Simulation Topology [1:4]
___________________________
From 	  To 		Length
___________________________
  0	 | 	1	 | 	8,00
  0	 | 	2	 | 	6,08
  0	 | 	3	 | 	10,05
  1	 | 	4	 | 	8,54
  2	 | 	3	 | 	4,00
  2	 | 	4	 | 	6,32
  2	 | 	5	 | 	6,71
  2	 | 	8	 | 	10,30
  2	 | 	9	 | 	10,00
  3	 | 	4	 | 	10,20
  4	 | 	5	 | 	1,00
  4	 | 	6	 | 	2,24
  5	 | 	7	 | 	12,17
  6	 | 	7	 | 	10,20
  6	 | 	9	 | 	12,37
  7	 | 	9	 | 	2,24
  8	 | 	9	 | 	1,41
  5	 | 	6	 | 	2,00
  0	 | 	4	 | 	3,00
  1	 | 	7	 | 	7,21
___________________________
