Simulation Topology 1
___________________________
[17]				[1]		
[4]				[2]		
[16]				[3]		
[9]				[3]		
[19]				[4]		
[11]				[5]		
[4]				[6]		
[1]				[6]		
[3]				[7]		
[15]				[7]		
___________________________
Simulation Topology [1:1]
___________________________
From 	  To 		Length
___________________________
  0	 | 	1	 | 	13,04
  0	 | 	2	 | 	2,24
  0	 | 	4	 | 	3,61
  0	 | 	6	 | 	13,93
  1	 | 	2	 | 	12,04
  1	 | 	4	 | 	15,13
  1	 | 	8	 | 	5,10
  2	 | 	3	 | 	7,00
  2	 | 	4	 | 	3,16
  3	 | 	9	 | 	7,21
  4	 | 	5	 | 	8,06
  5	 | 	6	 | 	7,07
  5	 | 	8	 | 	8,25
  6	 | 	7	 | 	3,00
  6	 | 	9	 | 	11,05
  7	 | 	8	 | 	2,24
  7	 | 	9	 | 	14,04
___________________________
Simulation Topology [1:2]
___________________________
From 	  To 		Length
___________________________
  0	 | 	1	 | 	13,04
  0	 | 	2	 | 	2,24
  0	 | 	4	 | 	3,61
  0	 | 	6	 | 	13,93
  1	 | 	2	 | 	12,04
  1	 | 	4	 | 	15,13
  1	 | 	8	 | 	5,10
  2	 | 	3	 | 	7,00
  2	 | 	4	 | 	3,16
  3	 | 	9	 | 	7,21
  4	 | 	5	 | 	8,06
  5	 | 	6	 | 	7,07
  5	 | 	8	 | 	8,25
  6	 | 	7	 | 	3,00
  6	 | 	9	 | 	11,05
  7	 | 	8	 | 	2,24
  7	 | 	9	 | 	14,04
  5	 | 	9	 | 	4,47
___________________________
Simulation Topology [1:3]
___________________________
From 	  To 		Length
___________________________
  0	 | 	1	 | 	13,04
  0	 | 	2	 | 	2,24
  0	 | 	4	 | 	3,61
  0	 | 	6	 | 	13,93
  1	 | 	2	 | 	12,04
  1	 | 	4	 | 	15,13
  1	 | 	8	 | 	5,10
  2	 | 	3	 | 	7,00
  2	 | 	4	 | 	3,16
  3	 | 	9	 | 	7,21
  4	 | 	5	 | 	8,06
  5	 | 	6	 | 	7,07
  5	 | 	8	 | 	8,25
  6	 | 	7	 | 	3,00
  6	 | 	9	 | 	11,05
  7	 | 	8	 | 	2,24
  7	 | 	9	 | 	14,04
  5	 | 	9	 | 	4,47
  2	 | 	9	 | 	4,12
___________________________
Simulation Topology [1:4]
___________________________
From 	  To 		Length
___________________________
  0	 | 	1	 | 	13,04
  0	 | 	2	 | 	2,24
  0	 | 	4	 | 	3,61
  0	 | 	6	 | 	13,93
  1	 | 	2	 | 	12,04
  1	 | 	4	 | 	15,13
  1	 | 	8	 | 	5,10
  2	 | 	3	 | 	7,00
  2	 | 	4	 | 	3,16
  3	 | 	9	 | 	7,21
  4	 | 	5	 | 	8,06
  5	 | 	6	 | 	7,07
  5	 | 	8	 | 	8,25
  6	 | 	7	 | 	3,00
  6	 | 	9	 | 	11,05
  7	 | 	8	 | 	2,24
  7	 | 	9	 | 	14,04
  5	 | 	9	 | 	4,47
  2	 | 	9	 | 	4,12
  1	 | 	3	 | 	5,10
___________________________
