Simulation Topology 1
___________________________
[8]				[0]		
[7]				[1]		
[15]				[1]		
[17]				[3]		
[3]				[3]		
[10]				[5]		
[12]				[5]		
[14]				[7]		
[15]				[8]		
[3]				[10]		
___________________________
Simulation Topology [1:1]
___________________________
From 	  To 		Length
___________________________
  0	 | 	1	 | 	1,41
  0	 | 	4	 | 	5,83
  0	 | 	7	 | 	9,22
  0	 | 	8	 | 	10,63
  1	 | 	5	 | 	5,00
  1	 | 	6	 | 	6,40
  1	 | 	7	 | 	9,22
  1	 | 	9	 | 	9,85
  2	 | 	3	 | 	2,83
  2	 | 	6	 | 	5,00
  2	 | 	7	 | 	6,08
  2	 | 	9	 | 	15,00
  3	 | 	5	 | 	7,28
  3	 | 	9	 | 	15,65
  4	 | 	5	 | 	7,28
  4	 | 	8	 | 	13,00
  7	 | 	8	 | 	1,41
  7	 | 	9	 | 	11,40
  8	 | 	9	 | 	12,17
___________________________
Simulation Topology [1:2]
___________________________
From 	  To 		Length
___________________________
  0	 | 	1	 | 	1,41
  0	 | 	4	 | 	5,83
  0	 | 	7	 | 	9,22
  0	 | 	8	 | 	10,63
  1	 | 	5	 | 	5,00
  1	 | 	6	 | 	6,40
  1	 | 	7	 | 	9,22
  1	 | 	9	 | 	9,85
  2	 | 	3	 | 	2,83
  2	 | 	6	 | 	5,00
  2	 | 	7	 | 	6,08
  2	 | 	9	 | 	15,00
  3	 | 	5	 | 	7,28
  3	 | 	9	 | 	15,65
  4	 | 	5	 | 	7,28
  4	 | 	8	 | 	13,00
  7	 | 	8	 | 	1,41
  7	 | 	9	 | 	11,40
  8	 | 	9	 | 	12,17
  5	 | 	6	 | 	2,00
___________________________
