Simulation Topology 1
___________________________
[12]				[2]		
[8]				[3]		
[15]				[3]		
[15]				[5]		
[3]				[5]		
[19]				[6]		
[17]				[6]		
[6]				[7]		
[4]				[9]		
[3]				[10]		
___________________________
Simulation Topology [1:1]
___________________________
From 	  To 		Length
___________________________
  0	 | 	1	 | 	4,12
  0	 | 	2	 | 	3,16
  0	 | 	3	 | 	4,24
  1	 | 	4	 | 	5,39
  2	 | 	3	 | 	2,00
  2	 | 	8	 | 	12,53
  3	 | 	5	 | 	4,12
  3	 | 	7	 | 	9,22
  4	 | 	5	 | 	16,03
  4	 | 	6	 | 	14,04
  4	 | 	7	 | 	3,61
  4	 | 	9	 | 	5,00
  5	 | 	6	 | 	2,00
  5	 | 	8	 | 	15,30
  5	 | 	9	 | 	16,49
  6	 | 	7	 | 	11,05
  6	 | 	8	 | 	13,34
  6	 | 	9	 | 	14,56
  7	 | 	8	 | 	2,83
___________________________
Simulation Topology [1:2]
___________________________
From 	  To 		Length
___________________________
  0	 | 	1	 | 	4,12
  0	 | 	2	 | 	3,16
  0	 | 	3	 | 	4,24
  1	 | 	4	 | 	5,39
  2	 | 	3	 | 	2,00
  2	 | 	8	 | 	12,53
  3	 | 	5	 | 	4,12
  3	 | 	7	 | 	9,22
  4	 | 	5	 | 	16,03
  4	 | 	6	 | 	14,04
  4	 | 	7	 | 	3,61
  4	 | 	9	 | 	5,00
  5	 | 	6	 | 	2,00
  5	 | 	8	 | 	15,30
  5	 | 	9	 | 	16,49
  6	 | 	7	 | 	11,05
  6	 | 	8	 | 	13,34
  6	 | 	9	 | 	14,56
  7	 | 	8	 | 	2,83
  2	 | 	7	 | 	9,85
___________________________
