Simulation Topology 1
___________________________
[12]				[0]		
[10]				[0]		
[8]				[2]		
[2]				[2]		
[17]				[4]		
[19]				[6]		
[8]				[6]		
[17]				[7]		
[6]				[9]		
[11]				[10]		
___________________________
Simulation Topology [1:1]
___________________________
From 	  To 		Length
___________________________
  0	 | 	1	 | 	2,00
  0	 | 	4	 | 	6,40
  0	 | 	5	 | 	9,22
  0	 | 	7	 | 	8,60
  0	 | 	9	 | 	10,05
  1	 | 	2	 | 	2,83
  1	 | 	6	 | 	6,32
  1	 | 	8	 | 	9,85
  2	 | 	3	 | 	6,00
  2	 | 	7	 | 	10,30
  3	 | 	5	 | 	17,46
  3	 | 	7	 | 	15,81
  4	 | 	5	 | 	2,83
  4	 | 	7	 | 	3,00
  4	 | 	8	 | 	12,08
  5	 | 	8	 | 	13,34
  6	 | 	8	 | 	3,61
  6	 | 	9	 | 	5,00
  7	 | 	9	 | 	6,71
___________________________
Simulation Topology [1:2]
___________________________
From 	  To 		Length
___________________________
  0	 | 	1	 | 	2,00
  0	 | 	4	 | 	6,40
  0	 | 	5	 | 	9,22
  0	 | 	7	 | 	8,60
  0	 | 	9	 | 	10,05
  1	 | 	2	 | 	2,83
  1	 | 	6	 | 	6,32
  1	 | 	8	 | 	9,85
  2	 | 	3	 | 	6,00
  2	 | 	7	 | 	10,30
  3	 | 	5	 | 	17,46
  3	 | 	7	 | 	15,81
  4	 | 	5	 | 	2,83
  4	 | 	7	 | 	3,00
  4	 | 	8	 | 	12,08
  5	 | 	8	 | 	13,34
  6	 | 	8	 | 	3,61
  6	 | 	9	 | 	5,00
  7	 | 	9	 | 	6,71
  1	 | 	4	 | 	8,06
___________________________
