Simulation Topology 1
___________________________
[17]				[0]		
[9]				[0]		
[15]				[1]		
[15]				[3]		
[16]				[4]		
[2]				[4]		
[4]				[9]		
[19]				[9]		
[10]				[10]		
[17]				[11]		
___________________________
Simulation Topology [1:1]
___________________________
From 	  To 		Length
___________________________
  0	 | 	1	 | 	8,00
  0	 | 	2	 | 	2,24
  0	 | 	3	 | 	3,61
  1	 | 	2	 | 	6,08
  1	 | 	4	 | 	8,06
  1	 | 	6	 | 	10,30
  1	 | 	9	 | 	13,60
  2	 | 	3	 | 	2,00
  2	 | 	4	 | 	3,16
  3	 | 	6	 | 	12,53
  3	 | 	7	 | 	7,21
  4	 | 	5	 | 	14,00
  4	 | 	8	 | 	8,49
  4	 | 	9	 | 	7,07
  5	 | 	6	 | 	5,39
  6	 | 	8	 | 	6,08
  7	 | 	8	 | 	9,06
  7	 | 	9	 | 	2,83
  8	 | 	9	 | 	7,07
___________________________
Simulation Topology [1:2]
___________________________
From 	  To 		Length
___________________________
  0	 | 	1	 | 	8,00
  0	 | 	2	 | 	2,24
  0	 | 	3	 | 	3,61
  1	 | 	2	 | 	6,08
  1	 | 	4	 | 	8,06
  1	 | 	6	 | 	10,30
  1	 | 	9	 | 	13,60
  2	 | 	3	 | 	2,00
  2	 | 	4	 | 	3,16
  3	 | 	6	 | 	12,53
  3	 | 	7	 | 	7,21
  4	 | 	5	 | 	14,00
  4	 | 	8	 | 	8,49
  4	 | 	9	 | 	7,07
  5	 | 	6	 | 	5,39
  6	 | 	8	 | 	6,08
  7	 | 	8	 | 	9,06
  7	 | 	9	 | 	2,83
  8	 | 	9	 | 	7,07
  3	 | 	4	 | 	1,41
___________________________
