Simulation Topology 1
___________________________
[18]				[0]		
[5]				[1]		
[8]				[1]		
[5]				[2]		
[19]				[2]		
[8]				[3]		
[14]				[3]		
[13]				[4]		
[3]				[5]		
[11]				[5]		
___________________________
Simulation Topology [1:1]
___________________________
From 	  To 		Length
___________________________
  0	 | 	1	 | 	13,04
  0	 | 	2	 | 	10,05
  0	 | 	5	 | 	10,44
  0	 | 	6	 | 	5,00
  0	 | 	9	 | 	8,60
  1	 | 	4	 | 	14,04
  1	 | 	8	 | 	4,47
  2	 | 	3	 | 	3,16
  2	 | 	5	 | 	2,00
  3	 | 	7	 | 	8,25
  3	 | 	9	 | 	6,71
  4	 | 	5	 | 	11,05
  4	 | 	7	 | 	6,32
  5	 | 	7	 | 	5,10
  5	 | 	9	 | 	3,61
  6	 | 	7	 | 	1,41
  7	 | 	9	 | 	2,24
  8	 | 	9	 | 	8,00
___________________________
Simulation Topology [1:2]
___________________________
From 	  To 		Length
___________________________
  0	 | 	1	 | 	13,04
  0	 | 	2	 | 	10,05
  0	 | 	5	 | 	10,44
  0	 | 	6	 | 	5,00
  0	 | 	9	 | 	8,60
  1	 | 	4	 | 	14,04
  1	 | 	8	 | 	4,47
  2	 | 	3	 | 	3,16
  2	 | 	5	 | 	2,00
  3	 | 	7	 | 	8,25
  3	 | 	9	 | 	6,71
  4	 | 	5	 | 	11,05
  4	 | 	7	 | 	6,32
  5	 | 	7	 | 	5,10
  5	 | 	9	 | 	3,61
  6	 | 	7	 | 	1,41
  7	 | 	9	 | 	2,24
  8	 | 	9	 | 	8,00
  4	 | 	6	 | 	5,10
___________________________
Simulation Topology [1:3]
___________________________
From 	  To 		Length
___________________________
  0	 | 	1	 | 	13,04
  0	 | 	2	 | 	10,05
  0	 | 	5	 | 	10,44
  0	 | 	6	 | 	5,00
  0	 | 	9	 | 	8,60
  1	 | 	4	 | 	14,04
  1	 | 	8	 | 	4,47
  2	 | 	3	 | 	3,16
  2	 | 	5	 | 	2,00
  3	 | 	7	 | 	8,25
  3	 | 	9	 | 	6,71
  4	 | 	5	 | 	11,05
  4	 | 	7	 | 	6,32
  5	 | 	7	 | 	5,10
  5	 | 	9	 | 	3,61
  6	 | 	7	 | 	1,41
  7	 | 	9	 | 	2,24
  8	 | 	9	 | 	8,00
  4	 | 	6	 | 	5,10
  1	 | 	2	 | 	3,00
___________________________
