Simulation Topology 1
___________________________
[7]				[1]		
[4]				[2]		
[11]				[4]		
[17]				[4]		
[10]				[7]		
[14]				[7]		
[13]				[10]		
[9]				[11]		
[6]				[11]		
[17]				[14]		
___________________________
Simulation Topology [1:1]
___________________________
From 	  To 		Length
___________________________
  0	 | 	1	 | 	3,16
  0	 | 	3	 | 	10,44
  0	 | 	5	 | 	9,22
  1	 | 	2	 | 	7,28
  1	 | 	5	 | 	11,18
  1	 | 	7	 | 	10,30
  1	 | 	9	 | 	17,69
  2	 | 	3	 | 	6,00
  2	 | 	4	 | 	3,16
  3	 | 	6	 | 	7,21
  3	 | 	7	 | 	10,63
  4	 | 	5	 | 	4,00
  4	 | 	6	 | 	4,24
  4	 | 	7	 | 	4,12
  5	 | 	8	 | 	8,94
  6	 | 	7	 | 	4,12
  6	 | 	8	 | 	7,07
  8	 | 	9	 | 	11,40
___________________________
Simulation Topology [1:2]
___________________________
From 	  To 		Length
___________________________
  0	 | 	1	 | 	3,16
  0	 | 	3	 | 	10,44
  0	 | 	5	 | 	9,22
  1	 | 	2	 | 	7,28
  1	 | 	5	 | 	11,18
  1	 | 	7	 | 	10,30
  1	 | 	9	 | 	17,69
  2	 | 	3	 | 	6,00
  2	 | 	4	 | 	3,16
  3	 | 	6	 | 	7,21
  3	 | 	7	 | 	10,63
  4	 | 	5	 | 	4,00
  4	 | 	6	 | 	4,24
  4	 | 	7	 | 	4,12
  5	 | 	8	 | 	8,94
  6	 | 	7	 | 	4,12
  6	 | 	8	 | 	7,07
  8	 | 	9	 | 	11,40
  7	 | 	8	 | 	3,00
___________________________
Simulation Topology [1:3]
___________________________
From 	  To 		Length
___________________________
  0	 | 	1	 | 	3,16
  0	 | 	3	 | 	10,44
  0	 | 	5	 | 	9,22
  1	 | 	2	 | 	7,28
  1	 | 	5	 | 	11,18
  1	 | 	7	 | 	10,30
  1	 | 	9	 | 	17,69
  2	 | 	3	 | 	6,00
  2	 | 	4	 | 	3,16
  3	 | 	6	 | 	7,21
  3	 | 	7	 | 	10,63
  4	 | 	5	 | 	4,00
  4	 | 	6	 | 	4,24
  4	 | 	7	 | 	4,12
  5	 | 	8	 | 	8,94
  6	 | 	7	 | 	4,12
  6	 | 	8	 | 	7,07
  8	 | 	9	 | 	11,40
  7	 | 	8	 | 	3,00
  5	 | 	6	 | 	3,16
___________________________
