Simulation Topology 1
___________________________
[7]				[1]		
[7]				[2]		
[9]				[2]		
[13]				[3]		
[2]				[3]		
[18]				[4]		
[15]				[5]		
[10]				[7]		
[13]				[9]		
[2]				[9]		
___________________________
Simulation Topology [1:1]
___________________________
From 	  To 		Length
___________________________
  0	 | 	1	 | 	1,00
  0	 | 	2	 | 	2,24
  0	 | 	5	 | 	11,40
  1	 | 	5	 | 	11,18
  1	 | 	6	 | 	8,54
  1	 | 	7	 | 	5,83
  2	 | 	3	 | 	4,12
  2	 | 	4	 | 	7,07
  2	 | 	7	 | 	5,10
  3	 | 	9	 | 	12,53
  4	 | 	5	 | 	16,03
  4	 | 	7	 | 	8,94
  4	 | 	8	 | 	12,53
  4	 | 	9	 | 	6,00
  5	 | 	6	 | 	3,16
  5	 | 	7	 | 	8,54
  6	 | 	8	 | 	4,47
  7	 | 	9	 | 	8,25
___________________________
Simulation Topology [1:2]
___________________________
From 	  To 		Length
___________________________
  0	 | 	1	 | 	1,00
  0	 | 	2	 | 	2,24
  0	 | 	5	 | 	11,40
  1	 | 	5	 | 	11,18
  1	 | 	6	 | 	8,54
  1	 | 	7	 | 	5,83
  2	 | 	3	 | 	4,12
  2	 | 	4	 | 	7,07
  2	 | 	7	 | 	5,10
  3	 | 	9	 | 	12,53
  4	 | 	5	 | 	16,03
  4	 | 	7	 | 	8,94
  4	 | 	8	 | 	12,53
  4	 | 	9	 | 	6,00
  5	 | 	6	 | 	3,16
  5	 | 	7	 | 	8,54
  6	 | 	8	 | 	4,47
  7	 | 	9	 | 	8,25
  3	 | 	6	 | 	2,83
___________________________
Simulation Topology [1:3]
___________________________
From 	  To 		Length
___________________________
  0	 | 	1	 | 	1,00
  0	 | 	2	 | 	2,24
  0	 | 	5	 | 	11,40
  1	 | 	5	 | 	11,18
  1	 | 	6	 | 	8,54
  1	 | 	7	 | 	5,83
  2	 | 	3	 | 	4,12
  2	 | 	4	 | 	7,07
  2	 | 	7	 | 	5,10
  3	 | 	9	 | 	12,53
  4	 | 	5	 | 	16,03
  4	 | 	7	 | 	8,94
  4	 | 	8	 | 	12,53
  4	 | 	9	 | 	6,00
  5	 | 	6	 | 	3,16
  5	 | 	7	 | 	8,54
  6	 | 	8	 | 	4,47
  7	 | 	9	 | 	8,25
  3	 | 	6	 | 	2,83
  8	 | 	9	 | 	11,00
___________________________
