Simulation Topology 1
___________________________
[2]				[0]		
[18]				[0]		
[4]				[5]		
[14]				[5]		
[15]				[6]		
[2]				[6]		
[6]				[7]		
[10]				[8]		
[19]				[9]		
[10]				[11]		
___________________________
Simulation Topology [1:1]
___________________________
From 	  To 		Length
___________________________
  0	 | 	1	 | 	16,00
  0	 | 	2	 | 	5,39
  0	 | 	4	 | 	14,32
  0	 | 	9	 | 	13,60
  1	 | 	2	 | 	14,87
  2	 | 	3	 | 	10,00
  2	 | 	5	 | 	2,24
  2	 | 	6	 | 	2,83
  2	 | 	7	 | 	6,71
  3	 | 	4	 | 	1,41
  3	 | 	5	 | 	12,04
  3	 | 	7	 | 	5,00
  3	 | 	8	 | 	6,40
  4	 | 	5	 | 	13,00
  4	 | 	7	 | 	5,39
  5	 | 	6	 | 	4,12
  6	 | 	8	 | 	13,15
  6	 | 	9	 | 	5,66
  7	 | 	8	 | 	9,06
  7	 | 	9	 | 	3,00
  8	 | 	9	 | 	9,22
___________________________
Simulation Topology [1:2]
___________________________
From 	  To 		Length
___________________________
  0	 | 	1	 | 	16,00
  0	 | 	2	 | 	5,39
  0	 | 	4	 | 	14,32
  0	 | 	9	 | 	13,60
  1	 | 	2	 | 	14,87
  2	 | 	3	 | 	10,00
  2	 | 	5	 | 	2,24
  2	 | 	6	 | 	2,83
  2	 | 	7	 | 	6,71
  3	 | 	4	 | 	1,41
  3	 | 	5	 | 	12,04
  3	 | 	7	 | 	5,00
  3	 | 	8	 | 	6,40
  4	 | 	5	 | 	13,00
  4	 | 	7	 | 	5,39
  5	 | 	6	 | 	4,12
  6	 | 	8	 | 	13,15
  6	 | 	9	 | 	5,66
  7	 | 	8	 | 	9,06
  7	 | 	9	 | 	3,00
  8	 | 	9	 | 	9,22
  1	 | 	8	 | 	9,06
___________________________
Simulation Topology [1:3]
___________________________
From 	  To 		Length
___________________________
  0	 | 	1	 | 	16,00
  0	 | 	2	 | 	5,39
  0	 | 	4	 | 	14,32
  0	 | 	9	 | 	13,60
  1	 | 	2	 | 	14,87
  2	 | 	3	 | 	10,00
  2	 | 	5	 | 	2,24
  2	 | 	6	 | 	2,83
  2	 | 	7	 | 	6,71
  3	 | 	4	 | 	1,41
  3	 | 	5	 | 	12,04
  3	 | 	7	 | 	5,00
  3	 | 	8	 | 	6,40
  4	 | 	5	 | 	13,00
  4	 | 	7	 | 	5,39
  5	 | 	6	 | 	4,12
  6	 | 	8	 | 	13,15
  6	 | 	9	 | 	5,66
  7	 | 	8	 | 	9,06
  7	 | 	9	 | 	3,00
  8	 | 	9	 | 	9,22
  1	 | 	8	 | 	9,06
  1	 | 	4	 | 	6,71
___________________________
Simulation Topology [1:4]
___________________________
From 	  To 		Length
___________________________
  0	 | 	1	 | 	16,00
  0	 | 	2	 | 	5,39
  0	 | 	4	 | 	14,32
  0	 | 	9	 | 	13,60
  1	 | 	2	 | 	14,87
  2	 | 	3	 | 	10,00
  2	 | 	5	 | 	2,24
  2	 | 	6	 | 	2,83
  2	 | 	7	 | 	6,71
  3	 | 	4	 | 	1,41
  3	 | 	5	 | 	12,04
  3	 | 	7	 | 	5,00
  3	 | 	8	 | 	6,40
  4	 | 	5	 | 	13,00
  4	 | 	7	 | 	5,39
  5	 | 	6	 | 	4,12
  6	 | 	8	 | 	13,15
  6	 | 	9	 | 	5,66
  7	 | 	8	 | 	9,06
  7	 | 	9	 | 	3,00
  8	 | 	9	 | 	9,22
  1	 | 	8	 | 	9,06
  1	 | 	4	 | 	6,71
  3	 | 	9	 | 	7,21
___________________________
Simulation Topology [1:5]
___________________________
From 	  To 		Length
___________________________
  0	 | 	1	 | 	16,00
  0	 | 	2	 | 	5,39
  0	 | 	4	 | 	14,32
  0	 | 	9	 | 	13,60
  1	 | 	2	 | 	14,87
  2	 | 	3	 | 	10,00
  2	 | 	5	 | 	2,24
  2	 | 	6	 | 	2,83
  2	 | 	7	 | 	6,71
  3	 | 	4	 | 	1,41
  3	 | 	5	 | 	12,04
  3	 | 	7	 | 	5,00
  3	 | 	8	 | 	6,40
  4	 | 	5	 | 	13,00
  4	 | 	7	 | 	5,39
  5	 | 	6	 | 	4,12
  6	 | 	8	 | 	13,15
  6	 | 	9	 | 	5,66
  7	 | 	8	 | 	9,06
  7	 | 	9	 | 	3,00
  8	 | 	9	 | 	9,22
  1	 | 	8	 | 	9,06
  1	 | 	4	 | 	6,71
  3	 | 	9	 | 	7,21
  2	 | 	9	 | 	8,49
___________________________
Simulation Topology [1:6]
___________________________
From 	  To 		Length
___________________________
  0	 | 	1	 | 	16,00
  0	 | 	2	 | 	5,39
  0	 | 	4	 | 	14,32
  0	 | 	9	 | 	13,60
  1	 | 	2	 | 	14,87
  2	 | 	3	 | 	10,00
  2	 | 	5	 | 	2,24
  2	 | 	6	 | 	2,83
  2	 | 	7	 | 	6,71
  3	 | 	4	 | 	1,41
  3	 | 	5	 | 	12,04
  3	 | 	7	 | 	5,00
  3	 | 	8	 | 	6,40
  4	 | 	5	 | 	13,00
  4	 | 	7	 | 	5,39
  5	 | 	6	 | 	4,12
  6	 | 	8	 | 	13,15
  6	 | 	9	 | 	5,66
  7	 | 	8	 | 	9,06
  7	 | 	9	 | 	3,00
  8	 | 	9	 | 	9,22
  1	 | 	8	 | 	9,06
  1	 | 	4	 | 	6,71
  3	 | 	9	 | 	7,21
  2	 | 	9	 | 	8,49
  4	 | 	8	 | 	5,00
___________________________
Simulation Topology [1:7]
___________________________
From 	  To 		Length
___________________________
  0	 | 	1	 | 	16,00
  0	 | 	2	 | 	5,39
  0	 | 	4	 | 	14,32
  0	 | 	9	 | 	13,60
  1	 | 	2	 | 	14,87
  2	 | 	3	 | 	10,00
  2	 | 	5	 | 	2,24
  2	 | 	6	 | 	2,83
  2	 | 	7	 | 	6,71
  3	 | 	4	 | 	1,41
  3	 | 	5	 | 	12,04
  3	 | 	7	 | 	5,00
  3	 | 	8	 | 	6,40
  4	 | 	5	 | 	13,00
  4	 | 	7	 | 	5,39
  5	 | 	6	 | 	4,12
  6	 | 	8	 | 	13,15
  6	 | 	9	 | 	5,66
  7	 | 	8	 | 	9,06
  7	 | 	9	 | 	3,00
  8	 | 	9	 | 	9,22
  1	 | 	8	 | 	9,06
  1	 | 	4	 | 	6,71
  3	 | 	9	 | 	7,21
  2	 | 	9	 | 	8,49
  4	 | 	8	 | 	5,00
  1	 | 	3	 | 	6,40
___________________________
Simulation Topology [1:8]
___________________________
From 	  To 		Length
___________________________
  0	 | 	1	 | 	16,00
  0	 | 	2	 | 	5,39
  0	 | 	4	 | 	14,32
  0	 | 	9	 | 	13,60
  1	 | 	2	 | 	14,87
  2	 | 	3	 | 	10,00
  2	 | 	5	 | 	2,24
  2	 | 	6	 | 	2,83
  2	 | 	7	 | 	6,71
  3	 | 	4	 | 	1,41
  3	 | 	5	 | 	12,04
  3	 | 	7	 | 	5,00
  3	 | 	8	 | 	6,40
  4	 | 	5	 | 	13,00
  4	 | 	7	 | 	5,39
  5	 | 	6	 | 	4,12
  6	 | 	8	 | 	13,15
  6	 | 	9	 | 	5,66
  7	 | 	8	 | 	9,06
  7	 | 	9	 | 	3,00
  8	 | 	9	 | 	9,22
  1	 | 	8	 | 	9,06
  1	 | 	4	 | 	6,71
  3	 | 	9	 | 	7,21
  2	 | 	9	 | 	8,49
  4	 | 	8	 | 	5,00
  1	 | 	3	 | 	6,40
  6	 | 	7	 | 	4,12
___________________________
Simulation Topology [1:9]
___________________________
From 	  To 		Length
___________________________
  0	 | 	1	 | 	16,00
  0	 | 	2	 | 	5,39
  0	 | 	4	 | 	14,32
  0	 | 	9	 | 	13,60
  1	 | 	2	 | 	14,87
  2	 | 	3	 | 	10,00
  2	 | 	5	 | 	2,24
  2	 | 	6	 | 	2,83
  2	 | 	7	 | 	6,71
  3	 | 	4	 | 	1,41
  3	 | 	5	 | 	12,04
  3	 | 	7	 | 	5,00
  3	 | 	8	 | 	6,40
  4	 | 	5	 | 	13,00
  4	 | 	7	 | 	5,39
  5	 | 	6	 | 	4,12
  6	 | 	8	 | 	13,15
  6	 | 	9	 | 	5,66
  7	 | 	8	 | 	9,06
  7	 | 	9	 | 	3,00
  8	 | 	9	 | 	9,22
  1	 | 	8	 | 	9,06
  1	 | 	4	 | 	6,71
  3	 | 	9	 | 	7,21
  2	 | 	9	 | 	8,49
  4	 | 	8	 | 	5,00
  1	 | 	3	 | 	6,40
  6	 | 	7	 | 	4,12
  0	 | 	5	 | 	6,00
___________________________
Simulation Topology [1:10]
___________________________
From 	  To 		Length
___________________________
  0	 | 	1	 | 	16,00
  0	 | 	2	 | 	5,39
  0	 | 	4	 | 	14,32
  0	 | 	9	 | 	13,60
  1	 | 	2	 | 	14,87
  2	 | 	3	 | 	10,00
  2	 | 	5	 | 	2,24
  2	 | 	6	 | 	2,83
  2	 | 	7	 | 	6,71
  3	 | 	4	 | 	1,41
  3	 | 	5	 | 	12,04
  3	 | 	7	 | 	5,00
  3	 | 	8	 | 	6,40
  4	 | 	5	 | 	13,00
  4	 | 	7	 | 	5,39
  5	 | 	6	 | 	4,12
  6	 | 	8	 | 	13,15
  6	 | 	9	 | 	5,66
  7	 | 	8	 | 	9,06
  7	 | 	9	 | 	3,00
  8	 | 	9	 | 	9,22
  1	 | 	8	 | 	9,06
  1	 | 	4	 | 	6,71
  3	 | 	9	 | 	7,21
  2	 | 	9	 | 	8,49
  4	 | 	8	 | 	5,00
  1	 | 	3	 | 	6,40
  6	 | 	7	 | 	4,12
  0	 | 	5	 | 	6,00
  4	 | 	9	 | 	7,07
___________________________
Simulation Topology [1:11]
___________________________
From 	  To 		Length
___________________________
  0	 | 	1	 | 	16,00
  0	 | 	2	 | 	5,39
  0	 | 	4	 | 	14,32
  0	 | 	9	 | 	13,60
  1	 | 	2	 | 	14,87
  2	 | 	3	 | 	10,00
  2	 | 	5	 | 	2,24
  2	 | 	6	 | 	2,83
  2	 | 	7	 | 	6,71
  3	 | 	4	 | 	1,41
  3	 | 	5	 | 	12,04
  3	 | 	7	 | 	5,00
  3	 | 	8	 | 	6,40
  4	 | 	5	 | 	13,00
  4	 | 	7	 | 	5,39
  5	 | 	6	 | 	4,12
  6	 | 	8	 | 	13,15
  6	 | 	9	 | 	5,66
  7	 | 	8	 | 	9,06
  7	 | 	9	 | 	3,00
  8	 | 	9	 | 	9,22
  1	 | 	8	 | 	9,06
  1	 | 	4	 | 	6,71
  3	 | 	9	 | 	7,21
  2	 | 	9	 | 	8,49
  4	 | 	8	 | 	5,00
  1	 | 	3	 | 	6,40
  6	 | 	7	 | 	4,12
  0	 | 	5	 | 	6,00
  4	 | 	9	 | 	7,07
  2	 | 	4	 | 	11,05
___________________________
Simulation Topology [1:12]
___________________________
From 	  To 		Length
___________________________
  0	 | 	1	 | 	16,00
  0	 | 	2	 | 	5,39
  0	 | 	4	 | 	14,32
  0	 | 	9	 | 	13,60
  1	 | 	2	 | 	14,87
  2	 | 	3	 | 	10,00
  2	 | 	5	 | 	2,24
  2	 | 	6	 | 	2,83
  2	 | 	7	 | 	6,71
  3	 | 	4	 | 	1,41
  3	 | 	5	 | 	12,04
  3	 | 	7	 | 	5,00
  3	 | 	8	 | 	6,40
  4	 | 	5	 | 	13,00
  4	 | 	7	 | 	5,39
  5	 | 	6	 | 	4,12
  6	 | 	8	 | 	13,15
  6	 | 	9	 | 	5,66
  7	 | 	8	 | 	9,06
  7	 | 	9	 | 	3,00
  8	 | 	9	 | 	9,22
  1	 | 	8	 | 	9,06
  1	 | 	4	 | 	6,71
  3	 | 	9	 | 	7,21
  2	 | 	9	 | 	8,49
  4	 | 	8	 | 	5,00
  1	 | 	3	 | 	6,40
  6	 | 	7	 | 	4,12
  0	 | 	5	 | 	6,00
  4	 | 	9	 | 	7,07
  2	 | 	4	 | 	11,05
  4	 | 	6	 | 	9,06
___________________________
Simulation Topology [1:13]
___________________________
From 	  To 		Length
___________________________
  0	 | 	1	 | 	16,00
  0	 | 	2	 | 	5,39
  0	 | 	4	 | 	14,32
  0	 | 	9	 | 	13,60
  1	 | 	2	 | 	14,87
  2	 | 	3	 | 	10,00
  2	 | 	5	 | 	2,24
  2	 | 	6	 | 	2,83
  2	 | 	7	 | 	6,71
  3	 | 	4	 | 	1,41
  3	 | 	5	 | 	12,04
  3	 | 	7	 | 	5,00
  3	 | 	8	 | 	6,40
  4	 | 	5	 | 	13,00
  4	 | 	7	 | 	5,39
  5	 | 	6	 | 	4,12
  6	 | 	8	 | 	13,15
  6	 | 	9	 | 	5,66
  7	 | 	8	 | 	9,06
  7	 | 	9	 | 	3,00
  8	 | 	9	 | 	9,22
  1	 | 	8	 | 	9,06
  1	 | 	4	 | 	6,71
  3	 | 	9	 | 	7,21
  2	 | 	9	 | 	8,49
  4	 | 	8	 | 	5,00
  1	 | 	3	 | 	6,40
  6	 | 	7	 | 	4,12
  0	 | 	5	 | 	6,00
  4	 | 	9	 | 	7,07
  2	 | 	4	 | 	11,05
  4	 | 	6	 | 	9,06
  5	 | 	9	 | 	9,43
___________________________
Simulation Topology [1:14]
___________________________
From 	  To 		Length
___________________________
  0	 | 	1	 | 	16,00
  0	 | 	2	 | 	5,39
  0	 | 	4	 | 	14,32
  0	 | 	9	 | 	13,60
  1	 | 	2	 | 	14,87
  2	 | 	3	 | 	10,00
  2	 | 	5	 | 	2,24
  2	 | 	6	 | 	2,83
  2	 | 	7	 | 	6,71
  3	 | 	4	 | 	1,41
  3	 | 	5	 | 	12,04
  3	 | 	7	 | 	5,00
  3	 | 	8	 | 	6,40
  4	 | 	5	 | 	13,00
  4	 | 	7	 | 	5,39
  5	 | 	6	 | 	4,12
  6	 | 	8	 | 	13,15
  6	 | 	9	 | 	5,66
  7	 | 	8	 | 	9,06
  7	 | 	9	 | 	3,00
  8	 | 	9	 | 	9,22
  1	 | 	8	 | 	9,06
  1	 | 	4	 | 	6,71
  3	 | 	9	 | 	7,21
  2	 | 	9	 | 	8,49
  4	 | 	8	 | 	5,00
  1	 | 	3	 | 	6,40
  6	 | 	7	 | 	4,12
  0	 | 	5	 | 	6,00
  4	 | 	9	 | 	7,07
  2	 | 	4	 | 	11,05
  4	 | 	6	 | 	9,06
  5	 | 	9	 | 	9,43
  1	 | 	7	 | 	11,31
___________________________
Simulation Topology [1:15]
___________________________
From 	  To 		Length
___________________________
  0	 | 	1	 | 	16,00
  0	 | 	2	 | 	5,39
  0	 | 	4	 | 	14,32
  0	 | 	9	 | 	13,60
  1	 | 	2	 | 	14,87
  2	 | 	3	 | 	10,00
  2	 | 	5	 | 	2,24
  2	 | 	6	 | 	2,83
  2	 | 	7	 | 	6,71
  3	 | 	4	 | 	1,41
  3	 | 	5	 | 	12,04
  3	 | 	7	 | 	5,00
  3	 | 	8	 | 	6,40
  4	 | 	5	 | 	13,00
  4	 | 	7	 | 	5,39
  5	 | 	6	 | 	4,12
  6	 | 	8	 | 	13,15
  6	 | 	9	 | 	5,66
  7	 | 	8	 | 	9,06
  7	 | 	9	 | 	3,00
  8	 | 	9	 | 	9,22
  1	 | 	8	 | 	9,06
  1	 | 	4	 | 	6,71
  3	 | 	9	 | 	7,21
  2	 | 	9	 | 	8,49
  4	 | 	8	 | 	5,00
  1	 | 	3	 | 	6,40
  6	 | 	7	 | 	4,12
  0	 | 	5	 | 	6,00
  4	 | 	9	 | 	7,07
  2	 | 	4	 | 	11,05
  4	 | 	6	 | 	9,06
  5	 | 	9	 | 	9,43
  1	 | 	7	 | 	11,31
  0	 | 	3	 | 	13,00
___________________________
Simulation Topology [1:16]
___________________________
From 	  To 		Length
___________________________
  0	 | 	1	 | 	16,00
  0	 | 	2	 | 	5,39
  0	 | 	4	 | 	14,32
  0	 | 	9	 | 	13,60
  1	 | 	2	 | 	14,87
  2	 | 	3	 | 	10,00
  2	 | 	5	 | 	2,24
  2	 | 	6	 | 	2,83
  2	 | 	7	 | 	6,71
  3	 | 	4	 | 	1,41
  3	 | 	5	 | 	12,04
  3	 | 	7	 | 	5,00
  3	 | 	8	 | 	6,40
  4	 | 	5	 | 	13,00
  4	 | 	7	 | 	5,39
  5	 | 	6	 | 	4,12
  6	 | 	8	 | 	13,15
  6	 | 	9	 | 	5,66
  7	 | 	8	 | 	9,06
  7	 | 	9	 | 	3,00
  8	 | 	9	 | 	9,22
  1	 | 	8	 | 	9,06
  1	 | 	4	 | 	6,71
  3	 | 	9	 | 	7,21
  2	 | 	9	 | 	8,49
  4	 | 	8	 | 	5,00
  1	 | 	3	 | 	6,40
  6	 | 	7	 | 	4,12
  0	 | 	5	 | 	6,00
  4	 | 	9	 | 	7,07
  2	 | 	4	 | 	11,05
  4	 | 	6	 | 	9,06
  5	 | 	9	 | 	9,43
  1	 | 	7	 | 	11,31
  0	 | 	3	 | 	13,00
  3	 | 	6	 | 	8,25
___________________________
Simulation Topology [1:17]
___________________________
From 	  To 		Length
___________________________
  0	 | 	1	 | 	16,00
  0	 | 	2	 | 	5,39
  0	 | 	4	 | 	14,32
  0	 | 	9	 | 	13,60
  1	 | 	2	 | 	14,87
  2	 | 	3	 | 	10,00
  2	 | 	5	 | 	2,24
  2	 | 	6	 | 	2,83
  2	 | 	7	 | 	6,71
  3	 | 	4	 | 	1,41
  3	 | 	5	 | 	12,04
  3	 | 	7	 | 	5,00
  3	 | 	8	 | 	6,40
  4	 | 	5	 | 	13,00
  4	 | 	7	 | 	5,39
  5	 | 	6	 | 	4,12
  6	 | 	8	 | 	13,15
  6	 | 	9	 | 	5,66
  7	 | 	8	 | 	9,06
  7	 | 	9	 | 	3,00
  8	 | 	9	 | 	9,22
  1	 | 	8	 | 	9,06
  1	 | 	4	 | 	6,71
  3	 | 	9	 | 	7,21
  2	 | 	9	 | 	8,49
  4	 | 	8	 | 	5,00
  1	 | 	3	 | 	6,40
  6	 | 	7	 | 	4,12
  0	 | 	5	 | 	6,00
  4	 | 	9	 | 	7,07
  2	 | 	4	 | 	11,05
  4	 | 	6	 | 	9,06
  5	 | 	9	 | 	9,43
  1	 | 	7	 | 	11,31
  0	 | 	3	 | 	13,00
  3	 | 	6	 | 	8,25
  1	 | 	9	 | 	13,60
___________________________
Simulation Topology [1:18]
___________________________
From 	  To 		Length
___________________________
  0	 | 	1	 | 	16,00
  0	 | 	2	 | 	5,39
  0	 | 	4	 | 	14,32
  0	 | 	9	 | 	13,60
  1	 | 	2	 | 	14,87
  2	 | 	3	 | 	10,00
  2	 | 	5	 | 	2,24
  2	 | 	6	 | 	2,83
  2	 | 	7	 | 	6,71
  3	 | 	4	 | 	1,41
  3	 | 	5	 | 	12,04
  3	 | 	7	 | 	5,00
  3	 | 	8	 | 	6,40
  4	 | 	5	 | 	13,00
  4	 | 	7	 | 	5,39
  5	 | 	6	 | 	4,12
  6	 | 	8	 | 	13,15
  6	 | 	9	 | 	5,66
  7	 | 	8	 | 	9,06
  7	 | 	9	 | 	3,00
  8	 | 	9	 | 	9,22
  1	 | 	8	 | 	9,06
  1	 | 	4	 | 	6,71
  3	 | 	9	 | 	7,21
  2	 | 	9	 | 	8,49
  4	 | 	8	 | 	5,00
  1	 | 	3	 | 	6,40
  6	 | 	7	 | 	4,12
  0	 | 	5	 | 	6,00
  4	 | 	9	 | 	7,07
  2	 | 	4	 | 	11,05
  4	 | 	6	 | 	9,06
  5	 | 	9	 | 	9,43
  1	 | 	7	 | 	11,31
  0	 | 	3	 | 	13,00
  3	 | 	6	 | 	8,25
  1	 | 	9	 | 	13,60
  2	 | 	8	 | 	15,52
___________________________
Simulation Topology [1:19]
___________________________
From 	  To 		Length
___________________________
  0	 | 	1	 | 	16,00
  0	 | 	2	 | 	5,39
  0	 | 	4	 | 	14,32
  0	 | 	9	 | 	13,60
  1	 | 	2	 | 	14,87
  2	 | 	3	 | 	10,00
  2	 | 	5	 | 	2,24
  2	 | 	6	 | 	2,83
  2	 | 	7	 | 	6,71
  3	 | 	4	 | 	1,41
  3	 | 	5	 | 	12,04
  3	 | 	7	 | 	5,00
  3	 | 	8	 | 	6,40
  4	 | 	5	 | 	13,00
  4	 | 	7	 | 	5,39
  5	 | 	6	 | 	4,12
  6	 | 	8	 | 	13,15
  6	 | 	9	 | 	5,66
  7	 | 	8	 | 	9,06
  7	 | 	9	 | 	3,00
  8	 | 	9	 | 	9,22
  1	 | 	8	 | 	9,06
  1	 | 	4	 | 	6,71
  3	 | 	9	 | 	7,21
  2	 | 	9	 | 	8,49
  4	 | 	8	 | 	5,00
  1	 | 	3	 | 	6,40
  6	 | 	7	 | 	4,12
  0	 | 	5	 | 	6,00
  4	 | 	9	 | 	7,07
  2	 | 	4	 | 	11,05
  4	 | 	6	 | 	9,06
  5	 | 	9	 | 	9,43
  1	 | 	7	 | 	11,31
  0	 | 	3	 | 	13,00
  3	 | 	6	 | 	8,25
  1	 | 	9	 | 	13,60
  2	 | 	8	 | 	15,52
  0	 | 	6	 | 	8,06
___________________________
Simulation Topology [1:20]
___________________________
From 	  To 		Length
___________________________
  0	 | 	1	 | 	16,00
  0	 | 	2	 | 	5,39
  0	 | 	4	 | 	14,32
  0	 | 	9	 | 	13,60
  1	 | 	2	 | 	14,87
  2	 | 	3	 | 	10,00
  2	 | 	5	 | 	2,24
  2	 | 	6	 | 	2,83
  2	 | 	7	 | 	6,71
  3	 | 	4	 | 	1,41
  3	 | 	5	 | 	12,04
  3	 | 	7	 | 	5,00
  3	 | 	8	 | 	6,40
  4	 | 	5	 | 	13,00
  4	 | 	7	 | 	5,39
  5	 | 	6	 | 	4,12
  6	 | 	8	 | 	13,15
  6	 | 	9	 | 	5,66
  7	 | 	8	 | 	9,06
  7	 | 	9	 | 	3,00
  8	 | 	9	 | 	9,22
  1	 | 	8	 | 	9,06
  1	 | 	4	 | 	6,71
  3	 | 	9	 | 	7,21
  2	 | 	9	 | 	8,49
  4	 | 	8	 | 	5,00
  1	 | 	3	 | 	6,40
  6	 | 	7	 | 	4,12
  0	 | 	5	 | 	6,00
  4	 | 	9	 | 	7,07
  2	 | 	4	 | 	11,05
  4	 | 	6	 | 	9,06
  5	 | 	9	 | 	9,43
  1	 | 	7	 | 	11,31
  0	 | 	3	 | 	13,00
  3	 | 	6	 | 	8,25
  1	 | 	9	 | 	13,60
  2	 | 	8	 | 	15,52
  0	 | 	6	 | 	8,06
  5	 | 	7	 | 	8,25
___________________________
