Simulation Topology 1
___________________________
[2]				[0]		
[0]				[0]		
[2]				[1]		
[4]				[1]		
[5]				[2]		
[18]				[2]		
[17]				[3]		
[1]				[3]		
[16]				[4]		
[8]				[4]		
___________________________
Simulation Topology [1:1]
___________________________
From 	  To 		Length
___________________________
  0	 | 	1	 | 	2,00
  0	 | 	6	 | 	15,30
  0	 | 	7	 | 	3,16
  0	 | 	9	 | 	7,21
  1	 | 	3	 | 	4,12
  1	 | 	4	 | 	5,39
  1	 | 	5	 | 	18,11
  2	 | 	3	 | 	2,00
  2	 | 	4	 | 	3,16
  2	 | 	6	 | 	15,13
  3	 | 	6	 | 	13,15
  4	 | 	5	 | 	13,00
  4	 | 	7	 | 	4,12
  5	 | 	7	 | 	17,03
  5	 | 	8	 | 	2,83
  6	 | 	7	 | 	16,00
  8	 | 	9	 | 	8,00
___________________________
Simulation Topology [1:2]
___________________________
From 	  To 		Length
___________________________
  0	 | 	1	 | 	2,00
  0	 | 	6	 | 	15,30
  0	 | 	7	 | 	3,16
  0	 | 	9	 | 	7,21
  1	 | 	3	 | 	4,12
  1	 | 	4	 | 	5,39
  1	 | 	5	 | 	18,11
  2	 | 	3	 | 	2,00
  2	 | 	4	 | 	3,16
  2	 | 	6	 | 	15,13
  3	 | 	6	 | 	13,15
  4	 | 	5	 | 	13,00
  4	 | 	7	 | 	4,12
  5	 | 	7	 | 	17,03
  5	 | 	8	 | 	2,83
  6	 | 	7	 | 	16,00
  8	 | 	9	 | 	8,00
  6	 | 	8	 | 	1,41
___________________________
Simulation Topology [1:3]
___________________________
From 	  To 		Length
___________________________
  0	 | 	1	 | 	2,00
  0	 | 	6	 | 	15,30
  0	 | 	7	 | 	3,16
  0	 | 	9	 | 	7,21
  1	 | 	3	 | 	4,12
  1	 | 	4	 | 	5,39
  1	 | 	5	 | 	18,11
  2	 | 	3	 | 	2,00
  2	 | 	4	 | 	3,16
  2	 | 	6	 | 	15,13
  3	 | 	6	 | 	13,15
  4	 | 	5	 | 	13,00
  4	 | 	7	 | 	4,12
  5	 | 	7	 | 	17,03
  5	 | 	8	 | 	2,83
  6	 | 	7	 | 	16,00
  8	 | 	9	 | 	8,00
  6	 | 	8	 | 	1,41
  0	 | 	3	 | 	2,24
___________________________
Simulation Topology [1:4]
___________________________
From 	  To 		Length
___________________________
  0	 | 	1	 | 	2,00
  0	 | 	6	 | 	15,30
  0	 | 	7	 | 	3,16
  0	 | 	9	 | 	7,21
  1	 | 	3	 | 	4,12
  1	 | 	4	 | 	5,39
  1	 | 	5	 | 	18,11
  2	 | 	3	 | 	2,00
  2	 | 	4	 | 	3,16
  2	 | 	6	 | 	15,13
  3	 | 	6	 | 	13,15
  4	 | 	5	 | 	13,00
  4	 | 	7	 | 	4,12
  5	 | 	7	 | 	17,03
  5	 | 	8	 | 	2,83
  6	 | 	7	 | 	16,00
  8	 | 	9	 | 	8,00
  6	 | 	8	 | 	1,41
  0	 | 	3	 | 	2,24
  1	 | 	8	 | 	16,49
___________________________
