Simulation Topology 1
___________________________
[11]				[2]		
[9]				[4]		
[5]				[6]		
[15]				[6]		
[16]				[7]		
[0]				[8]		
[11]				[9]		
[6]				[9]		
[16]				[11]		
[11]				[11]		
___________________________
Simulation Topology [1:1]
___________________________
From 	  To 		Length
___________________________
  0	 | 	1	 | 	2,83
  0	 | 	3	 | 	5,66
  0	 | 	5	 | 	12,53
  0	 | 	6	 | 	7,00
  1	 | 	3	 | 	6,32
  1	 | 	4	 | 	7,62
  1	 | 	5	 | 	9,85
  2	 | 	3	 | 	10,00
  2	 | 	4	 | 	11,05
  2	 | 	5	 | 	5,39
  2	 | 	8	 | 	12,08
  3	 | 	5	 | 	15,13
  3	 | 	7	 | 	9,49
  3	 | 	9	 | 	6,40
  4	 | 	5	 | 	16,03
  4	 | 	6	 | 	5,39
  5	 | 	7	 | 	6,08
  5	 | 	8	 | 	16,28
  6	 | 	9	 | 	2,00
___________________________
Simulation Topology [1:2]
___________________________
From 	  To 		Length
___________________________
  0	 | 	1	 | 	2,83
  0	 | 	3	 | 	5,66
  0	 | 	5	 | 	12,53
  0	 | 	6	 | 	7,00
  1	 | 	3	 | 	6,32
  1	 | 	4	 | 	7,62
  1	 | 	5	 | 	9,85
  2	 | 	3	 | 	10,00
  2	 | 	4	 | 	11,05
  2	 | 	5	 | 	5,39
  2	 | 	8	 | 	12,08
  3	 | 	5	 | 	15,13
  3	 | 	7	 | 	9,49
  3	 | 	9	 | 	6,40
  4	 | 	5	 | 	16,03
  4	 | 	6	 | 	5,39
  5	 | 	7	 | 	6,08
  5	 | 	8	 | 	16,28
  6	 | 	9	 | 	2,00
  2	 | 	7	 | 	3,16
___________________________
