Simulation Topology 1
___________________________
[10]				[0]		
[2]				[0]		
[2]				[1]		
[7]				[1]		
[18]				[3]		
[16]				[4]		
[12]				[4]		
[9]				[5]		
[18]				[5]		
[10]				[6]		
___________________________
Simulation Topology [1:1]
___________________________
From 	  To 		Length
___________________________
  0	 | 	1	 | 	8,00
  0	 | 	3	 | 	3,16
  1	 | 	3	 | 	5,10
  1	 | 	7	 | 	8,60
  2	 | 	3	 | 	5,00
  2	 | 	7	 | 	8,06
  3	 | 	4	 | 	11,18
  4	 | 	5	 | 	2,24
  4	 | 	7	 | 	9,22
  5	 | 	8	 | 	2,24
  6	 | 	7	 | 	3,16
  6	 | 	9	 | 	2,83
  7	 | 	8	 | 	9,00
  8	 | 	9	 | 	8,06
___________________________
Simulation Topology [1:2]
___________________________
From 	  To 		Length
___________________________
  0	 | 	1	 | 	8,00
  0	 | 	3	 | 	3,16
  1	 | 	3	 | 	5,10
  1	 | 	7	 | 	8,60
  2	 | 	3	 | 	5,00
  2	 | 	7	 | 	8,06
  3	 | 	4	 | 	11,18
  4	 | 	5	 | 	2,24
  4	 | 	7	 | 	9,22
  5	 | 	8	 | 	2,24
  6	 | 	7	 | 	3,16
  6	 | 	9	 | 	2,83
  7	 | 	8	 | 	9,00
  8	 | 	9	 | 	8,06
  4	 | 	8	 | 	2,00
___________________________
Simulation Topology [1:3]
___________________________
From 	  To 		Length
___________________________
  0	 | 	1	 | 	8,00
  0	 | 	3	 | 	3,16
  1	 | 	3	 | 	5,10
  1	 | 	7	 | 	8,60
  2	 | 	3	 | 	5,00
  2	 | 	7	 | 	8,06
  3	 | 	4	 | 	11,18
  4	 | 	5	 | 	2,24
  4	 | 	7	 | 	9,22
  5	 | 	8	 | 	2,24
  6	 | 	7	 | 	3,16
  6	 | 	9	 | 	2,83
  7	 | 	8	 | 	9,00
  8	 | 	9	 | 	8,06
  4	 | 	8	 | 	2,00
  7	 | 	9	 | 	1,41
___________________________
Simulation Topology [1:4]
___________________________
From 	  To 		Length
___________________________
  0	 | 	1	 | 	8,00
  0	 | 	3	 | 	3,16
  1	 | 	3	 | 	5,10
  1	 | 	7	 | 	8,60
  2	 | 	3	 | 	5,00
  2	 | 	7	 | 	8,06
  3	 | 	4	 | 	11,18
  4	 | 	5	 | 	2,24
  4	 | 	7	 | 	9,22
  5	 | 	8	 | 	2,24
  6	 | 	7	 | 	3,16
  6	 | 	9	 | 	2,83
  7	 | 	8	 | 	9,00
  8	 | 	9	 | 	8,06
  4	 | 	8	 | 	2,00
  7	 | 	9	 | 	1,41
  1	 | 	2	 | 	1,00
___________________________
Simulation Topology [1:5]
___________________________
From 	  To 		Length
___________________________
  0	 | 	1	 | 	8,00
  0	 | 	3	 | 	3,16
  1	 | 	3	 | 	5,10
  1	 | 	7	 | 	8,60
  2	 | 	3	 | 	5,00
  2	 | 	7	 | 	8,06
  3	 | 	4	 | 	11,18
  4	 | 	5	 | 	2,24
  4	 | 	7	 | 	9,22
  5	 | 	8	 | 	2,24
  6	 | 	7	 | 	3,16
  6	 | 	9	 | 	2,83
  7	 | 	8	 | 	9,00
  8	 | 	9	 | 	8,06
  4	 | 	8	 | 	2,00
  7	 | 	9	 | 	1,41
  1	 | 	2	 | 	1,00
  0	 | 	5	 | 	7,21
___________________________
Simulation Topology [1:6]
___________________________
From 	  To 		Length
___________________________
  0	 | 	1	 | 	8,00
  0	 | 	3	 | 	3,16
  1	 | 	3	 | 	5,10
  1	 | 	7	 | 	8,60
  2	 | 	3	 | 	5,00
  2	 | 	7	 | 	8,06
  3	 | 	4	 | 	11,18
  4	 | 	5	 | 	2,24
  4	 | 	7	 | 	9,22
  5	 | 	8	 | 	2,24
  6	 | 	7	 | 	3,16
  6	 | 	9	 | 	2,83
  7	 | 	8	 | 	9,00
  8	 | 	9	 | 	8,06
  4	 | 	8	 | 	2,00
  7	 | 	9	 | 	1,41
  1	 | 	2	 | 	1,00
  0	 | 	5	 | 	7,21
  5	 | 	7	 | 	7,07
___________________________
Simulation Topology [1:7]
___________________________
From 	  To 		Length
___________________________
  0	 | 	1	 | 	8,00
  0	 | 	3	 | 	3,16
  1	 | 	3	 | 	5,10
  1	 | 	7	 | 	8,60
  2	 | 	3	 | 	5,00
  2	 | 	7	 | 	8,06
  3	 | 	4	 | 	11,18
  4	 | 	5	 | 	2,24
  4	 | 	7	 | 	9,22
  5	 | 	8	 | 	2,24
  6	 | 	7	 | 	3,16
  6	 | 	9	 | 	2,83
  7	 | 	8	 | 	9,00
  8	 | 	9	 | 	8,06
  4	 | 	8	 | 	2,00
  7	 | 	9	 | 	1,41
  1	 | 	2	 | 	1,00
  0	 | 	5	 | 	7,21
  5	 | 	7	 | 	7,07
  0	 | 	7	 | 	5,10
___________________________
