Simulation Topology 1
___________________________
[13]				[0]		
[1]				[0]		
[7]				[3]		
[10]				[3]		
[18]				[5]		
[17]				[7]		
[16]				[8]		
[7]				[9]		
[10]				[9]		
[2]				[10]		
___________________________
Simulation Topology [1:1]
___________________________
From 	  To 		Length
___________________________
  0	 | 	1	 | 	12,00
  0	 | 	6	 | 	8,54
  0	 | 	9	 | 	14,87
  1	 | 	4	 | 	17,72
  2	 | 	3	 | 	3,00
  2	 | 	6	 | 	10,30
  2	 | 	7	 | 	6,00
  3	 | 	4	 | 	8,25
  3	 | 	6	 | 	7,81
  4	 | 	5	 | 	2,24
  4	 | 	6	 | 	3,61
  4	 | 	9	 | 	16,76
  5	 | 	6	 | 	1,41
  5	 | 	7	 | 	10,20
  5	 | 	8	 | 	7,28
  6	 | 	7	 | 	9,06
  6	 | 	8	 | 	6,08
  6	 | 	9	 | 	14,14
  8	 | 	9	 | 	8,06
___________________________
Simulation Topology [1:2]
___________________________
From 	  To 		Length
___________________________
  0	 | 	1	 | 	12,00
  0	 | 	6	 | 	8,54
  0	 | 	9	 | 	14,87
  1	 | 	4	 | 	17,72
  2	 | 	3	 | 	3,00
  2	 | 	6	 | 	10,30
  2	 | 	7	 | 	6,00
  3	 | 	4	 | 	8,25
  3	 | 	6	 | 	7,81
  4	 | 	5	 | 	2,24
  4	 | 	6	 | 	3,61
  4	 | 	9	 | 	16,76
  5	 | 	6	 | 	1,41
  5	 | 	7	 | 	10,20
  5	 | 	8	 | 	7,28
  6	 | 	7	 | 	9,06
  6	 | 	8	 | 	6,08
  6	 | 	9	 | 	14,14
  8	 | 	9	 | 	8,06
  7	 | 	8	 | 	3,00
___________________________
