Simulation Topology 1
___________________________
[7]				[2]		
[1]				[2]		
[8]				[3]		
[15]				[4]		
[13]				[6]		
[0]				[6]		
[7]				[7]		
[3]				[8]		
[19]				[9]		
[5]				[10]		
___________________________
Simulation Topology [1:1]
___________________________
From 	  To 		Length
___________________________
  0	 | 	1	 | 	6,00
  0	 | 	2	 | 	1,41
  0	 | 	4	 | 	7,21
  0	 | 	6	 | 	5,00
  0	 | 	7	 | 	7,21
  1	 | 	2	 | 	7,07
  1	 | 	3	 | 	14,14
  1	 | 	6	 | 	7,81
  2	 | 	3	 | 	7,07
  2	 | 	4	 | 	5,83
  2	 | 	8	 | 	12,53
  3	 | 	5	 | 	15,13
  3	 | 	8	 | 	6,40
  3	 | 	9	 | 	11,66
  4	 | 	8	 | 	6,71
  5	 | 	9	 | 	6,40
  6	 | 	8	 | 	12,17
  6	 | 	9	 | 	3,61
  7	 | 	9	 | 	2,83
___________________________
Simulation Topology [1:2]
___________________________
From 	  To 		Length
___________________________
  0	 | 	1	 | 	6,00
  0	 | 	2	 | 	1,41
  0	 | 	4	 | 	7,21
  0	 | 	6	 | 	5,00
  0	 | 	7	 | 	7,21
  1	 | 	2	 | 	7,07
  1	 | 	3	 | 	14,14
  1	 | 	6	 | 	7,81
  2	 | 	3	 | 	7,07
  2	 | 	4	 | 	5,83
  2	 | 	8	 | 	12,53
  3	 | 	5	 | 	15,13
  3	 | 	8	 | 	6,40
  3	 | 	9	 | 	11,66
  4	 | 	8	 | 	6,71
  5	 | 	9	 | 	6,40
  6	 | 	8	 | 	12,17
  6	 | 	9	 | 	3,61
  7	 | 	9	 | 	2,83
  4	 | 	6	 | 	6,08
___________________________
