Simulation Topology 1
___________________________
[0]				[1]		
[1]				[2]		
[7]				[4]		
[4]				[4]		
[7]				[5]		
[5]				[6]		
[0]				[7]		
[5]				[8]		
[3]				[10]		
[7]				[10]		
___________________________
Simulation Topology [1:1]
___________________________
From 	  To 		Length
___________________________
  0	 | 	1	 | 	1,41
  0	 | 	2	 | 	7,62
  0	 | 	7	 | 	8,60
  0	 | 	8	 | 	9,49
  1	 | 	3	 | 	3,61
  1	 | 	5	 | 	5,66
  1	 | 	6	 | 	5,10
  2	 | 	3	 | 	3,00
  2	 | 	6	 | 	7,62
  2	 | 	7	 | 	4,47
  3	 | 	7	 | 	4,12
  3	 | 	8	 | 	6,08
  4	 | 	6	 | 	7,28
  4	 | 	9	 | 	5,00
  5	 | 	8	 | 	4,47
  5	 | 	9	 | 	4,47
  7	 | 	9	 | 	2,83
___________________________
Simulation Topology [1:2]
___________________________
From 	  To 		Length
___________________________
  0	 | 	1	 | 	1,41
  0	 | 	2	 | 	7,62
  0	 | 	7	 | 	8,60
  0	 | 	8	 | 	9,49
  1	 | 	3	 | 	3,61
  1	 | 	5	 | 	5,66
  1	 | 	6	 | 	5,10
  2	 | 	3	 | 	3,00
  2	 | 	6	 | 	7,62
  2	 | 	7	 | 	4,47
  3	 | 	7	 | 	4,12
  3	 | 	8	 | 	6,08
  4	 | 	6	 | 	7,28
  4	 | 	9	 | 	5,00
  5	 | 	8	 | 	4,47
  5	 | 	9	 | 	4,47
  7	 | 	9	 | 	2,83
  2	 | 	9	 | 	6,00
___________________________
Simulation Topology [1:3]
___________________________
From 	  To 		Length
___________________________
  0	 | 	1	 | 	1,41
  0	 | 	2	 | 	7,62
  0	 | 	7	 | 	8,60
  0	 | 	8	 | 	9,49
  1	 | 	3	 | 	3,61
  1	 | 	5	 | 	5,66
  1	 | 	6	 | 	5,10
  2	 | 	3	 | 	3,00
  2	 | 	6	 | 	7,62
  2	 | 	7	 | 	4,47
  3	 | 	7	 | 	4,12
  3	 | 	8	 | 	6,08
  4	 | 	6	 | 	7,28
  4	 | 	9	 | 	5,00
  5	 | 	8	 | 	4,47
  5	 | 	9	 | 	4,47
  7	 | 	9	 | 	2,83
  2	 | 	9	 | 	6,00
  4	 | 	8	 | 	6,40
___________________________
Simulation Topology [1:4]
___________________________
From 	  To 		Length
___________________________
  0	 | 	1	 | 	1,41
  0	 | 	2	 | 	7,62
  0	 | 	7	 | 	8,60
  0	 | 	8	 | 	9,49
  1	 | 	3	 | 	3,61
  1	 | 	5	 | 	5,66
  1	 | 	6	 | 	5,10
  2	 | 	3	 | 	3,00
  2	 | 	6	 | 	7,62
  2	 | 	7	 | 	4,47
  3	 | 	7	 | 	4,12
  3	 | 	8	 | 	6,08
  4	 | 	6	 | 	7,28
  4	 | 	9	 | 	5,00
  5	 | 	8	 | 	4,47
  5	 | 	9	 | 	4,47
  7	 | 	9	 | 	2,83
  2	 | 	9	 | 	6,00
  4	 | 	8	 | 	6,40
  7	 | 	8	 | 	2,83
___________________________
