Simulation Topology 1
___________________________
[13]				[0]		
[5]				[2]		
[11]				[2]		
[13]				[3]		
[8]				[5]		
[16]				[7]		
[13]				[8]		
[16]				[8]		
[17]				[10]		
[4]				[10]		
___________________________
Simulation Topology [1:1]
___________________________
From 	  To 		Length
___________________________
  0	 | 	1	 | 	8,25
  0	 | 	4	 | 	7,07
  0	 | 	9	 | 	13,45
  1	 | 	6	 | 	10,00
  1	 | 	7	 | 	12,53
  2	 | 	3	 | 	2,24
  2	 | 	4	 | 	4,24
  2	 | 	5	 | 	7,07
  2	 | 	7	 | 	7,81
  2	 | 	8	 | 	10,00
  2	 | 	9	 | 	10,63
  3	 | 	5	 | 	5,00
  3	 | 	6	 | 	5,00
  3	 | 	8	 | 	8,06
  4	 | 	5	 | 	8,25
  4	 | 	8	 | 	10,30
  5	 | 	8	 | 	3,16
  5	 | 	9	 | 	12,37
___________________________
Simulation Topology [1:2]
___________________________
From 	  To 		Length
___________________________
  0	 | 	1	 | 	8,25
  0	 | 	4	 | 	7,07
  0	 | 	9	 | 	13,45
  1	 | 	6	 | 	10,00
  1	 | 	7	 | 	12,53
  2	 | 	3	 | 	2,24
  2	 | 	4	 | 	4,24
  2	 | 	5	 | 	7,07
  2	 | 	7	 | 	7,81
  2	 | 	8	 | 	10,00
  2	 | 	9	 | 	10,63
  3	 | 	5	 | 	5,00
  3	 | 	6	 | 	5,00
  3	 | 	8	 | 	8,06
  4	 | 	5	 | 	8,25
  4	 | 	8	 | 	10,30
  5	 | 	8	 | 	3,16
  5	 | 	9	 | 	12,37
  5	 | 	7	 | 	1,00
___________________________
Simulation Topology [1:3]
___________________________
From 	  To 		Length
___________________________
  0	 | 	1	 | 	8,25
  0	 | 	4	 | 	7,07
  0	 | 	9	 | 	13,45
  1	 | 	6	 | 	10,00
  1	 | 	7	 | 	12,53
  2	 | 	3	 | 	2,24
  2	 | 	4	 | 	4,24
  2	 | 	5	 | 	7,07
  2	 | 	7	 | 	7,81
  2	 | 	8	 | 	10,00
  2	 | 	9	 | 	10,63
  3	 | 	5	 | 	5,00
  3	 | 	6	 | 	5,00
  3	 | 	8	 | 	8,06
  4	 | 	5	 | 	8,25
  4	 | 	8	 | 	10,30
  5	 | 	8	 | 	3,16
  5	 | 	9	 | 	12,37
  5	 | 	7	 | 	1,00
  0	 | 	3	 | 	3,00
___________________________
