Simulation Topology 1
___________________________
[11]				[1]		
[0]				[1]		
[0]				[2]		
[16]				[2]		
[13]				[3]		
[7]				[3]		
[7]				[4]		
[11]				[4]		
[8]				[5]		
[18]				[5]		
___________________________
Simulation Topology [1:1]
___________________________
From 	  To 		Length
___________________________
  0	 | 	1	 | 	11,00
  0	 | 	4	 | 	2,83
  0	 | 	5	 | 	4,47
  1	 | 	6	 | 	7,62
  1	 | 	7	 | 	11,40
  1	 | 	9	 | 	18,44
  2	 | 	3	 | 	16,00
  2	 | 	6	 | 	7,28
  2	 | 	8	 | 	8,54
  3	 | 	4	 | 	3,16
  3	 | 	5	 | 	9,06
  3	 | 	8	 | 	8,54
  4	 | 	5	 | 	6,00
  4	 | 	8	 | 	5,39
  6	 | 	7	 | 	4,00
  6	 | 	8	 | 	1,41
  8	 | 	9	 | 	10,00
___________________________
Simulation Topology [1:2]
___________________________
From 	  To 		Length
___________________________
  0	 | 	1	 | 	11,00
  0	 | 	4	 | 	2,83
  0	 | 	5	 | 	4,47
  1	 | 	6	 | 	7,62
  1	 | 	7	 | 	11,40
  1	 | 	9	 | 	18,44
  2	 | 	3	 | 	16,00
  2	 | 	6	 | 	7,28
  2	 | 	8	 | 	8,54
  3	 | 	4	 | 	3,16
  3	 | 	5	 | 	9,06
  3	 | 	8	 | 	8,54
  4	 | 	5	 | 	6,00
  4	 | 	8	 | 	5,39
  6	 | 	7	 | 	4,00
  6	 | 	8	 | 	1,41
  8	 | 	9	 | 	10,00
  5	 | 	6	 | 	1,00
___________________________
Simulation Topology [1:3]
___________________________
From 	  To 		Length
___________________________
  0	 | 	1	 | 	11,00
  0	 | 	4	 | 	2,83
  0	 | 	5	 | 	4,47
  1	 | 	6	 | 	7,62
  1	 | 	7	 | 	11,40
  1	 | 	9	 | 	18,44
  2	 | 	3	 | 	16,00
  2	 | 	6	 | 	7,28
  2	 | 	8	 | 	8,54
  3	 | 	4	 | 	3,16
  3	 | 	5	 | 	9,06
  3	 | 	8	 | 	8,54
  4	 | 	5	 | 	6,00
  4	 | 	8	 | 	5,39
  6	 | 	7	 | 	4,00
  6	 | 	8	 | 	1,41
  8	 | 	9	 | 	10,00
  5	 | 	6	 | 	1,00
  4	 | 	7	 | 	2,24
___________________________
Simulation Topology [1:4]
___________________________
From 	  To 		Length
___________________________
  0	 | 	1	 | 	11,00
  0	 | 	4	 | 	2,83
  0	 | 	5	 | 	4,47
  1	 | 	6	 | 	7,62
  1	 | 	7	 | 	11,40
  1	 | 	9	 | 	18,44
  2	 | 	3	 | 	16,00
  2	 | 	6	 | 	7,28
  2	 | 	8	 | 	8,54
  3	 | 	4	 | 	3,16
  3	 | 	5	 | 	9,06
  3	 | 	8	 | 	8,54
  4	 | 	5	 | 	6,00
  4	 | 	8	 | 	5,39
  6	 | 	7	 | 	4,00
  6	 | 	8	 | 	1,41
  8	 | 	9	 | 	10,00
  5	 | 	6	 | 	1,00
  4	 | 	7	 | 	2,24
  7	 | 	8	 | 	3,16
___________________________
