Simulation Topology 1
___________________________
[15]				[0]		
[1]				[1]		
[9]				[2]		
[17]				[3]		
[10]				[3]		
[17]				[6]		
[12]				[6]		
[18]				[8]		
[9]				[8]		
[3]				[10]		
___________________________
Simulation Topology [1:1]
___________________________
From 	  To 		Length
___________________________
  0	 | 	1	 | 	14,04
  0	 | 	2	 | 	6,32
  0	 | 	4	 | 	5,83
  0	 | 	5	 | 	6,32
  0	 | 	9	 | 	15,62
  1	 | 	5	 | 	16,76
  1	 | 	8	 | 	10,63
  1	 | 	9	 | 	9,22
  2	 | 	3	 | 	8,06
  2	 | 	4	 | 	1,41
  2	 | 	6	 | 	5,00
  2	 | 	7	 | 	10,82
  2	 | 	9	 | 	10,00
  3	 | 	6	 | 	5,83
  3	 | 	9	 | 	15,65
  4	 | 	5	 | 	7,62
  5	 | 	7	 | 	2,24
  6	 | 	8	 | 	3,61
  7	 | 	9	 | 	15,13
___________________________
Simulation Topology [1:2]
___________________________
From 	  To 		Length
___________________________
  0	 | 	1	 | 	14,04
  0	 | 	2	 | 	6,32
  0	 | 	4	 | 	5,83
  0	 | 	5	 | 	6,32
  0	 | 	9	 | 	15,62
  1	 | 	5	 | 	16,76
  1	 | 	8	 | 	10,63
  1	 | 	9	 | 	9,22
  2	 | 	3	 | 	8,06
  2	 | 	4	 | 	1,41
  2	 | 	6	 | 	5,00
  2	 | 	7	 | 	10,82
  2	 | 	9	 | 	10,00
  3	 | 	6	 | 	5,83
  3	 | 	9	 | 	15,65
  4	 | 	5	 | 	7,62
  5	 | 	7	 | 	2,24
  6	 | 	8	 | 	3,61
  7	 | 	9	 | 	15,13
  0	 | 	6	 | 	6,71
___________________________
