Simulation Topology 1
___________________________
[2]				[1]		
[16]				[1]		
[0]				[2]		
[12]				[3]		
[2]				[3]		
[19]				[4]		
[12]				[5]		
[10]				[5]		
[17]				[6]		
[15]				[7]		
___________________________
Simulation Topology [1:1]
___________________________
From 	  To 		Length
___________________________
  0	 | 	1	 | 	14,00
  0	 | 	2	 | 	2,24
  0	 | 	4	 | 	2,00
  0	 | 	5	 | 	17,26
  0	 | 	8	 | 	15,81
  1	 | 	2	 | 	16,03
  1	 | 	7	 | 	7,21
  1	 | 	9	 | 	6,08
  2	 | 	3	 | 	12,04
  2	 | 	5	 | 	19,10
  2	 | 	8	 | 	17,46
  2	 | 	9	 | 	15,81
  3	 | 	5	 | 	7,07
  3	 | 	6	 | 	2,00
  4	 | 	5	 | 	17,03
  4	 | 	8	 | 	15,30
  6	 | 	8	 | 	5,10
  6	 | 	9	 | 	3,61
  7	 | 	8	 | 	7,07
___________________________
Simulation Topology [1:2]
___________________________
From 	  To 		Length
___________________________
  0	 | 	1	 | 	14,00
  0	 | 	2	 | 	2,24
  0	 | 	4	 | 	2,00
  0	 | 	5	 | 	17,26
  0	 | 	8	 | 	15,81
  1	 | 	2	 | 	16,03
  1	 | 	7	 | 	7,21
  1	 | 	9	 | 	6,08
  2	 | 	3	 | 	12,04
  2	 | 	5	 | 	19,10
  2	 | 	8	 | 	17,46
  2	 | 	9	 | 	15,81
  3	 | 	5	 | 	7,07
  3	 | 	6	 | 	2,00
  4	 | 	5	 | 	17,03
  4	 | 	8	 | 	15,30
  6	 | 	8	 | 	5,10
  6	 | 	9	 | 	3,61
  7	 | 	8	 | 	7,07
  5	 | 	8	 | 	2,83
___________________________
