Simulation Topology 1
___________________________
[18]				[0]		
[5]				[0]		
[19]				[1]		
[14]				[1]		
[8]				[2]		
[4]				[2]		
[16]				[3]		
[3]				[4]		
[2]				[6]		
[16]				[6]		
___________________________
Simulation Topology [1:1]
___________________________
From 	  To 		Length
___________________________
  0	 | 	1	 | 	13,00
  0	 | 	2	 | 	1,41
  0	 | 	6	 | 	3,61
  0	 | 	9	 | 	6,32
  1	 | 	3	 | 	9,06
  1	 | 	4	 | 	3,61
  1	 | 	5	 | 	2,24
  1	 | 	7	 | 	4,47
  1	 | 	9	 | 	12,53
  2	 | 	3	 | 	5,00
  2	 | 	6	 | 	3,61
  2	 | 	8	 | 	17,72
  3	 | 	6	 | 	2,83
  4	 | 	5	 | 	4,00
  4	 | 	9	 | 	8,94
  5	 | 	7	 | 	2,24
  6	 | 	7	 | 	13,04
  7	 | 	8	 | 	2,24
___________________________
Simulation Topology [1:2]
___________________________
From 	  To 		Length
___________________________
  0	 | 	1	 | 	13,00
  0	 | 	2	 | 	1,41
  0	 | 	6	 | 	3,61
  0	 | 	9	 | 	6,32
  1	 | 	3	 | 	9,06
  1	 | 	4	 | 	3,61
  1	 | 	5	 | 	2,24
  1	 | 	7	 | 	4,47
  1	 | 	9	 | 	12,53
  2	 | 	3	 | 	5,00
  2	 | 	6	 | 	3,61
  2	 | 	8	 | 	17,72
  3	 | 	6	 | 	2,83
  4	 | 	5	 | 	4,00
  4	 | 	9	 | 	8,94
  5	 | 	7	 | 	2,24
  6	 | 	7	 | 	13,04
  7	 | 	8	 | 	2,24
  3	 | 	9	 | 	5,39
___________________________
Simulation Topology [1:3]
___________________________
From 	  To 		Length
___________________________
  0	 | 	1	 | 	13,00
  0	 | 	2	 | 	1,41
  0	 | 	6	 | 	3,61
  0	 | 	9	 | 	6,32
  1	 | 	3	 | 	9,06
  1	 | 	4	 | 	3,61
  1	 | 	5	 | 	2,24
  1	 | 	7	 | 	4,47
  1	 | 	9	 | 	12,53
  2	 | 	3	 | 	5,00
  2	 | 	6	 | 	3,61
  2	 | 	8	 | 	17,72
  3	 | 	6	 | 	2,83
  4	 | 	5	 | 	4,00
  4	 | 	9	 | 	8,94
  5	 | 	7	 | 	2,24
  6	 | 	7	 | 	13,04
  7	 | 	8	 | 	2,24
  3	 | 	9	 | 	5,39
  5	 | 	8	 | 	4,47
___________________________
