Simulation Topology 1
___________________________
[13]				[1]		
[7]				[1]		
[19]				[2]		
[3]				[3]		
[0]				[3]		
[9]				[4]		
[0]				[4]		
[6]				[5]		
[2]				[9]		
[1]				[11]		
___________________________
Simulation Topology [1:1]
___________________________
From 	  To 		Length
___________________________
  0	 | 	1	 | 	6,00
  0	 | 	3	 | 	10,20
  0	 | 	7	 | 	8,06
  0	 | 	8	 | 	13,60
  1	 | 	6	 | 	7,62
  2	 | 	3	 | 	16,03
  2	 | 	5	 | 	10,20
  2	 | 	8	 | 	18,38
  2	 | 	9	 | 	20,12
  3	 | 	6	 | 	3,16
  4	 | 	5	 | 	9,06
  4	 | 	7	 | 	6,32
  5	 | 	8	 | 	8,60
  6	 | 	7	 | 	6,08
  7	 | 	9	 | 	7,81
  8	 | 	9	 | 	2,24
___________________________
Simulation Topology [1:2]
___________________________
From 	  To 		Length
___________________________
  0	 | 	1	 | 	6,00
  0	 | 	3	 | 	10,20
  0	 | 	7	 | 	8,06
  0	 | 	8	 | 	13,60
  1	 | 	6	 | 	7,62
  2	 | 	3	 | 	16,03
  2	 | 	5	 | 	10,20
  2	 | 	8	 | 	18,38
  2	 | 	9	 | 	20,12
  3	 | 	6	 | 	3,16
  4	 | 	5	 | 	9,06
  4	 | 	7	 | 	6,32
  5	 | 	8	 | 	8,60
  6	 | 	7	 | 	6,08
  7	 | 	9	 | 	7,81
  8	 | 	9	 | 	2,24
  3	 | 	4	 | 	3,00
___________________________
Simulation Topology [1:3]
___________________________
From 	  To 		Length
___________________________
  0	 | 	1	 | 	6,00
  0	 | 	3	 | 	10,20
  0	 | 	7	 | 	8,06
  0	 | 	8	 | 	13,60
  1	 | 	6	 | 	7,62
  2	 | 	3	 | 	16,03
  2	 | 	5	 | 	10,20
  2	 | 	8	 | 	18,38
  2	 | 	9	 | 	20,12
  3	 | 	6	 | 	3,16
  4	 | 	5	 | 	9,06
  4	 | 	7	 | 	6,32
  5	 | 	8	 | 	8,60
  6	 | 	7	 | 	6,08
  7	 | 	9	 | 	7,81
  8	 | 	9	 | 	2,24
  3	 | 	4	 | 	3,00
  3	 | 	7	 | 	3,61
___________________________
Simulation Topology [1:4]
___________________________
From 	  To 		Length
___________________________
  0	 | 	1	 | 	6,00
  0	 | 	3	 | 	10,20
  0	 | 	7	 | 	8,06
  0	 | 	8	 | 	13,60
  1	 | 	6	 | 	7,62
  2	 | 	3	 | 	16,03
  2	 | 	5	 | 	10,20
  2	 | 	8	 | 	18,38
  2	 | 	9	 | 	20,12
  3	 | 	6	 | 	3,16
  4	 | 	5	 | 	9,06
  4	 | 	7	 | 	6,32
  5	 | 	8	 | 	8,60
  6	 | 	7	 | 	6,08
  7	 | 	9	 | 	7,81
  8	 | 	9	 | 	2,24
  3	 | 	4	 | 	3,00
  3	 | 	7	 | 	3,61
  0	 | 	5	 | 	5,00
___________________________
Simulation Topology [1:5]
___________________________
From 	  To 		Length
___________________________
  0	 | 	1	 | 	6,00
  0	 | 	3	 | 	10,20
  0	 | 	7	 | 	8,06
  0	 | 	8	 | 	13,60
  1	 | 	6	 | 	7,62
  2	 | 	3	 | 	16,03
  2	 | 	5	 | 	10,20
  2	 | 	8	 | 	18,38
  2	 | 	9	 | 	20,12
  3	 | 	6	 | 	3,16
  4	 | 	5	 | 	9,06
  4	 | 	7	 | 	6,32
  5	 | 	8	 | 	8,60
  6	 | 	7	 | 	6,08
  7	 | 	9	 | 	7,81
  8	 | 	9	 | 	2,24
  3	 | 	4	 | 	3,00
  3	 | 	7	 | 	3,61
  0	 | 	5	 | 	5,00
  4	 | 	6	 | 	1,00
___________________________
