Simulation Topology 1
___________________________
[0]				[0]		
[3]				[0]		
[17]				[1]		
[11]				[1]		
[18]				[2]		
[19]				[3]		
[5]				[4]		
[4]				[5]		
[19]				[7]		
[5]				[8]		
___________________________
Simulation Topology [1:1]
___________________________
From 	  To 		Length
___________________________
  0	 | 	1	 | 	3,00
  0	 | 	2	 | 	17,03
  0	 | 	8	 | 	20,25
  0	 | 	9	 | 	9,43
  1	 | 	2	 | 	14,04
  1	 | 	5	 | 	16,28
  1	 | 	6	 | 	4,47
  2	 | 	3	 | 	6,00
  2	 | 	4	 | 	1,41
  2	 | 	5	 | 	2,83
  3	 | 	4	 | 	7,07
  4	 | 	5	 | 	1,41
  4	 | 	8	 | 	5,10
  4	 | 	9	 | 	14,32
  5	 | 	7	 | 	15,13
  6	 | 	8	 | 	14,32
  6	 | 	9	 | 	4,00
  7	 | 	8	 | 	15,13
  7	 | 	9	 | 	3,16
___________________________
Simulation Topology [1:2]
___________________________
From 	  To 		Length
___________________________
  0	 | 	1	 | 	3,00
  0	 | 	2	 | 	17,03
  0	 | 	8	 | 	20,25
  0	 | 	9	 | 	9,43
  1	 | 	2	 | 	14,04
  1	 | 	5	 | 	16,28
  1	 | 	6	 | 	4,47
  2	 | 	3	 | 	6,00
  2	 | 	4	 | 	1,41
  2	 | 	5	 | 	2,83
  3	 | 	4	 | 	7,07
  4	 | 	5	 | 	1,41
  4	 | 	8	 | 	5,10
  4	 | 	9	 | 	14,32
  5	 | 	7	 | 	15,13
  6	 | 	8	 | 	14,32
  6	 | 	9	 | 	4,00
  7	 | 	8	 | 	15,13
  7	 | 	9	 | 	3,16
  0	 | 	7	 | 	6,40
___________________________
