Simulation Topology 1
___________________________
[4]				[1]		
[5]				[2]		
[9]				[2]		
[9]				[3]		
[16]				[3]		
[6]				[4]		
[12]				[5]		
[13]				[6]		
[1]				[6]		
[12]				[7]		
___________________________
Simulation Topology [1:1]
___________________________
From 	  To 		Length
___________________________
  0	 | 	1	 | 	1,41
  0	 | 	2	 | 	5,10
  0	 | 	3	 | 	5,39
  0	 | 	4	 | 	12,17
  0	 | 	5	 | 	3,61
  0	 | 	6	 | 	8,94
  1	 | 	6	 | 	7,62
  1	 | 	7	 | 	8,94
  1	 | 	9	 | 	8,60
  2	 | 	3	 | 	1,00
  2	 | 	7	 | 	5,66
  3	 | 	5	 | 	3,16
  4	 | 	5	 | 	10,05
  4	 | 	6	 | 	4,47
  5	 | 	6	 | 	6,08
  5	 | 	9	 | 	6,71
  6	 | 	8	 | 	11,05
  6	 | 	9	 | 	2,00
  8	 | 	9	 | 	11,05
___________________________
Simulation Topology [1:2]
___________________________
From 	  To 		Length
___________________________
  0	 | 	1	 | 	1,41
  0	 | 	2	 | 	5,10
  0	 | 	3	 | 	5,39
  0	 | 	4	 | 	12,17
  0	 | 	5	 | 	3,61
  0	 | 	6	 | 	8,94
  1	 | 	6	 | 	7,62
  1	 | 	7	 | 	8,94
  1	 | 	9	 | 	8,60
  2	 | 	3	 | 	1,00
  2	 | 	7	 | 	5,66
  3	 | 	5	 | 	3,16
  4	 | 	5	 | 	10,05
  4	 | 	6	 | 	4,47
  5	 | 	6	 | 	6,08
  5	 | 	9	 | 	6,71
  6	 | 	8	 | 	11,05
  6	 | 	9	 | 	2,00
  8	 | 	9	 | 	11,05
  1	 | 	3	 | 	4,12
___________________________
