Simulation Topology 1
___________________________
[7]				[0]		
[11]				[0]		
[6]				[1]		
[10]				[1]		
[1]				[2]		
[13]				[2]		
[3]				[3]		
[8]				[4]		
[5]				[4]		
[5]				[5]		
___________________________
Simulation Topology [1:1]
___________________________
From 	  To 		Length
___________________________
  0	 | 	1	 | 	4,00
  0	 | 	7	 | 	4,12
  1	 | 	7	 | 	5,00
  2	 | 	3	 | 	4,00
  2	 | 	7	 | 	3,61
  2	 | 	8	 | 	3,16
  3	 | 	5	 | 	3,16
  3	 | 	6	 | 	7,28
  4	 | 	5	 | 	12,00
  4	 | 	6	 | 	2,24
  4	 | 	9	 | 	5,00
  5	 | 	6	 | 	10,05
  5	 | 	9	 | 	8,54
  6	 | 	7	 | 	5,10
  8	 | 	9	 | 	1,00
___________________________
Simulation Topology [1:2]
___________________________
From 	  To 		Length
___________________________
  0	 | 	1	 | 	4,00
  0	 | 	7	 | 	4,12
  1	 | 	7	 | 	5,00
  2	 | 	3	 | 	4,00
  2	 | 	7	 | 	3,61
  2	 | 	8	 | 	3,16
  3	 | 	5	 | 	3,16
  3	 | 	6	 | 	7,28
  4	 | 	5	 | 	12,00
  4	 | 	6	 | 	2,24
  4	 | 	9	 | 	5,00
  5	 | 	6	 | 	10,05
  5	 | 	9	 | 	8,54
  6	 | 	7	 | 	5,10
  8	 | 	9	 | 	1,00
  1	 | 	5	 | 	2,83
___________________________
Simulation Topology [1:3]
___________________________
From 	  To 		Length
___________________________
  0	 | 	1	 | 	4,00
  0	 | 	7	 | 	4,12
  1	 | 	7	 | 	5,00
  2	 | 	3	 | 	4,00
  2	 | 	7	 | 	3,61
  2	 | 	8	 | 	3,16
  3	 | 	5	 | 	3,16
  3	 | 	6	 | 	7,28
  4	 | 	5	 | 	12,00
  4	 | 	6	 | 	2,24
  4	 | 	9	 | 	5,00
  5	 | 	6	 | 	10,05
  5	 | 	9	 | 	8,54
  6	 | 	7	 | 	5,10
  8	 | 	9	 | 	1,00
  1	 | 	5	 | 	2,83
  1	 | 	3	 | 	1,41
___________________________
Simulation Topology [1:4]
___________________________
From 	  To 		Length
___________________________
  0	 | 	1	 | 	4,00
  0	 | 	7	 | 	4,12
  1	 | 	7	 | 	5,00
  2	 | 	3	 | 	4,00
  2	 | 	7	 | 	3,61
  2	 | 	8	 | 	3,16
  3	 | 	5	 | 	3,16
  3	 | 	6	 | 	7,28
  4	 | 	5	 | 	12,00
  4	 | 	6	 | 	2,24
  4	 | 	9	 | 	5,00
  5	 | 	6	 | 	10,05
  5	 | 	9	 | 	8,54
  6	 | 	7	 | 	5,10
  8	 | 	9	 | 	1,00
  1	 | 	5	 | 	2,83
  1	 | 	3	 | 	1,41
  7	 | 	8	 | 	3,00
___________________________
Simulation Topology [1:5]
___________________________
From 	  To 		Length
___________________________
  0	 | 	1	 | 	4,00
  0	 | 	7	 | 	4,12
  1	 | 	7	 | 	5,00
  2	 | 	3	 | 	4,00
  2	 | 	7	 | 	3,61
  2	 | 	8	 | 	3,16
  3	 | 	5	 | 	3,16
  3	 | 	6	 | 	7,28
  4	 | 	5	 | 	12,00
  4	 | 	6	 | 	2,24
  4	 | 	9	 | 	5,00
  5	 | 	6	 | 	10,05
  5	 | 	9	 | 	8,54
  6	 | 	7	 | 	5,10
  8	 | 	9	 | 	1,00
  1	 | 	5	 | 	2,83
  1	 | 	3	 | 	1,41
  7	 | 	8	 | 	3,00
  2	 | 	5	 | 	7,07
___________________________
Simulation Topology [1:6]
___________________________
From 	  To 		Length
___________________________
  0	 | 	1	 | 	4,00
  0	 | 	7	 | 	4,12
  1	 | 	7	 | 	5,00
  2	 | 	3	 | 	4,00
  2	 | 	7	 | 	3,61
  2	 | 	8	 | 	3,16
  3	 | 	5	 | 	3,16
  3	 | 	6	 | 	7,28
  4	 | 	5	 | 	12,00
  4	 | 	6	 | 	2,24
  4	 | 	9	 | 	5,00
  5	 | 	6	 | 	10,05
  5	 | 	9	 | 	8,54
  6	 | 	7	 | 	5,10
  8	 | 	9	 | 	1,00
  1	 | 	5	 | 	2,83
  1	 | 	3	 | 	1,41
  7	 | 	8	 | 	3,00
  2	 | 	5	 | 	7,07
  5	 | 	7	 | 	5,39
___________________________
