Simulation Topology 1
___________________________
[7]				[1]		
[12]				[3]		
[19]				[3]		
[9]				[5]		
[11]				[6]		
[6]				[6]		
[11]				[7]		
[5]				[9]		
[7]				[10]		
[0]				[10]		
___________________________
Simulation Topology [1:1]
___________________________
From 	  To 		Length
___________________________
  0	 | 	1	 | 	5,39
  0	 | 	5	 | 	5,10
  0	 | 	6	 | 	7,21
  0	 | 	8	 | 	9,00
  1	 | 	3	 | 	3,61
  1	 | 	5	 | 	6,71
  1	 | 	6	 | 	4,12
  2	 | 	3	 | 	10,20
  2	 | 	7	 | 	15,23
  2	 | 	9	 | 	20,25
  3	 | 	4	 | 	2,24
  3	 | 	7	 | 	5,66
  3	 | 	8	 | 	5,39
  4	 | 	5	 | 	5,00
  4	 | 	8	 | 	5,66
  4	 | 	9	 | 	11,70
  6	 | 	8	 | 	5,00
  6	 | 	9	 | 	11,40
  7	 | 	9	 | 	5,10
___________________________
Simulation Topology [1:2]
___________________________
From 	  To 		Length
___________________________
  0	 | 	1	 | 	5,39
  0	 | 	5	 | 	5,10
  0	 | 	6	 | 	7,21
  0	 | 	8	 | 	9,00
  1	 | 	3	 | 	3,61
  1	 | 	5	 | 	6,71
  1	 | 	6	 | 	4,12
  2	 | 	3	 | 	10,20
  2	 | 	7	 | 	15,23
  2	 | 	9	 | 	20,25
  3	 | 	4	 | 	2,24
  3	 | 	7	 | 	5,66
  3	 | 	8	 | 	5,39
  4	 | 	5	 | 	5,00
  4	 | 	8	 | 	5,66
  4	 | 	9	 | 	11,70
  6	 | 	8	 | 	5,00
  6	 | 	9	 | 	11,40
  7	 | 	9	 | 	5,10
  0	 | 	3	 | 	4,47
___________________________
