Simulation Topology 1
___________________________
[18]				[0]		
[16]				[0]		
[12]				[1]		
[14]				[1]		
[10]				[2]		
[13]				[2]		
[11]				[3]		
[16]				[5]		
[3]				[5]		
[16]				[6]		
___________________________
Simulation Topology [1:1]
___________________________
From 	  To 		Length
___________________________
  0	 | 	1	 | 	2,00
  0	 | 	4	 | 	8,25
  1	 | 	2	 | 	4,12
  1	 | 	3	 | 	2,24
  1	 | 	9	 | 	6,00
  2	 | 	3	 | 	2,00
  2	 | 	6	 | 	2,24
  2	 | 	7	 | 	5,66
  3	 | 	5	 | 	1,41
  3	 | 	6	 | 	3,61
  4	 | 	5	 | 	3,00
  4	 | 	8	 | 	7,62
  4	 | 	9	 | 	7,21
  5	 | 	9	 | 	5,00
  6	 | 	7	 | 	5,39
  6	 | 	9	 | 	5,83
  8	 | 	9	 | 	13,04
___________________________
Simulation Topology [1:2]
___________________________
From 	  To 		Length
___________________________
  0	 | 	1	 | 	2,00
  0	 | 	4	 | 	8,25
  1	 | 	2	 | 	4,12
  1	 | 	3	 | 	2,24
  1	 | 	9	 | 	6,00
  2	 | 	3	 | 	2,00
  2	 | 	6	 | 	2,24
  2	 | 	7	 | 	5,66
  3	 | 	5	 | 	1,41
  3	 | 	6	 | 	3,61
  4	 | 	5	 | 	3,00
  4	 | 	8	 | 	7,62
  4	 | 	9	 | 	7,21
  5	 | 	9	 | 	5,00
  6	 | 	7	 | 	5,39
  6	 | 	9	 | 	5,83
  8	 | 	9	 | 	13,04
  2	 | 	4	 | 	2,24
___________________________
Simulation Topology [1:3]
___________________________
From 	  To 		Length
___________________________
  0	 | 	1	 | 	2,00
  0	 | 	4	 | 	8,25
  1	 | 	2	 | 	4,12
  1	 | 	3	 | 	2,24
  1	 | 	9	 | 	6,00
  2	 | 	3	 | 	2,00
  2	 | 	6	 | 	2,24
  2	 | 	7	 | 	5,66
  3	 | 	5	 | 	1,41
  3	 | 	6	 | 	3,61
  4	 | 	5	 | 	3,00
  4	 | 	8	 | 	7,62
  4	 | 	9	 | 	7,21
  5	 | 	9	 | 	5,00
  6	 | 	7	 | 	5,39
  6	 | 	9	 | 	5,83
  8	 | 	9	 | 	13,04
  2	 | 	4	 | 	2,24
  0	 | 	2	 | 	6,08
___________________________
Simulation Topology [1:4]
___________________________
From 	  To 		Length
___________________________
  0	 | 	1	 | 	2,00
  0	 | 	4	 | 	8,25
  1	 | 	2	 | 	4,12
  1	 | 	3	 | 	2,24
  1	 | 	9	 | 	6,00
  2	 | 	3	 | 	2,00
  2	 | 	6	 | 	2,24
  2	 | 	7	 | 	5,66
  3	 | 	5	 | 	1,41
  3	 | 	6	 | 	3,61
  4	 | 	5	 | 	3,00
  4	 | 	8	 | 	7,62
  4	 | 	9	 | 	7,21
  5	 | 	9	 | 	5,00
  6	 | 	7	 | 	5,39
  6	 | 	9	 | 	5,83
  8	 | 	9	 | 	13,04
  2	 | 	4	 | 	2,24
  0	 | 	2	 | 	6,08
  4	 | 	6	 | 	1,41
___________________________
