Simulation Topology 1
___________________________
[9]				[0]		
[9]				[1]		
[5]				[1]		
[10]				[2]		
[17]				[2]		
[10]				[3]		
[2]				[3]		
[15]				[4]		
[17]				[7]		
[14]				[7]		
___________________________
Simulation Topology [1:1]
___________________________
From 	  To 		Length
___________________________
  0	 | 	1	 | 	1,00
  0	 | 	3	 | 	2,24
  0	 | 	5	 | 	3,16
  0	 | 	8	 | 	10,63
  0	 | 	9	 | 	8,60
  1	 | 	3	 | 	1,41
  1	 | 	4	 | 	8,06
  1	 | 	7	 | 	6,71
  2	 | 	3	 | 	5,10
  2	 | 	5	 | 	5,39
  2	 | 	6	 | 	3,61
  2	 | 	7	 | 	10,44
  3	 | 	7	 | 	5,39
  4	 | 	5	 | 	7,07
  4	 | 	8	 | 	5,00
  4	 | 	9	 | 	5,83
  6	 | 	7	 | 	13,04
___________________________
Simulation Topology [1:2]
___________________________
From 	  To 		Length
___________________________
  0	 | 	1	 | 	1,00
  0	 | 	3	 | 	2,24
  0	 | 	5	 | 	3,16
  0	 | 	8	 | 	10,63
  0	 | 	9	 | 	8,60
  1	 | 	3	 | 	1,41
  1	 | 	4	 | 	8,06
  1	 | 	7	 | 	6,71
  2	 | 	3	 | 	5,10
  2	 | 	5	 | 	5,39
  2	 | 	6	 | 	3,61
  2	 | 	7	 | 	10,44
  3	 | 	7	 | 	5,39
  4	 | 	5	 | 	7,07
  4	 | 	8	 | 	5,00
  4	 | 	9	 | 	5,83
  6	 | 	7	 | 	13,04
  1	 | 	5	 | 	2,24
___________________________
Simulation Topology [1:3]
___________________________
From 	  To 		Length
___________________________
  0	 | 	1	 | 	1,00
  0	 | 	3	 | 	2,24
  0	 | 	5	 | 	3,16
  0	 | 	8	 | 	10,63
  0	 | 	9	 | 	8,60
  1	 | 	3	 | 	1,41
  1	 | 	4	 | 	8,06
  1	 | 	7	 | 	6,71
  2	 | 	3	 | 	5,10
  2	 | 	5	 | 	5,39
  2	 | 	6	 | 	3,61
  2	 | 	7	 | 	10,44
  3	 | 	7	 | 	5,39
  4	 | 	5	 | 	7,07
  4	 | 	8	 | 	5,00
  4	 | 	9	 | 	5,83
  6	 | 	7	 | 	13,04
  1	 | 	5	 | 	2,24
  3	 | 	4	 | 	7,00
___________________________
Simulation Topology [1:4]
___________________________
From 	  To 		Length
___________________________
  0	 | 	1	 | 	1,00
  0	 | 	3	 | 	2,24
  0	 | 	5	 | 	3,16
  0	 | 	8	 | 	10,63
  0	 | 	9	 | 	8,60
  1	 | 	3	 | 	1,41
  1	 | 	4	 | 	8,06
  1	 | 	7	 | 	6,71
  2	 | 	3	 | 	5,10
  2	 | 	5	 | 	5,39
  2	 | 	6	 | 	3,61
  2	 | 	7	 | 	10,44
  3	 | 	7	 | 	5,39
  4	 | 	5	 | 	7,07
  4	 | 	8	 | 	5,00
  4	 | 	9	 | 	5,83
  6	 | 	7	 | 	13,04
  1	 | 	5	 | 	2,24
  3	 | 	4	 | 	7,00
  7	 | 	8	 | 	3,61
___________________________
