Simulation Topology 1
___________________________
[0]				[4]		
[4]				[4]		
[12]				[5]		
[17]				[5]		
[14]				[6]		
[16]				[7]		
[8]				[8]		
[15]				[9]		
[15]				[10]		
[1]				[10]		
___________________________
Simulation Topology [1:1]
___________________________
From 	  To 		Length
___________________________
  0	 | 	1	 | 	4,00
  0	 | 	3	 | 	17,03
  0	 | 	4	 | 	14,14
  0	 | 	5	 | 	16,28
  1	 | 	4	 | 	10,20
  1	 | 	6	 | 	5,66
  2	 | 	3	 | 	5,00
  2	 | 	7	 | 	5,00
  2	 | 	8	 | 	5,83
  3	 | 	8	 | 	5,39
  3	 | 	9	 | 	16,76
  4	 | 	5	 | 	2,24
  4	 | 	8	 | 	4,12
  5	 | 	6	 | 	8,06
  5	 | 	7	 | 	2,24
  5	 | 	9	 | 	15,30
  6	 | 	9	 | 	7,28
  7	 | 	9	 | 	14,04
___________________________
Simulation Topology [1:2]
___________________________
From 	  To 		Length
___________________________
  0	 | 	1	 | 	4,00
  0	 | 	3	 | 	17,03
  0	 | 	4	 | 	14,14
  0	 | 	5	 | 	16,28
  1	 | 	4	 | 	10,20
  1	 | 	6	 | 	5,66
  2	 | 	3	 | 	5,00
  2	 | 	7	 | 	5,00
  2	 | 	8	 | 	5,83
  3	 | 	8	 | 	5,39
  3	 | 	9	 | 	16,76
  4	 | 	5	 | 	2,24
  4	 | 	8	 | 	4,12
  5	 | 	6	 | 	8,06
  5	 | 	7	 | 	2,24
  5	 | 	9	 | 	15,30
  6	 | 	9	 | 	7,28
  7	 | 	9	 | 	14,04
  7	 | 	8	 | 	1,00
___________________________
Simulation Topology [1:3]
___________________________
From 	  To 		Length
___________________________
  0	 | 	1	 | 	4,00
  0	 | 	3	 | 	17,03
  0	 | 	4	 | 	14,14
  0	 | 	5	 | 	16,28
  1	 | 	4	 | 	10,20
  1	 | 	6	 | 	5,66
  2	 | 	3	 | 	5,00
  2	 | 	7	 | 	5,00
  2	 | 	8	 | 	5,83
  3	 | 	8	 | 	5,39
  3	 | 	9	 | 	16,76
  4	 | 	5	 | 	2,24
  4	 | 	8	 | 	4,12
  5	 | 	6	 | 	8,06
  5	 | 	7	 | 	2,24
  5	 | 	9	 | 	15,30
  6	 | 	9	 | 	7,28
  7	 | 	9	 | 	14,04
  7	 | 	8	 | 	1,00
  3	 | 	4	 | 	3,16
___________________________
