Simulation Topology 1
___________________________
[16]				[0]		
[0]				[0]		
[14]				[1]		
[17]				[1]		
[1]				[2]		
[11]				[3]		
[0]				[3]		
[8]				[4]		
[10]				[4]		
[11]				[5]		
___________________________
Simulation Topology [1:1]
___________________________
From 	  To 		Length
___________________________
  0	 | 	1	 | 	16,00
  0	 | 	5	 | 	5,83
  0	 | 	6	 | 	16,28
  1	 | 	2	 | 	14,04
  1	 | 	3	 | 	17,03
  1	 | 	5	 | 	11,40
  2	 | 	3	 | 	3,00
  2	 | 	5	 | 	3,61
  3	 | 	4	 | 	16,03
  3	 | 	8	 | 	7,62
  4	 | 	5	 | 	10,05
  4	 | 	6	 | 	1,41
  4	 | 	8	 | 	9,22
  4	 | 	9	 | 	10,44
  5	 | 	7	 | 	3,16
  6	 | 	7	 | 	8,06
  7	 | 	8	 | 	2,00
  7	 | 	9	 | 	3,16
___________________________
Simulation Topology [1:2]
___________________________
From 	  To 		Length
___________________________
  0	 | 	1	 | 	16,00
  0	 | 	5	 | 	5,83
  0	 | 	6	 | 	16,28
  1	 | 	2	 | 	14,04
  1	 | 	3	 | 	17,03
  1	 | 	5	 | 	11,40
  2	 | 	3	 | 	3,00
  2	 | 	5	 | 	3,61
  3	 | 	4	 | 	16,03
  3	 | 	8	 | 	7,62
  4	 | 	5	 | 	10,05
  4	 | 	6	 | 	1,41
  4	 | 	8	 | 	9,22
  4	 | 	9	 | 	10,44
  5	 | 	7	 | 	3,16
  6	 | 	7	 | 	8,06
  7	 | 	8	 | 	2,00
  7	 | 	9	 | 	3,16
  0	 | 	3	 | 	1,41
___________________________
Simulation Topology [1:3]
___________________________
From 	  To 		Length
___________________________
  0	 | 	1	 | 	16,00
  0	 | 	5	 | 	5,83
  0	 | 	6	 | 	16,28
  1	 | 	2	 | 	14,04
  1	 | 	3	 | 	17,03
  1	 | 	5	 | 	11,40
  2	 | 	3	 | 	3,00
  2	 | 	5	 | 	3,61
  3	 | 	4	 | 	16,03
  3	 | 	8	 | 	7,62
  4	 | 	5	 | 	10,05
  4	 | 	6	 | 	1,41
  4	 | 	8	 | 	9,22
  4	 | 	9	 | 	10,44
  5	 | 	7	 | 	3,16
  6	 | 	7	 | 	8,06
  7	 | 	8	 | 	2,00
  7	 | 	9	 | 	3,16
  0	 | 	3	 | 	1,41
  2	 | 	9	 | 	5,00
___________________________
