Simulation Topology 1
___________________________
[18]				[0]		
[5]				[0]		
[17]				[1]		
[14]				[4]		
[18]				[5]		
[6]				[5]		
[7]				[6]		
[5]				[6]		
[16]				[8]		
[5]				[8]		
___________________________
Simulation Topology [1:1]
___________________________
From 	  To 		Length
___________________________
  0	 | 	1	 | 	13,00
  0	 | 	2	 | 	1,41
  0	 | 	7	 | 	14,32
  1	 | 	4	 | 	13,93
  2	 | 	3	 | 	4,24
  2	 | 	5	 | 	11,70
  2	 | 	6	 | 	11,18
  2	 | 	7	 | 	13,00
  3	 | 	7	 | 	9,22
  3	 | 	8	 | 	4,47
  4	 | 	5	 | 	12,00
  4	 | 	6	 | 	11,05
  4	 | 	7	 | 	13,04
  4	 | 	9	 | 	13,34
  6	 | 	7	 | 	2,00
  6	 | 	8	 | 	9,22
  6	 | 	9	 | 	2,83
___________________________
Simulation Topology [1:2]
___________________________
From 	  To 		Length
___________________________
  0	 | 	1	 | 	13,00
  0	 | 	2	 | 	1,41
  0	 | 	7	 | 	14,32
  1	 | 	4	 | 	13,93
  2	 | 	3	 | 	4,24
  2	 | 	5	 | 	11,70
  2	 | 	6	 | 	11,18
  2	 | 	7	 | 	13,00
  3	 | 	7	 | 	9,22
  3	 | 	8	 | 	4,47
  4	 | 	5	 | 	12,00
  4	 | 	6	 | 	11,05
  4	 | 	7	 | 	13,04
  4	 | 	9	 | 	13,34
  6	 | 	7	 | 	2,00
  6	 | 	8	 | 	9,22
  6	 | 	9	 | 	2,83
  5	 | 	6	 | 	1,41
___________________________
Simulation Topology [1:3]
___________________________
From 	  To 		Length
___________________________
  0	 | 	1	 | 	13,00
  0	 | 	2	 | 	1,41
  0	 | 	7	 | 	14,32
  1	 | 	4	 | 	13,93
  2	 | 	3	 | 	4,24
  2	 | 	5	 | 	11,70
  2	 | 	6	 | 	11,18
  2	 | 	7	 | 	13,00
  3	 | 	7	 | 	9,22
  3	 | 	8	 | 	4,47
  4	 | 	5	 | 	12,00
  4	 | 	6	 | 	11,05
  4	 | 	7	 | 	13,04
  4	 | 	9	 | 	13,34
  6	 | 	7	 | 	2,00
  6	 | 	8	 | 	9,22
  6	 | 	9	 | 	2,83
  5	 | 	6	 | 	1,41
  5	 | 	7	 | 	1,41
___________________________
Simulation Topology [1:4]
___________________________
From 	  To 		Length
___________________________
  0	 | 	1	 | 	13,00
  0	 | 	2	 | 	1,41
  0	 | 	7	 | 	14,32
  1	 | 	4	 | 	13,93
  2	 | 	3	 | 	4,24
  2	 | 	5	 | 	11,70
  2	 | 	6	 | 	11,18
  2	 | 	7	 | 	13,00
  3	 | 	7	 | 	9,22
  3	 | 	8	 | 	4,47
  4	 | 	5	 | 	12,00
  4	 | 	6	 | 	11,05
  4	 | 	7	 | 	13,04
  4	 | 	9	 | 	13,34
  6	 | 	7	 | 	2,00
  6	 | 	8	 | 	9,22
  6	 | 	9	 | 	2,83
  5	 | 	6	 | 	1,41
  5	 | 	7	 | 	1,41
  5	 | 	9	 | 	3,16
___________________________
