Simulation Topology 1
___________________________
[1]				[1]		
[9]				[1]		
[15]				[2]		
[1]				[2]		
[14]				[5]		
[2]				[5]		
[9]				[6]		
[19]				[8]		
[1]				[9]		
[7]				[9]		
___________________________
Simulation Topology [1:1]
___________________________
From 	  To 		Length
___________________________
  0	 | 	1	 | 	8,00
  0	 | 	3	 | 	1,00
  0	 | 	4	 | 	13,60
  0	 | 	5	 | 	4,12
  1	 | 	4	 | 	6,40
  1	 | 	5	 | 	8,06
  1	 | 	9	 | 	8,25
  2	 | 	3	 | 	14,00
  2	 | 	5	 | 	13,34
  2	 | 	8	 | 	15,65
  3	 | 	6	 | 	8,94
  3	 | 	7	 | 	18,97
  4	 | 	5	 | 	12,00
  4	 | 	6	 | 	5,10
  6	 | 	7	 | 	10,20
  6	 | 	8	 | 	8,54
  6	 | 	9	 | 	3,61
  7	 | 	9	 | 	12,04
___________________________
Simulation Topology [1:2]
___________________________
From 	  To 		Length
___________________________
  0	 | 	1	 | 	8,00
  0	 | 	3	 | 	1,00
  0	 | 	4	 | 	13,60
  0	 | 	5	 | 	4,12
  1	 | 	4	 | 	6,40
  1	 | 	5	 | 	8,06
  1	 | 	9	 | 	8,25
  2	 | 	3	 | 	14,00
  2	 | 	5	 | 	13,34
  2	 | 	8	 | 	15,65
  3	 | 	6	 | 	8,94
  3	 | 	7	 | 	18,97
  4	 | 	5	 | 	12,00
  4	 | 	6	 | 	5,10
  6	 | 	7	 | 	10,20
  6	 | 	8	 | 	8,54
  6	 | 	9	 | 	3,61
  7	 | 	9	 | 	12,04
  4	 | 	7	 | 	5,83
___________________________
Simulation Topology [1:3]
___________________________
From 	  To 		Length
___________________________
  0	 | 	1	 | 	8,00
  0	 | 	3	 | 	1,00
  0	 | 	4	 | 	13,60
  0	 | 	5	 | 	4,12
  1	 | 	4	 | 	6,40
  1	 | 	5	 | 	8,06
  1	 | 	9	 | 	8,25
  2	 | 	3	 | 	14,00
  2	 | 	5	 | 	13,34
  2	 | 	8	 | 	15,65
  3	 | 	6	 | 	8,94
  3	 | 	7	 | 	18,97
  4	 | 	5	 | 	12,00
  4	 | 	6	 | 	5,10
  6	 | 	7	 | 	10,20
  6	 | 	8	 | 	8,54
  6	 | 	9	 | 	3,61
  7	 | 	9	 | 	12,04
  4	 | 	7	 | 	5,83
  3	 | 	9	 | 	9,22
___________________________
