Simulation Topology 1
___________________________
[19]				[1]		
[11]				[2]		
[9]				[2]		
[7]				[3]		
[15]				[3]		
[0]				[4]		
[12]				[5]		
[10]				[5]		
[3]				[6]		
[8]				[7]		
___________________________
Simulation Topology [1:1]
___________________________
From 	  To 		Length
___________________________
  0	 | 	1	 | 	8,06
  0	 | 	3	 | 	12,17
  0	 | 	8	 | 	16,76
  0	 | 	9	 | 	12,53
  1	 | 	4	 | 	4,12
  1	 | 	5	 | 	11,18
  1	 | 	7	 | 	3,16
  1	 | 	8	 | 	8,94
  2	 | 	3	 | 	2,24
  2	 | 	5	 | 	9,22
  2	 | 	8	 | 	7,21
  3	 | 	5	 | 	7,07
  3	 | 	6	 | 	5,39
  4	 | 	5	 | 	15,03
  4	 | 	7	 | 	5,39
  4	 | 	8	 | 	12,37
  4	 | 	9	 | 	8,06
  6	 | 	9	 | 	4,47
  7	 | 	9	 | 	2,83
___________________________
Simulation Topology [1:2]
___________________________
From 	  To 		Length
___________________________
  0	 | 	1	 | 	8,06
  0	 | 	3	 | 	12,17
  0	 | 	8	 | 	16,76
  0	 | 	9	 | 	12,53
  1	 | 	4	 | 	4,12
  1	 | 	5	 | 	11,18
  1	 | 	7	 | 	3,16
  1	 | 	8	 | 	8,94
  2	 | 	3	 | 	2,24
  2	 | 	5	 | 	9,22
  2	 | 	8	 | 	7,21
  3	 | 	5	 | 	7,07
  3	 | 	6	 | 	5,39
  4	 | 	5	 | 	15,03
  4	 | 	7	 | 	5,39
  4	 | 	8	 | 	12,37
  4	 | 	9	 | 	8,06
  6	 | 	9	 | 	4,47
  7	 | 	9	 | 	2,83
  2	 | 	6	 | 	4,24
___________________________
