Simulation Topology 1
___________________________
[5]				[0]		
[4]				[2]		
[13]				[2]		
[18]				[3]		
[1]				[5]		
[18]				[5]		
[18]				[6]		
[4]				[8]		
[8]				[9]		
[5]				[9]		
___________________________
Simulation Topology [1:1]
___________________________
From 	  To 		Length
___________________________
  0	 | 	1	 | 	2,24
  0	 | 	2	 | 	8,25
  0	 | 	3	 | 	13,34
  1	 | 	6	 | 	14,56
  1	 | 	7	 | 	6,00
  1	 | 	8	 | 	8,06
  2	 | 	3	 | 	5,10
  2	 | 	4	 | 	12,37
  2	 | 	5	 | 	5,83
  2	 | 	7	 | 	10,82
  3	 | 	4	 | 	17,12
  3	 | 	9	 | 	14,32
  4	 | 	5	 | 	17,00
  4	 | 	7	 | 	4,24
  5	 | 	8	 | 	10,77
  5	 | 	9	 | 	13,60
  6	 | 	7	 | 	14,14
  6	 | 	9	 | 	13,34
___________________________
Simulation Topology [1:2]
___________________________
From 	  To 		Length
___________________________
  0	 | 	1	 | 	2,24
  0	 | 	2	 | 	8,25
  0	 | 	3	 | 	13,34
  1	 | 	6	 | 	14,56
  1	 | 	7	 | 	6,00
  1	 | 	8	 | 	8,06
  2	 | 	3	 | 	5,10
  2	 | 	4	 | 	12,37
  2	 | 	5	 | 	5,83
  2	 | 	7	 | 	10,82
  3	 | 	4	 | 	17,12
  3	 | 	9	 | 	14,32
  4	 | 	5	 | 	17,00
  4	 | 	7	 | 	4,24
  5	 | 	8	 | 	10,77
  5	 | 	9	 | 	13,60
  6	 | 	7	 | 	14,14
  6	 | 	9	 | 	13,34
  5	 | 	6	 | 	1,00
___________________________
Simulation Topology [1:3]
___________________________
From 	  To 		Length
___________________________
  0	 | 	1	 | 	2,24
  0	 | 	2	 | 	8,25
  0	 | 	3	 | 	13,34
  1	 | 	6	 | 	14,56
  1	 | 	7	 | 	6,00
  1	 | 	8	 | 	8,06
  2	 | 	3	 | 	5,10
  2	 | 	4	 | 	12,37
  2	 | 	5	 | 	5,83
  2	 | 	7	 | 	10,82
  3	 | 	4	 | 	17,12
  3	 | 	9	 | 	14,32
  4	 | 	5	 | 	17,00
  4	 | 	7	 | 	4,24
  5	 | 	8	 | 	10,77
  5	 | 	9	 | 	13,60
  6	 | 	7	 | 	14,14
  6	 | 	9	 | 	13,34
  5	 | 	6	 | 	1,00
  3	 | 	5	 | 	2,00
___________________________
