Simulation Topology 1
___________________________
[15]				[1]		
[1]				[1]		
[11]				[2]		
[3]				[4]		
[13]				[4]		
[11]				[6]		
[14]				[7]		
[5]				[7]		
[11]				[8]		
[15]				[8]		
___________________________
Simulation Topology [1:1]
___________________________
From 	  To 		Length
___________________________
  0	 | 	1	 | 	14,00
  0	 | 	2	 | 	4,12
  1	 | 	2	 | 	10,05
  1	 | 	5	 | 	11,18
  2	 | 	3	 | 	8,25
  2	 | 	4	 | 	2,83
  2	 | 	5	 | 	4,00
  2	 | 	6	 | 	5,83
  2	 | 	8	 | 	6,00
  2	 | 	9	 | 	7,21
  3	 | 	5	 | 	8,25
  4	 | 	5	 | 	2,83
  4	 | 	6	 | 	3,16
  4	 | 	8	 | 	4,47
  5	 | 	6	 | 	3,16
  5	 | 	7	 | 	6,08
  6	 | 	7	 | 	9,00
  7	 | 	9	 | 	10,05
___________________________
Simulation Topology [1:2]
___________________________
From 	  To 		Length
___________________________
  0	 | 	1	 | 	14,00
  0	 | 	2	 | 	4,12
  1	 | 	2	 | 	10,05
  1	 | 	5	 | 	11,18
  2	 | 	3	 | 	8,25
  2	 | 	4	 | 	2,83
  2	 | 	5	 | 	4,00
  2	 | 	6	 | 	5,83
  2	 | 	8	 | 	6,00
  2	 | 	9	 | 	7,21
  3	 | 	5	 | 	8,25
  4	 | 	5	 | 	2,83
  4	 | 	6	 | 	3,16
  4	 | 	8	 | 	4,47
  5	 | 	6	 | 	3,16
  5	 | 	7	 | 	6,08
  6	 | 	7	 | 	9,00
  7	 | 	9	 | 	10,05
  5	 | 	9	 | 	4,47
___________________________
Simulation Topology [1:3]
___________________________
From 	  To 		Length
___________________________
  0	 | 	1	 | 	14,00
  0	 | 	2	 | 	4,12
  1	 | 	2	 | 	10,05
  1	 | 	5	 | 	11,18
  2	 | 	3	 | 	8,25
  2	 | 	4	 | 	2,83
  2	 | 	5	 | 	4,00
  2	 | 	6	 | 	5,83
  2	 | 	8	 | 	6,00
  2	 | 	9	 | 	7,21
  3	 | 	5	 | 	8,25
  4	 | 	5	 | 	2,83
  4	 | 	6	 | 	3,16
  4	 | 	8	 | 	4,47
  5	 | 	6	 | 	3,16
  5	 | 	7	 | 	6,08
  6	 | 	7	 | 	9,00
  7	 | 	9	 | 	10,05
  5	 | 	9	 | 	4,47
  5	 | 	8	 | 	2,00
___________________________
