Simulation Topology 1
___________________________
[15]				[2]		
[8]				[3]		
[1]				[3]		
[11]				[6]		
[1]				[8]		
[5]				[8]		
[9]				[10]		
[4]				[11]		
[7]				[11]		
[9]				[12]		
___________________________
Simulation Topology [1:1]
___________________________
From 	  To 		Length
___________________________
  0	 | 	1	 | 	7,07
  0	 | 	3	 | 	5,66
  0	 | 	8	 | 	12,04
  1	 | 	4	 | 	8,60
  2	 | 	3	 | 	10,44
  2	 | 	5	 | 	6,40
  2	 | 	6	 | 	10,63
  2	 | 	9	 | 	12,04
  3	 | 	6	 | 	4,47
  3	 | 	9	 | 	6,32
  4	 | 	5	 | 	4,00
  4	 | 	6	 | 	8,25
  4	 | 	7	 | 	4,24
  4	 | 	9	 | 	8,94
  5	 | 	7	 | 	3,16
  6	 | 	8	 | 	2,24
___________________________
Simulation Topology [1:2]
___________________________
From 	  To 		Length
___________________________
  0	 | 	1	 | 	7,07
  0	 | 	3	 | 	5,66
  0	 | 	8	 | 	12,04
  1	 | 	4	 | 	8,60
  2	 | 	3	 | 	10,44
  2	 | 	5	 | 	6,40
  2	 | 	6	 | 	10,63
  2	 | 	9	 | 	12,04
  3	 | 	6	 | 	4,47
  3	 | 	9	 | 	6,32
  4	 | 	5	 | 	4,00
  4	 | 	6	 | 	8,25
  4	 | 	7	 | 	4,24
  4	 | 	9	 | 	8,94
  5	 | 	7	 | 	3,16
  6	 | 	8	 | 	2,24
  5	 | 	8	 | 	3,61
___________________________
Simulation Topology [1:3]
___________________________
From 	  To 		Length
___________________________
  0	 | 	1	 | 	7,07
  0	 | 	3	 | 	5,66
  0	 | 	8	 | 	12,04
  1	 | 	4	 | 	8,60
  2	 | 	3	 | 	10,44
  2	 | 	5	 | 	6,40
  2	 | 	6	 | 	10,63
  2	 | 	9	 | 	12,04
  3	 | 	6	 | 	4,47
  3	 | 	9	 | 	6,32
  4	 | 	5	 | 	4,00
  4	 | 	6	 | 	8,25
  4	 | 	7	 | 	4,24
  4	 | 	9	 | 	8,94
  5	 | 	7	 | 	3,16
  6	 | 	8	 | 	2,24
  5	 | 	8	 | 	3,61
  5	 | 	6	 | 	4,47
___________________________
Simulation Topology [1:4]
___________________________
From 	  To 		Length
___________________________
  0	 | 	1	 | 	7,07
  0	 | 	3	 | 	5,66
  0	 | 	8	 | 	12,04
  1	 | 	4	 | 	8,60
  2	 | 	3	 | 	10,44
  2	 | 	5	 | 	6,40
  2	 | 	6	 | 	10,63
  2	 | 	9	 | 	12,04
  3	 | 	6	 | 	4,47
  3	 | 	9	 | 	6,32
  4	 | 	5	 | 	4,00
  4	 | 	6	 | 	8,25
  4	 | 	7	 | 	4,24
  4	 | 	9	 | 	8,94
  5	 | 	7	 | 	3,16
  6	 | 	8	 | 	2,24
  5	 | 	8	 | 	3,61
  5	 | 	6	 | 	4,47
  3	 | 	4	 | 	10,20
___________________________
Simulation Topology [1:5]
___________________________
From 	  To 		Length
___________________________
  0	 | 	1	 | 	7,07
  0	 | 	3	 | 	5,66
  0	 | 	8	 | 	12,04
  1	 | 	4	 | 	8,60
  2	 | 	3	 | 	10,44
  2	 | 	5	 | 	6,40
  2	 | 	6	 | 	10,63
  2	 | 	9	 | 	12,04
  3	 | 	6	 | 	4,47
  3	 | 	9	 | 	6,32
  4	 | 	5	 | 	4,00
  4	 | 	6	 | 	8,25
  4	 | 	7	 | 	4,24
  4	 | 	9	 | 	8,94
  5	 | 	7	 | 	3,16
  6	 | 	8	 | 	2,24
  5	 | 	8	 | 	3,61
  5	 | 	6	 | 	4,47
  3	 | 	4	 | 	10,20
  1	 | 	3	 | 	4,24
___________________________
