Simulation Topology 1
___________________________
[13]				[0]		
[18]				[2]		
[12]				[4]		
[7]				[4]		
[7]				[7]		
[12]				[7]		
[14]				[9]		
[17]				[9]		
[4]				[10]		
[5]				[11]		
___________________________
Simulation Topology [1:1]
___________________________
From 	  To 		Length
___________________________
  0	 | 	1	 | 	5,39
  0	 | 	3	 | 	7,21
  0	 | 	5	 | 	7,07
  0	 | 	6	 | 	9,06
  0	 | 	7	 | 	9,85
  0	 | 	9	 | 	13,60
  1	 | 	2	 | 	6,32
  1	 | 	5	 | 	7,81
  1	 | 	7	 | 	7,07
  1	 | 	8	 | 	16,12
  1	 | 	9	 | 	15,81
  2	 | 	3	 | 	5,00
  2	 | 	9	 | 	9,90
  3	 | 	6	 | 	8,60
  3	 | 	8	 | 	6,71
  3	 | 	9	 | 	7,28
  4	 | 	5	 | 	5,00
  4	 | 	8	 | 	4,24
  5	 | 	8	 | 	8,54
___________________________
Simulation Topology [1:2]
___________________________
From 	  To 		Length
___________________________
  0	 | 	1	 | 	5,39
  0	 | 	3	 | 	7,21
  0	 | 	5	 | 	7,07
  0	 | 	6	 | 	9,06
  0	 | 	7	 | 	9,85
  0	 | 	9	 | 	13,60
  1	 | 	2	 | 	6,32
  1	 | 	5	 | 	7,81
  1	 | 	7	 | 	7,07
  1	 | 	8	 | 	16,12
  1	 | 	9	 | 	15,81
  2	 | 	3	 | 	5,00
  2	 | 	9	 | 	9,90
  3	 | 	6	 | 	8,60
  3	 | 	8	 | 	6,71
  3	 | 	9	 | 	7,28
  4	 | 	5	 | 	5,00
  4	 | 	8	 | 	4,24
  5	 | 	8	 | 	8,54
  5	 | 	6	 | 	2,83
___________________________
