Simulation Topology 1
___________________________
[3]				[0]		
[12]				[0]		
[5]				[1]		
[10]				[2]		
[18]				[2]		
[18]				[4]		
[10]				[5]		
[12]				[5]		
[11]				[6]		
[5]				[7]		
___________________________
Simulation Topology [1:1]
___________________________
From 	  To 		Length
___________________________
  0	 | 	1	 | 	9,00
  0	 | 	2	 | 	2,24
  0	 | 	6	 | 	8,60
  1	 | 	3	 | 	2,83
  1	 | 	5	 | 	7,21
  1	 | 	6	 | 	5,39
  1	 | 	7	 | 	5,00
  2	 | 	3	 | 	5,10
  2	 | 	4	 | 	13,04
  2	 | 	5	 | 	13,34
  2	 | 	6	 | 	6,40
  3	 | 	6	 | 	3,00
  3	 | 	8	 | 	4,12
  3	 | 	9	 | 	7,07
  4	 | 	5	 | 	2,00
  4	 | 	8	 | 	8,06
  5	 | 	7	 | 	6,08
  6	 | 	8	 | 	1,41
  6	 | 	9	 | 	5,39
  7	 | 	8	 | 	1,41
  7	 | 	9	 | 	7,28
___________________________
Simulation Topology [1:2]
___________________________
From 	  To 		Length
___________________________
  0	 | 	1	 | 	9,00
  0	 | 	2	 | 	2,24
  0	 | 	6	 | 	8,60
  1	 | 	3	 | 	2,83
  1	 | 	5	 | 	7,21
  1	 | 	6	 | 	5,39
  1	 | 	7	 | 	5,00
  2	 | 	3	 | 	5,10
  2	 | 	4	 | 	13,04
  2	 | 	5	 | 	13,34
  2	 | 	6	 | 	6,40
  3	 | 	6	 | 	3,00
  3	 | 	8	 | 	4,12
  3	 | 	9	 | 	7,07
  4	 | 	5	 | 	2,00
  4	 | 	8	 | 	8,06
  5	 | 	7	 | 	6,08
  6	 | 	8	 | 	1,41
  6	 | 	9	 | 	5,39
  7	 | 	8	 | 	1,41
  7	 | 	9	 | 	7,28
  5	 | 	6	 | 	8,06
___________________________
Simulation Topology [1:3]
___________________________
From 	  To 		Length
___________________________
  0	 | 	1	 | 	9,00
  0	 | 	2	 | 	2,24
  0	 | 	6	 | 	8,60
  1	 | 	3	 | 	2,83
  1	 | 	5	 | 	7,21
  1	 | 	6	 | 	5,39
  1	 | 	7	 | 	5,00
  2	 | 	3	 | 	5,10
  2	 | 	4	 | 	13,04
  2	 | 	5	 | 	13,34
  2	 | 	6	 | 	6,40
  3	 | 	6	 | 	3,00
  3	 | 	8	 | 	4,12
  3	 | 	9	 | 	7,07
  4	 | 	5	 | 	2,00
  4	 | 	8	 | 	8,06
  5	 | 	7	 | 	6,08
  6	 | 	8	 | 	1,41
  6	 | 	9	 | 	5,39
  7	 | 	8	 | 	1,41
  7	 | 	9	 | 	7,28
  5	 | 	6	 | 	8,06
  3	 | 	5	 | 	8,25
___________________________
Simulation Topology [1:4]
___________________________
From 	  To 		Length
___________________________
  0	 | 	1	 | 	9,00
  0	 | 	2	 | 	2,24
  0	 | 	6	 | 	8,60
  1	 | 	3	 | 	2,83
  1	 | 	5	 | 	7,21
  1	 | 	6	 | 	5,39
  1	 | 	7	 | 	5,00
  2	 | 	3	 | 	5,10
  2	 | 	4	 | 	13,04
  2	 | 	5	 | 	13,34
  2	 | 	6	 | 	6,40
  3	 | 	6	 | 	3,00
  3	 | 	8	 | 	4,12
  3	 | 	9	 | 	7,07
  4	 | 	5	 | 	2,00
  4	 | 	8	 | 	8,06
  5	 | 	7	 | 	6,08
  6	 | 	8	 | 	1,41
  6	 | 	9	 | 	5,39
  7	 | 	8	 | 	1,41
  7	 | 	9	 | 	7,28
  5	 | 	6	 | 	8,06
  3	 | 	5	 | 	8,25
  3	 | 	7	 | 	3,61
___________________________
Simulation Topology [1:5]
___________________________
From 	  To 		Length
___________________________
  0	 | 	1	 | 	9,00
  0	 | 	2	 | 	2,24
  0	 | 	6	 | 	8,60
  1	 | 	3	 | 	2,83
  1	 | 	5	 | 	7,21
  1	 | 	6	 | 	5,39
  1	 | 	7	 | 	5,00
  2	 | 	3	 | 	5,10
  2	 | 	4	 | 	13,04
  2	 | 	5	 | 	13,34
  2	 | 	6	 | 	6,40
  3	 | 	6	 | 	3,00
  3	 | 	8	 | 	4,12
  3	 | 	9	 | 	7,07
  4	 | 	5	 | 	2,00
  4	 | 	8	 | 	8,06
  5	 | 	7	 | 	6,08
  6	 | 	8	 | 	1,41
  6	 | 	9	 | 	5,39
  7	 | 	8	 | 	1,41
  7	 | 	9	 | 	7,28
  5	 | 	6	 | 	8,06
  3	 | 	5	 | 	8,25
  3	 | 	7	 | 	3,61
  6	 | 	7	 | 	2,00
___________________________
Simulation Topology [1:6]
___________________________
From 	  To 		Length
___________________________
  0	 | 	1	 | 	9,00
  0	 | 	2	 | 	2,24
  0	 | 	6	 | 	8,60
  1	 | 	3	 | 	2,83
  1	 | 	5	 | 	7,21
  1	 | 	6	 | 	5,39
  1	 | 	7	 | 	5,00
  2	 | 	3	 | 	5,10
  2	 | 	4	 | 	13,04
  2	 | 	5	 | 	13,34
  2	 | 	6	 | 	6,40
  3	 | 	6	 | 	3,00
  3	 | 	8	 | 	4,12
  3	 | 	9	 | 	7,07
  4	 | 	5	 | 	2,00
  4	 | 	8	 | 	8,06
  5	 | 	7	 | 	6,08
  6	 | 	8	 | 	1,41
  6	 | 	9	 | 	5,39
  7	 | 	8	 | 	1,41
  7	 | 	9	 | 	7,28
  5	 | 	6	 | 	8,06
  3	 | 	5	 | 	8,25
  3	 | 	7	 | 	3,61
  6	 | 	7	 | 	2,00
  1	 | 	9	 | 	9,90
___________________________
Simulation Topology [1:7]
___________________________
From 	  To 		Length
___________________________
  0	 | 	1	 | 	9,00
  0	 | 	2	 | 	2,24
  0	 | 	6	 | 	8,60
  1	 | 	3	 | 	2,83
  1	 | 	5	 | 	7,21
  1	 | 	6	 | 	5,39
  1	 | 	7	 | 	5,00
  2	 | 	3	 | 	5,10
  2	 | 	4	 | 	13,04
  2	 | 	5	 | 	13,34
  2	 | 	6	 | 	6,40
  3	 | 	6	 | 	3,00
  3	 | 	8	 | 	4,12
  3	 | 	9	 | 	7,07
  4	 | 	5	 | 	2,00
  4	 | 	8	 | 	8,06
  5	 | 	7	 | 	6,08
  6	 | 	8	 | 	1,41
  6	 | 	9	 | 	5,39
  7	 | 	8	 | 	1,41
  7	 | 	9	 | 	7,28
  5	 | 	6	 | 	8,06
  3	 | 	5	 | 	8,25
  3	 | 	7	 | 	3,61
  6	 | 	7	 | 	2,00
  1	 | 	9	 | 	9,90
  1	 | 	8	 | 	6,08
___________________________
Simulation Topology [1:8]
___________________________
From 	  To 		Length
___________________________
  0	 | 	1	 | 	9,00
  0	 | 	2	 | 	2,24
  0	 | 	6	 | 	8,60
  1	 | 	3	 | 	2,83
  1	 | 	5	 | 	7,21
  1	 | 	6	 | 	5,39
  1	 | 	7	 | 	5,00
  2	 | 	3	 | 	5,10
  2	 | 	4	 | 	13,04
  2	 | 	5	 | 	13,34
  2	 | 	6	 | 	6,40
  3	 | 	6	 | 	3,00
  3	 | 	8	 | 	4,12
  3	 | 	9	 | 	7,07
  4	 | 	5	 | 	2,00
  4	 | 	8	 | 	8,06
  5	 | 	7	 | 	6,08
  6	 | 	8	 | 	1,41
  6	 | 	9	 | 	5,39
  7	 | 	8	 | 	1,41
  7	 | 	9	 | 	7,28
  5	 | 	6	 | 	8,06
  3	 | 	5	 | 	8,25
  3	 | 	7	 | 	3,61
  6	 | 	7	 | 	2,00
  1	 | 	9	 | 	9,90
  1	 | 	8	 | 	6,08
  2	 | 	9	 | 	6,00
___________________________
Simulation Topology [1:9]
___________________________
From 	  To 		Length
___________________________
  0	 | 	1	 | 	9,00
  0	 | 	2	 | 	2,24
  0	 | 	6	 | 	8,60
  1	 | 	3	 | 	2,83
  1	 | 	5	 | 	7,21
  1	 | 	6	 | 	5,39
  1	 | 	7	 | 	5,00
  2	 | 	3	 | 	5,10
  2	 | 	4	 | 	13,04
  2	 | 	5	 | 	13,34
  2	 | 	6	 | 	6,40
  3	 | 	6	 | 	3,00
  3	 | 	8	 | 	4,12
  3	 | 	9	 | 	7,07
  4	 | 	5	 | 	2,00
  4	 | 	8	 | 	8,06
  5	 | 	7	 | 	6,08
  6	 | 	8	 | 	1,41
  6	 | 	9	 | 	5,39
  7	 | 	8	 | 	1,41
  7	 | 	9	 | 	7,28
  5	 | 	6	 | 	8,06
  3	 | 	5	 | 	8,25
  3	 | 	7	 | 	3,61
  6	 | 	7	 | 	2,00
  1	 | 	9	 | 	9,90
  1	 | 	8	 | 	6,08
  2	 | 	9	 | 	6,00
  8	 | 	9	 | 	6,08
___________________________
Simulation Topology [1:10]
___________________________
From 	  To 		Length
___________________________
  0	 | 	1	 | 	9,00
  0	 | 	2	 | 	2,24
  0	 | 	6	 | 	8,60
  1	 | 	3	 | 	2,83
  1	 | 	5	 | 	7,21
  1	 | 	6	 | 	5,39
  1	 | 	7	 | 	5,00
  2	 | 	3	 | 	5,10
  2	 | 	4	 | 	13,04
  2	 | 	5	 | 	13,34
  2	 | 	6	 | 	6,40
  3	 | 	6	 | 	3,00
  3	 | 	8	 | 	4,12
  3	 | 	9	 | 	7,07
  4	 | 	5	 | 	2,00
  4	 | 	8	 | 	8,06
  5	 | 	7	 | 	6,08
  6	 | 	8	 | 	1,41
  6	 | 	9	 | 	5,39
  7	 | 	8	 | 	1,41
  7	 | 	9	 | 	7,28
  5	 | 	6	 | 	8,06
  3	 | 	5	 | 	8,25
  3	 | 	7	 | 	3,61
  6	 | 	7	 | 	2,00
  1	 | 	9	 | 	9,90
  1	 | 	8	 | 	6,08
  2	 | 	9	 | 	6,00
  8	 | 	9	 | 	6,08
  2	 | 	8	 | 	7,81
___________________________
Simulation Topology [1:11]
___________________________
From 	  To 		Length
___________________________
  0	 | 	1	 | 	9,00
  0	 | 	2	 | 	2,24
  0	 | 	6	 | 	8,60
  1	 | 	3	 | 	2,83
  1	 | 	5	 | 	7,21
  1	 | 	6	 | 	5,39
  1	 | 	7	 | 	5,00
  2	 | 	3	 | 	5,10
  2	 | 	4	 | 	13,04
  2	 | 	5	 | 	13,34
  2	 | 	6	 | 	6,40
  3	 | 	6	 | 	3,00
  3	 | 	8	 | 	4,12
  3	 | 	9	 | 	7,07
  4	 | 	5	 | 	2,00
  4	 | 	8	 | 	8,06
  5	 | 	7	 | 	6,08
  6	 | 	8	 | 	1,41
  6	 | 	9	 | 	5,39
  7	 | 	8	 | 	1,41
  7	 | 	9	 | 	7,28
  5	 | 	6	 | 	8,06
  3	 | 	5	 | 	8,25
  3	 | 	7	 | 	3,61
  6	 | 	7	 | 	2,00
  1	 | 	9	 | 	9,90
  1	 | 	8	 | 	6,08
  2	 | 	9	 | 	6,00
  8	 | 	9	 | 	6,08
  2	 | 	8	 | 	7,81
  4	 | 	7	 | 	6,71
___________________________
Simulation Topology [1:12]
___________________________
From 	  To 		Length
___________________________
  0	 | 	1	 | 	9,00
  0	 | 	2	 | 	2,24
  0	 | 	6	 | 	8,60
  1	 | 	3	 | 	2,83
  1	 | 	5	 | 	7,21
  1	 | 	6	 | 	5,39
  1	 | 	7	 | 	5,00
  2	 | 	3	 | 	5,10
  2	 | 	4	 | 	13,04
  2	 | 	5	 | 	13,34
  2	 | 	6	 | 	6,40
  3	 | 	6	 | 	3,00
  3	 | 	8	 | 	4,12
  3	 | 	9	 | 	7,07
  4	 | 	5	 | 	2,00
  4	 | 	8	 | 	8,06
  5	 | 	7	 | 	6,08
  6	 | 	8	 | 	1,41
  6	 | 	9	 | 	5,39
  7	 | 	8	 | 	1,41
  7	 | 	9	 | 	7,28
  5	 | 	6	 | 	8,06
  3	 | 	5	 | 	8,25
  3	 | 	7	 | 	3,61
  6	 | 	7	 | 	2,00
  1	 | 	9	 | 	9,90
  1	 | 	8	 | 	6,08
  2	 | 	9	 | 	6,00
  8	 | 	9	 | 	6,08
  2	 | 	8	 | 	7,81
  4	 | 	7	 | 	6,71
  2	 | 	7	 | 	8,06
___________________________
Simulation Topology [1:13]
___________________________
From 	  To 		Length
___________________________
  0	 | 	1	 | 	9,00
  0	 | 	2	 | 	2,24
  0	 | 	6	 | 	8,60
  1	 | 	3	 | 	2,83
  1	 | 	5	 | 	7,21
  1	 | 	6	 | 	5,39
  1	 | 	7	 | 	5,00
  2	 | 	3	 | 	5,10
  2	 | 	4	 | 	13,04
  2	 | 	5	 | 	13,34
  2	 | 	6	 | 	6,40
  3	 | 	6	 | 	3,00
  3	 | 	8	 | 	4,12
  3	 | 	9	 | 	7,07
  4	 | 	5	 | 	2,00
  4	 | 	8	 | 	8,06
  5	 | 	7	 | 	6,08
  6	 | 	8	 | 	1,41
  6	 | 	9	 | 	5,39
  7	 | 	8	 | 	1,41
  7	 | 	9	 | 	7,28
  5	 | 	6	 | 	8,06
  3	 | 	5	 | 	8,25
  3	 | 	7	 | 	3,61
  6	 | 	7	 | 	2,00
  1	 | 	9	 | 	9,90
  1	 | 	8	 | 	6,08
  2	 | 	9	 | 	6,00
  8	 | 	9	 | 	6,08
  2	 | 	8	 | 	7,81
  4	 | 	7	 | 	6,71
  2	 | 	7	 | 	8,06
  1	 | 	4	 | 	6,32
___________________________
Simulation Topology [1:14]
___________________________
From 	  To 		Length
___________________________
  0	 | 	1	 | 	9,00
  0	 | 	2	 | 	2,24
  0	 | 	6	 | 	8,60
  1	 | 	3	 | 	2,83
  1	 | 	5	 | 	7,21
  1	 | 	6	 | 	5,39
  1	 | 	7	 | 	5,00
  2	 | 	3	 | 	5,10
  2	 | 	4	 | 	13,04
  2	 | 	5	 | 	13,34
  2	 | 	6	 | 	6,40
  3	 | 	6	 | 	3,00
  3	 | 	8	 | 	4,12
  3	 | 	9	 | 	7,07
  4	 | 	5	 | 	2,00
  4	 | 	8	 | 	8,06
  5	 | 	7	 | 	6,08
  6	 | 	8	 | 	1,41
  6	 | 	9	 | 	5,39
  7	 | 	8	 | 	1,41
  7	 | 	9	 | 	7,28
  5	 | 	6	 | 	8,06
  3	 | 	5	 | 	8,25
  3	 | 	7	 | 	3,61
  6	 | 	7	 | 	2,00
  1	 | 	9	 | 	9,90
  1	 | 	8	 | 	6,08
  2	 | 	9	 | 	6,00
  8	 | 	9	 | 	6,08
  2	 | 	8	 | 	7,81
  4	 | 	7	 | 	6,71
  2	 | 	7	 | 	8,06
  1	 | 	4	 | 	6,32
  0	 | 	3	 | 	7,28
___________________________
Simulation Topology [1:15]
___________________________
From 	  To 		Length
___________________________
  0	 | 	1	 | 	9,00
  0	 | 	2	 | 	2,24
  0	 | 	6	 | 	8,60
  1	 | 	3	 | 	2,83
  1	 | 	5	 | 	7,21
  1	 | 	6	 | 	5,39
  1	 | 	7	 | 	5,00
  2	 | 	3	 | 	5,10
  2	 | 	4	 | 	13,04
  2	 | 	5	 | 	13,34
  2	 | 	6	 | 	6,40
  3	 | 	6	 | 	3,00
  3	 | 	8	 | 	4,12
  3	 | 	9	 | 	7,07
  4	 | 	5	 | 	2,00
  4	 | 	8	 | 	8,06
  5	 | 	7	 | 	6,08
  6	 | 	8	 | 	1,41
  6	 | 	9	 | 	5,39
  7	 | 	8	 | 	1,41
  7	 | 	9	 | 	7,28
  5	 | 	6	 | 	8,06
  3	 | 	5	 | 	8,25
  3	 | 	7	 | 	3,61
  6	 | 	7	 | 	2,00
  1	 | 	9	 | 	9,90
  1	 | 	8	 | 	6,08
  2	 | 	9	 | 	6,00
  8	 | 	9	 | 	6,08
  2	 | 	8	 | 	7,81
  4	 | 	7	 | 	6,71
  2	 | 	7	 | 	8,06
  1	 | 	4	 | 	6,32
  0	 | 	3	 | 	7,28
  5	 | 	8	 | 	7,28
___________________________
Simulation Topology [1:16]
___________________________
From 	  To 		Length
___________________________
  0	 | 	1	 | 	9,00
  0	 | 	2	 | 	2,24
  0	 | 	6	 | 	8,60
  1	 | 	3	 | 	2,83
  1	 | 	5	 | 	7,21
  1	 | 	6	 | 	5,39
  1	 | 	7	 | 	5,00
  2	 | 	3	 | 	5,10
  2	 | 	4	 | 	13,04
  2	 | 	5	 | 	13,34
  2	 | 	6	 | 	6,40
  3	 | 	6	 | 	3,00
  3	 | 	8	 | 	4,12
  3	 | 	9	 | 	7,07
  4	 | 	5	 | 	2,00
  4	 | 	8	 | 	8,06
  5	 | 	7	 | 	6,08
  6	 | 	8	 | 	1,41
  6	 | 	9	 | 	5,39
  7	 | 	8	 | 	1,41
  7	 | 	9	 | 	7,28
  5	 | 	6	 | 	8,06
  3	 | 	5	 | 	8,25
  3	 | 	7	 | 	3,61
  6	 | 	7	 | 	2,00
  1	 | 	9	 | 	9,90
  1	 | 	8	 | 	6,08
  2	 | 	9	 | 	6,00
  8	 | 	9	 | 	6,08
  2	 | 	8	 | 	7,81
  4	 | 	7	 | 	6,71
  2	 | 	7	 | 	8,06
  1	 | 	4	 | 	6,32
  0	 | 	3	 | 	7,28
  5	 | 	8	 | 	7,28
  3	 | 	4	 | 	8,00
___________________________
Simulation Topology [1:17]
___________________________
From 	  To 		Length
___________________________
  0	 | 	1	 | 	9,00
  0	 | 	2	 | 	2,24
  0	 | 	6	 | 	8,60
  1	 | 	3	 | 	2,83
  1	 | 	5	 | 	7,21
  1	 | 	6	 | 	5,39
  1	 | 	7	 | 	5,00
  2	 | 	3	 | 	5,10
  2	 | 	4	 | 	13,04
  2	 | 	5	 | 	13,34
  2	 | 	6	 | 	6,40
  3	 | 	6	 | 	3,00
  3	 | 	8	 | 	4,12
  3	 | 	9	 | 	7,07
  4	 | 	5	 | 	2,00
  4	 | 	8	 | 	8,06
  5	 | 	7	 | 	6,08
  6	 | 	8	 | 	1,41
  6	 | 	9	 | 	5,39
  7	 | 	8	 | 	1,41
  7	 | 	9	 | 	7,28
  5	 | 	6	 | 	8,06
  3	 | 	5	 | 	8,25
  3	 | 	7	 | 	3,61
  6	 | 	7	 | 	2,00
  1	 | 	9	 | 	9,90
  1	 | 	8	 | 	6,08
  2	 | 	9	 | 	6,00
  8	 | 	9	 | 	6,08
  2	 | 	8	 | 	7,81
  4	 | 	7	 | 	6,71
  2	 | 	7	 | 	8,06
  1	 | 	4	 | 	6,32
  0	 | 	3	 | 	7,28
  5	 | 	8	 | 	7,28
  3	 | 	4	 | 	8,00
  5	 | 	9	 | 	13,34
___________________________
Simulation Topology [1:18]
___________________________
From 	  To 		Length
___________________________
  0	 | 	1	 | 	9,00
  0	 | 	2	 | 	2,24
  0	 | 	6	 | 	8,60
  1	 | 	3	 | 	2,83
  1	 | 	5	 | 	7,21
  1	 | 	6	 | 	5,39
  1	 | 	7	 | 	5,00
  2	 | 	3	 | 	5,10
  2	 | 	4	 | 	13,04
  2	 | 	5	 | 	13,34
  2	 | 	6	 | 	6,40
  3	 | 	6	 | 	3,00
  3	 | 	8	 | 	4,12
  3	 | 	9	 | 	7,07
  4	 | 	5	 | 	2,00
  4	 | 	8	 | 	8,06
  5	 | 	7	 | 	6,08
  6	 | 	8	 | 	1,41
  6	 | 	9	 | 	5,39
  7	 | 	8	 | 	1,41
  7	 | 	9	 | 	7,28
  5	 | 	6	 | 	8,06
  3	 | 	5	 | 	8,25
  3	 | 	7	 | 	3,61
  6	 | 	7	 | 	2,00
  1	 | 	9	 | 	9,90
  1	 | 	8	 | 	6,08
  2	 | 	9	 | 	6,00
  8	 | 	9	 | 	6,08
  2	 | 	8	 | 	7,81
  4	 | 	7	 | 	6,71
  2	 | 	7	 | 	8,06
  1	 | 	4	 | 	6,32
  0	 | 	3	 | 	7,28
  5	 | 	8	 | 	7,28
  3	 | 	4	 | 	8,00
  5	 | 	9	 | 	13,34
  0	 | 	7	 | 	10,30
___________________________
Simulation Topology [1:19]
___________________________
From 	  To 		Length
___________________________
  0	 | 	1	 | 	9,00
  0	 | 	2	 | 	2,24
  0	 | 	6	 | 	8,60
  1	 | 	3	 | 	2,83
  1	 | 	5	 | 	7,21
  1	 | 	6	 | 	5,39
  1	 | 	7	 | 	5,00
  2	 | 	3	 | 	5,10
  2	 | 	4	 | 	13,04
  2	 | 	5	 | 	13,34
  2	 | 	6	 | 	6,40
  3	 | 	6	 | 	3,00
  3	 | 	8	 | 	4,12
  3	 | 	9	 | 	7,07
  4	 | 	5	 | 	2,00
  4	 | 	8	 | 	8,06
  5	 | 	7	 | 	6,08
  6	 | 	8	 | 	1,41
  6	 | 	9	 | 	5,39
  7	 | 	8	 | 	1,41
  7	 | 	9	 | 	7,28
  5	 | 	6	 | 	8,06
  3	 | 	5	 | 	8,25
  3	 | 	7	 | 	3,61
  6	 | 	7	 | 	2,00
  1	 | 	9	 | 	9,90
  1	 | 	8	 | 	6,08
  2	 | 	9	 | 	6,00
  8	 | 	9	 | 	6,08
  2	 | 	8	 | 	7,81
  4	 | 	7	 | 	6,71
  2	 | 	7	 | 	8,06
  1	 | 	4	 | 	6,32
  0	 | 	3	 | 	7,28
  5	 | 	8	 | 	7,28
  3	 | 	4	 | 	8,00
  5	 | 	9	 | 	13,34
  0	 | 	7	 | 	10,30
  0	 | 	9	 | 	7,28
___________________________
Simulation Topology [1:20]
___________________________
From 	  To 		Length
___________________________
  0	 | 	1	 | 	9,00
  0	 | 	2	 | 	2,24
  0	 | 	6	 | 	8,60
  1	 | 	3	 | 	2,83
  1	 | 	5	 | 	7,21
  1	 | 	6	 | 	5,39
  1	 | 	7	 | 	5,00
  2	 | 	3	 | 	5,10
  2	 | 	4	 | 	13,04
  2	 | 	5	 | 	13,34
  2	 | 	6	 | 	6,40
  3	 | 	6	 | 	3,00
  3	 | 	8	 | 	4,12
  3	 | 	9	 | 	7,07
  4	 | 	5	 | 	2,00
  4	 | 	8	 | 	8,06
  5	 | 	7	 | 	6,08
  6	 | 	8	 | 	1,41
  6	 | 	9	 | 	5,39
  7	 | 	8	 | 	1,41
  7	 | 	9	 | 	7,28
  5	 | 	6	 | 	8,06
  3	 | 	5	 | 	8,25
  3	 | 	7	 | 	3,61
  6	 | 	7	 | 	2,00
  1	 | 	9	 | 	9,90
  1	 | 	8	 | 	6,08
  2	 | 	9	 | 	6,00
  8	 | 	9	 | 	6,08
  2	 | 	8	 | 	7,81
  4	 | 	7	 | 	6,71
  2	 | 	7	 | 	8,06
  1	 | 	4	 | 	6,32
  0	 | 	3	 | 	7,28
  5	 | 	8	 | 	7,28
  3	 | 	4	 | 	8,00
  5	 | 	9	 | 	13,34
  0	 | 	7	 | 	10,30
  0	 | 	9	 | 	7,28
  1	 | 	2	 | 	7,07
___________________________
