Simulation Topology 1
___________________________
[13]				[0]		
[18]				[1]		
[6]				[3]		
[12]				[3]		
[3]				[4]		
[0]				[5]		
[13]				[6]		
[3]				[7]		
[19]				[7]		
[10]				[8]		
___________________________
Simulation Topology [1:1]
___________________________
From 	  To 		Length
___________________________
  0	 | 	1	 | 	5,10
  0	 | 	2	 | 	7,62
  0	 | 	7	 | 	12,21
  1	 | 	2	 | 	12,17
  1	 | 	5	 | 	18,44
  1	 | 	6	 | 	7,07
  1	 | 	8	 | 	6,08
  1	 | 	9	 | 	10,63
  2	 | 	3	 | 	6,00
  2	 | 	6	 | 	7,62
  3	 | 	4	 | 	9,06
  3	 | 	6	 | 	3,16
  4	 | 	5	 | 	3,16
  4	 | 	8	 | 	16,28
  5	 | 	7	 | 	3,61
  5	 | 	9	 | 	10,44
  6	 | 	7	 | 	10,05
  6	 | 	9	 | 	3,61
  8	 | 	9	 | 	9,06
___________________________
Simulation Topology [1:2]
___________________________
From 	  To 		Length
___________________________
  0	 | 	1	 | 	5,10
  0	 | 	2	 | 	7,62
  0	 | 	7	 | 	12,21
  1	 | 	2	 | 	12,17
  1	 | 	5	 | 	18,44
  1	 | 	6	 | 	7,07
  1	 | 	8	 | 	6,08
  1	 | 	9	 | 	10,63
  2	 | 	3	 | 	6,00
  2	 | 	6	 | 	7,62
  3	 | 	4	 | 	9,06
  3	 | 	6	 | 	3,16
  4	 | 	5	 | 	3,16
  4	 | 	8	 | 	16,28
  5	 | 	7	 | 	3,61
  5	 | 	9	 | 	10,44
  6	 | 	7	 | 	10,05
  6	 | 	9	 | 	3,61
  8	 | 	9	 | 	9,06
  0	 | 	3	 | 	3,16
___________________________
