Simulation Topology 1
___________________________
[1]				[0]		
[16]				[2]		
[14]				[2]		
[16]				[3]		
[13]				[3]		
[5]				[5]		
[5]				[6]		
[1]				[7]		
[13]				[7]		
[3]				[8]		
___________________________
Simulation Topology [1:1]
___________________________
From 	  To 		Length
___________________________
  0	 | 	1	 | 	15,13
  0	 | 	5	 | 	6,40
  0	 | 	7	 | 	7,00
  0	 | 	8	 | 	13,89
  1	 | 	7	 | 	15,81
  1	 | 	9	 | 	14,32
  2	 | 	3	 | 	2,24
  2	 | 	8	 | 	5,10
  3	 | 	6	 | 	11,40
  3	 | 	8	 | 	5,00
  3	 | 	9	 | 	13,93
  4	 | 	5	 | 	8,25
  4	 | 	6	 | 	8,54
  4	 | 	7	 | 	12,65
  4	 | 	8	 | 	4,00
  5	 | 	7	 | 	4,47
  5	 | 	8	 | 	8,25
  6	 | 	9	 | 	2,83
___________________________
Simulation Topology [1:2]
___________________________
From 	  To 		Length
___________________________
  0	 | 	1	 | 	15,13
  0	 | 	5	 | 	6,40
  0	 | 	7	 | 	7,00
  0	 | 	8	 | 	13,89
  1	 | 	7	 | 	15,81
  1	 | 	9	 | 	14,32
  2	 | 	3	 | 	2,24
  2	 | 	8	 | 	5,10
  3	 | 	6	 | 	11,40
  3	 | 	8	 | 	5,00
  3	 | 	9	 | 	13,93
  4	 | 	5	 | 	8,25
  4	 | 	6	 | 	8,54
  4	 | 	7	 | 	12,65
  4	 | 	8	 | 	4,00
  5	 | 	7	 | 	4,47
  5	 | 	8	 | 	8,25
  6	 | 	9	 | 	2,83
  5	 | 	6	 | 	1,00
___________________________
Simulation Topology [1:3]
___________________________
From 	  To 		Length
___________________________
  0	 | 	1	 | 	15,13
  0	 | 	5	 | 	6,40
  0	 | 	7	 | 	7,00
  0	 | 	8	 | 	13,89
  1	 | 	7	 | 	15,81
  1	 | 	9	 | 	14,32
  2	 | 	3	 | 	2,24
  2	 | 	8	 | 	5,10
  3	 | 	6	 | 	11,40
  3	 | 	8	 | 	5,00
  3	 | 	9	 | 	13,93
  4	 | 	5	 | 	8,25
  4	 | 	6	 | 	8,54
  4	 | 	7	 | 	12,65
  4	 | 	8	 | 	4,00
  5	 | 	7	 | 	4,47
  5	 | 	8	 | 	8,25
  6	 | 	9	 | 	2,83
  5	 | 	6	 | 	1,00
  5	 | 	9	 | 	3,61
___________________________
