Simulation Topology 1
___________________________
[17]				[0]		
[10]				[0]		
[15]				[1]		
[3]				[2]		
[10]				[4]		
[14]				[4]		
[1]				[5]		
[15]				[5]		
[6]				[8]		
[12]				[9]		
___________________________
Simulation Topology [1:1]
___________________________
From 	  To 		Length
___________________________
  0	 | 	1	 | 	7,00
  0	 | 	2	 | 	2,24
  0	 | 	5	 | 	5,00
  0	 | 	7	 | 	5,39
  1	 | 	5	 | 	5,66
  1	 | 	7	 | 	7,07
  1	 | 	9	 | 	9,22
  2	 | 	3	 | 	12,04
  2	 | 	7	 | 	4,00
  2	 | 	8	 | 	11,40
  3	 | 	4	 | 	7,28
  3	 | 	6	 | 	3,61
  4	 | 	5	 | 	4,00
  4	 | 	6	 | 	9,06
  4	 | 	9	 | 	5,39
  5	 | 	6	 | 	13,04
  6	 | 	9	 | 	11,70
  7	 | 	8	 | 	9,49
___________________________
Simulation Topology [1:2]
___________________________
From 	  To 		Length
___________________________
  0	 | 	1	 | 	7,00
  0	 | 	2	 | 	2,24
  0	 | 	5	 | 	5,00
  0	 | 	7	 | 	5,39
  1	 | 	5	 | 	5,66
  1	 | 	7	 | 	7,07
  1	 | 	9	 | 	9,22
  2	 | 	3	 | 	12,04
  2	 | 	7	 | 	4,00
  2	 | 	8	 | 	11,40
  3	 | 	4	 | 	7,28
  3	 | 	6	 | 	3,61
  4	 | 	5	 | 	4,00
  4	 | 	6	 | 	9,06
  4	 | 	9	 | 	5,39
  5	 | 	6	 | 	13,04
  6	 | 	9	 | 	11,70
  7	 | 	8	 | 	9,49
  3	 | 	8	 | 	6,71
___________________________
Simulation Topology [1:3]
___________________________
From 	  To 		Length
___________________________
  0	 | 	1	 | 	7,00
  0	 | 	2	 | 	2,24
  0	 | 	5	 | 	5,00
  0	 | 	7	 | 	5,39
  1	 | 	5	 | 	5,66
  1	 | 	7	 | 	7,07
  1	 | 	9	 | 	9,22
  2	 | 	3	 | 	12,04
  2	 | 	7	 | 	4,00
  2	 | 	8	 | 	11,40
  3	 | 	4	 | 	7,28
  3	 | 	6	 | 	3,61
  4	 | 	5	 | 	4,00
  4	 | 	6	 | 	9,06
  4	 | 	9	 | 	5,39
  5	 | 	6	 | 	13,04
  6	 | 	9	 | 	11,70
  7	 | 	8	 | 	9,49
  3	 | 	8	 | 	6,71
  5	 | 	8	 | 	8,94
___________________________
