Simulation Topology 1
___________________________
[3]				[0]		
[15]				[0]		
[1]				[1]		
[18]				[3]		
[1]				[3]		
[1]				[5]		
[5]				[5]		
[6]				[6]		
[11]				[6]		
[18]				[7]		
___________________________
Simulation Topology [1:1]
___________________________
From 	  To 		Length
___________________________
  0	 | 	1	 | 	12,00
  0	 | 	2	 | 	2,24
  1	 | 	2	 | 	14,04
  1	 | 	3	 | 	4,24
  1	 | 	4	 | 	14,32
  1	 | 	8	 | 	7,21
  2	 | 	3	 | 	17,12
  2	 | 	4	 | 	2,00
  2	 | 	6	 | 	5,66
  2	 | 	7	 | 	7,07
  2	 | 	8	 | 	11,18
  4	 | 	5	 | 	2,00
  5	 | 	7	 | 	5,10
  5	 | 	8	 | 	10,05
  6	 | 	7	 | 	1,41
  6	 | 	8	 | 	6,08
  6	 | 	9	 | 	13,15
  7	 | 	9	 | 	12,04
___________________________
Simulation Topology [1:2]
___________________________
From 	  To 		Length
___________________________
  0	 | 	1	 | 	12,00
  0	 | 	2	 | 	2,24
  1	 | 	2	 | 	14,04
  1	 | 	3	 | 	4,24
  1	 | 	4	 | 	14,32
  1	 | 	8	 | 	7,21
  2	 | 	3	 | 	17,12
  2	 | 	4	 | 	2,00
  2	 | 	6	 | 	5,66
  2	 | 	7	 | 	7,07
  2	 | 	8	 | 	11,18
  4	 | 	5	 | 	2,00
  5	 | 	7	 | 	5,10
  5	 | 	8	 | 	10,05
  6	 | 	7	 | 	1,41
  6	 | 	8	 | 	6,08
  6	 | 	9	 | 	13,15
  7	 | 	9	 | 	12,04
  0	 | 	4	 | 	3,61
___________________________
Simulation Topology [1:3]
___________________________
From 	  To 		Length
___________________________
  0	 | 	1	 | 	12,00
  0	 | 	2	 | 	2,24
  1	 | 	2	 | 	14,04
  1	 | 	3	 | 	4,24
  1	 | 	4	 | 	14,32
  1	 | 	8	 | 	7,21
  2	 | 	3	 | 	17,12
  2	 | 	4	 | 	2,00
  2	 | 	6	 | 	5,66
  2	 | 	7	 | 	7,07
  2	 | 	8	 | 	11,18
  4	 | 	5	 | 	2,00
  5	 | 	7	 | 	5,10
  5	 | 	8	 | 	10,05
  6	 | 	7	 | 	1,41
  6	 | 	8	 | 	6,08
  6	 | 	9	 | 	13,15
  7	 | 	9	 | 	12,04
  0	 | 	4	 | 	3,61
  4	 | 	6	 | 	4,47
___________________________
