Simulation Topology 1
___________________________
[10]				[0]		
[17]				[1]		
[14]				[2]		
[12]				[3]		
[1]				[3]		
[12]				[4]		
[6]				[5]		
[16]				[6]		
[11]				[6]		
[13]				[7]		
___________________________
Simulation Topology [1:1]
___________________________
From 	  To 		Length
___________________________
  0	 | 	1	 | 	7,07
  0	 | 	3	 | 	3,61
  0	 | 	5	 | 	4,47
  0	 | 	6	 | 	6,40
  1	 | 	4	 | 	16,12
  1	 | 	5	 | 	5,83
  1	 | 	6	 | 	11,70
  1	 | 	9	 | 	7,21
  2	 | 	3	 | 	2,24
  2	 | 	5	 | 	2,83
  2	 | 	6	 | 	8,54
  2	 | 	9	 | 	5,10
  3	 | 	8	 | 	3,16
  4	 | 	5	 | 	11,05
  4	 | 	7	 | 	15,30
  5	 | 	9	 | 	3,16
  7	 | 	9	 | 	3,16
  8	 | 	9	 | 	2,24
___________________________
Simulation Topology [1:2]
___________________________
From 	  To 		Length
___________________________
  0	 | 	1	 | 	7,07
  0	 | 	3	 | 	3,61
  0	 | 	5	 | 	4,47
  0	 | 	6	 | 	6,40
  1	 | 	4	 | 	16,12
  1	 | 	5	 | 	5,83
  1	 | 	6	 | 	11,70
  1	 | 	9	 | 	7,21
  2	 | 	3	 | 	2,24
  2	 | 	5	 | 	2,83
  2	 | 	6	 | 	8,54
  2	 | 	9	 | 	5,10
  3	 | 	8	 | 	3,16
  4	 | 	5	 | 	11,05
  4	 | 	7	 | 	15,30
  5	 | 	9	 | 	3,16
  7	 | 	9	 | 	3,16
  8	 | 	9	 | 	2,24
  1	 | 	7	 | 	5,10
___________________________
Simulation Topology [1:3]
___________________________
From 	  To 		Length
___________________________
  0	 | 	1	 | 	7,07
  0	 | 	3	 | 	3,61
  0	 | 	5	 | 	4,47
  0	 | 	6	 | 	6,40
  1	 | 	4	 | 	16,12
  1	 | 	5	 | 	5,83
  1	 | 	6	 | 	11,70
  1	 | 	9	 | 	7,21
  2	 | 	3	 | 	2,24
  2	 | 	5	 | 	2,83
  2	 | 	6	 | 	8,54
  2	 | 	9	 | 	5,10
  3	 | 	8	 | 	3,16
  4	 | 	5	 | 	11,05
  4	 | 	7	 | 	15,30
  5	 | 	9	 | 	3,16
  7	 | 	9	 | 	3,16
  8	 | 	9	 | 	2,24
  1	 | 	7	 | 	5,10
  1	 | 	3	 | 	5,39
___________________________
