Simulation Topology 1
___________________________
[13]				[0]		
[0]				[0]		
[8]				[1]		
[2]				[5]		
[10]				[6]		
[12]				[6]		
[18]				[7]		
[6]				[7]		
[1]				[10]		
[15]				[10]		
___________________________
Simulation Topology [1:1]
___________________________
From 	  To 		Length
___________________________
  0	 | 	1	 | 	13,00
  0	 | 	2	 | 	5,10
  0	 | 	3	 | 	12,08
  0	 | 	8	 | 	15,62
  1	 | 	5	 | 	13,42
  2	 | 	3	 | 	7,21
  2	 | 	7	 | 	6,32
  2	 | 	9	 | 	11,40
  3	 | 	4	 | 	8,06
  3	 | 	8	 | 	5,10
  3	 | 	9	 | 	13,93
  4	 | 	5	 | 	2,00
  4	 | 	6	 | 	8,06
  4	 | 	7	 | 	4,12
  5	 | 	7	 | 	6,08
  5	 | 	8	 | 	11,70
  6	 | 	7	 | 	12,00
  6	 | 	9	 | 	4,24
___________________________
Simulation Topology [1:2]
___________________________
From 	  To 		Length
___________________________
  0	 | 	1	 | 	13,00
  0	 | 	2	 | 	5,10
  0	 | 	3	 | 	12,08
  0	 | 	8	 | 	15,62
  1	 | 	5	 | 	13,42
  2	 | 	3	 | 	7,21
  2	 | 	7	 | 	6,32
  2	 | 	9	 | 	11,40
  3	 | 	4	 | 	8,06
  3	 | 	8	 | 	5,10
  3	 | 	9	 | 	13,93
  4	 | 	5	 | 	2,00
  4	 | 	6	 | 	8,06
  4	 | 	7	 | 	4,12
  5	 | 	7	 | 	6,08
  5	 | 	8	 | 	11,70
  6	 | 	7	 | 	12,00
  6	 | 	9	 | 	4,24
  0	 | 	7	 | 	9,90
___________________________
Simulation Topology [1:3]
___________________________
From 	  To 		Length
___________________________
  0	 | 	1	 | 	13,00
  0	 | 	2	 | 	5,10
  0	 | 	3	 | 	12,08
  0	 | 	8	 | 	15,62
  1	 | 	5	 | 	13,42
  2	 | 	3	 | 	7,21
  2	 | 	7	 | 	6,32
  2	 | 	9	 | 	11,40
  3	 | 	4	 | 	8,06
  3	 | 	8	 | 	5,10
  3	 | 	9	 | 	13,93
  4	 | 	5	 | 	2,00
  4	 | 	6	 | 	8,06
  4	 | 	7	 | 	4,12
  5	 | 	7	 | 	6,08
  5	 | 	8	 | 	11,70
  6	 | 	7	 | 	12,00
  6	 | 	9	 | 	4,24
  0	 | 	7	 | 	9,90
  2	 | 	5	 | 	6,40
___________________________
