Simulation Topology 1
___________________________
[2]				[1]		
[17]				[2]		
[0]				[6]		
[12]				[6]		
[7]				[7]		
[3]				[8]		
[17]				[8]		
[10]				[10]		
[19]				[10]		
[5]				[11]		
___________________________
Simulation Topology [1:1]
___________________________
From 	  To 		Length
___________________________
  0	 | 	1	 | 	15,03
  0	 | 	4	 | 	7,81
  0	 | 	6	 | 	16,55
  0	 | 	9	 | 	10,44
  1	 | 	2	 | 	17,46
  1	 | 	4	 | 	11,18
  1	 | 	9	 | 	15,00
  2	 | 	3	 | 	12,00
  2	 | 	4	 | 	7,07
  2	 | 	5	 | 	3,61
  2	 | 	6	 | 	17,12
  2	 | 	9	 | 	7,07
  3	 | 	6	 | 	5,39
  3	 | 	8	 | 	8,06
  4	 | 	5	 | 	4,12
  4	 | 	6	 | 	10,05
  5	 | 	7	 | 	7,28
  5	 | 	8	 | 	16,12
  6	 | 	7	 | 	7,28
___________________________
Simulation Topology [1:2]
___________________________
From 	  To 		Length
___________________________
  0	 | 	1	 | 	15,03
  0	 | 	4	 | 	7,81
  0	 | 	6	 | 	16,55
  0	 | 	9	 | 	10,44
  1	 | 	2	 | 	17,46
  1	 | 	4	 | 	11,18
  1	 | 	9	 | 	15,00
  2	 | 	3	 | 	12,00
  2	 | 	4	 | 	7,07
  2	 | 	5	 | 	3,61
  2	 | 	6	 | 	17,12
  2	 | 	9	 | 	7,07
  3	 | 	6	 | 	5,39
  3	 | 	8	 | 	8,06
  4	 | 	5	 | 	4,12
  4	 | 	6	 | 	10,05
  5	 | 	7	 | 	7,28
  5	 | 	8	 | 	16,12
  6	 | 	7	 | 	7,28
  6	 | 	8	 | 	2,83
___________________________
