Simulation Topology 1
___________________________
[2]				[0]		
[3]				[1]		
[14]				[2]		
[0]				[2]		
[6]				[3]		
[13]				[3]		
[14]				[5]		
[1]				[5]		
[0]				[6]		
[18]				[7]		
___________________________
Simulation Topology [1:1]
___________________________
From 	  To 		Length
___________________________
  0	 | 	1	 | 	1,41
  0	 | 	4	 | 	5,00
  0	 | 	6	 | 	13,00
  0	 | 	8	 | 	6,32
  1	 | 	4	 | 	3,61
  1	 | 	6	 | 	11,70
  1	 | 	8	 | 	5,83
  2	 | 	3	 | 	14,00
  2	 | 	5	 | 	1,41
  2	 | 	6	 | 	3,00
  2	 | 	7	 | 	13,34
  2	 | 	8	 | 	14,56
  3	 | 	7	 | 	3,16
  4	 | 	5	 | 	7,00
  4	 | 	8	 | 	6,71
  5	 | 	6	 | 	2,24
  5	 | 	9	 | 	6,40
  6	 | 	9	 | 	4,47
  7	 | 	9	 | 	17,12
___________________________
Simulation Topology [1:2]
___________________________
From 	  To 		Length
___________________________
  0	 | 	1	 | 	1,41
  0	 | 	4	 | 	5,00
  0	 | 	6	 | 	13,00
  0	 | 	8	 | 	6,32
  1	 | 	4	 | 	3,61
  1	 | 	6	 | 	11,70
  1	 | 	8	 | 	5,83
  2	 | 	3	 | 	14,00
  2	 | 	5	 | 	1,41
  2	 | 	6	 | 	3,00
  2	 | 	7	 | 	13,34
  2	 | 	8	 | 	14,56
  3	 | 	7	 | 	3,16
  4	 | 	5	 | 	7,00
  4	 | 	8	 | 	6,71
  5	 | 	6	 | 	2,24
  5	 | 	9	 | 	6,40
  6	 | 	9	 | 	4,47
  7	 | 	9	 | 	17,12
  4	 | 	7	 | 	5,39
___________________________
