Simulation Topology 1
___________________________
[15]				[0]		
[12]				[1]		
[18]				[1]		
[7]				[2]		
[9]				[2]		
[12]				[3]		
[10]				[6]		
[15]				[7]		
[7]				[9]		
[10]				[9]		
___________________________
Simulation Topology [1:1]
___________________________
From 	  To 		Length
___________________________
  0	 | 	1	 | 	3,16
  0	 | 	4	 | 	6,32
  0	 | 	9	 | 	10,30
  1	 | 	3	 | 	5,10
  1	 | 	4	 | 	3,16
  1	 | 	8	 | 	9,43
  2	 | 	3	 | 	11,05
  2	 | 	7	 | 	6,71
  2	 | 	9	 | 	11,31
  3	 | 	5	 | 	5,10
  3	 | 	8	 | 	7,00
  4	 | 	5	 | 	3,16
  4	 | 	6	 | 	4,12
  5	 | 	6	 | 	3,61
  6	 | 	7	 | 	5,10
  6	 | 	8	 | 	4,24
  6	 | 	9	 | 	3,00
  7	 | 	9	 | 	5,39
___________________________
Simulation Topology [1:2]
___________________________
From 	  To 		Length
___________________________
  0	 | 	1	 | 	3,16
  0	 | 	4	 | 	6,32
  0	 | 	9	 | 	10,30
  1	 | 	3	 | 	5,10
  1	 | 	4	 | 	3,16
  1	 | 	8	 | 	9,43
  2	 | 	3	 | 	11,05
  2	 | 	7	 | 	6,71
  2	 | 	9	 | 	11,31
  3	 | 	5	 | 	5,10
  3	 | 	8	 | 	7,00
  4	 | 	5	 | 	3,16
  4	 | 	6	 | 	4,12
  5	 | 	6	 | 	3,61
  6	 | 	7	 | 	5,10
  6	 | 	8	 | 	4,24
  6	 | 	9	 | 	3,00
  7	 | 	9	 | 	5,39
  2	 | 	5	 | 	6,32
___________________________
Simulation Topology [1:3]
___________________________
From 	  To 		Length
___________________________
  0	 | 	1	 | 	3,16
  0	 | 	4	 | 	6,32
  0	 | 	9	 | 	10,30
  1	 | 	3	 | 	5,10
  1	 | 	4	 | 	3,16
  1	 | 	8	 | 	9,43
  2	 | 	3	 | 	11,05
  2	 | 	7	 | 	6,71
  2	 | 	9	 | 	11,31
  3	 | 	5	 | 	5,10
  3	 | 	8	 | 	7,00
  4	 | 	5	 | 	3,16
  4	 | 	6	 | 	4,12
  5	 | 	6	 | 	3,61
  6	 | 	7	 | 	5,10
  6	 | 	8	 | 	4,24
  6	 | 	9	 | 	3,00
  7	 | 	9	 | 	5,39
  2	 | 	5	 | 	6,32
  7	 | 	8	 | 	8,25
___________________________
