Simulation Topology 1
___________________________
[12]				[0]		
[13]				[1]		
[1]				[1]		
[11]				[2]		
[6]				[2]		
[6]				[3]		
[13]				[3]		
[6]				[4]		
[7]				[6]		
[19]				[7]		
___________________________
Simulation Topology [1:1]
___________________________
From 	  To 		Length
___________________________
  0	 | 	1	 | 	1,41
  0	 | 	3	 | 	2,24
  0	 | 	4	 | 	6,32
  0	 | 	5	 | 	6,71
  1	 | 	3	 | 	2,24
  1	 | 	4	 | 	7,07
  1	 | 	8	 | 	7,81
  2	 | 	3	 | 	10,05
  2	 | 	6	 | 	12,17
  3	 | 	6	 | 	2,24
  3	 | 	8	 | 	5,66
  4	 | 	5	 | 	1,00
  4	 | 	7	 | 	2,00
  5	 | 	9	 | 	13,60
  6	 | 	7	 | 	7,07
  6	 | 	8	 | 	6,71
  7	 | 	8	 | 	2,24
  8	 | 	9	 | 	12,04
___________________________
Simulation Topology [1:2]
___________________________
From 	  To 		Length
___________________________
  0	 | 	1	 | 	1,41
  0	 | 	3	 | 	2,24
  0	 | 	4	 | 	6,32
  0	 | 	5	 | 	6,71
  1	 | 	3	 | 	2,24
  1	 | 	4	 | 	7,07
  1	 | 	8	 | 	7,81
  2	 | 	3	 | 	10,05
  2	 | 	6	 | 	12,17
  3	 | 	6	 | 	2,24
  3	 | 	8	 | 	5,66
  4	 | 	5	 | 	1,00
  4	 | 	7	 | 	2,00
  5	 | 	9	 | 	13,60
  6	 | 	7	 | 	7,07
  6	 | 	8	 | 	6,71
  7	 | 	8	 | 	2,24
  8	 | 	9	 | 	12,04
  5	 | 	7	 | 	1,00
___________________________
Simulation Topology [1:3]
___________________________
From 	  To 		Length
___________________________
  0	 | 	1	 | 	1,41
  0	 | 	3	 | 	2,24
  0	 | 	4	 | 	6,32
  0	 | 	5	 | 	6,71
  1	 | 	3	 | 	2,24
  1	 | 	4	 | 	7,07
  1	 | 	8	 | 	7,81
  2	 | 	3	 | 	10,05
  2	 | 	6	 | 	12,17
  3	 | 	6	 | 	2,24
  3	 | 	8	 | 	5,66
  4	 | 	5	 | 	1,00
  4	 | 	7	 | 	2,00
  5	 | 	9	 | 	13,60
  6	 | 	7	 | 	7,07
  6	 | 	8	 | 	6,71
  7	 | 	8	 | 	2,24
  8	 | 	9	 | 	12,04
  5	 | 	7	 | 	1,00
  1	 | 	6	 | 	2,00
___________________________
