Simulation Topology 1
___________________________
[3]				[0]		
[19]				[1]		
[6]				[1]		
[5]				[3]		
[2]				[3]		
[19]				[5]		
[4]				[5]		
[15]				[6]		
[3]				[8]		
[10]				[9]		
___________________________
Simulation Topology [1:1]
___________________________
From 	  To 		Length
___________________________
  0	 | 	1	 | 	16,03
  0	 | 	3	 | 	3,61
  0	 | 	4	 | 	3,16
  0	 | 	5	 | 	16,76
  0	 | 	6	 | 	5,10
  1	 | 	4	 | 	17,12
  2	 | 	3	 | 	2,24
  2	 | 	6	 | 	4,47
  3	 | 	7	 | 	10,44
  3	 | 	8	 | 	5,39
  3	 | 	9	 | 	7,81
  4	 | 	5	 | 	17,12
  4	 | 	6	 | 	2,83
  4	 | 	8	 | 	5,10
  4	 | 	9	 | 	10,00
  6	 | 	7	 | 	11,05
  6	 | 	9	 | 	7,21
  7	 | 	8	 | 	12,17
___________________________
Simulation Topology [1:2]
___________________________
From 	  To 		Length
___________________________
  0	 | 	1	 | 	16,03
  0	 | 	3	 | 	3,61
  0	 | 	4	 | 	3,16
  0	 | 	5	 | 	16,76
  0	 | 	6	 | 	5,10
  1	 | 	4	 | 	17,12
  2	 | 	3	 | 	2,24
  2	 | 	6	 | 	4,47
  3	 | 	7	 | 	10,44
  3	 | 	8	 | 	5,39
  3	 | 	9	 | 	7,81
  4	 | 	5	 | 	17,12
  4	 | 	6	 | 	2,83
  4	 | 	8	 | 	5,10
  4	 | 	9	 | 	10,00
  6	 | 	7	 | 	11,05
  6	 | 	9	 | 	7,21
  7	 | 	8	 | 	12,17
  3	 | 	4	 | 	3,00
___________________________
Simulation Topology [1:3]
___________________________
From 	  To 		Length
___________________________
  0	 | 	1	 | 	16,03
  0	 | 	3	 | 	3,61
  0	 | 	4	 | 	3,16
  0	 | 	5	 | 	16,76
  0	 | 	6	 | 	5,10
  1	 | 	4	 | 	17,12
  2	 | 	3	 | 	2,24
  2	 | 	6	 | 	4,47
  3	 | 	7	 | 	10,44
  3	 | 	8	 | 	5,39
  3	 | 	9	 | 	7,81
  4	 | 	5	 | 	17,12
  4	 | 	6	 | 	2,83
  4	 | 	8	 | 	5,10
  4	 | 	9	 | 	10,00
  6	 | 	7	 | 	11,05
  6	 | 	9	 | 	7,21
  7	 | 	8	 | 	12,17
  3	 | 	4	 | 	3,00
  0	 | 	2	 | 	3,16
___________________________
