Simulation Topology 1
___________________________
[7]				[3]		
[0]				[3]		
[7]				[4]		
[6]				[5]		
[15]				[8]		
[2]				[9]		
[18]				[9]		
[14]				[10]		
[0]				[11]		
[10]				[11]		
___________________________
Simulation Topology [1:1]
___________________________
From 	  To 		Length
___________________________
  0	 | 	1	 | 	7,00
  0	 | 	4	 | 	9,43
  0	 | 	5	 | 	7,81
  1	 | 	8	 | 	8,00
  1	 | 	9	 | 	12,81
  2	 | 	3	 | 	1,41
  2	 | 	5	 | 	7,07
  2	 | 	9	 | 	7,62
  3	 | 	7	 | 	9,43
  3	 | 	8	 | 	8,49
  4	 | 	5	 | 	13,04
  4	 | 	6	 | 	3,16
  4	 | 	7	 | 	2,24
  4	 | 	8	 | 	15,30
  4	 | 	9	 | 	5,83
  5	 | 	7	 | 	12,04
  6	 | 	7	 | 	4,12
  6	 | 	9	 | 	8,25
___________________________
Simulation Topology [1:2]
___________________________
From 	  To 		Length
___________________________
  0	 | 	1	 | 	7,00
  0	 | 	4	 | 	9,43
  0	 | 	5	 | 	7,81
  1	 | 	8	 | 	8,00
  1	 | 	9	 | 	12,81
  2	 | 	3	 | 	1,41
  2	 | 	5	 | 	7,07
  2	 | 	9	 | 	7,62
  3	 | 	7	 | 	9,43
  3	 | 	8	 | 	8,49
  4	 | 	5	 | 	13,04
  4	 | 	6	 | 	3,16
  4	 | 	7	 | 	2,24
  4	 | 	8	 | 	15,30
  4	 | 	9	 | 	5,83
  5	 | 	7	 | 	12,04
  6	 | 	7	 | 	4,12
  6	 | 	9	 | 	8,25
  5	 | 	9	 | 	8,25
___________________________
Simulation Topology [1:3]
___________________________
From 	  To 		Length
___________________________
  0	 | 	1	 | 	7,00
  0	 | 	4	 | 	9,43
  0	 | 	5	 | 	7,81
  1	 | 	8	 | 	8,00
  1	 | 	9	 | 	12,81
  2	 | 	3	 | 	1,41
  2	 | 	5	 | 	7,07
  2	 | 	9	 | 	7,62
  3	 | 	7	 | 	9,43
  3	 | 	8	 | 	8,49
  4	 | 	5	 | 	13,04
  4	 | 	6	 | 	3,16
  4	 | 	7	 | 	2,24
  4	 | 	8	 | 	15,30
  4	 | 	9	 | 	5,83
  5	 | 	7	 | 	12,04
  6	 | 	7	 | 	4,12
  6	 | 	9	 | 	8,25
  5	 | 	9	 | 	8,25
  0	 | 	2	 | 	1,00
___________________________
