Simulation Topology 1
___________________________
[15]				[0]		
[8]				[0]		
[7]				[1]		
[15]				[3]		
[5]				[3]		
[5]				[4]		
[15]				[4]		
[8]				[5]		
[8]				[7]		
[17]				[9]		
___________________________
Simulation Topology [1:1]
___________________________
From 	  To 		Length
___________________________
  0	 | 	1	 | 	7,00
  0	 | 	2	 | 	8,06
  0	 | 	9	 | 	9,22
  1	 | 	3	 | 	7,62
  1	 | 	4	 | 	4,24
  1	 | 	5	 | 	5,00
  2	 | 	3	 | 	8,25
  2	 | 	4	 | 	2,83
  2	 | 	6	 | 	8,54
  2	 | 	7	 | 	4,12
  3	 | 	5	 | 	10,05
  3	 | 	6	 | 	1,00
  3	 | 	9	 | 	6,32
  4	 | 	5	 | 	1,00
  6	 | 	8	 | 	7,62
  7	 | 	8	 | 	2,00
  7	 | 	9	 | 	9,85
  8	 | 	9	 | 	9,22
___________________________
Simulation Topology [1:2]
___________________________
From 	  To 		Length
___________________________
  0	 | 	1	 | 	7,00
  0	 | 	2	 | 	8,06
  0	 | 	9	 | 	9,22
  1	 | 	3	 | 	7,62
  1	 | 	4	 | 	4,24
  1	 | 	5	 | 	5,00
  2	 | 	3	 | 	8,25
  2	 | 	4	 | 	2,83
  2	 | 	6	 | 	8,54
  2	 | 	7	 | 	4,12
  3	 | 	5	 | 	10,05
  3	 | 	6	 | 	1,00
  3	 | 	9	 | 	6,32
  4	 | 	5	 | 	1,00
  6	 | 	8	 | 	7,62
  7	 | 	8	 | 	2,00
  7	 | 	9	 | 	9,85
  8	 | 	9	 | 	9,22
  1	 | 	2	 | 	1,41
___________________________
Simulation Topology [1:3]
___________________________
From 	  To 		Length
___________________________
  0	 | 	1	 | 	7,00
  0	 | 	2	 | 	8,06
  0	 | 	9	 | 	9,22
  1	 | 	3	 | 	7,62
  1	 | 	4	 | 	4,24
  1	 | 	5	 | 	5,00
  2	 | 	3	 | 	8,25
  2	 | 	4	 | 	2,83
  2	 | 	6	 | 	8,54
  2	 | 	7	 | 	4,12
  3	 | 	5	 | 	10,05
  3	 | 	6	 | 	1,00
  3	 | 	9	 | 	6,32
  4	 | 	5	 | 	1,00
  6	 | 	8	 | 	7,62
  7	 | 	8	 | 	2,00
  7	 | 	9	 | 	9,85
  8	 | 	9	 | 	9,22
  1	 | 	2	 | 	1,41
  4	 | 	7	 | 	3,61
___________________________
