Simulation Topology 1
___________________________
[6]				[0]		
[4]				[0]		
[12]				[2]		
[5]				[3]		
[7]				[4]		
[14]				[4]		
[6]				[5]		
[13]				[5]		
[8]				[6]		
[18]				[9]		
___________________________
Simulation Topology [1:1]
___________________________
From 	  To 		Length
___________________________
  0	 | 	1	 | 	2,00
  0	 | 	2	 | 	6,32
  0	 | 	7	 | 	8,60
  0	 | 	8	 | 	6,32
  0	 | 	9	 | 	15,00
  1	 | 	3	 | 	3,16
  1	 | 	4	 | 	5,00
  2	 | 	3	 | 	7,07
  2	 | 	6	 | 	6,71
  2	 | 	8	 | 	5,66
  2	 | 	9	 | 	9,22
  3	 | 	4	 | 	2,24
  3	 | 	6	 | 	2,24
  3	 | 	7	 | 	8,25
  3	 | 	8	 | 	4,24
  4	 | 	5	 | 	7,00
  4	 | 	7	 | 	6,08
  5	 | 	8	 | 	6,32
  5	 | 	9	 | 	6,40
___________________________
Simulation Topology [1:2]
___________________________
From 	  To 		Length
___________________________
  0	 | 	1	 | 	2,00
  0	 | 	2	 | 	6,32
  0	 | 	7	 | 	8,60
  0	 | 	8	 | 	6,32
  0	 | 	9	 | 	15,00
  1	 | 	3	 | 	3,16
  1	 | 	4	 | 	5,00
  2	 | 	3	 | 	7,07
  2	 | 	6	 | 	6,71
  2	 | 	8	 | 	5,66
  2	 | 	9	 | 	9,22
  3	 | 	4	 | 	2,24
  3	 | 	6	 | 	2,24
  3	 | 	7	 | 	8,25
  3	 | 	8	 | 	4,24
  4	 | 	5	 | 	7,00
  4	 | 	7	 | 	6,08
  5	 | 	8	 | 	6,32
  5	 | 	9	 | 	6,40
  1	 | 	6	 | 	5,39
___________________________
