Simulation Topology 1
___________________________
[15]				[1]		
[4]				[1]		
[3]				[2]		
[5]				[2]		
[11]				[3]		
[4]				[3]		
[2]				[4]		
[11]				[4]		
[13]				[5]		
[16]				[5]		
___________________________
Simulation Topology [1:1]
___________________________
From 	  To 		Length
___________________________
  0	 | 	1	 | 	11,00
  0	 | 	4	 | 	4,47
  0	 | 	5	 | 	11,18
  0	 | 	8	 | 	4,47
  0	 | 	9	 | 	4,12
  1	 | 	3	 | 	1,41
  1	 | 	6	 | 	3,61
  1	 | 	8	 | 	9,85
  1	 | 	9	 | 	12,65
  2	 | 	3	 | 	2,00
  2	 | 	4	 | 	8,06
  3	 | 	9	 | 	11,40
  4	 | 	5	 | 	7,00
  4	 | 	8	 | 	2,83
  5	 | 	7	 | 	7,07
  6	 | 	7	 | 	9,00
  8	 | 	9	 | 	3,00
___________________________
Simulation Topology [1:2]
___________________________
From 	  To 		Length
___________________________
  0	 | 	1	 | 	11,00
  0	 | 	4	 | 	4,47
  0	 | 	5	 | 	11,18
  0	 | 	8	 | 	4,47
  0	 | 	9	 | 	4,12
  1	 | 	3	 | 	1,41
  1	 | 	6	 | 	3,61
  1	 | 	8	 | 	9,85
  1	 | 	9	 | 	12,65
  2	 | 	3	 | 	2,00
  2	 | 	4	 | 	8,06
  3	 | 	9	 | 	11,40
  4	 | 	5	 | 	7,00
  4	 | 	8	 | 	2,83
  5	 | 	7	 | 	7,07
  6	 | 	7	 | 	9,00
  8	 | 	9	 | 	3,00
  5	 | 	6	 | 	2,24
___________________________
Simulation Topology [1:3]
___________________________
From 	  To 		Length
___________________________
  0	 | 	1	 | 	11,00
  0	 | 	4	 | 	4,47
  0	 | 	5	 | 	11,18
  0	 | 	8	 | 	4,47
  0	 | 	9	 | 	4,12
  1	 | 	3	 | 	1,41
  1	 | 	6	 | 	3,61
  1	 | 	8	 | 	9,85
  1	 | 	9	 | 	12,65
  2	 | 	3	 | 	2,00
  2	 | 	4	 | 	8,06
  3	 | 	9	 | 	11,40
  4	 | 	5	 | 	7,00
  4	 | 	8	 | 	2,83
  5	 | 	7	 | 	7,07
  6	 | 	7	 | 	9,00
  8	 | 	9	 | 	3,00
  5	 | 	6	 | 	2,24
  2	 | 	5	 | 	1,41
___________________________
Simulation Topology [1:4]
___________________________
From 	  To 		Length
___________________________
  0	 | 	1	 | 	11,00
  0	 | 	4	 | 	4,47
  0	 | 	5	 | 	11,18
  0	 | 	8	 | 	4,47
  0	 | 	9	 | 	4,12
  1	 | 	3	 | 	1,41
  1	 | 	6	 | 	3,61
  1	 | 	8	 | 	9,85
  1	 | 	9	 | 	12,65
  2	 | 	3	 | 	2,00
  2	 | 	4	 | 	8,06
  3	 | 	9	 | 	11,40
  4	 | 	5	 | 	7,00
  4	 | 	8	 | 	2,83
  5	 | 	7	 | 	7,07
  6	 | 	7	 | 	9,00
  8	 | 	9	 | 	3,00
  5	 | 	6	 | 	2,24
  2	 | 	5	 | 	1,41
  2	 | 	6	 | 	2,24
___________________________
