Simulation Topology 1
___________________________
[11]				[0]		
[5]				[4]		
[16]				[4]		
[2]				[5]		
[17]				[7]		
[1]				[9]		
[2]				[13]		
[14]				[15]		
[5]				[15]		
[12]				[16]		
___________________________
Simulation Topology [1:1]
___________________________
From 	  To 		Length
___________________________
  0	 | 	1	 | 	7,21
  0	 | 	3	 | 	10,30
  0	 | 	4	 | 	9,22
  0	 | 	7	 | 	15,30
  1	 | 	3	 | 	3,16
  1	 | 	5	 | 	6,40
  1	 | 	6	 | 	9,49
  1	 | 	9	 | 	13,89
  2	 | 	3	 | 	14,04
  2	 | 	7	 | 	11,18
  3	 | 	4	 | 	15,13
  3	 | 	6	 | 	8,00
  3	 | 	8	 | 	10,44
  4	 | 	5	 | 	16,12
  4	 | 	6	 | 	16,16
  5	 | 	7	 | 	14,32
  6	 | 	7	 | 	12,17
  7	 | 	9	 | 	2,24
  8	 | 	9	 | 	7,07
___________________________
Simulation Topology [1:2]
___________________________
From 	  To 		Length
___________________________
  0	 | 	1	 | 	7,21
  0	 | 	3	 | 	10,30
  0	 | 	4	 | 	9,22
  0	 | 	7	 | 	15,30
  1	 | 	3	 | 	3,16
  1	 | 	5	 | 	6,40
  1	 | 	6	 | 	9,49
  1	 | 	9	 | 	13,89
  2	 | 	3	 | 	14,04
  2	 | 	7	 | 	11,18
  3	 | 	4	 | 	15,13
  3	 | 	6	 | 	8,00
  3	 | 	8	 | 	10,44
  4	 | 	5	 | 	16,12
  4	 | 	6	 | 	16,16
  5	 | 	7	 | 	14,32
  6	 | 	7	 | 	12,17
  7	 | 	9	 | 	2,24
  8	 | 	9	 | 	7,07
  2	 | 	4	 | 	3,16
___________________________
