Simulation Topology 1
___________________________
[16]				[0]		
[9]				[1]		
[16]				[2]		
[17]				[3]		
[15]				[3]		
[3]				[4]		
[0]				[4]		
[13]				[5]		
[5]				[5]		
[9]				[6]		
___________________________
Simulation Topology [1:1]
___________________________
From 	  To 		Length
___________________________
  0	 | 	1	 | 	7,07
  0	 | 	2	 | 	2,00
  0	 | 	4	 | 	3,16
  0	 | 	5	 | 	13,60
  0	 | 	7	 | 	5,83
  1	 | 	2	 | 	7,07
  1	 | 	4	 | 	6,32
  1	 | 	7	 | 	5,66
  1	 | 	9	 | 	5,00
  2	 | 	3	 | 	1,41
  2	 | 	4	 | 	1,41
  2	 | 	6	 | 	16,12
  2	 | 	7	 | 	4,24
  3	 | 	9	 | 	8,54
  4	 | 	5	 | 	12,04
  5	 | 	7	 | 	10,05
  5	 | 	8	 | 	2,24
  5	 | 	9	 | 	6,32
  6	 | 	8	 | 	5,10
  7	 | 	9	 | 	4,12
  8	 | 	9	 | 	4,12
___________________________
Simulation Topology [1:2]
___________________________
From 	  To 		Length
___________________________
  0	 | 	1	 | 	7,07
  0	 | 	2	 | 	2,00
  0	 | 	4	 | 	3,16
  0	 | 	5	 | 	13,60
  0	 | 	7	 | 	5,83
  1	 | 	2	 | 	7,07
  1	 | 	4	 | 	6,32
  1	 | 	7	 | 	5,66
  1	 | 	9	 | 	5,00
  2	 | 	3	 | 	1,41
  2	 | 	4	 | 	1,41
  2	 | 	6	 | 	16,12
  2	 | 	7	 | 	4,24
  3	 | 	9	 | 	8,54
  4	 | 	5	 | 	12,04
  5	 | 	7	 | 	10,05
  5	 | 	8	 | 	2,24
  5	 | 	9	 | 	6,32
  6	 | 	8	 | 	5,10
  7	 | 	9	 | 	4,12
  8	 | 	9	 | 	4,12
  0	 | 	3	 | 	3,16
___________________________
Simulation Topology [1:3]
___________________________
From 	  To 		Length
___________________________
  0	 | 	1	 | 	7,07
  0	 | 	2	 | 	2,00
  0	 | 	4	 | 	3,16
  0	 | 	5	 | 	13,60
  0	 | 	7	 | 	5,83
  1	 | 	2	 | 	7,07
  1	 | 	4	 | 	6,32
  1	 | 	7	 | 	5,66
  1	 | 	9	 | 	5,00
  2	 | 	3	 | 	1,41
  2	 | 	4	 | 	1,41
  2	 | 	6	 | 	16,12
  2	 | 	7	 | 	4,24
  3	 | 	9	 | 	8,54
  4	 | 	5	 | 	12,04
  5	 | 	7	 | 	10,05
  5	 | 	8	 | 	2,24
  5	 | 	9	 | 	6,32
  6	 | 	8	 | 	5,10
  7	 | 	9	 | 	4,12
  8	 | 	9	 | 	4,12
  0	 | 	3	 | 	3,16
  4	 | 	7	 | 	2,83
___________________________
Simulation Topology [1:4]
___________________________
From 	  To 		Length
___________________________
  0	 | 	1	 | 	7,07
  0	 | 	2	 | 	2,00
  0	 | 	4	 | 	3,16
  0	 | 	5	 | 	13,60
  0	 | 	7	 | 	5,83
  1	 | 	2	 | 	7,07
  1	 | 	4	 | 	6,32
  1	 | 	7	 | 	5,66
  1	 | 	9	 | 	5,00
  2	 | 	3	 | 	1,41
  2	 | 	4	 | 	1,41
  2	 | 	6	 | 	16,12
  2	 | 	7	 | 	4,24
  3	 | 	9	 | 	8,54
  4	 | 	5	 | 	12,04
  5	 | 	7	 | 	10,05
  5	 | 	8	 | 	2,24
  5	 | 	9	 | 	6,32
  6	 | 	8	 | 	5,10
  7	 | 	9	 | 	4,12
  8	 | 	9	 | 	4,12
  0	 | 	3	 | 	3,16
  4	 | 	7	 | 	2,83
  3	 | 	7	 | 	4,47
___________________________
Simulation Topology [1:5]
___________________________
From 	  To 		Length
___________________________
  0	 | 	1	 | 	7,07
  0	 | 	2	 | 	2,00
  0	 | 	4	 | 	3,16
  0	 | 	5	 | 	13,60
  0	 | 	7	 | 	5,83
  1	 | 	2	 | 	7,07
  1	 | 	4	 | 	6,32
  1	 | 	7	 | 	5,66
  1	 | 	9	 | 	5,00
  2	 | 	3	 | 	1,41
  2	 | 	4	 | 	1,41
  2	 | 	6	 | 	16,12
  2	 | 	7	 | 	4,24
  3	 | 	9	 | 	8,54
  4	 | 	5	 | 	12,04
  5	 | 	7	 | 	10,05
  5	 | 	8	 | 	2,24
  5	 | 	9	 | 	6,32
  6	 | 	8	 | 	5,10
  7	 | 	9	 | 	4,12
  8	 | 	9	 | 	4,12
  0	 | 	3	 | 	3,16
  4	 | 	7	 | 	2,83
  3	 | 	7	 | 	4,47
  0	 | 	8	 | 	12,08
___________________________
Simulation Topology [1:6]
___________________________
From 	  To 		Length
___________________________
  0	 | 	1	 | 	7,07
  0	 | 	2	 | 	2,00
  0	 | 	4	 | 	3,16
  0	 | 	5	 | 	13,60
  0	 | 	7	 | 	5,83
  1	 | 	2	 | 	7,07
  1	 | 	4	 | 	6,32
  1	 | 	7	 | 	5,66
  1	 | 	9	 | 	5,00
  2	 | 	3	 | 	1,41
  2	 | 	4	 | 	1,41
  2	 | 	6	 | 	16,12
  2	 | 	7	 | 	4,24
  3	 | 	9	 | 	8,54
  4	 | 	5	 | 	12,04
  5	 | 	7	 | 	10,05
  5	 | 	8	 | 	2,24
  5	 | 	9	 | 	6,32
  6	 | 	8	 | 	5,10
  7	 | 	9	 | 	4,12
  8	 | 	9	 | 	4,12
  0	 | 	3	 | 	3,16
  4	 | 	7	 | 	2,83
  3	 | 	7	 | 	4,47
  0	 | 	8	 | 	12,08
  0	 | 	9	 | 	9,22
___________________________
Simulation Topology [1:7]
___________________________
From 	  To 		Length
___________________________
  0	 | 	1	 | 	7,07
  0	 | 	2	 | 	2,00
  0	 | 	4	 | 	3,16
  0	 | 	5	 | 	13,60
  0	 | 	7	 | 	5,83
  1	 | 	2	 | 	7,07
  1	 | 	4	 | 	6,32
  1	 | 	7	 | 	5,66
  1	 | 	9	 | 	5,00
  2	 | 	3	 | 	1,41
  2	 | 	4	 | 	1,41
  2	 | 	6	 | 	16,12
  2	 | 	7	 | 	4,24
  3	 | 	9	 | 	8,54
  4	 | 	5	 | 	12,04
  5	 | 	7	 | 	10,05
  5	 | 	8	 | 	2,24
  5	 | 	9	 | 	6,32
  6	 | 	8	 | 	5,10
  7	 | 	9	 | 	4,12
  8	 | 	9	 | 	4,12
  0	 | 	3	 | 	3,16
  4	 | 	7	 | 	2,83
  3	 | 	7	 | 	4,47
  0	 | 	8	 | 	12,08
  0	 | 	9	 | 	9,22
  1	 | 	8	 | 	5,66
___________________________
Simulation Topology [1:8]
___________________________
From 	  To 		Length
___________________________
  0	 | 	1	 | 	7,07
  0	 | 	2	 | 	2,00
  0	 | 	4	 | 	3,16
  0	 | 	5	 | 	13,60
  0	 | 	7	 | 	5,83
  1	 | 	2	 | 	7,07
  1	 | 	4	 | 	6,32
  1	 | 	7	 | 	5,66
  1	 | 	9	 | 	5,00
  2	 | 	3	 | 	1,41
  2	 | 	4	 | 	1,41
  2	 | 	6	 | 	16,12
  2	 | 	7	 | 	4,24
  3	 | 	9	 | 	8,54
  4	 | 	5	 | 	12,04
  5	 | 	7	 | 	10,05
  5	 | 	8	 | 	2,24
  5	 | 	9	 | 	6,32
  6	 | 	8	 | 	5,10
  7	 | 	9	 | 	4,12
  8	 | 	9	 | 	4,12
  0	 | 	3	 | 	3,16
  4	 | 	7	 | 	2,83
  3	 | 	7	 | 	4,47
  0	 | 	8	 | 	12,08
  0	 | 	9	 | 	9,22
  1	 | 	8	 | 	5,66
  6	 | 	7	 | 	13,04
___________________________
Simulation Topology [1:9]
___________________________
From 	  To 		Length
___________________________
  0	 | 	1	 | 	7,07
  0	 | 	2	 | 	2,00
  0	 | 	4	 | 	3,16
  0	 | 	5	 | 	13,60
  0	 | 	7	 | 	5,83
  1	 | 	2	 | 	7,07
  1	 | 	4	 | 	6,32
  1	 | 	7	 | 	5,66
  1	 | 	9	 | 	5,00
  2	 | 	3	 | 	1,41
  2	 | 	4	 | 	1,41
  2	 | 	6	 | 	16,12
  2	 | 	7	 | 	4,24
  3	 | 	9	 | 	8,54
  4	 | 	5	 | 	12,04
  5	 | 	7	 | 	10,05
  5	 | 	8	 | 	2,24
  5	 | 	9	 | 	6,32
  6	 | 	8	 | 	5,10
  7	 | 	9	 | 	4,12
  8	 | 	9	 | 	4,12
  0	 | 	3	 | 	3,16
  4	 | 	7	 | 	2,83
  3	 | 	7	 | 	4,47
  0	 | 	8	 | 	12,08
  0	 | 	9	 | 	9,22
  1	 | 	8	 | 	5,66
  6	 | 	7	 | 	13,04
  3	 | 	4	 | 	2,00
___________________________
Simulation Topology [1:10]
___________________________
From 	  To 		Length
___________________________
  0	 | 	1	 | 	7,07
  0	 | 	2	 | 	2,00
  0	 | 	4	 | 	3,16
  0	 | 	5	 | 	13,60
  0	 | 	7	 | 	5,83
  1	 | 	2	 | 	7,07
  1	 | 	4	 | 	6,32
  1	 | 	7	 | 	5,66
  1	 | 	9	 | 	5,00
  2	 | 	3	 | 	1,41
  2	 | 	4	 | 	1,41
  2	 | 	6	 | 	16,12
  2	 | 	7	 | 	4,24
  3	 | 	9	 | 	8,54
  4	 | 	5	 | 	12,04
  5	 | 	7	 | 	10,05
  5	 | 	8	 | 	2,24
  5	 | 	9	 | 	6,32
  6	 | 	8	 | 	5,10
  7	 | 	9	 | 	4,12
  8	 | 	9	 | 	4,12
  0	 | 	3	 | 	3,16
  4	 | 	7	 | 	2,83
  3	 | 	7	 | 	4,47
  0	 | 	8	 | 	12,08
  0	 | 	9	 | 	9,22
  1	 | 	8	 | 	5,66
  6	 | 	7	 | 	13,04
  3	 | 	4	 | 	2,00
  7	 | 	8	 | 	8,00
___________________________
Simulation Topology [1:11]
___________________________
From 	  To 		Length
___________________________
  0	 | 	1	 | 	7,07
  0	 | 	2	 | 	2,00
  0	 | 	4	 | 	3,16
  0	 | 	5	 | 	13,60
  0	 | 	7	 | 	5,83
  1	 | 	2	 | 	7,07
  1	 | 	4	 | 	6,32
  1	 | 	7	 | 	5,66
  1	 | 	9	 | 	5,00
  2	 | 	3	 | 	1,41
  2	 | 	4	 | 	1,41
  2	 | 	6	 | 	16,12
  2	 | 	7	 | 	4,24
  3	 | 	9	 | 	8,54
  4	 | 	5	 | 	12,04
  5	 | 	7	 | 	10,05
  5	 | 	8	 | 	2,24
  5	 | 	9	 | 	6,32
  6	 | 	8	 | 	5,10
  7	 | 	9	 | 	4,12
  8	 | 	9	 | 	4,12
  0	 | 	3	 | 	3,16
  4	 | 	7	 | 	2,83
  3	 | 	7	 | 	4,47
  0	 | 	8	 | 	12,08
  0	 | 	9	 | 	9,22
  1	 | 	8	 | 	5,66
  6	 | 	7	 | 	13,04
  3	 | 	4	 | 	2,00
  7	 | 	8	 | 	8,00
  1	 | 	5	 | 	6,71
___________________________
Simulation Topology [1:12]
___________________________
From 	  To 		Length
___________________________
  0	 | 	1	 | 	7,07
  0	 | 	2	 | 	2,00
  0	 | 	4	 | 	3,16
  0	 | 	5	 | 	13,60
  0	 | 	7	 | 	5,83
  1	 | 	2	 | 	7,07
  1	 | 	4	 | 	6,32
  1	 | 	7	 | 	5,66
  1	 | 	9	 | 	5,00
  2	 | 	3	 | 	1,41
  2	 | 	4	 | 	1,41
  2	 | 	6	 | 	16,12
  2	 | 	7	 | 	4,24
  3	 | 	9	 | 	8,54
  4	 | 	5	 | 	12,04
  5	 | 	7	 | 	10,05
  5	 | 	8	 | 	2,24
  5	 | 	9	 | 	6,32
  6	 | 	8	 | 	5,10
  7	 | 	9	 | 	4,12
  8	 | 	9	 | 	4,12
  0	 | 	3	 | 	3,16
  4	 | 	7	 | 	2,83
  3	 | 	7	 | 	4,47
  0	 | 	8	 | 	12,08
  0	 | 	9	 | 	9,22
  1	 | 	8	 | 	5,66
  6	 | 	7	 | 	13,04
  3	 | 	4	 | 	2,00
  7	 | 	8	 | 	8,00
  1	 | 	5	 | 	6,71
  4	 | 	9	 | 	6,71
___________________________
Simulation Topology [1:13]
___________________________
From 	  To 		Length
___________________________
  0	 | 	1	 | 	7,07
  0	 | 	2	 | 	2,00
  0	 | 	4	 | 	3,16
  0	 | 	5	 | 	13,60
  0	 | 	7	 | 	5,83
  1	 | 	2	 | 	7,07
  1	 | 	4	 | 	6,32
  1	 | 	7	 | 	5,66
  1	 | 	9	 | 	5,00
  2	 | 	3	 | 	1,41
  2	 | 	4	 | 	1,41
  2	 | 	6	 | 	16,12
  2	 | 	7	 | 	4,24
  3	 | 	9	 | 	8,54
  4	 | 	5	 | 	12,04
  5	 | 	7	 | 	10,05
  5	 | 	8	 | 	2,24
  5	 | 	9	 | 	6,32
  6	 | 	8	 | 	5,10
  7	 | 	9	 | 	4,12
  8	 | 	9	 | 	4,12
  0	 | 	3	 | 	3,16
  4	 | 	7	 | 	2,83
  3	 | 	7	 | 	4,47
  0	 | 	8	 | 	12,08
  0	 | 	9	 | 	9,22
  1	 | 	8	 | 	5,66
  6	 | 	7	 | 	13,04
  3	 | 	4	 | 	2,00
  7	 | 	8	 | 	8,00
  1	 | 	5	 | 	6,71
  4	 | 	9	 | 	6,71
  5	 | 	6	 | 	3,00
___________________________
Simulation Topology [1:14]
___________________________
From 	  To 		Length
___________________________
  0	 | 	1	 | 	7,07
  0	 | 	2	 | 	2,00
  0	 | 	4	 | 	3,16
  0	 | 	5	 | 	13,60
  0	 | 	7	 | 	5,83
  1	 | 	2	 | 	7,07
  1	 | 	4	 | 	6,32
  1	 | 	7	 | 	5,66
  1	 | 	9	 | 	5,00
  2	 | 	3	 | 	1,41
  2	 | 	4	 | 	1,41
  2	 | 	6	 | 	16,12
  2	 | 	7	 | 	4,24
  3	 | 	9	 | 	8,54
  4	 | 	5	 | 	12,04
  5	 | 	7	 | 	10,05
  5	 | 	8	 | 	2,24
  5	 | 	9	 | 	6,32
  6	 | 	8	 | 	5,10
  7	 | 	9	 | 	4,12
  8	 | 	9	 | 	4,12
  0	 | 	3	 | 	3,16
  4	 | 	7	 | 	2,83
  3	 | 	7	 | 	4,47
  0	 | 	8	 | 	12,08
  0	 | 	9	 | 	9,22
  1	 | 	8	 | 	5,66
  6	 | 	7	 | 	13,04
  3	 | 	4	 | 	2,00
  7	 | 	8	 | 	8,00
  1	 | 	5	 | 	6,71
  4	 | 	9	 | 	6,71
  5	 | 	6	 | 	3,00
  2	 | 	8	 | 	11,40
___________________________
Simulation Topology [1:15]
___________________________
From 	  To 		Length
___________________________
  0	 | 	1	 | 	7,07
  0	 | 	2	 | 	2,00
  0	 | 	4	 | 	3,16
  0	 | 	5	 | 	13,60
  0	 | 	7	 | 	5,83
  1	 | 	2	 | 	7,07
  1	 | 	4	 | 	6,32
  1	 | 	7	 | 	5,66
  1	 | 	9	 | 	5,00
  2	 | 	3	 | 	1,41
  2	 | 	4	 | 	1,41
  2	 | 	6	 | 	16,12
  2	 | 	7	 | 	4,24
  3	 | 	9	 | 	8,54
  4	 | 	5	 | 	12,04
  5	 | 	7	 | 	10,05
  5	 | 	8	 | 	2,24
  5	 | 	9	 | 	6,32
  6	 | 	8	 | 	5,10
  7	 | 	9	 | 	4,12
  8	 | 	9	 | 	4,12
  0	 | 	3	 | 	3,16
  4	 | 	7	 | 	2,83
  3	 | 	7	 | 	4,47
  0	 | 	8	 | 	12,08
  0	 | 	9	 | 	9,22
  1	 | 	8	 | 	5,66
  6	 | 	7	 | 	13,04
  3	 | 	4	 | 	2,00
  7	 | 	8	 | 	8,00
  1	 | 	5	 | 	6,71
  4	 | 	9	 | 	6,71
  5	 | 	6	 | 	3,00
  2	 | 	8	 | 	11,40
  1	 | 	6	 | 	9,49
___________________________
Simulation Topology [1:16]
___________________________
From 	  To 		Length
___________________________
  0	 | 	1	 | 	7,07
  0	 | 	2	 | 	2,00
  0	 | 	4	 | 	3,16
  0	 | 	5	 | 	13,60
  0	 | 	7	 | 	5,83
  1	 | 	2	 | 	7,07
  1	 | 	4	 | 	6,32
  1	 | 	7	 | 	5,66
  1	 | 	9	 | 	5,00
  2	 | 	3	 | 	1,41
  2	 | 	4	 | 	1,41
  2	 | 	6	 | 	16,12
  2	 | 	7	 | 	4,24
  3	 | 	9	 | 	8,54
  4	 | 	5	 | 	12,04
  5	 | 	7	 | 	10,05
  5	 | 	8	 | 	2,24
  5	 | 	9	 | 	6,32
  6	 | 	8	 | 	5,10
  7	 | 	9	 | 	4,12
  8	 | 	9	 | 	4,12
  0	 | 	3	 | 	3,16
  4	 | 	7	 | 	2,83
  3	 | 	7	 | 	4,47
  0	 | 	8	 | 	12,08
  0	 | 	9	 | 	9,22
  1	 | 	8	 | 	5,66
  6	 | 	7	 | 	13,04
  3	 | 	4	 | 	2,00
  7	 | 	8	 | 	8,00
  1	 | 	5	 | 	6,71
  4	 | 	9	 | 	6,71
  5	 | 	6	 | 	3,00
  2	 | 	8	 | 	11,40
  1	 | 	6	 | 	9,49
  1	 | 	3	 | 	8,25
___________________________
Simulation Topology [1:17]
___________________________
From 	  To 		Length
___________________________
  0	 | 	1	 | 	7,07
  0	 | 	2	 | 	2,00
  0	 | 	4	 | 	3,16
  0	 | 	5	 | 	13,60
  0	 | 	7	 | 	5,83
  1	 | 	2	 | 	7,07
  1	 | 	4	 | 	6,32
  1	 | 	7	 | 	5,66
  1	 | 	9	 | 	5,00
  2	 | 	3	 | 	1,41
  2	 | 	4	 | 	1,41
  2	 | 	6	 | 	16,12
  2	 | 	7	 | 	4,24
  3	 | 	9	 | 	8,54
  4	 | 	5	 | 	12,04
  5	 | 	7	 | 	10,05
  5	 | 	8	 | 	2,24
  5	 | 	9	 | 	6,32
  6	 | 	8	 | 	5,10
  7	 | 	9	 | 	4,12
  8	 | 	9	 | 	4,12
  0	 | 	3	 | 	3,16
  4	 | 	7	 | 	2,83
  3	 | 	7	 | 	4,47
  0	 | 	8	 | 	12,08
  0	 | 	9	 | 	9,22
  1	 | 	8	 | 	5,66
  6	 | 	7	 | 	13,04
  3	 | 	4	 | 	2,00
  7	 | 	8	 | 	8,00
  1	 | 	5	 | 	6,71
  4	 | 	9	 | 	6,71
  5	 | 	6	 | 	3,00
  2	 | 	8	 | 	11,40
  1	 | 	6	 | 	9,49
  1	 | 	3	 | 	8,25
  2	 | 	9	 | 	8,06
___________________________
Simulation Topology [1:18]
___________________________
From 	  To 		Length
___________________________
  0	 | 	1	 | 	7,07
  0	 | 	2	 | 	2,00
  0	 | 	4	 | 	3,16
  0	 | 	5	 | 	13,60
  0	 | 	7	 | 	5,83
  1	 | 	2	 | 	7,07
  1	 | 	4	 | 	6,32
  1	 | 	7	 | 	5,66
  1	 | 	9	 | 	5,00
  2	 | 	3	 | 	1,41
  2	 | 	4	 | 	1,41
  2	 | 	6	 | 	16,12
  2	 | 	7	 | 	4,24
  3	 | 	9	 | 	8,54
  4	 | 	5	 | 	12,04
  5	 | 	7	 | 	10,05
  5	 | 	8	 | 	2,24
  5	 | 	9	 | 	6,32
  6	 | 	8	 | 	5,10
  7	 | 	9	 | 	4,12
  8	 | 	9	 | 	4,12
  0	 | 	3	 | 	3,16
  4	 | 	7	 | 	2,83
  3	 | 	7	 | 	4,47
  0	 | 	8	 | 	12,08
  0	 | 	9	 | 	9,22
  1	 | 	8	 | 	5,66
  6	 | 	7	 | 	13,04
  3	 | 	4	 | 	2,00
  7	 | 	8	 | 	8,00
  1	 | 	5	 | 	6,71
  4	 | 	9	 | 	6,71
  5	 | 	6	 | 	3,00
  2	 | 	8	 | 	11,40
  1	 | 	6	 | 	9,49
  1	 | 	3	 | 	8,25
  2	 | 	9	 | 	8,06
  3	 | 	6	 | 	17,03
___________________________
Simulation Topology [1:19]
___________________________
From 	  To 		Length
___________________________
  0	 | 	1	 | 	7,07
  0	 | 	2	 | 	2,00
  0	 | 	4	 | 	3,16
  0	 | 	5	 | 	13,60
  0	 | 	7	 | 	5,83
  1	 | 	2	 | 	7,07
  1	 | 	4	 | 	6,32
  1	 | 	7	 | 	5,66
  1	 | 	9	 | 	5,00
  2	 | 	3	 | 	1,41
  2	 | 	4	 | 	1,41
  2	 | 	6	 | 	16,12
  2	 | 	7	 | 	4,24
  3	 | 	9	 | 	8,54
  4	 | 	5	 | 	12,04
  5	 | 	7	 | 	10,05
  5	 | 	8	 | 	2,24
  5	 | 	9	 | 	6,32
  6	 | 	8	 | 	5,10
  7	 | 	9	 | 	4,12
  8	 | 	9	 | 	4,12
  0	 | 	3	 | 	3,16
  4	 | 	7	 | 	2,83
  3	 | 	7	 | 	4,47
  0	 | 	8	 | 	12,08
  0	 | 	9	 | 	9,22
  1	 | 	8	 | 	5,66
  6	 | 	7	 | 	13,04
  3	 | 	4	 | 	2,00
  7	 | 	8	 | 	8,00
  1	 | 	5	 | 	6,71
  4	 | 	9	 | 	6,71
  5	 | 	6	 | 	3,00
  2	 | 	8	 | 	11,40
  1	 | 	6	 | 	9,49
  1	 | 	3	 | 	8,25
  2	 | 	9	 | 	8,06
  3	 | 	6	 | 	17,03
  6	 | 	9	 | 	9,22
___________________________
Simulation Topology [1:20]
___________________________
From 	  To 		Length
___________________________
  0	 | 	1	 | 	7,07
  0	 | 	2	 | 	2,00
  0	 | 	4	 | 	3,16
  0	 | 	5	 | 	13,60
  0	 | 	7	 | 	5,83
  1	 | 	2	 | 	7,07
  1	 | 	4	 | 	6,32
  1	 | 	7	 | 	5,66
  1	 | 	9	 | 	5,00
  2	 | 	3	 | 	1,41
  2	 | 	4	 | 	1,41
  2	 | 	6	 | 	16,12
  2	 | 	7	 | 	4,24
  3	 | 	9	 | 	8,54
  4	 | 	5	 | 	12,04
  5	 | 	7	 | 	10,05
  5	 | 	8	 | 	2,24
  5	 | 	9	 | 	6,32
  6	 | 	8	 | 	5,10
  7	 | 	9	 | 	4,12
  8	 | 	9	 | 	4,12
  0	 | 	3	 | 	3,16
  4	 | 	7	 | 	2,83
  3	 | 	7	 | 	4,47
  0	 | 	8	 | 	12,08
  0	 | 	9	 | 	9,22
  1	 | 	8	 | 	5,66
  6	 | 	7	 | 	13,04
  3	 | 	4	 | 	2,00
  7	 | 	8	 | 	8,00
  1	 | 	5	 | 	6,71
  4	 | 	9	 | 	6,71
  5	 | 	6	 | 	3,00
  2	 | 	8	 | 	11,40
  1	 | 	6	 | 	9,49
  1	 | 	3	 | 	8,25
  2	 | 	9	 | 	8,06
  3	 | 	6	 | 	17,03
  6	 | 	9	 | 	9,22
  3	 | 	5	 | 	14,04
___________________________
