Simulation Topology 1
___________________________
[19]				[3]		
[11]				[4]		
[16]				[4]		
[7]				[6]		
[11]				[6]		
[4]				[7]		
[4]				[8]		
[12]				[8]		
[9]				[9]		
[12]				[9]		
___________________________
Simulation Topology [1:1]
___________________________
From 	  To 		Length
___________________________
  0	 | 	1	 | 	8,06
  0	 | 	3	 | 	12,37
  0	 | 	6	 | 	15,81
  0	 | 	9	 | 	9,22
  1	 | 	5	 | 	7,62
  1	 | 	6	 | 	8,06
  1	 | 	8	 | 	5,39
  2	 | 	3	 | 	9,22
  2	 | 	4	 | 	5,39
  2	 | 	5	 | 	12,37
  3	 | 	4	 | 	4,00
  3	 | 	5	 | 	3,16
  3	 | 	7	 | 	5,39
  3	 | 	9	 | 	5,83
  4	 | 	5	 | 	7,07
  4	 | 	6	 | 	7,28
  5	 | 	8	 | 	5,39
  5	 | 	9	 | 	8,25
  6	 | 	7	 | 	8,00
  6	 | 	8	 | 	5,10
  6	 | 	9	 | 	8,06
___________________________
Simulation Topology [1:2]
___________________________
From 	  To 		Length
___________________________
  0	 | 	1	 | 	8,06
  0	 | 	3	 | 	12,37
  0	 | 	6	 | 	15,81
  0	 | 	9	 | 	9,22
  1	 | 	5	 | 	7,62
  1	 | 	6	 | 	8,06
  1	 | 	8	 | 	5,39
  2	 | 	3	 | 	9,22
  2	 | 	4	 | 	5,39
  2	 | 	5	 | 	12,37
  3	 | 	4	 | 	4,00
  3	 | 	5	 | 	3,16
  3	 | 	7	 | 	5,39
  3	 | 	9	 | 	5,83
  4	 | 	5	 | 	7,07
  4	 | 	6	 | 	7,28
  5	 | 	8	 | 	5,39
  5	 | 	9	 | 	8,25
  6	 | 	7	 | 	8,00
  6	 | 	8	 | 	5,10
  6	 | 	9	 | 	8,06
  0	 | 	4	 | 	8,54
___________________________
Simulation Topology [1:3]
___________________________
From 	  To 		Length
___________________________
  0	 | 	1	 | 	8,06
  0	 | 	3	 | 	12,37
  0	 | 	6	 | 	15,81
  0	 | 	9	 | 	9,22
  1	 | 	5	 | 	7,62
  1	 | 	6	 | 	8,06
  1	 | 	8	 | 	5,39
  2	 | 	3	 | 	9,22
  2	 | 	4	 | 	5,39
  2	 | 	5	 | 	12,37
  3	 | 	4	 | 	4,00
  3	 | 	5	 | 	3,16
  3	 | 	7	 | 	5,39
  3	 | 	9	 | 	5,83
  4	 | 	5	 | 	7,07
  4	 | 	6	 | 	7,28
  5	 | 	8	 | 	5,39
  5	 | 	9	 | 	8,25
  6	 | 	7	 | 	8,00
  6	 | 	8	 | 	5,10
  6	 | 	9	 | 	8,06
  0	 | 	4	 | 	8,54
  8	 | 	9	 | 	3,00
___________________________
Simulation Topology [1:4]
___________________________
From 	  To 		Length
___________________________
  0	 | 	1	 | 	8,06
  0	 | 	3	 | 	12,37
  0	 | 	6	 | 	15,81
  0	 | 	9	 | 	9,22
  1	 | 	5	 | 	7,62
  1	 | 	6	 | 	8,06
  1	 | 	8	 | 	5,39
  2	 | 	3	 | 	9,22
  2	 | 	4	 | 	5,39
  2	 | 	5	 | 	12,37
  3	 | 	4	 | 	4,00
  3	 | 	5	 | 	3,16
  3	 | 	7	 | 	5,39
  3	 | 	9	 | 	5,83
  4	 | 	5	 | 	7,07
  4	 | 	6	 | 	7,28
  5	 | 	8	 | 	5,39
  5	 | 	9	 | 	8,25
  6	 | 	7	 | 	8,00
  6	 | 	8	 | 	5,10
  6	 | 	9	 | 	8,06
  0	 | 	4	 | 	8,54
  8	 | 	9	 | 	3,00
  7	 | 	9	 | 	1,00
___________________________
Simulation Topology [1:5]
___________________________
From 	  To 		Length
___________________________
  0	 | 	1	 | 	8,06
  0	 | 	3	 | 	12,37
  0	 | 	6	 | 	15,81
  0	 | 	9	 | 	9,22
  1	 | 	5	 | 	7,62
  1	 | 	6	 | 	8,06
  1	 | 	8	 | 	5,39
  2	 | 	3	 | 	9,22
  2	 | 	4	 | 	5,39
  2	 | 	5	 | 	12,37
  3	 | 	4	 | 	4,00
  3	 | 	5	 | 	3,16
  3	 | 	7	 | 	5,39
  3	 | 	9	 | 	5,83
  4	 | 	5	 | 	7,07
  4	 | 	6	 | 	7,28
  5	 | 	8	 | 	5,39
  5	 | 	9	 | 	8,25
  6	 | 	7	 | 	8,00
  6	 | 	8	 | 	5,10
  6	 | 	9	 | 	8,06
  0	 | 	4	 | 	8,54
  8	 | 	9	 | 	3,00
  7	 | 	9	 | 	1,00
  5	 | 	6	 | 	1,00
___________________________
Simulation Topology [1:6]
___________________________
From 	  To 		Length
___________________________
  0	 | 	1	 | 	8,06
  0	 | 	3	 | 	12,37
  0	 | 	6	 | 	15,81
  0	 | 	9	 | 	9,22
  1	 | 	5	 | 	7,62
  1	 | 	6	 | 	8,06
  1	 | 	8	 | 	5,39
  2	 | 	3	 | 	9,22
  2	 | 	4	 | 	5,39
  2	 | 	5	 | 	12,37
  3	 | 	4	 | 	4,00
  3	 | 	5	 | 	3,16
  3	 | 	7	 | 	5,39
  3	 | 	9	 | 	5,83
  4	 | 	5	 | 	7,07
  4	 | 	6	 | 	7,28
  5	 | 	8	 | 	5,39
  5	 | 	9	 | 	8,25
  6	 | 	7	 | 	8,00
  6	 | 	8	 | 	5,10
  6	 | 	9	 | 	8,06
  0	 | 	4	 | 	8,54
  8	 | 	9	 | 	3,00
  7	 | 	9	 | 	1,00
  5	 | 	6	 | 	1,00
  1	 | 	4	 | 	2,00
___________________________
Simulation Topology [1:7]
___________________________
From 	  To 		Length
___________________________
  0	 | 	1	 | 	8,06
  0	 | 	3	 | 	12,37
  0	 | 	6	 | 	15,81
  0	 | 	9	 | 	9,22
  1	 | 	5	 | 	7,62
  1	 | 	6	 | 	8,06
  1	 | 	8	 | 	5,39
  2	 | 	3	 | 	9,22
  2	 | 	4	 | 	5,39
  2	 | 	5	 | 	12,37
  3	 | 	4	 | 	4,00
  3	 | 	5	 | 	3,16
  3	 | 	7	 | 	5,39
  3	 | 	9	 | 	5,83
  4	 | 	5	 | 	7,07
  4	 | 	6	 | 	7,28
  5	 | 	8	 | 	5,39
  5	 | 	9	 | 	8,25
  6	 | 	7	 | 	8,00
  6	 | 	8	 | 	5,10
  6	 | 	9	 | 	8,06
  0	 | 	4	 | 	8,54
  8	 | 	9	 | 	3,00
  7	 | 	9	 | 	1,00
  5	 | 	6	 | 	1,00
  1	 | 	4	 | 	2,00
  1	 | 	2	 | 	5,00
___________________________
Simulation Topology [1:8]
___________________________
From 	  To 		Length
___________________________
  0	 | 	1	 | 	8,06
  0	 | 	3	 | 	12,37
  0	 | 	6	 | 	15,81
  0	 | 	9	 | 	9,22
  1	 | 	5	 | 	7,62
  1	 | 	6	 | 	8,06
  1	 | 	8	 | 	5,39
  2	 | 	3	 | 	9,22
  2	 | 	4	 | 	5,39
  2	 | 	5	 | 	12,37
  3	 | 	4	 | 	4,00
  3	 | 	5	 | 	3,16
  3	 | 	7	 | 	5,39
  3	 | 	9	 | 	5,83
  4	 | 	5	 | 	7,07
  4	 | 	6	 | 	7,28
  5	 | 	8	 | 	5,39
  5	 | 	9	 | 	8,25
  6	 | 	7	 | 	8,00
  6	 | 	8	 | 	5,10
  6	 | 	9	 | 	8,06
  0	 | 	4	 | 	8,54
  8	 | 	9	 | 	3,00
  7	 | 	9	 | 	1,00
  5	 | 	6	 | 	1,00
  1	 | 	4	 | 	2,00
  1	 | 	2	 | 	5,00
  4	 | 	7	 | 	2,24
___________________________
Simulation Topology [1:9]
___________________________
From 	  To 		Length
___________________________
  0	 | 	1	 | 	8,06
  0	 | 	3	 | 	12,37
  0	 | 	6	 | 	15,81
  0	 | 	9	 | 	9,22
  1	 | 	5	 | 	7,62
  1	 | 	6	 | 	8,06
  1	 | 	8	 | 	5,39
  2	 | 	3	 | 	9,22
  2	 | 	4	 | 	5,39
  2	 | 	5	 | 	12,37
  3	 | 	4	 | 	4,00
  3	 | 	5	 | 	3,16
  3	 | 	7	 | 	5,39
  3	 | 	9	 | 	5,83
  4	 | 	5	 | 	7,07
  4	 | 	6	 | 	7,28
  5	 | 	8	 | 	5,39
  5	 | 	9	 | 	8,25
  6	 | 	7	 | 	8,00
  6	 | 	8	 | 	5,10
  6	 | 	9	 | 	8,06
  0	 | 	4	 | 	8,54
  8	 | 	9	 | 	3,00
  7	 | 	9	 | 	1,00
  5	 | 	6	 | 	1,00
  1	 | 	4	 | 	2,00
  1	 | 	2	 | 	5,00
  4	 | 	7	 | 	2,24
  4	 | 	8	 | 	3,61
___________________________
Simulation Topology [1:10]
___________________________
From 	  To 		Length
___________________________
  0	 | 	1	 | 	8,06
  0	 | 	3	 | 	12,37
  0	 | 	6	 | 	15,81
  0	 | 	9	 | 	9,22
  1	 | 	5	 | 	7,62
  1	 | 	6	 | 	8,06
  1	 | 	8	 | 	5,39
  2	 | 	3	 | 	9,22
  2	 | 	4	 | 	5,39
  2	 | 	5	 | 	12,37
  3	 | 	4	 | 	4,00
  3	 | 	5	 | 	3,16
  3	 | 	7	 | 	5,39
  3	 | 	9	 | 	5,83
  4	 | 	5	 | 	7,07
  4	 | 	6	 | 	7,28
  5	 | 	8	 | 	5,39
  5	 | 	9	 | 	8,25
  6	 | 	7	 | 	8,00
  6	 | 	8	 | 	5,10
  6	 | 	9	 | 	8,06
  0	 | 	4	 | 	8,54
  8	 | 	9	 | 	3,00
  7	 | 	9	 | 	1,00
  5	 | 	6	 | 	1,00
  1	 | 	4	 | 	2,00
  1	 | 	2	 | 	5,00
  4	 | 	7	 | 	2,24
  4	 | 	8	 | 	3,61
  1	 | 	7	 | 	4,12
___________________________
Simulation Topology [1:11]
___________________________
From 	  To 		Length
___________________________
  0	 | 	1	 | 	8,06
  0	 | 	3	 | 	12,37
  0	 | 	6	 | 	15,81
  0	 | 	9	 | 	9,22
  1	 | 	5	 | 	7,62
  1	 | 	6	 | 	8,06
  1	 | 	8	 | 	5,39
  2	 | 	3	 | 	9,22
  2	 | 	4	 | 	5,39
  2	 | 	5	 | 	12,37
  3	 | 	4	 | 	4,00
  3	 | 	5	 | 	3,16
  3	 | 	7	 | 	5,39
  3	 | 	9	 | 	5,83
  4	 | 	5	 | 	7,07
  4	 | 	6	 | 	7,28
  5	 | 	8	 | 	5,39
  5	 | 	9	 | 	8,25
  6	 | 	7	 | 	8,00
  6	 | 	8	 | 	5,10
  6	 | 	9	 | 	8,06
  0	 | 	4	 | 	8,54
  8	 | 	9	 | 	3,00
  7	 | 	9	 | 	1,00
  5	 | 	6	 | 	1,00
  1	 | 	4	 | 	2,00
  1	 | 	2	 | 	5,00
  4	 | 	7	 | 	2,24
  4	 | 	8	 | 	3,61
  1	 | 	7	 | 	4,12
  4	 | 	9	 | 	3,16
___________________________
Simulation Topology [1:12]
___________________________
From 	  To 		Length
___________________________
  0	 | 	1	 | 	8,06
  0	 | 	3	 | 	12,37
  0	 | 	6	 | 	15,81
  0	 | 	9	 | 	9,22
  1	 | 	5	 | 	7,62
  1	 | 	6	 | 	8,06
  1	 | 	8	 | 	5,39
  2	 | 	3	 | 	9,22
  2	 | 	4	 | 	5,39
  2	 | 	5	 | 	12,37
  3	 | 	4	 | 	4,00
  3	 | 	5	 | 	3,16
  3	 | 	7	 | 	5,39
  3	 | 	9	 | 	5,83
  4	 | 	5	 | 	7,07
  4	 | 	6	 | 	7,28
  5	 | 	8	 | 	5,39
  5	 | 	9	 | 	8,25
  6	 | 	7	 | 	8,00
  6	 | 	8	 | 	5,10
  6	 | 	9	 | 	8,06
  0	 | 	4	 | 	8,54
  8	 | 	9	 | 	3,00
  7	 | 	9	 | 	1,00
  5	 | 	6	 | 	1,00
  1	 | 	4	 | 	2,00
  1	 | 	2	 | 	5,00
  4	 | 	7	 | 	2,24
  4	 | 	8	 | 	3,61
  1	 | 	7	 | 	4,12
  4	 | 	9	 | 	3,16
  7	 | 	8	 | 	3,16
___________________________
Simulation Topology [1:13]
___________________________
From 	  To 		Length
___________________________
  0	 | 	1	 | 	8,06
  0	 | 	3	 | 	12,37
  0	 | 	6	 | 	15,81
  0	 | 	9	 | 	9,22
  1	 | 	5	 | 	7,62
  1	 | 	6	 | 	8,06
  1	 | 	8	 | 	5,39
  2	 | 	3	 | 	9,22
  2	 | 	4	 | 	5,39
  2	 | 	5	 | 	12,37
  3	 | 	4	 | 	4,00
  3	 | 	5	 | 	3,16
  3	 | 	7	 | 	5,39
  3	 | 	9	 | 	5,83
  4	 | 	5	 | 	7,07
  4	 | 	6	 | 	7,28
  5	 | 	8	 | 	5,39
  5	 | 	9	 | 	8,25
  6	 | 	7	 | 	8,00
  6	 | 	8	 | 	5,10
  6	 | 	9	 | 	8,06
  0	 | 	4	 | 	8,54
  8	 | 	9	 | 	3,00
  7	 | 	9	 | 	1,00
  5	 | 	6	 | 	1,00
  1	 | 	4	 | 	2,00
  1	 | 	2	 | 	5,00
  4	 | 	7	 | 	2,24
  4	 | 	8	 | 	3,61
  1	 | 	7	 | 	4,12
  4	 | 	9	 | 	3,16
  7	 | 	8	 | 	3,16
  1	 | 	3	 | 	4,47
___________________________
Simulation Topology [1:14]
___________________________
From 	  To 		Length
___________________________
  0	 | 	1	 | 	8,06
  0	 | 	3	 | 	12,37
  0	 | 	6	 | 	15,81
  0	 | 	9	 | 	9,22
  1	 | 	5	 | 	7,62
  1	 | 	6	 | 	8,06
  1	 | 	8	 | 	5,39
  2	 | 	3	 | 	9,22
  2	 | 	4	 | 	5,39
  2	 | 	5	 | 	12,37
  3	 | 	4	 | 	4,00
  3	 | 	5	 | 	3,16
  3	 | 	7	 | 	5,39
  3	 | 	9	 | 	5,83
  4	 | 	5	 | 	7,07
  4	 | 	6	 | 	7,28
  5	 | 	8	 | 	5,39
  5	 | 	9	 | 	8,25
  6	 | 	7	 | 	8,00
  6	 | 	8	 | 	5,10
  6	 | 	9	 | 	8,06
  0	 | 	4	 | 	8,54
  8	 | 	9	 | 	3,00
  7	 | 	9	 | 	1,00
  5	 | 	6	 | 	1,00
  1	 | 	4	 | 	2,00
  1	 | 	2	 | 	5,00
  4	 | 	7	 | 	2,24
  4	 | 	8	 | 	3,61
  1	 | 	7	 | 	4,12
  4	 | 	9	 | 	3,16
  7	 | 	8	 | 	3,16
  1	 | 	3	 | 	4,47
  2	 | 	7	 | 	5,66
___________________________
Simulation Topology [1:15]
___________________________
From 	  To 		Length
___________________________
  0	 | 	1	 | 	8,06
  0	 | 	3	 | 	12,37
  0	 | 	6	 | 	15,81
  0	 | 	9	 | 	9,22
  1	 | 	5	 | 	7,62
  1	 | 	6	 | 	8,06
  1	 | 	8	 | 	5,39
  2	 | 	3	 | 	9,22
  2	 | 	4	 | 	5,39
  2	 | 	5	 | 	12,37
  3	 | 	4	 | 	4,00
  3	 | 	5	 | 	3,16
  3	 | 	7	 | 	5,39
  3	 | 	9	 | 	5,83
  4	 | 	5	 | 	7,07
  4	 | 	6	 | 	7,28
  5	 | 	8	 | 	5,39
  5	 | 	9	 | 	8,25
  6	 | 	7	 | 	8,00
  6	 | 	8	 | 	5,10
  6	 | 	9	 | 	8,06
  0	 | 	4	 | 	8,54
  8	 | 	9	 | 	3,00
  7	 | 	9	 | 	1,00
  5	 | 	6	 | 	1,00
  1	 | 	4	 | 	2,00
  1	 | 	2	 | 	5,00
  4	 | 	7	 | 	2,24
  4	 | 	8	 | 	3,61
  1	 | 	7	 | 	4,12
  4	 | 	9	 | 	3,16
  7	 | 	8	 | 	3,16
  1	 | 	3	 | 	4,47
  2	 | 	7	 | 	5,66
  2	 | 	8	 | 	8,60
___________________________
Simulation Topology [1:16]
___________________________
From 	  To 		Length
___________________________
  0	 | 	1	 | 	8,06
  0	 | 	3	 | 	12,37
  0	 | 	6	 | 	15,81
  0	 | 	9	 | 	9,22
  1	 | 	5	 | 	7,62
  1	 | 	6	 | 	8,06
  1	 | 	8	 | 	5,39
  2	 | 	3	 | 	9,22
  2	 | 	4	 | 	5,39
  2	 | 	5	 | 	12,37
  3	 | 	4	 | 	4,00
  3	 | 	5	 | 	3,16
  3	 | 	7	 | 	5,39
  3	 | 	9	 | 	5,83
  4	 | 	5	 | 	7,07
  4	 | 	6	 | 	7,28
  5	 | 	8	 | 	5,39
  5	 | 	9	 | 	8,25
  6	 | 	7	 | 	8,00
  6	 | 	8	 | 	5,10
  6	 | 	9	 | 	8,06
  0	 | 	4	 | 	8,54
  8	 | 	9	 | 	3,00
  7	 | 	9	 | 	1,00
  5	 | 	6	 | 	1,00
  1	 | 	4	 | 	2,00
  1	 | 	2	 | 	5,00
  4	 | 	7	 | 	2,24
  4	 | 	8	 | 	3,61
  1	 | 	7	 | 	4,12
  4	 | 	9	 | 	3,16
  7	 | 	8	 | 	3,16
  1	 | 	3	 | 	4,47
  2	 | 	7	 | 	5,66
  2	 | 	8	 | 	8,60
  3	 | 	8	 | 	3,61
___________________________
Simulation Topology [1:17]
___________________________
From 	  To 		Length
___________________________
  0	 | 	1	 | 	8,06
  0	 | 	3	 | 	12,37
  0	 | 	6	 | 	15,81
  0	 | 	9	 | 	9,22
  1	 | 	5	 | 	7,62
  1	 | 	6	 | 	8,06
  1	 | 	8	 | 	5,39
  2	 | 	3	 | 	9,22
  2	 | 	4	 | 	5,39
  2	 | 	5	 | 	12,37
  3	 | 	4	 | 	4,00
  3	 | 	5	 | 	3,16
  3	 | 	7	 | 	5,39
  3	 | 	9	 | 	5,83
  4	 | 	5	 | 	7,07
  4	 | 	6	 | 	7,28
  5	 | 	8	 | 	5,39
  5	 | 	9	 | 	8,25
  6	 | 	7	 | 	8,00
  6	 | 	8	 | 	5,10
  6	 | 	9	 | 	8,06
  0	 | 	4	 | 	8,54
  8	 | 	9	 | 	3,00
  7	 | 	9	 | 	1,00
  5	 | 	6	 | 	1,00
  1	 | 	4	 | 	2,00
  1	 | 	2	 | 	5,00
  4	 | 	7	 | 	2,24
  4	 | 	8	 | 	3,61
  1	 | 	7	 | 	4,12
  4	 | 	9	 | 	3,16
  7	 | 	8	 | 	3,16
  1	 | 	3	 | 	4,47
  2	 | 	7	 | 	5,66
  2	 | 	8	 | 	8,60
  3	 | 	8	 | 	3,61
  3	 | 	6	 | 	3,61
___________________________
Simulation Topology [1:18]
___________________________
From 	  To 		Length
___________________________
  0	 | 	1	 | 	8,06
  0	 | 	3	 | 	12,37
  0	 | 	6	 | 	15,81
  0	 | 	9	 | 	9,22
  1	 | 	5	 | 	7,62
  1	 | 	6	 | 	8,06
  1	 | 	8	 | 	5,39
  2	 | 	3	 | 	9,22
  2	 | 	4	 | 	5,39
  2	 | 	5	 | 	12,37
  3	 | 	4	 | 	4,00
  3	 | 	5	 | 	3,16
  3	 | 	7	 | 	5,39
  3	 | 	9	 | 	5,83
  4	 | 	5	 | 	7,07
  4	 | 	6	 | 	7,28
  5	 | 	8	 | 	5,39
  5	 | 	9	 | 	8,25
  6	 | 	7	 | 	8,00
  6	 | 	8	 | 	5,10
  6	 | 	9	 | 	8,06
  0	 | 	4	 | 	8,54
  8	 | 	9	 | 	3,00
  7	 | 	9	 | 	1,00
  5	 | 	6	 | 	1,00
  1	 | 	4	 | 	2,00
  1	 | 	2	 | 	5,00
  4	 | 	7	 | 	2,24
  4	 | 	8	 | 	3,61
  1	 | 	7	 | 	4,12
  4	 | 	9	 | 	3,16
  7	 | 	8	 | 	3,16
  1	 | 	3	 | 	4,47
  2	 | 	7	 | 	5,66
  2	 | 	8	 | 	8,60
  3	 | 	8	 | 	3,61
  3	 | 	6	 | 	3,61
  1	 | 	9	 | 	5,10
___________________________
Simulation Topology [1:19]
___________________________
From 	  To 		Length
___________________________
  0	 | 	1	 | 	8,06
  0	 | 	3	 | 	12,37
  0	 | 	6	 | 	15,81
  0	 | 	9	 | 	9,22
  1	 | 	5	 | 	7,62
  1	 | 	6	 | 	8,06
  1	 | 	8	 | 	5,39
  2	 | 	3	 | 	9,22
  2	 | 	4	 | 	5,39
  2	 | 	5	 | 	12,37
  3	 | 	4	 | 	4,00
  3	 | 	5	 | 	3,16
  3	 | 	7	 | 	5,39
  3	 | 	9	 | 	5,83
  4	 | 	5	 | 	7,07
  4	 | 	6	 | 	7,28
  5	 | 	8	 | 	5,39
  5	 | 	9	 | 	8,25
  6	 | 	7	 | 	8,00
  6	 | 	8	 | 	5,10
  6	 | 	9	 | 	8,06
  0	 | 	4	 | 	8,54
  8	 | 	9	 | 	3,00
  7	 | 	9	 | 	1,00
  5	 | 	6	 | 	1,00
  1	 | 	4	 | 	2,00
  1	 | 	2	 | 	5,00
  4	 | 	7	 | 	2,24
  4	 | 	8	 | 	3,61
  1	 | 	7	 | 	4,12
  4	 | 	9	 | 	3,16
  7	 | 	8	 | 	3,16
  1	 | 	3	 | 	4,47
  2	 | 	7	 | 	5,66
  2	 | 	8	 | 	8,60
  3	 | 	8	 | 	3,61
  3	 | 	6	 | 	3,61
  1	 | 	9	 | 	5,10
  0	 | 	2	 | 	3,16
___________________________
Simulation Topology [1:20]
___________________________
From 	  To 		Length
___________________________
  0	 | 	1	 | 	8,06
  0	 | 	3	 | 	12,37
  0	 | 	6	 | 	15,81
  0	 | 	9	 | 	9,22
  1	 | 	5	 | 	7,62
  1	 | 	6	 | 	8,06
  1	 | 	8	 | 	5,39
  2	 | 	3	 | 	9,22
  2	 | 	4	 | 	5,39
  2	 | 	5	 | 	12,37
  3	 | 	4	 | 	4,00
  3	 | 	5	 | 	3,16
  3	 | 	7	 | 	5,39
  3	 | 	9	 | 	5,83
  4	 | 	5	 | 	7,07
  4	 | 	6	 | 	7,28
  5	 | 	8	 | 	5,39
  5	 | 	9	 | 	8,25
  6	 | 	7	 | 	8,00
  6	 | 	8	 | 	5,10
  6	 | 	9	 | 	8,06
  0	 | 	4	 | 	8,54
  8	 | 	9	 | 	3,00
  7	 | 	9	 | 	1,00
  5	 | 	6	 | 	1,00
  1	 | 	4	 | 	2,00
  1	 | 	2	 | 	5,00
  4	 | 	7	 | 	2,24
  4	 | 	8	 | 	3,61
  1	 | 	7	 | 	4,12
  4	 | 	9	 | 	3,16
  7	 | 	8	 | 	3,16
  1	 | 	3	 | 	4,47
  2	 | 	7	 | 	5,66
  2	 | 	8	 | 	8,60
  3	 | 	8	 | 	3,61
  3	 | 	6	 | 	3,61
  1	 | 	9	 | 	5,10
  0	 | 	2	 | 	3,16
  0	 | 	7	 | 	8,60
___________________________
