Simulation Topology 1
___________________________
[18]				[0]		
[3]				[0]		
[8]				[2]		
[18]				[4]		
[16]				[5]		
[12]				[5]		
[11]				[6]		
[2]				[6]		
[19]				[7]		
[3]				[7]		
___________________________
Simulation Topology [1:1]
___________________________
From 	  To 		Length
___________________________
  0	 | 	1	 | 	15,00
  0	 | 	9	 | 	16,55
  1	 | 	4	 | 	13,93
  1	 | 	5	 | 	10,30
  2	 | 	3	 | 	10,20
  2	 | 	4	 | 	8,54
  2	 | 	5	 | 	5,00
  2	 | 	6	 | 	5,00
  2	 | 	8	 | 	12,08
  2	 | 	9	 | 	7,07
  3	 | 	4	 | 	2,24
  3	 | 	7	 | 	16,12
  4	 | 	5	 | 	4,00
  4	 | 	8	 | 	3,61
  6	 | 	7	 | 	9,00
  6	 | 	8	 | 	8,06
  7	 | 	8	 | 	17,03
___________________________
Simulation Topology [1:2]
___________________________
From 	  To 		Length
___________________________
  0	 | 	1	 | 	15,00
  0	 | 	9	 | 	16,55
  1	 | 	4	 | 	13,93
  1	 | 	5	 | 	10,30
  2	 | 	3	 | 	10,20
  2	 | 	4	 | 	8,54
  2	 | 	5	 | 	5,00
  2	 | 	6	 | 	5,00
  2	 | 	8	 | 	12,08
  2	 | 	9	 | 	7,07
  3	 | 	4	 | 	2,24
  3	 | 	7	 | 	16,12
  4	 | 	5	 | 	4,00
  4	 | 	8	 | 	3,61
  6	 | 	7	 | 	9,00
  6	 | 	8	 | 	8,06
  7	 | 	8	 | 	17,03
  1	 | 	2	 | 	5,39
___________________________
Simulation Topology [1:3]
___________________________
From 	  To 		Length
___________________________
  0	 | 	1	 | 	15,00
  0	 | 	9	 | 	16,55
  1	 | 	4	 | 	13,93
  1	 | 	5	 | 	10,30
  2	 | 	3	 | 	10,20
  2	 | 	4	 | 	8,54
  2	 | 	5	 | 	5,00
  2	 | 	6	 | 	5,00
  2	 | 	8	 | 	12,08
  2	 | 	9	 | 	7,07
  3	 | 	4	 | 	2,24
  3	 | 	7	 | 	16,12
  4	 | 	5	 | 	4,00
  4	 | 	8	 | 	3,61
  6	 | 	7	 | 	9,00
  6	 | 	8	 | 	8,06
  7	 | 	8	 | 	17,03
  1	 | 	2	 | 	5,39
  5	 | 	6	 | 	1,41
___________________________
Simulation Topology [1:4]
___________________________
From 	  To 		Length
___________________________
  0	 | 	1	 | 	15,00
  0	 | 	9	 | 	16,55
  1	 | 	4	 | 	13,93
  1	 | 	5	 | 	10,30
  2	 | 	3	 | 	10,20
  2	 | 	4	 | 	8,54
  2	 | 	5	 | 	5,00
  2	 | 	6	 | 	5,00
  2	 | 	8	 | 	12,08
  2	 | 	9	 | 	7,07
  3	 | 	4	 | 	2,24
  3	 | 	7	 | 	16,12
  4	 | 	5	 | 	4,00
  4	 | 	8	 | 	3,61
  6	 | 	7	 | 	9,00
  6	 | 	8	 | 	8,06
  7	 | 	8	 | 	17,03
  1	 | 	2	 | 	5,39
  5	 | 	6	 | 	1,41
  2	 | 	7	 | 	7,21
___________________________
