Simulation Topology 1
___________________________
[11]				[0]		
[17]				[1]		
[3]				[1]		
[17]				[2]		
[11]				[3]		
[12]				[4]		
[6]				[4]		
[5]				[5]		
[12]				[7]		
[16]				[8]		
___________________________
Simulation Topology [1:1]
___________________________
From 	  To 		Length
___________________________
  0	 | 	1	 | 	6,08
  0	 | 	3	 | 	6,32
  0	 | 	4	 | 	3,00
  0	 | 	7	 | 	7,81
  1	 | 	3	 | 	1,00
  1	 | 	8	 | 	7,81
  2	 | 	3	 | 	14,04
  2	 | 	9	 | 	14,76
  3	 | 	4	 | 	6,08
  3	 | 	7	 | 	12,37
  4	 | 	5	 | 	1,41
  4	 | 	6	 | 	5,10
  4	 | 	8	 | 	4,12
  5	 | 	8	 | 	3,00
  5	 | 	9	 | 	5,66
  6	 | 	9	 | 	10,77
  7	 | 	8	 | 	7,28
  7	 | 	9	 | 	11,40
___________________________
Simulation Topology [1:2]
___________________________
From 	  To 		Length
___________________________
  0	 | 	1	 | 	6,08
  0	 | 	3	 | 	6,32
  0	 | 	4	 | 	3,00
  0	 | 	7	 | 	7,81
  1	 | 	3	 | 	1,00
  1	 | 	8	 | 	7,81
  2	 | 	3	 | 	14,04
  2	 | 	9	 | 	14,76
  3	 | 	4	 | 	6,08
  3	 | 	7	 | 	12,37
  4	 | 	5	 | 	1,41
  4	 | 	6	 | 	5,10
  4	 | 	8	 | 	4,12
  5	 | 	8	 | 	3,00
  5	 | 	9	 | 	5,66
  6	 | 	9	 | 	10,77
  7	 | 	8	 | 	7,28
  7	 | 	9	 | 	11,40
  0	 | 	5	 | 	4,12
___________________________
Simulation Topology [1:3]
___________________________
From 	  To 		Length
___________________________
  0	 | 	1	 | 	6,08
  0	 | 	3	 | 	6,32
  0	 | 	4	 | 	3,00
  0	 | 	7	 | 	7,81
  1	 | 	3	 | 	1,00
  1	 | 	8	 | 	7,81
  2	 | 	3	 | 	14,04
  2	 | 	9	 | 	14,76
  3	 | 	4	 | 	6,08
  3	 | 	7	 | 	12,37
  4	 | 	5	 | 	1,41
  4	 | 	6	 | 	5,10
  4	 | 	8	 | 	4,12
  5	 | 	8	 | 	3,00
  5	 | 	9	 | 	5,66
  6	 | 	9	 | 	10,77
  7	 | 	8	 | 	7,28
  7	 | 	9	 | 	11,40
  0	 | 	5	 | 	4,12
  0	 | 	2	 | 	8,06
___________________________
