Simulation Topology 1
___________________________
[16]				[0]		
[10]				[0]		
[11]				[1]		
[2]				[1]		
[13]				[2]		
[3]				[2]		
[5]				[4]		
[0]				[4]		
[11]				[5]		
[4]				[5]		
___________________________
Simulation Topology [1:1]
___________________________
From 	  To 		Length
___________________________
  0	 | 	1	 | 	6,00
  0	 | 	2	 | 	5,10
  0	 | 	6	 | 	11,70
  0	 | 	8	 | 	7,07
  1	 | 	3	 | 	8,06
  1	 | 	5	 | 	7,28
  2	 | 	3	 | 	9,00
  2	 | 	9	 | 	8,06
  3	 | 	5	 | 	1,41
  3	 | 	8	 | 	9,85
  3	 | 	9	 | 	4,47
  4	 | 	5	 | 	10,00
  4	 | 	6	 | 	8,25
  5	 | 	9	 | 	3,16
  6	 | 	7	 | 	5,00
  7	 | 	9	 | 	4,12
  8	 | 	9	 | 	7,00
___________________________
Simulation Topology [1:2]
___________________________
From 	  To 		Length
___________________________
  0	 | 	1	 | 	6,00
  0	 | 	2	 | 	5,10
  0	 | 	6	 | 	11,70
  0	 | 	8	 | 	7,07
  1	 | 	3	 | 	8,06
  1	 | 	5	 | 	7,28
  2	 | 	3	 | 	9,00
  2	 | 	9	 | 	8,06
  3	 | 	5	 | 	1,41
  3	 | 	8	 | 	9,85
  3	 | 	9	 | 	4,47
  4	 | 	5	 | 	10,00
  4	 | 	6	 | 	8,25
  5	 | 	9	 | 	3,16
  6	 | 	7	 | 	5,00
  7	 | 	9	 | 	4,12
  8	 | 	9	 | 	7,00
  0	 | 	4	 | 	3,61
___________________________
Simulation Topology [1:3]
___________________________
From 	  To 		Length
___________________________
  0	 | 	1	 | 	6,00
  0	 | 	2	 | 	5,10
  0	 | 	6	 | 	11,70
  0	 | 	8	 | 	7,07
  1	 | 	3	 | 	8,06
  1	 | 	5	 | 	7,28
  2	 | 	3	 | 	9,00
  2	 | 	9	 | 	8,06
  3	 | 	5	 | 	1,41
  3	 | 	8	 | 	9,85
  3	 | 	9	 | 	4,47
  4	 | 	5	 | 	10,00
  4	 | 	6	 | 	8,25
  5	 | 	9	 | 	3,16
  6	 | 	7	 | 	5,00
  7	 | 	9	 | 	4,12
  8	 | 	9	 | 	7,00
  0	 | 	4	 | 	3,61
  2	 | 	4	 | 	2,24
___________________________
Simulation Topology [1:4]
___________________________
From 	  To 		Length
___________________________
  0	 | 	1	 | 	6,00
  0	 | 	2	 | 	5,10
  0	 | 	6	 | 	11,70
  0	 | 	8	 | 	7,07
  1	 | 	3	 | 	8,06
  1	 | 	5	 | 	7,28
  2	 | 	3	 | 	9,00
  2	 | 	9	 | 	8,06
  3	 | 	5	 | 	1,41
  3	 | 	8	 | 	9,85
  3	 | 	9	 | 	4,47
  4	 | 	5	 | 	10,00
  4	 | 	6	 | 	8,25
  5	 | 	9	 | 	3,16
  6	 | 	7	 | 	5,00
  7	 | 	9	 | 	4,12
  8	 | 	9	 | 	7,00
  0	 | 	4	 | 	3,61
  2	 | 	4	 | 	2,24
  3	 | 	7	 | 	3,61
___________________________
