Simulation Topology 1
___________________________
[2]				[0]		
[8]				[1]		
[15]				[4]		
[6]				[5]		
[2]				[6]		
[16]				[7]		
[6]				[7]		
[13]				[8]		
[4]				[8]		
[3]				[9]		
___________________________
Simulation Topology [1:1]
___________________________
From 	  To 		Length
___________________________
  0	 | 	1	 | 	6,08
  0	 | 	4	 | 	6,00
  0	 | 	5	 | 	15,65
  0	 | 	7	 | 	13,60
  0	 | 	8	 | 	8,25
  1	 | 	5	 | 	10,00
  1	 | 	8	 | 	8,06
  1	 | 	9	 | 	9,43
  2	 | 	3	 | 	9,06
  2	 | 	5	 | 	3,16
  2	 | 	8	 | 	11,70
  3	 | 	4	 | 	4,12
  3	 | 	8	 | 	3,61
  3	 | 	9	 | 	5,00
  4	 | 	6	 | 	4,12
  4	 | 	9	 | 	3,16
  5	 | 	7	 | 	3,16
  5	 | 	8	 | 	12,04
  6	 | 	7	 | 	7,07
___________________________
Simulation Topology [1:2]
___________________________
From 	  To 		Length
___________________________
  0	 | 	1	 | 	6,08
  0	 | 	4	 | 	6,00
  0	 | 	5	 | 	15,65
  0	 | 	7	 | 	13,60
  0	 | 	8	 | 	8,25
  1	 | 	5	 | 	10,00
  1	 | 	8	 | 	8,06
  1	 | 	9	 | 	9,43
  2	 | 	3	 | 	9,06
  2	 | 	5	 | 	3,16
  2	 | 	8	 | 	11,70
  3	 | 	4	 | 	4,12
  3	 | 	8	 | 	3,61
  3	 | 	9	 | 	5,00
  4	 | 	6	 | 	4,12
  4	 | 	9	 | 	3,16
  5	 | 	7	 | 	3,16
  5	 | 	8	 | 	12,04
  6	 | 	7	 | 	7,07
  6	 | 	9	 | 	3,61
___________________________
