Simulation Topology 1
___________________________
[12]				[2]		
[0]				[2]		
[8]				[5]		
[10]				[8]		
[1]				[9]		
[4]				[9]		
[11]				[10]		
[8]				[10]		
[18]				[12]		
[10]				[12]		
___________________________
Simulation Topology [1:1]
___________________________
From 	  To 		Length
___________________________
  0	 | 	1	 | 	12,00
  0	 | 	7	 | 	8,94
  0	 | 	8	 | 	11,66
  1	 | 	3	 | 	11,66
  2	 | 	3	 | 	3,61
  2	 | 	4	 | 	8,06
  2	 | 	6	 | 	5,83
  2	 | 	8	 | 	12,21
  2	 | 	9	 | 	7,28
  3	 | 	8	 | 	8,94
  3	 | 	9	 | 	4,00
  4	 | 	5	 | 	3,00
  4	 | 	6	 | 	10,05
  5	 | 	6	 | 	7,07
  5	 | 	7	 | 	4,12
  5	 | 	8	 | 	14,32
  6	 | 	7	 | 	3,00
  6	 | 	9	 | 	2,24
___________________________
Simulation Topology [1:2]
___________________________
From 	  To 		Length
___________________________
  0	 | 	1	 | 	12,00
  0	 | 	7	 | 	8,94
  0	 | 	8	 | 	11,66
  1	 | 	3	 | 	11,66
  2	 | 	3	 | 	3,61
  2	 | 	4	 | 	8,06
  2	 | 	6	 | 	5,83
  2	 | 	8	 | 	12,21
  2	 | 	9	 | 	7,28
  3	 | 	8	 | 	8,94
  3	 | 	9	 | 	4,00
  4	 | 	5	 | 	3,00
  4	 | 	6	 | 	10,05
  5	 | 	6	 | 	7,07
  5	 | 	7	 | 	4,12
  5	 | 	8	 | 	14,32
  6	 | 	7	 | 	3,00
  6	 | 	9	 | 	2,24
  5	 | 	9	 | 	6,71
___________________________
Simulation Topology [1:3]
___________________________
From 	  To 		Length
___________________________
  0	 | 	1	 | 	12,00
  0	 | 	7	 | 	8,94
  0	 | 	8	 | 	11,66
  1	 | 	3	 | 	11,66
  2	 | 	3	 | 	3,61
  2	 | 	4	 | 	8,06
  2	 | 	6	 | 	5,83
  2	 | 	8	 | 	12,21
  2	 | 	9	 | 	7,28
  3	 | 	8	 | 	8,94
  3	 | 	9	 | 	4,00
  4	 | 	5	 | 	3,00
  4	 | 	6	 | 	10,05
  5	 | 	6	 | 	7,07
  5	 | 	7	 | 	4,12
  5	 | 	8	 | 	14,32
  6	 | 	7	 | 	3,00
  6	 | 	9	 | 	2,24
  5	 | 	9	 | 	6,71
  2	 | 	7	 | 	5,00
___________________________
