Simulation Topology 1
___________________________
[19]				[0]		
[2]				[0]		
[5]				[1]		
[0]				[1]		
[13]				[2]		
[2]				[2]		
[10]				[3]		
[3]				[3]		
[15]				[4]		
[19]				[5]		
___________________________
Simulation Topology [1:1]
___________________________
From 	  To 		Length
___________________________
  0	 | 	1	 | 	17,00
  0	 | 	3	 | 	19,03
  1	 | 	5	 | 	2,00
  1	 | 	8	 | 	13,60
  1	 | 	9	 | 	17,72
  2	 | 	3	 | 	5,00
  2	 | 	5	 | 	3,16
  2	 | 	6	 | 	5,39
  3	 | 	4	 | 	13,04
  3	 | 	5	 | 	2,24
  3	 | 	8	 | 	15,30
  4	 | 	5	 | 	11,00
  4	 | 	7	 | 	10,05
  5	 | 	6	 | 	8,06
  5	 | 	7	 | 	1,41
  6	 | 	7	 | 	7,00
  6	 | 	9	 | 	9,22
  7	 | 	8	 | 	12,04
___________________________
Simulation Topology [1:2]
___________________________
From 	  To 		Length
___________________________
  0	 | 	1	 | 	17,00
  0	 | 	3	 | 	19,03
  1	 | 	5	 | 	2,00
  1	 | 	8	 | 	13,60
  1	 | 	9	 | 	17,72
  2	 | 	3	 | 	5,00
  2	 | 	5	 | 	3,16
  2	 | 	6	 | 	5,39
  3	 | 	4	 | 	13,04
  3	 | 	5	 | 	2,24
  3	 | 	8	 | 	15,30
  4	 | 	5	 | 	11,00
  4	 | 	7	 | 	10,05
  5	 | 	6	 | 	8,06
  5	 | 	7	 | 	1,41
  6	 | 	7	 | 	7,00
  6	 | 	9	 | 	9,22
  7	 | 	8	 | 	12,04
  1	 | 	3	 | 	2,24
___________________________
Simulation Topology [1:3]
___________________________
From 	  To 		Length
___________________________
  0	 | 	1	 | 	17,00
  0	 | 	3	 | 	19,03
  1	 | 	5	 | 	2,00
  1	 | 	8	 | 	13,60
  1	 | 	9	 | 	17,72
  2	 | 	3	 | 	5,00
  2	 | 	5	 | 	3,16
  2	 | 	6	 | 	5,39
  3	 | 	4	 | 	13,04
  3	 | 	5	 | 	2,24
  3	 | 	8	 | 	15,30
  4	 | 	5	 | 	11,00
  4	 | 	7	 | 	10,05
  5	 | 	6	 | 	8,06
  5	 | 	7	 | 	1,41
  6	 | 	7	 | 	7,00
  6	 | 	9	 | 	9,22
  7	 | 	8	 | 	12,04
  1	 | 	3	 | 	2,24
  4	 | 	8	 | 	2,83
___________________________
