Simulation Topology 1
___________________________
[13]				[3]		
[10]				[4]		
[5]				[7]		
[7]				[7]		
[4]				[9]		
[18]				[9]		
[10]				[10]		
[3]				[10]		
[13]				[12]		
[16]				[13]		
___________________________
Simulation Topology [1:1]
___________________________
From 	  To 		Length
___________________________
  0	 | 	1	 | 	3,16
  0	 | 	3	 | 	7,21
  0	 | 	8	 | 	9,00
  1	 | 	2	 | 	5,83
  1	 | 	7	 | 	9,22
  1	 | 	9	 | 	10,82
  2	 | 	3	 | 	2,00
  2	 | 	5	 | 	13,15
  2	 | 	7	 | 	3,61
  2	 | 	8	 | 	9,43
  2	 | 	9	 | 	12,53
  3	 | 	7	 | 	5,00
  3	 | 	9	 | 	10,82
  4	 | 	5	 | 	14,00
  4	 | 	8	 | 	9,49
  5	 | 	9	 | 	4,47
  6	 | 	8	 | 	3,61
  6	 | 	9	 | 	6,71
___________________________
Simulation Topology [1:2]
___________________________
From 	  To 		Length
___________________________
  0	 | 	1	 | 	3,16
  0	 | 	3	 | 	7,21
  0	 | 	8	 | 	9,00
  1	 | 	2	 | 	5,83
  1	 | 	7	 | 	9,22
  1	 | 	9	 | 	10,82
  2	 | 	3	 | 	2,00
  2	 | 	5	 | 	13,15
  2	 | 	7	 | 	3,61
  2	 | 	8	 | 	9,43
  2	 | 	9	 | 	12,53
  3	 | 	7	 | 	5,00
  3	 | 	9	 | 	10,82
  4	 | 	5	 | 	14,00
  4	 | 	8	 | 	9,49
  5	 | 	9	 | 	4,47
  6	 | 	8	 | 	3,61
  6	 | 	9	 | 	6,71
  2	 | 	4	 | 	2,24
___________________________
Simulation Topology [1:3]
___________________________
From 	  To 		Length
___________________________
  0	 | 	1	 | 	3,16
  0	 | 	3	 | 	7,21
  0	 | 	8	 | 	9,00
  1	 | 	2	 | 	5,83
  1	 | 	7	 | 	9,22
  1	 | 	9	 | 	10,82
  2	 | 	3	 | 	2,00
  2	 | 	5	 | 	13,15
  2	 | 	7	 | 	3,61
  2	 | 	8	 | 	9,43
  2	 | 	9	 | 	12,53
  3	 | 	7	 | 	5,00
  3	 | 	9	 | 	10,82
  4	 | 	5	 | 	14,00
  4	 | 	8	 | 	9,49
  5	 | 	9	 | 	4,47
  6	 | 	8	 | 	3,61
  6	 | 	9	 | 	6,71
  2	 | 	4	 | 	2,24
  3	 | 	6	 | 	4,24
___________________________
