Simulation Topology 1
___________________________
[11]				[0]		
[2]				[0]		
[10]				[1]		
[8]				[2]		
[0]				[3]		
[7]				[3]		
[0]				[4]		
[19]				[5]		
[5]				[6]		
[14]				[6]		
___________________________
Simulation Topology [1:1]
___________________________
From 	  To 		Length
___________________________
  0	 | 	1	 | 	9,00
  0	 | 	5	 | 	5,00
  0	 | 	6	 | 	11,70
  0	 | 	7	 | 	9,43
  1	 | 	3	 | 	6,32
  1	 | 	4	 | 	3,61
  2	 | 	3	 | 	2,24
  2	 | 	5	 | 	3,61
  2	 | 	9	 | 	6,40
  3	 | 	6	 | 	8,25
  3	 | 	8	 | 	5,00
  4	 | 	5	 | 	7,00
  4	 | 	9	 | 	14,32
  5	 | 	7	 | 	12,17
  5	 | 	8	 | 	3,61
  6	 | 	7	 | 	19,03
  6	 | 	8	 | 	5,39
  7	 | 	8	 | 	14,04
  7	 | 	9	 | 	5,10
___________________________
Simulation Topology [1:2]
___________________________
From 	  To 		Length
___________________________
  0	 | 	1	 | 	9,00
  0	 | 	5	 | 	5,00
  0	 | 	6	 | 	11,70
  0	 | 	7	 | 	9,43
  1	 | 	3	 | 	6,32
  1	 | 	4	 | 	3,61
  2	 | 	3	 | 	2,24
  2	 | 	5	 | 	3,61
  2	 | 	9	 | 	6,40
  3	 | 	6	 | 	8,25
  3	 | 	8	 | 	5,00
  4	 | 	5	 | 	7,00
  4	 | 	9	 | 	14,32
  5	 | 	7	 | 	12,17
  5	 | 	8	 | 	3,61
  6	 | 	7	 | 	19,03
  6	 | 	8	 | 	5,39
  7	 | 	8	 | 	14,04
  7	 | 	9	 | 	5,10
  1	 | 	6	 | 	4,47
___________________________
