Simulation Topology 1
___________________________
[4]				[1]		
[19]				[2]		
[4]				[2]		
[15]				[4]		
[10]				[4]		
[19]				[5]		
[12]				[5]		
[18]				[7]		
[14]				[8]		
[8]				[10]		
___________________________
Simulation Topology [1:1]
___________________________
From 	  To 		Length
___________________________
  0	 | 	1	 | 	15,03
  0	 | 	2	 | 	1,00
  0	 | 	4	 | 	6,71
  0	 | 	8	 | 	12,21
  0	 | 	9	 | 	9,85
  1	 | 	7	 | 	5,10
  1	 | 	9	 | 	13,60
  2	 | 	3	 | 	11,18
  2	 | 	5	 | 	15,30
  2	 | 	8	 | 	11,66
  2	 | 	9	 | 	8,94
  3	 | 	5	 | 	4,12
  3	 | 	7	 | 	4,24
  4	 | 	5	 | 	9,06
  5	 | 	7	 | 	2,24
  5	 | 	8	 | 	5,83
  5	 | 	9	 | 	12,08
  6	 | 	7	 | 	6,32
  6	 | 	8	 | 	3,61
___________________________
Simulation Topology [1:2]
___________________________
From 	  To 		Length
___________________________
  0	 | 	1	 | 	15,03
  0	 | 	2	 | 	1,00
  0	 | 	4	 | 	6,71
  0	 | 	8	 | 	12,21
  0	 | 	9	 | 	9,85
  1	 | 	7	 | 	5,10
  1	 | 	9	 | 	13,60
  2	 | 	3	 | 	11,18
  2	 | 	5	 | 	15,30
  2	 | 	8	 | 	11,66
  2	 | 	9	 | 	8,94
  3	 | 	5	 | 	4,12
  3	 | 	7	 | 	4,24
  4	 | 	5	 | 	9,06
  5	 | 	7	 | 	2,24
  5	 | 	8	 | 	5,83
  5	 | 	9	 | 	12,08
  6	 | 	7	 | 	6,32
  6	 | 	8	 | 	3,61
  4	 | 	6	 | 	2,24
___________________________
