Simulation Topology 1
___________________________
[15]				[1]		
[11]				[3]		
[7]				[3]		
[5]				[4]		
[14]				[4]		
[7]				[5]		
[3]				[8]		
[0]				[9]		
[0]				[10]		
[10]				[11]		
___________________________
Simulation Topology [1:1]
___________________________
From 	  To 		Length
___________________________
  0	 | 	1	 | 	4,47
  0	 | 	4	 | 	3,16
  0	 | 	6	 | 	13,89
  0	 | 	7	 | 	17,00
  0	 | 	9	 | 	11,18
  1	 | 	7	 | 	12,53
  1	 | 	9	 | 	8,06
  2	 | 	3	 | 	2,24
  2	 | 	4	 | 	7,07
  2	 | 	5	 | 	2,00
  2	 | 	7	 | 	9,22
  2	 | 	8	 | 	9,90
  3	 | 	5	 | 	2,24
  3	 | 	8	 | 	7,81
  4	 | 	6	 | 	11,70
  5	 | 	9	 | 	6,71
  6	 | 	7	 | 	3,16
  7	 | 	9	 | 	10,20
  8	 | 	9	 | 	10,05
___________________________
Simulation Topology [1:2]
___________________________
From 	  To 		Length
___________________________
  0	 | 	1	 | 	4,47
  0	 | 	4	 | 	3,16
  0	 | 	6	 | 	13,89
  0	 | 	7	 | 	17,00
  0	 | 	9	 | 	11,18
  1	 | 	7	 | 	12,53
  1	 | 	9	 | 	8,06
  2	 | 	3	 | 	2,24
  2	 | 	4	 | 	7,07
  2	 | 	5	 | 	2,00
  2	 | 	7	 | 	9,22
  2	 | 	8	 | 	9,90
  3	 | 	5	 | 	2,24
  3	 | 	8	 | 	7,81
  4	 | 	6	 | 	11,70
  5	 | 	9	 | 	6,71
  6	 | 	7	 | 	3,16
  7	 | 	9	 | 	10,20
  8	 | 	9	 | 	10,05
  7	 | 	8	 | 	1,00
___________________________
