Simulation Topology 1
___________________________
[8]				[0]		
[18]				[1]		
[9]				[5]		
[3]				[5]		
[14]				[6]		
[3]				[6]		
[12]				[7]		
[3]				[8]		
[7]				[8]		
[3]				[11]		
___________________________
Simulation Topology [1:1]
___________________________
From 	  To 		Length
___________________________
  0	 | 	1	 | 	10,05
  0	 | 	2	 | 	5,10
  0	 | 	7	 | 	9,43
  1	 | 	4	 | 	6,40
  1	 | 	6	 | 	8,49
  1	 | 	9	 | 	18,03
  2	 | 	3	 | 	6,00
  2	 | 	9	 | 	8,49
  3	 | 	7	 | 	3,00
  3	 | 	8	 | 	5,00
  4	 | 	5	 | 	11,00
  4	 | 	6	 | 	2,24
  4	 | 	9	 | 	12,08
  5	 | 	6	 | 	9,06
  5	 | 	9	 | 	5,00
  6	 | 	7	 | 	9,06
  6	 | 	8	 | 	5,10
  6	 | 	9	 | 	9,85
  7	 | 	9	 | 	3,00
___________________________
Simulation Topology [1:2]
___________________________
From 	  To 		Length
___________________________
  0	 | 	1	 | 	10,05
  0	 | 	2	 | 	5,10
  0	 | 	7	 | 	9,43
  1	 | 	4	 | 	6,40
  1	 | 	6	 | 	8,49
  1	 | 	9	 | 	18,03
  2	 | 	3	 | 	6,00
  2	 | 	9	 | 	8,49
  3	 | 	7	 | 	3,00
  3	 | 	8	 | 	5,00
  4	 | 	5	 | 	11,00
  4	 | 	6	 | 	2,24
  4	 | 	9	 | 	12,08
  5	 | 	6	 | 	9,06
  5	 | 	9	 | 	5,00
  6	 | 	7	 | 	9,06
  6	 | 	8	 | 	5,10
  6	 | 	9	 | 	9,85
  7	 | 	9	 | 	3,00
  4	 | 	8	 | 	7,28
___________________________
