Simulation Topology 1
___________________________
[18]				[0]		
[10]				[1]		
[8]				[1]		
[13]				[2]		
[11]				[2]		
[6]				[3]		
[13]				[4]		
[17]				[5]		
[5]				[5]		
[13]				[6]		
___________________________
Simulation Topology [1:1]
___________________________
From 	  To 		Length
___________________________
  0	 | 	1	 | 	8,06
  0	 | 	5	 | 	12,37
  0	 | 	9	 | 	7,81
  1	 | 	4	 | 	1,41
  1	 | 	8	 | 	6,40
  1	 | 	9	 | 	5,83
  2	 | 	3	 | 	5,10
  2	 | 	6	 | 	5,83
  2	 | 	7	 | 	9,85
  2	 | 	8	 | 	5,00
  2	 | 	9	 | 	7,07
  3	 | 	6	 | 	2,00
  3	 | 	9	 | 	4,00
  4	 | 	5	 | 	5,10
  4	 | 	6	 | 	2,83
  4	 | 	7	 | 	6,71
  5	 | 	6	 | 	7,07
  5	 | 	8	 | 	2,24
  6	 | 	8	 | 	8,06
___________________________
Simulation Topology [1:2]
___________________________
From 	  To 		Length
___________________________
  0	 | 	1	 | 	8,06
  0	 | 	5	 | 	12,37
  0	 | 	9	 | 	7,81
  1	 | 	4	 | 	1,41
  1	 | 	8	 | 	6,40
  1	 | 	9	 | 	5,83
  2	 | 	3	 | 	5,10
  2	 | 	6	 | 	5,83
  2	 | 	7	 | 	9,85
  2	 | 	8	 | 	5,00
  2	 | 	9	 | 	7,07
  3	 | 	6	 | 	2,00
  3	 | 	9	 | 	4,00
  4	 | 	5	 | 	5,10
  4	 | 	6	 | 	2,83
  4	 | 	7	 | 	6,71
  5	 | 	6	 | 	7,07
  5	 | 	8	 | 	2,24
  6	 | 	8	 | 	8,06
  6	 | 	7	 | 	4,12
___________________________
