Simulation Topology 1
___________________________
[6]				[1]		
[3]				[1]		
[16]				[2]		
[6]				[2]		
[19]				[3]		
[15]				[4]		
[17]				[5]		
[6]				[6]		
[9]				[7]		
[19]				[7]		
___________________________
Simulation Topology [1:1]
___________________________
From 	  To 		Length
___________________________
  0	 | 	1	 | 	3,00
  0	 | 	3	 | 	1,00
  0	 | 	6	 | 	11,70
  0	 | 	7	 | 	5,00
  1	 | 	9	 | 	17,09
  2	 | 	3	 | 	10,00
  2	 | 	4	 | 	3,16
  2	 | 	6	 | 	3,16
  2	 | 	9	 | 	5,83
  3	 | 	7	 | 	4,00
  4	 | 	5	 | 	4,12
  4	 | 	6	 | 	2,83
  4	 | 	7	 | 	13,34
  4	 | 	8	 | 	10,77
  5	 | 	6	 | 	2,24
  5	 | 	7	 | 	9,22
  5	 | 	8	 | 	6,71
  6	 | 	7	 | 	11,05
  6	 | 	8	 | 	8,25
___________________________
Simulation Topology [1:2]
___________________________
From 	  To 		Length
___________________________
  0	 | 	1	 | 	3,00
  0	 | 	3	 | 	1,00
  0	 | 	6	 | 	11,70
  0	 | 	7	 | 	5,00
  1	 | 	9	 | 	17,09
  2	 | 	3	 | 	10,00
  2	 | 	4	 | 	3,16
  2	 | 	6	 | 	3,16
  2	 | 	9	 | 	5,83
  3	 | 	7	 | 	4,00
  4	 | 	5	 | 	4,12
  4	 | 	6	 | 	2,83
  4	 | 	7	 | 	13,34
  4	 | 	8	 | 	10,77
  5	 | 	6	 | 	2,24
  5	 | 	7	 | 	9,22
  5	 | 	8	 | 	6,71
  6	 | 	7	 | 	11,05
  6	 | 	8	 | 	8,25
  1	 | 	3	 | 	3,16
___________________________
