Simulation Topology 1
___________________________
[5]				[0]		
[9]				[0]		
[3]				[1]		
[18]				[1]		
[19]				[2]		
[9]				[2]		
[1]				[3]		
[15]				[3]		
[19]				[4]		
[7]				[4]		
___________________________
Simulation Topology [1:1]
___________________________
From 	  To 		Length
___________________________
  0	 | 	1	 | 	4,00
  0	 | 	2	 | 	2,24
  0	 | 	6	 | 	5,00
  0	 | 	7	 | 	10,44
  0	 | 	9	 | 	4,47
  1	 | 	2	 | 	6,08
  2	 | 	3	 | 	15,00
  3	 | 	8	 | 	3,16
  4	 | 	5	 | 	10,00
  4	 | 	8	 | 	2,00
  4	 | 	9	 | 	12,17
  5	 | 	6	 | 	8,06
  5	 | 	7	 | 	6,08
  5	 | 	9	 | 	2,83
  6	 | 	7	 | 	14,00
  7	 | 	8	 | 	4,12
  8	 | 	9	 | 	12,00
___________________________
Simulation Topology [1:2]
___________________________
From 	  To 		Length
___________________________
  0	 | 	1	 | 	4,00
  0	 | 	2	 | 	2,24
  0	 | 	6	 | 	5,00
  0	 | 	7	 | 	10,44
  0	 | 	9	 | 	4,47
  1	 | 	2	 | 	6,08
  2	 | 	3	 | 	15,00
  3	 | 	8	 | 	3,16
  4	 | 	5	 | 	10,00
  4	 | 	8	 | 	2,00
  4	 | 	9	 | 	12,17
  5	 | 	6	 | 	8,06
  5	 | 	7	 | 	6,08
  5	 | 	9	 | 	2,83
  6	 | 	7	 | 	14,00
  7	 | 	8	 | 	4,12
  8	 | 	9	 | 	12,00
  1	 | 	5	 | 	2,00
___________________________
Simulation Topology [1:3]
___________________________
From 	  To 		Length
___________________________
  0	 | 	1	 | 	4,00
  0	 | 	2	 | 	2,24
  0	 | 	6	 | 	5,00
  0	 | 	7	 | 	10,44
  0	 | 	9	 | 	4,47
  1	 | 	2	 | 	6,08
  2	 | 	3	 | 	15,00
  3	 | 	8	 | 	3,16
  4	 | 	5	 | 	10,00
  4	 | 	8	 | 	2,00
  4	 | 	9	 | 	12,17
  5	 | 	6	 | 	8,06
  5	 | 	7	 | 	6,08
  5	 | 	9	 | 	2,83
  6	 | 	7	 | 	14,00
  7	 | 	8	 | 	4,12
  8	 | 	9	 | 	12,00
  1	 | 	5	 | 	2,00
  3	 | 	4	 | 	1,41
___________________________
Simulation Topology [1:4]
___________________________
From 	  To 		Length
___________________________
  0	 | 	1	 | 	4,00
  0	 | 	2	 | 	2,24
  0	 | 	6	 | 	5,00
  0	 | 	7	 | 	10,44
  0	 | 	9	 | 	4,47
  1	 | 	2	 | 	6,08
  2	 | 	3	 | 	15,00
  3	 | 	8	 | 	3,16
  4	 | 	5	 | 	10,00
  4	 | 	8	 | 	2,00
  4	 | 	9	 | 	12,17
  5	 | 	6	 | 	8,06
  5	 | 	7	 | 	6,08
  5	 | 	9	 | 	2,83
  6	 | 	7	 | 	14,00
  7	 | 	8	 | 	4,12
  8	 | 	9	 | 	12,00
  1	 | 	5	 | 	2,00
  3	 | 	4	 | 	1,41
  2	 | 	6	 | 	2,83
___________________________
