Simulation Topology 1
___________________________
[2]				[1]		
[9]				[1]		
[9]				[2]		
[3]				[2]		
[5]				[3]		
[18]				[4]		
[4]				[4]		
[11]				[5]		
[13]				[5]		
[10]				[7]		
___________________________
Simulation Topology [1:1]
___________________________
From 	  To 		Length
___________________________
  0	 | 	1	 | 	7,00
  0	 | 	4	 | 	3,61
  0	 | 	7	 | 	9,85
  0	 | 	8	 | 	11,70
  1	 | 	2	 | 	1,00
  1	 | 	3	 | 	6,08
  1	 | 	9	 | 	6,08
  2	 | 	3	 | 	6,00
  2	 | 	4	 | 	4,12
  2	 | 	5	 | 	9,22
  2	 | 	7	 | 	3,61
  3	 | 	4	 | 	2,24
  3	 | 	6	 | 	2,24
  4	 | 	5	 | 	13,04
  4	 | 	6	 | 	1,41
  4	 | 	7	 | 	6,32
  5	 | 	8	 | 	5,10
  6	 | 	7	 | 	7,07
  6	 | 	8	 | 	9,06
  7	 | 	8	 | 	2,00
  8	 | 	9	 | 	3,61
___________________________
Simulation Topology [1:2]
___________________________
From 	  To 		Length
___________________________
  0	 | 	1	 | 	7,00
  0	 | 	4	 | 	3,61
  0	 | 	7	 | 	9,85
  0	 | 	8	 | 	11,70
  1	 | 	2	 | 	1,00
  1	 | 	3	 | 	6,08
  1	 | 	9	 | 	6,08
  2	 | 	3	 | 	6,00
  2	 | 	4	 | 	4,12
  2	 | 	5	 | 	9,22
  2	 | 	7	 | 	3,61
  3	 | 	4	 | 	2,24
  3	 | 	6	 | 	2,24
  4	 | 	5	 | 	13,04
  4	 | 	6	 | 	1,41
  4	 | 	7	 | 	6,32
  5	 | 	8	 | 	5,10
  6	 | 	7	 | 	7,07
  6	 | 	8	 | 	9,06
  7	 | 	8	 | 	2,00
  8	 | 	9	 | 	3,61
  0	 | 	3	 | 	1,41
___________________________
Simulation Topology [1:3]
___________________________
From 	  To 		Length
___________________________
  0	 | 	1	 | 	7,00
  0	 | 	4	 | 	3,61
  0	 | 	7	 | 	9,85
  0	 | 	8	 | 	11,70
  1	 | 	2	 | 	1,00
  1	 | 	3	 | 	6,08
  1	 | 	9	 | 	6,08
  2	 | 	3	 | 	6,00
  2	 | 	4	 | 	4,12
  2	 | 	5	 | 	9,22
  2	 | 	7	 | 	3,61
  3	 | 	4	 | 	2,24
  3	 | 	6	 | 	2,24
  4	 | 	5	 | 	13,04
  4	 | 	6	 | 	1,41
  4	 | 	7	 | 	6,32
  5	 | 	8	 | 	5,10
  6	 | 	7	 | 	7,07
  6	 | 	8	 | 	9,06
  7	 | 	8	 | 	2,00
  8	 | 	9	 | 	3,61
  0	 | 	3	 | 	1,41
  7	 | 	9	 | 	2,24
___________________________
Simulation Topology [1:4]
___________________________
From 	  To 		Length
___________________________
  0	 | 	1	 | 	7,00
  0	 | 	4	 | 	3,61
  0	 | 	7	 | 	9,85
  0	 | 	8	 | 	11,70
  1	 | 	2	 | 	1,00
  1	 | 	3	 | 	6,08
  1	 | 	9	 | 	6,08
  2	 | 	3	 | 	6,00
  2	 | 	4	 | 	4,12
  2	 | 	5	 | 	9,22
  2	 | 	7	 | 	3,61
  3	 | 	4	 | 	2,24
  3	 | 	6	 | 	2,24
  4	 | 	5	 | 	13,04
  4	 | 	6	 | 	1,41
  4	 | 	7	 | 	6,32
  5	 | 	8	 | 	5,10
  6	 | 	7	 | 	7,07
  6	 | 	8	 | 	9,06
  7	 | 	8	 | 	2,00
  8	 | 	9	 | 	3,61
  0	 | 	3	 | 	1,41
  7	 | 	9	 | 	2,24
  1	 | 	7	 | 	4,47
___________________________
Simulation Topology [1:5]
___________________________
From 	  To 		Length
___________________________
  0	 | 	1	 | 	7,00
  0	 | 	4	 | 	3,61
  0	 | 	7	 | 	9,85
  0	 | 	8	 | 	11,70
  1	 | 	2	 | 	1,00
  1	 | 	3	 | 	6,08
  1	 | 	9	 | 	6,08
  2	 | 	3	 | 	6,00
  2	 | 	4	 | 	4,12
  2	 | 	5	 | 	9,22
  2	 | 	7	 | 	3,61
  3	 | 	4	 | 	2,24
  3	 | 	6	 | 	2,24
  4	 | 	5	 | 	13,04
  4	 | 	6	 | 	1,41
  4	 | 	7	 | 	6,32
  5	 | 	8	 | 	5,10
  6	 | 	7	 | 	7,07
  6	 | 	8	 | 	9,06
  7	 | 	8	 | 	2,00
  8	 | 	9	 | 	3,61
  0	 | 	3	 | 	1,41
  7	 | 	9	 | 	2,24
  1	 | 	7	 | 	4,47
  2	 | 	9	 | 	5,10
___________________________
Simulation Topology [1:6]
___________________________
From 	  To 		Length
___________________________
  0	 | 	1	 | 	7,00
  0	 | 	4	 | 	3,61
  0	 | 	7	 | 	9,85
  0	 | 	8	 | 	11,70
  1	 | 	2	 | 	1,00
  1	 | 	3	 | 	6,08
  1	 | 	9	 | 	6,08
  2	 | 	3	 | 	6,00
  2	 | 	4	 | 	4,12
  2	 | 	5	 | 	9,22
  2	 | 	7	 | 	3,61
  3	 | 	4	 | 	2,24
  3	 | 	6	 | 	2,24
  4	 | 	5	 | 	13,04
  4	 | 	6	 | 	1,41
  4	 | 	7	 | 	6,32
  5	 | 	8	 | 	5,10
  6	 | 	7	 | 	7,07
  6	 | 	8	 | 	9,06
  7	 | 	8	 | 	2,00
  8	 | 	9	 | 	3,61
  0	 | 	3	 | 	1,41
  7	 | 	9	 | 	2,24
  1	 | 	7	 | 	4,47
  2	 | 	9	 | 	5,10
  0	 | 	6	 | 	3,61
___________________________
Simulation Topology [1:7]
___________________________
From 	  To 		Length
___________________________
  0	 | 	1	 | 	7,00
  0	 | 	4	 | 	3,61
  0	 | 	7	 | 	9,85
  0	 | 	8	 | 	11,70
  1	 | 	2	 | 	1,00
  1	 | 	3	 | 	6,08
  1	 | 	9	 | 	6,08
  2	 | 	3	 | 	6,00
  2	 | 	4	 | 	4,12
  2	 | 	5	 | 	9,22
  2	 | 	7	 | 	3,61
  3	 | 	4	 | 	2,24
  3	 | 	6	 | 	2,24
  4	 | 	5	 | 	13,04
  4	 | 	6	 | 	1,41
  4	 | 	7	 | 	6,32
  5	 | 	8	 | 	5,10
  6	 | 	7	 | 	7,07
  6	 | 	8	 | 	9,06
  7	 | 	8	 | 	2,00
  8	 | 	9	 | 	3,61
  0	 | 	3	 | 	1,41
  7	 | 	9	 | 	2,24
  1	 | 	7	 | 	4,47
  2	 | 	9	 | 	5,10
  0	 | 	6	 | 	3,61
  2	 | 	8	 | 	5,00
___________________________
Simulation Topology [1:8]
___________________________
From 	  To 		Length
___________________________
  0	 | 	1	 | 	7,00
  0	 | 	4	 | 	3,61
  0	 | 	7	 | 	9,85
  0	 | 	8	 | 	11,70
  1	 | 	2	 | 	1,00
  1	 | 	3	 | 	6,08
  1	 | 	9	 | 	6,08
  2	 | 	3	 | 	6,00
  2	 | 	4	 | 	4,12
  2	 | 	5	 | 	9,22
  2	 | 	7	 | 	3,61
  3	 | 	4	 | 	2,24
  3	 | 	6	 | 	2,24
  4	 | 	5	 | 	13,04
  4	 | 	6	 | 	1,41
  4	 | 	7	 | 	6,32
  5	 | 	8	 | 	5,10
  6	 | 	7	 | 	7,07
  6	 | 	8	 | 	9,06
  7	 | 	8	 | 	2,00
  8	 | 	9	 | 	3,61
  0	 | 	3	 | 	1,41
  7	 | 	9	 | 	2,24
  1	 | 	7	 | 	4,47
  2	 | 	9	 | 	5,10
  0	 | 	6	 | 	3,61
  2	 | 	8	 | 	5,00
  4	 | 	9	 | 	6,40
___________________________
Simulation Topology [1:9]
___________________________
From 	  To 		Length
___________________________
  0	 | 	1	 | 	7,00
  0	 | 	4	 | 	3,61
  0	 | 	7	 | 	9,85
  0	 | 	8	 | 	11,70
  1	 | 	2	 | 	1,00
  1	 | 	3	 | 	6,08
  1	 | 	9	 | 	6,08
  2	 | 	3	 | 	6,00
  2	 | 	4	 | 	4,12
  2	 | 	5	 | 	9,22
  2	 | 	7	 | 	3,61
  3	 | 	4	 | 	2,24
  3	 | 	6	 | 	2,24
  4	 | 	5	 | 	13,04
  4	 | 	6	 | 	1,41
  4	 | 	7	 | 	6,32
  5	 | 	8	 | 	5,10
  6	 | 	7	 | 	7,07
  6	 | 	8	 | 	9,06
  7	 | 	8	 | 	2,00
  8	 | 	9	 | 	3,61
  0	 | 	3	 | 	1,41
  7	 | 	9	 | 	2,24
  1	 | 	7	 | 	4,47
  2	 | 	9	 | 	5,10
  0	 | 	6	 | 	3,61
  2	 | 	8	 | 	5,00
  4	 | 	9	 | 	6,40
  2	 | 	6	 | 	5,39
___________________________
Simulation Topology [1:10]
___________________________
From 	  To 		Length
___________________________
  0	 | 	1	 | 	7,00
  0	 | 	4	 | 	3,61
  0	 | 	7	 | 	9,85
  0	 | 	8	 | 	11,70
  1	 | 	2	 | 	1,00
  1	 | 	3	 | 	6,08
  1	 | 	9	 | 	6,08
  2	 | 	3	 | 	6,00
  2	 | 	4	 | 	4,12
  2	 | 	5	 | 	9,22
  2	 | 	7	 | 	3,61
  3	 | 	4	 | 	2,24
  3	 | 	6	 | 	2,24
  4	 | 	5	 | 	13,04
  4	 | 	6	 | 	1,41
  4	 | 	7	 | 	6,32
  5	 | 	8	 | 	5,10
  6	 | 	7	 | 	7,07
  6	 | 	8	 | 	9,06
  7	 | 	8	 | 	2,00
  8	 | 	9	 | 	3,61
  0	 | 	3	 | 	1,41
  7	 | 	9	 | 	2,24
  1	 | 	7	 | 	4,47
  2	 | 	9	 | 	5,10
  0	 | 	6	 | 	3,61
  2	 | 	8	 | 	5,00
  4	 | 	9	 | 	6,40
  2	 | 	6	 | 	5,39
  1	 | 	4	 | 	4,47
___________________________
Simulation Topology [1:11]
___________________________
From 	  To 		Length
___________________________
  0	 | 	1	 | 	7,00
  0	 | 	4	 | 	3,61
  0	 | 	7	 | 	9,85
  0	 | 	8	 | 	11,70
  1	 | 	2	 | 	1,00
  1	 | 	3	 | 	6,08
  1	 | 	9	 | 	6,08
  2	 | 	3	 | 	6,00
  2	 | 	4	 | 	4,12
  2	 | 	5	 | 	9,22
  2	 | 	7	 | 	3,61
  3	 | 	4	 | 	2,24
  3	 | 	6	 | 	2,24
  4	 | 	5	 | 	13,04
  4	 | 	6	 | 	1,41
  4	 | 	7	 | 	6,32
  5	 | 	8	 | 	5,10
  6	 | 	7	 | 	7,07
  6	 | 	8	 | 	9,06
  7	 | 	8	 | 	2,00
  8	 | 	9	 | 	3,61
  0	 | 	3	 | 	1,41
  7	 | 	9	 | 	2,24
  1	 | 	7	 | 	4,47
  2	 | 	9	 | 	5,10
  0	 | 	6	 | 	3,61
  2	 | 	8	 | 	5,00
  4	 | 	9	 | 	6,40
  2	 | 	6	 | 	5,39
  1	 | 	4	 | 	4,47
  1	 | 	5	 | 	9,49
___________________________
Simulation Topology [1:12]
___________________________
From 	  To 		Length
___________________________
  0	 | 	1	 | 	7,00
  0	 | 	4	 | 	3,61
  0	 | 	7	 | 	9,85
  0	 | 	8	 | 	11,70
  1	 | 	2	 | 	1,00
  1	 | 	3	 | 	6,08
  1	 | 	9	 | 	6,08
  2	 | 	3	 | 	6,00
  2	 | 	4	 | 	4,12
  2	 | 	5	 | 	9,22
  2	 | 	7	 | 	3,61
  3	 | 	4	 | 	2,24
  3	 | 	6	 | 	2,24
  4	 | 	5	 | 	13,04
  4	 | 	6	 | 	1,41
  4	 | 	7	 | 	6,32
  5	 | 	8	 | 	5,10
  6	 | 	7	 | 	7,07
  6	 | 	8	 | 	9,06
  7	 | 	8	 | 	2,00
  8	 | 	9	 | 	3,61
  0	 | 	3	 | 	1,41
  7	 | 	9	 | 	2,24
  1	 | 	7	 | 	4,47
  2	 | 	9	 | 	5,10
  0	 | 	6	 | 	3,61
  2	 | 	8	 | 	5,00
  4	 | 	9	 | 	6,40
  2	 | 	6	 | 	5,39
  1	 | 	4	 | 	4,47
  1	 | 	5	 | 	9,49
  1	 | 	6	 | 	5,83
___________________________
Simulation Topology [1:13]
___________________________
From 	  To 		Length
___________________________
  0	 | 	1	 | 	7,00
  0	 | 	4	 | 	3,61
  0	 | 	7	 | 	9,85
  0	 | 	8	 | 	11,70
  1	 | 	2	 | 	1,00
  1	 | 	3	 | 	6,08
  1	 | 	9	 | 	6,08
  2	 | 	3	 | 	6,00
  2	 | 	4	 | 	4,12
  2	 | 	5	 | 	9,22
  2	 | 	7	 | 	3,61
  3	 | 	4	 | 	2,24
  3	 | 	6	 | 	2,24
  4	 | 	5	 | 	13,04
  4	 | 	6	 | 	1,41
  4	 | 	7	 | 	6,32
  5	 | 	8	 | 	5,10
  6	 | 	7	 | 	7,07
  6	 | 	8	 | 	9,06
  7	 | 	8	 | 	2,00
  8	 | 	9	 | 	3,61
  0	 | 	3	 | 	1,41
  7	 | 	9	 | 	2,24
  1	 | 	7	 | 	4,47
  2	 | 	9	 | 	5,10
  0	 | 	6	 | 	3,61
  2	 | 	8	 | 	5,00
  4	 | 	9	 | 	6,40
  2	 | 	6	 | 	5,39
  1	 | 	4	 | 	4,47
  1	 | 	5	 | 	9,49
  1	 | 	6	 | 	5,83
  0	 | 	2	 | 	7,07
___________________________
Simulation Topology [1:14]
___________________________
From 	  To 		Length
___________________________
  0	 | 	1	 | 	7,00
  0	 | 	4	 | 	3,61
  0	 | 	7	 | 	9,85
  0	 | 	8	 | 	11,70
  1	 | 	2	 | 	1,00
  1	 | 	3	 | 	6,08
  1	 | 	9	 | 	6,08
  2	 | 	3	 | 	6,00
  2	 | 	4	 | 	4,12
  2	 | 	5	 | 	9,22
  2	 | 	7	 | 	3,61
  3	 | 	4	 | 	2,24
  3	 | 	6	 | 	2,24
  4	 | 	5	 | 	13,04
  4	 | 	6	 | 	1,41
  4	 | 	7	 | 	6,32
  5	 | 	8	 | 	5,10
  6	 | 	7	 | 	7,07
  6	 | 	8	 | 	9,06
  7	 | 	8	 | 	2,00
  8	 | 	9	 | 	3,61
  0	 | 	3	 | 	1,41
  7	 | 	9	 | 	2,24
  1	 | 	7	 | 	4,47
  2	 | 	9	 | 	5,10
  0	 | 	6	 | 	3,61
  2	 | 	8	 | 	5,00
  4	 | 	9	 | 	6,40
  2	 | 	6	 | 	5,39
  1	 | 	4	 | 	4,47
  1	 | 	5	 | 	9,49
  1	 | 	6	 | 	5,83
  0	 | 	2	 | 	7,07
  1	 | 	8	 | 	5,66
___________________________
Simulation Topology [1:15]
___________________________
From 	  To 		Length
___________________________
  0	 | 	1	 | 	7,00
  0	 | 	4	 | 	3,61
  0	 | 	7	 | 	9,85
  0	 | 	8	 | 	11,70
  1	 | 	2	 | 	1,00
  1	 | 	3	 | 	6,08
  1	 | 	9	 | 	6,08
  2	 | 	3	 | 	6,00
  2	 | 	4	 | 	4,12
  2	 | 	5	 | 	9,22
  2	 | 	7	 | 	3,61
  3	 | 	4	 | 	2,24
  3	 | 	6	 | 	2,24
  4	 | 	5	 | 	13,04
  4	 | 	6	 | 	1,41
  4	 | 	7	 | 	6,32
  5	 | 	8	 | 	5,10
  6	 | 	7	 | 	7,07
  6	 | 	8	 | 	9,06
  7	 | 	8	 | 	2,00
  8	 | 	9	 | 	3,61
  0	 | 	3	 | 	1,41
  7	 | 	9	 | 	2,24
  1	 | 	7	 | 	4,47
  2	 | 	9	 | 	5,10
  0	 | 	6	 | 	3,61
  2	 | 	8	 | 	5,00
  4	 | 	9	 | 	6,40
  2	 | 	6	 | 	5,39
  1	 | 	4	 | 	4,47
  1	 | 	5	 | 	9,49
  1	 | 	6	 | 	5,83
  0	 | 	2	 | 	7,07
  1	 | 	8	 | 	5,66
  5	 | 	7	 | 	7,07
___________________________
Simulation Topology [1:16]
___________________________
From 	  To 		Length
___________________________
  0	 | 	1	 | 	7,00
  0	 | 	4	 | 	3,61
  0	 | 	7	 | 	9,85
  0	 | 	8	 | 	11,70
  1	 | 	2	 | 	1,00
  1	 | 	3	 | 	6,08
  1	 | 	9	 | 	6,08
  2	 | 	3	 | 	6,00
  2	 | 	4	 | 	4,12
  2	 | 	5	 | 	9,22
  2	 | 	7	 | 	3,61
  3	 | 	4	 | 	2,24
  3	 | 	6	 | 	2,24
  4	 | 	5	 | 	13,04
  4	 | 	6	 | 	1,41
  4	 | 	7	 | 	6,32
  5	 | 	8	 | 	5,10
  6	 | 	7	 | 	7,07
  6	 | 	8	 | 	9,06
  7	 | 	8	 | 	2,00
  8	 | 	9	 | 	3,61
  0	 | 	3	 | 	1,41
  7	 | 	9	 | 	2,24
  1	 | 	7	 | 	4,47
  2	 | 	9	 | 	5,10
  0	 | 	6	 | 	3,61
  2	 | 	8	 | 	5,00
  4	 | 	9	 | 	6,40
  2	 | 	6	 | 	5,39
  1	 | 	4	 | 	4,47
  1	 | 	5	 | 	9,49
  1	 | 	6	 | 	5,83
  0	 | 	2	 | 	7,07
  1	 | 	8	 | 	5,66
  5	 | 	7	 | 	7,07
  5	 | 	9	 | 	8,54
___________________________
Simulation Topology [1:17]
___________________________
From 	  To 		Length
___________________________
  0	 | 	1	 | 	7,00
  0	 | 	4	 | 	3,61
  0	 | 	7	 | 	9,85
  0	 | 	8	 | 	11,70
  1	 | 	2	 | 	1,00
  1	 | 	3	 | 	6,08
  1	 | 	9	 | 	6,08
  2	 | 	3	 | 	6,00
  2	 | 	4	 | 	4,12
  2	 | 	5	 | 	9,22
  2	 | 	7	 | 	3,61
  3	 | 	4	 | 	2,24
  3	 | 	6	 | 	2,24
  4	 | 	5	 | 	13,04
  4	 | 	6	 | 	1,41
  4	 | 	7	 | 	6,32
  5	 | 	8	 | 	5,10
  6	 | 	7	 | 	7,07
  6	 | 	8	 | 	9,06
  7	 | 	8	 | 	2,00
  8	 | 	9	 | 	3,61
  0	 | 	3	 | 	1,41
  7	 | 	9	 | 	2,24
  1	 | 	7	 | 	4,47
  2	 | 	9	 | 	5,10
  0	 | 	6	 | 	3,61
  2	 | 	8	 | 	5,00
  4	 | 	9	 | 	6,40
  2	 | 	6	 | 	5,39
  1	 | 	4	 | 	4,47
  1	 | 	5	 | 	9,49
  1	 | 	6	 | 	5,83
  0	 | 	2	 | 	7,07
  1	 | 	8	 | 	5,66
  5	 | 	7	 | 	7,07
  5	 | 	9	 | 	8,54
  6	 | 	9	 | 	6,71
___________________________
Simulation Topology [1:18]
___________________________
From 	  To 		Length
___________________________
  0	 | 	1	 | 	7,00
  0	 | 	4	 | 	3,61
  0	 | 	7	 | 	9,85
  0	 | 	8	 | 	11,70
  1	 | 	2	 | 	1,00
  1	 | 	3	 | 	6,08
  1	 | 	9	 | 	6,08
  2	 | 	3	 | 	6,00
  2	 | 	4	 | 	4,12
  2	 | 	5	 | 	9,22
  2	 | 	7	 | 	3,61
  3	 | 	4	 | 	2,24
  3	 | 	6	 | 	2,24
  4	 | 	5	 | 	13,04
  4	 | 	6	 | 	1,41
  4	 | 	7	 | 	6,32
  5	 | 	8	 | 	5,10
  6	 | 	7	 | 	7,07
  6	 | 	8	 | 	9,06
  7	 | 	8	 | 	2,00
  8	 | 	9	 | 	3,61
  0	 | 	3	 | 	1,41
  7	 | 	9	 | 	2,24
  1	 | 	7	 | 	4,47
  2	 | 	9	 | 	5,10
  0	 | 	6	 | 	3,61
  2	 | 	8	 | 	5,00
  4	 | 	9	 | 	6,40
  2	 | 	6	 | 	5,39
  1	 | 	4	 | 	4,47
  1	 | 	5	 | 	9,49
  1	 | 	6	 | 	5,83
  0	 | 	2	 | 	7,07
  1	 | 	8	 | 	5,66
  5	 | 	7	 | 	7,07
  5	 | 	9	 | 	8,54
  6	 | 	9	 | 	6,71
  4	 | 	8	 | 	8,25
___________________________
Simulation Topology [1:19]
___________________________
From 	  To 		Length
___________________________
  0	 | 	1	 | 	7,00
  0	 | 	4	 | 	3,61
  0	 | 	7	 | 	9,85
  0	 | 	8	 | 	11,70
  1	 | 	2	 | 	1,00
  1	 | 	3	 | 	6,08
  1	 | 	9	 | 	6,08
  2	 | 	3	 | 	6,00
  2	 | 	4	 | 	4,12
  2	 | 	5	 | 	9,22
  2	 | 	7	 | 	3,61
  3	 | 	4	 | 	2,24
  3	 | 	6	 | 	2,24
  4	 | 	5	 | 	13,04
  4	 | 	6	 | 	1,41
  4	 | 	7	 | 	6,32
  5	 | 	8	 | 	5,10
  6	 | 	7	 | 	7,07
  6	 | 	8	 | 	9,06
  7	 | 	8	 | 	2,00
  8	 | 	9	 | 	3,61
  0	 | 	3	 | 	1,41
  7	 | 	9	 | 	2,24
  1	 | 	7	 | 	4,47
  2	 | 	9	 | 	5,10
  0	 | 	6	 | 	3,61
  2	 | 	8	 | 	5,00
  4	 | 	9	 | 	6,40
  2	 | 	6	 | 	5,39
  1	 | 	4	 | 	4,47
  1	 | 	5	 | 	9,49
  1	 | 	6	 | 	5,83
  0	 | 	2	 | 	7,07
  1	 | 	8	 | 	5,66
  5	 | 	7	 | 	7,07
  5	 | 	9	 | 	8,54
  6	 | 	9	 | 	6,71
  4	 | 	8	 | 	8,25
  3	 | 	9	 | 	8,60
___________________________
Simulation Topology [1:20]
___________________________
From 	  To 		Length
___________________________
  0	 | 	1	 | 	7,00
  0	 | 	4	 | 	3,61
  0	 | 	7	 | 	9,85
  0	 | 	8	 | 	11,70
  1	 | 	2	 | 	1,00
  1	 | 	3	 | 	6,08
  1	 | 	9	 | 	6,08
  2	 | 	3	 | 	6,00
  2	 | 	4	 | 	4,12
  2	 | 	5	 | 	9,22
  2	 | 	7	 | 	3,61
  3	 | 	4	 | 	2,24
  3	 | 	6	 | 	2,24
  4	 | 	5	 | 	13,04
  4	 | 	6	 | 	1,41
  4	 | 	7	 | 	6,32
  5	 | 	8	 | 	5,10
  6	 | 	7	 | 	7,07
  6	 | 	8	 | 	9,06
  7	 | 	8	 | 	2,00
  8	 | 	9	 | 	3,61
  0	 | 	3	 | 	1,41
  7	 | 	9	 | 	2,24
  1	 | 	7	 | 	4,47
  2	 | 	9	 | 	5,10
  0	 | 	6	 | 	3,61
  2	 | 	8	 | 	5,00
  4	 | 	9	 | 	6,40
  2	 | 	6	 | 	5,39
  1	 | 	4	 | 	4,47
  1	 | 	5	 | 	9,49
  1	 | 	6	 | 	5,83
  0	 | 	2	 | 	7,07
  1	 | 	8	 | 	5,66
  5	 | 	7	 | 	7,07
  5	 | 	9	 | 	8,54
  6	 | 	9	 | 	6,71
  4	 | 	8	 | 	8,25
  3	 | 	9	 | 	8,60
  0	 | 	5	 | 	16,28
___________________________
