Simulation Topology 1
___________________________
[1]				[0]		
[19]				[0]		
[3]				[4]		
[14]				[4]		
[10]				[6]		
[3]				[8]		
[12]				[8]		
[3]				[9]		
[16]				[10]		
[14]				[11]		
___________________________
Simulation Topology [1:1]
___________________________
From 	  To 		Length
___________________________
  0	 | 	1	 | 	18,00
  0	 | 	4	 | 	10,82
  0	 | 	6	 | 	13,60
  0	 | 	8	 | 	18,03
  1	 | 	2	 | 	16,49
  1	 | 	3	 | 	6,40
  2	 | 	3	 | 	11,00
  2	 | 	8	 | 	14,32
  3	 | 	4	 | 	4,47
  3	 | 	9	 | 	7,00
  4	 | 	5	 | 	7,28
  4	 | 	7	 | 	7,62
  5	 | 	7	 | 	1,00
  5	 | 	8	 | 	13,15
  5	 | 	9	 | 	11,40
  6	 | 	8	 | 	4,47
  6	 | 	9	 | 	3,61
  7	 | 	8	 | 	13,04
___________________________
Simulation Topology [1:2]
___________________________
From 	  To 		Length
___________________________
  0	 | 	1	 | 	18,00
  0	 | 	4	 | 	10,82
  0	 | 	6	 | 	13,60
  0	 | 	8	 | 	18,03
  1	 | 	2	 | 	16,49
  1	 | 	3	 | 	6,40
  2	 | 	3	 | 	11,00
  2	 | 	8	 | 	14,32
  3	 | 	4	 | 	4,47
  3	 | 	9	 | 	7,00
  4	 | 	5	 | 	7,28
  4	 | 	7	 | 	7,62
  5	 | 	7	 | 	1,00
  5	 | 	8	 | 	13,15
  5	 | 	9	 | 	11,40
  6	 | 	8	 | 	4,47
  6	 | 	9	 | 	3,61
  7	 | 	8	 | 	13,04
  4	 | 	6	 | 	2,83
___________________________
Simulation Topology [1:3]
___________________________
From 	  To 		Length
___________________________
  0	 | 	1	 | 	18,00
  0	 | 	4	 | 	10,82
  0	 | 	6	 | 	13,60
  0	 | 	8	 | 	18,03
  1	 | 	2	 | 	16,49
  1	 | 	3	 | 	6,40
  2	 | 	3	 | 	11,00
  2	 | 	8	 | 	14,32
  3	 | 	4	 | 	4,47
  3	 | 	9	 | 	7,00
  4	 | 	5	 | 	7,28
  4	 | 	7	 | 	7,62
  5	 | 	7	 | 	1,00
  5	 | 	8	 | 	13,15
  5	 | 	9	 | 	11,40
  6	 | 	8	 | 	4,47
  6	 | 	9	 | 	3,61
  7	 | 	8	 | 	13,04
  4	 | 	6	 | 	2,83
  2	 | 	5	 | 	4,00
___________________________
