Simulation Topology 1
___________________________
[15]				[0]		
[10]				[1]		
[11]				[2]		
[5]				[4]		
[0]				[5]		
[3]				[5]		
[12]				[8]		
[14]				[8]		
[14]				[11]		
[8]				[11]		
___________________________
Simulation Topology [1:1]
___________________________
From 	  To 		Length
___________________________
  0	 | 	1	 | 	5,10
  0	 | 	2	 | 	4,47
  0	 | 	5	 | 	13,00
  0	 | 	6	 | 	8,54
  1	 | 	7	 | 	8,06
  1	 | 	8	 | 	10,77
  2	 | 	3	 | 	6,32
  2	 | 	4	 | 	11,40
  2	 | 	8	 | 	9,49
  3	 | 	5	 | 	2,24
  3	 | 	8	 | 	11,40
  3	 | 	9	 | 	7,62
  4	 | 	5	 | 	3,00
  4	 | 	6	 | 	12,37
  4	 | 	7	 | 	14,32
  5	 | 	6	 | 	9,49
  6	 | 	7	 | 	2,00
  6	 | 	8	 | 	3,61
  7	 | 	9	 | 	6,71
___________________________
Simulation Topology [1:2]
___________________________
From 	  To 		Length
___________________________
  0	 | 	1	 | 	5,10
  0	 | 	2	 | 	4,47
  0	 | 	5	 | 	13,00
  0	 | 	6	 | 	8,54
  1	 | 	7	 | 	8,06
  1	 | 	8	 | 	10,77
  2	 | 	3	 | 	6,32
  2	 | 	4	 | 	11,40
  2	 | 	8	 | 	9,49
  3	 | 	5	 | 	2,24
  3	 | 	8	 | 	11,40
  3	 | 	9	 | 	7,62
  4	 | 	5	 | 	3,00
  4	 | 	6	 | 	12,37
  4	 | 	7	 | 	14,32
  5	 | 	6	 | 	9,49
  6	 | 	7	 | 	2,00
  6	 | 	8	 | 	3,61
  7	 | 	9	 | 	6,71
  1	 | 	2	 | 	1,41
___________________________
