Simulation Topology 1
___________________________
[2]				[0]		
[7]				[1]		
[12]				[3]		
[9]				[4]		
[10]				[5]		
[18]				[5]		
[6]				[7]		
[19]				[7]		
[5]				[8]		
[5]				[9]		
___________________________
Simulation Topology [1:1]
___________________________
From 	  To 		Length
___________________________
  0	 | 	1	 | 	5,10
  0	 | 	2	 | 	10,44
  0	 | 	6	 | 	8,06
  0	 | 	8	 | 	8,54
  1	 | 	7	 | 	13,42
  1	 | 	8	 | 	7,28
  1	 | 	9	 | 	8,25
  2	 | 	3	 | 	3,16
  2	 | 	9	 | 	9,22
  3	 | 	5	 | 	9,06
  3	 | 	6	 | 	4,24
  3	 | 	7	 | 	10,44
  3	 | 	8	 | 	5,66
  4	 | 	5	 | 	8,00
  4	 | 	8	 | 	5,83
  7	 | 	9	 | 	14,14
___________________________
Simulation Topology [1:2]
___________________________
From 	  To 		Length
___________________________
  0	 | 	1	 | 	5,10
  0	 | 	2	 | 	10,44
  0	 | 	6	 | 	8,06
  0	 | 	8	 | 	8,54
  1	 | 	7	 | 	13,42
  1	 | 	8	 | 	7,28
  1	 | 	9	 | 	8,25
  2	 | 	3	 | 	3,16
  2	 | 	9	 | 	9,22
  3	 | 	5	 | 	9,06
  3	 | 	6	 | 	4,24
  3	 | 	7	 | 	10,44
  3	 | 	8	 | 	5,66
  4	 | 	5	 | 	8,00
  4	 | 	8	 | 	5,83
  7	 | 	9	 | 	14,14
  2	 | 	4	 | 	2,83
___________________________
Simulation Topology [1:3]
___________________________
From 	  To 		Length
___________________________
  0	 | 	1	 | 	5,10
  0	 | 	2	 | 	10,44
  0	 | 	6	 | 	8,06
  0	 | 	8	 | 	8,54
  1	 | 	7	 | 	13,42
  1	 | 	8	 | 	7,28
  1	 | 	9	 | 	8,25
  2	 | 	3	 | 	3,16
  2	 | 	9	 | 	9,22
  3	 | 	5	 | 	9,06
  3	 | 	6	 | 	4,24
  3	 | 	7	 | 	10,44
  3	 | 	8	 | 	5,66
  4	 | 	5	 | 	8,00
  4	 | 	8	 | 	5,83
  7	 | 	9	 | 	14,14
  2	 | 	4	 | 	2,83
  3	 | 	4	 | 	1,41
___________________________
Simulation Topology [1:4]
___________________________
From 	  To 		Length
___________________________
  0	 | 	1	 | 	5,10
  0	 | 	2	 | 	10,44
  0	 | 	6	 | 	8,06
  0	 | 	8	 | 	8,54
  1	 | 	7	 | 	13,42
  1	 | 	8	 | 	7,28
  1	 | 	9	 | 	8,25
  2	 | 	3	 | 	3,16
  2	 | 	9	 | 	9,22
  3	 | 	5	 | 	9,06
  3	 | 	6	 | 	4,24
  3	 | 	7	 | 	10,44
  3	 | 	8	 | 	5,66
  4	 | 	5	 | 	8,00
  4	 | 	8	 | 	5,83
  7	 | 	9	 | 	14,14
  2	 | 	4	 | 	2,83
  3	 | 	4	 | 	1,41
  8	 | 	9	 | 	1,00
___________________________
Simulation Topology [1:5]
___________________________
From 	  To 		Length
___________________________
  0	 | 	1	 | 	5,10
  0	 | 	2	 | 	10,44
  0	 | 	6	 | 	8,06
  0	 | 	8	 | 	8,54
  1	 | 	7	 | 	13,42
  1	 | 	8	 | 	7,28
  1	 | 	9	 | 	8,25
  2	 | 	3	 | 	3,16
  2	 | 	9	 | 	9,22
  3	 | 	5	 | 	9,06
  3	 | 	6	 | 	4,24
  3	 | 	7	 | 	10,44
  3	 | 	8	 | 	5,66
  4	 | 	5	 | 	8,00
  4	 | 	8	 | 	5,83
  7	 | 	9	 | 	14,14
  2	 | 	4	 | 	2,83
  3	 | 	4	 | 	1,41
  8	 | 	9	 | 	1,00
  1	 | 	4	 | 	5,00
___________________________
