Simulation Topology 1
___________________________
[6]				[1]		
[10]				[1]		
[17]				[2]		
[4]				[3]		
[9]				[3]		
[5]				[4]		
[8]				[4]		
[17]				[5]		
[3]				[6]		
[11]				[8]		
___________________________
Simulation Topology [1:1]
___________________________
From 	  To 		Length
___________________________
  0	 | 	1	 | 	4,00
  0	 | 	4	 | 	3,61
  0	 | 	8	 | 	5,83
  1	 | 	2	 | 	7,07
  1	 | 	4	 | 	2,24
  1	 | 	9	 | 	7,07
  2	 | 	3	 | 	13,04
  2	 | 	8	 | 	14,56
  3	 | 	5	 | 	1,41
  3	 | 	8	 | 	3,16
  4	 | 	5	 | 	4,12
  4	 | 	6	 | 	1,41
  4	 | 	9	 | 	5,39
  5	 | 	8	 | 	2,83
  5	 | 	9	 | 	7,21
  6	 | 	7	 | 	9,06
  6	 | 	9	 | 	5,00
  7	 | 	8	 | 	14,04
  7	 | 	9	 | 	6,71
___________________________
Simulation Topology [1:2]
___________________________
From 	  To 		Length
___________________________
  0	 | 	1	 | 	4,00
  0	 | 	4	 | 	3,61
  0	 | 	8	 | 	5,83
  1	 | 	2	 | 	7,07
  1	 | 	4	 | 	2,24
  1	 | 	9	 | 	7,07
  2	 | 	3	 | 	13,04
  2	 | 	8	 | 	14,56
  3	 | 	5	 | 	1,41
  3	 | 	8	 | 	3,16
  4	 | 	5	 | 	4,12
  4	 | 	6	 | 	1,41
  4	 | 	9	 | 	5,39
  5	 | 	8	 | 	2,83
  5	 | 	9	 | 	7,21
  6	 | 	7	 | 	9,06
  6	 | 	9	 | 	5,00
  7	 | 	8	 | 	14,04
  7	 | 	9	 | 	6,71
  0	 | 	5	 | 	3,16
___________________________
