Simulation Topology 1
___________________________
[4]				[2]		
[0]				[2]		
[4]				[3]		
[3]				[5]		
[16]				[5]		
[1]				[6]		
[7]				[6]		
[2]				[7]		
[15]				[8]		
[16]				[9]		
___________________________
Simulation Topology [1:1]
___________________________
From 	  To 		Length
___________________________
  0	 | 	1	 | 	4,00
  0	 | 	2	 | 	1,00
  0	 | 	4	 | 	12,37
  0	 | 	9	 | 	13,89
  1	 | 	3	 | 	4,24
  1	 | 	5	 | 	4,12
  1	 | 	7	 | 	5,39
  2	 | 	3	 | 	2,24
  2	 | 	5	 | 	4,24
  2	 | 	7	 | 	4,47
  2	 | 	9	 | 	13,42
  4	 | 	5	 | 	15,03
  4	 | 	6	 | 	9,06
  5	 | 	8	 | 	14,14
  5	 | 	9	 | 	15,30
  6	 | 	7	 | 	5,10
  6	 | 	8	 | 	8,25
  6	 | 	9	 | 	9,49
  8	 | 	9	 | 	1,41
___________________________
Simulation Topology [1:2]
___________________________
From 	  To 		Length
___________________________
  0	 | 	1	 | 	4,00
  0	 | 	2	 | 	1,00
  0	 | 	4	 | 	12,37
  0	 | 	9	 | 	13,89
  1	 | 	3	 | 	4,24
  1	 | 	5	 | 	4,12
  1	 | 	7	 | 	5,39
  2	 | 	3	 | 	2,24
  2	 | 	5	 | 	4,24
  2	 | 	7	 | 	4,47
  2	 | 	9	 | 	13,42
  4	 | 	5	 | 	15,03
  4	 | 	6	 | 	9,06
  5	 | 	8	 | 	14,14
  5	 | 	9	 | 	15,30
  6	 | 	7	 | 	5,10
  6	 | 	8	 | 	8,25
  6	 | 	9	 | 	9,49
  8	 | 	9	 | 	1,41
  5	 | 	7	 | 	1,41
___________________________
