Simulation Topology 1
___________________________
[6]				[0]		
[17]				[0]		
[2]				[1]		
[0]				[1]		
[12]				[4]		
[0]				[4]		
[0]				[5]		
[2]				[5]		
[5]				[10]		
[10]				[10]		
___________________________
Simulation Topology [1:1]
___________________________
From 	  To 		Length
___________________________
  0	 | 	1	 | 	11,00
  0	 | 	2	 | 	4,12
  0	 | 	3	 | 	6,08
  0	 | 	4	 | 	7,21
  0	 | 	6	 | 	7,81
  1	 | 	5	 | 	17,46
  1	 | 	6	 | 	17,72
  1	 | 	8	 | 	15,62
  2	 | 	3	 | 	2,00
  3	 | 	5	 | 	3,00
  4	 | 	5	 | 	12,00
  4	 | 	8	 | 	9,22
  5	 | 	7	 | 	2,24
  6	 | 	7	 | 	2,00
  7	 | 	9	 | 	9,43
  8	 | 	9	 | 	5,00
___________________________
Simulation Topology [1:2]
___________________________
From 	  To 		Length
___________________________
  0	 | 	1	 | 	11,00
  0	 | 	2	 | 	4,12
  0	 | 	3	 | 	6,08
  0	 | 	4	 | 	7,21
  0	 | 	6	 | 	7,81
  1	 | 	5	 | 	17,46
  1	 | 	6	 | 	17,72
  1	 | 	8	 | 	15,62
  2	 | 	3	 | 	2,00
  3	 | 	5	 | 	3,00
  4	 | 	5	 | 	12,00
  4	 | 	8	 | 	9,22
  5	 | 	7	 | 	2,24
  6	 | 	7	 | 	2,00
  7	 | 	9	 | 	9,43
  8	 | 	9	 | 	5,00
  3	 | 	8	 | 	10,30
___________________________
Simulation Topology [1:3]
___________________________
From 	  To 		Length
___________________________
  0	 | 	1	 | 	11,00
  0	 | 	2	 | 	4,12
  0	 | 	3	 | 	6,08
  0	 | 	4	 | 	7,21
  0	 | 	6	 | 	7,81
  1	 | 	5	 | 	17,46
  1	 | 	6	 | 	17,72
  1	 | 	8	 | 	15,62
  2	 | 	3	 | 	2,00
  3	 | 	5	 | 	3,00
  4	 | 	5	 | 	12,00
  4	 | 	8	 | 	9,22
  5	 | 	7	 | 	2,24
  6	 | 	7	 | 	2,00
  7	 | 	9	 | 	9,43
  8	 | 	9	 | 	5,00
  3	 | 	8	 | 	10,30
  2	 | 	6	 | 	4,47
___________________________
Simulation Topology [1:4]
___________________________
From 	  To 		Length
___________________________
  0	 | 	1	 | 	11,00
  0	 | 	2	 | 	4,12
  0	 | 	3	 | 	6,08
  0	 | 	4	 | 	7,21
  0	 | 	6	 | 	7,81
  1	 | 	5	 | 	17,46
  1	 | 	6	 | 	17,72
  1	 | 	8	 | 	15,62
  2	 | 	3	 | 	2,00
  3	 | 	5	 | 	3,00
  4	 | 	5	 | 	12,00
  4	 | 	8	 | 	9,22
  5	 | 	7	 | 	2,24
  6	 | 	7	 | 	2,00
  7	 | 	9	 | 	9,43
  8	 | 	9	 | 	5,00
  3	 | 	8	 | 	10,30
  2	 | 	6	 | 	4,47
  2	 | 	5	 | 	3,61
___________________________
Simulation Topology [1:5]
___________________________
From 	  To 		Length
___________________________
  0	 | 	1	 | 	11,00
  0	 | 	2	 | 	4,12
  0	 | 	3	 | 	6,08
  0	 | 	4	 | 	7,21
  0	 | 	6	 | 	7,81
  1	 | 	5	 | 	17,46
  1	 | 	6	 | 	17,72
  1	 | 	8	 | 	15,62
  2	 | 	3	 | 	2,00
  3	 | 	5	 | 	3,00
  4	 | 	5	 | 	12,00
  4	 | 	8	 | 	9,22
  5	 | 	7	 | 	2,24
  6	 | 	7	 | 	2,00
  7	 | 	9	 | 	9,43
  8	 | 	9	 | 	5,00
  3	 | 	8	 | 	10,30
  2	 | 	6	 | 	4,47
  2	 | 	5	 | 	3,61
  5	 | 	6	 | 	1,00
___________________________
