Simulation Topology 1
___________________________
[17]				[0]		
[19]				[0]		
[7]				[2]		
[18]				[3]		
[4]				[3]		
[4]				[4]		
[15]				[4]		
[6]				[5]		
[10]				[7]		
[19]				[7]		
___________________________
Simulation Topology [1:1]
___________________________
From 	  To 		Length
___________________________
  0	 | 	1	 | 	2,00
  0	 | 	5	 | 	13,60
  1	 | 	9	 | 	7,00
  2	 | 	3	 | 	11,05
  2	 | 	5	 | 	3,61
  2	 | 	7	 | 	3,16
  3	 | 	7	 | 	12,17
  4	 | 	5	 | 	1,00
  4	 | 	7	 | 	2,83
  4	 | 	8	 | 	7,21
  4	 | 	9	 | 	15,52
  5	 | 	8	 | 	6,71
  6	 | 	7	 | 	9,06
  6	 | 	8	 | 	5,83
  6	 | 	9	 | 	5,00
___________________________
Simulation Topology [1:2]
___________________________
From 	  To 		Length
___________________________
  0	 | 	1	 | 	2,00
  0	 | 	5	 | 	13,60
  1	 | 	9	 | 	7,00
  2	 | 	3	 | 	11,05
  2	 | 	5	 | 	3,61
  2	 | 	7	 | 	3,16
  3	 | 	7	 | 	12,17
  4	 | 	5	 | 	1,00
  4	 | 	7	 | 	2,83
  4	 | 	8	 | 	7,21
  4	 | 	9	 | 	15,52
  5	 | 	8	 | 	6,71
  6	 | 	7	 | 	9,06
  6	 | 	8	 | 	5,83
  6	 | 	9	 | 	5,00
  2	 | 	8	 | 	5,83
___________________________
Simulation Topology [1:3]
___________________________
From 	  To 		Length
___________________________
  0	 | 	1	 | 	2,00
  0	 | 	5	 | 	13,60
  1	 | 	9	 | 	7,00
  2	 | 	3	 | 	11,05
  2	 | 	5	 | 	3,61
  2	 | 	7	 | 	3,16
  3	 | 	7	 | 	12,17
  4	 | 	5	 | 	1,00
  4	 | 	7	 | 	2,83
  4	 | 	8	 | 	7,21
  4	 | 	9	 | 	15,52
  5	 | 	8	 | 	6,71
  6	 | 	7	 | 	9,06
  6	 | 	8	 | 	5,83
  6	 | 	9	 | 	5,00
  2	 | 	8	 | 	5,83
  0	 | 	9	 | 	7,28
___________________________
Simulation Topology [1:4]
___________________________
From 	  To 		Length
___________________________
  0	 | 	1	 | 	2,00
  0	 | 	5	 | 	13,60
  1	 | 	9	 | 	7,00
  2	 | 	3	 | 	11,05
  2	 | 	5	 | 	3,61
  2	 | 	7	 | 	3,16
  3	 | 	7	 | 	12,17
  4	 | 	5	 | 	1,00
  4	 | 	7	 | 	2,83
  4	 | 	8	 | 	7,21
  4	 | 	9	 | 	15,52
  5	 | 	8	 | 	6,71
  6	 | 	7	 | 	9,06
  6	 | 	8	 | 	5,83
  6	 | 	9	 | 	5,00
  2	 | 	8	 | 	5,83
  0	 | 	9	 | 	7,28
  1	 | 	3	 | 	3,16
___________________________
Simulation Topology [1:5]
___________________________
From 	  To 		Length
___________________________
  0	 | 	1	 | 	2,00
  0	 | 	5	 | 	13,60
  1	 | 	9	 | 	7,00
  2	 | 	3	 | 	11,05
  2	 | 	5	 | 	3,61
  2	 | 	7	 | 	3,16
  3	 | 	7	 | 	12,17
  4	 | 	5	 | 	1,00
  4	 | 	7	 | 	2,83
  4	 | 	8	 | 	7,21
  4	 | 	9	 | 	15,52
  5	 | 	8	 | 	6,71
  6	 | 	7	 | 	9,06
  6	 | 	8	 | 	5,83
  6	 | 	9	 | 	5,00
  2	 | 	8	 | 	5,83
  0	 | 	9	 | 	7,28
  1	 | 	3	 | 	3,16
  0	 | 	6	 | 	4,47
___________________________
Simulation Topology [1:6]
___________________________
From 	  To 		Length
___________________________
  0	 | 	1	 | 	2,00
  0	 | 	5	 | 	13,60
  1	 | 	9	 | 	7,00
  2	 | 	3	 | 	11,05
  2	 | 	5	 | 	3,61
  2	 | 	7	 | 	3,16
  3	 | 	7	 | 	12,17
  4	 | 	5	 | 	1,00
  4	 | 	7	 | 	2,83
  4	 | 	8	 | 	7,21
  4	 | 	9	 | 	15,52
  5	 | 	8	 | 	6,71
  6	 | 	7	 | 	9,06
  6	 | 	8	 | 	5,83
  6	 | 	9	 | 	5,00
  2	 | 	8	 | 	5,83
  0	 | 	9	 | 	7,28
  1	 | 	3	 | 	3,16
  0	 | 	6	 | 	4,47
  3	 | 	6	 | 	3,16
___________________________
