Simulation Topology 1
___________________________
[7]				[1]		
[17]				[1]		
[16]				[2]		
[2]				[2]		
[2]				[3]		
[10]				[3]		
[12]				[4]		
[11]				[10]		
[16]				[11]		
[11]				[11]		
___________________________
Simulation Topology [1:1]
___________________________
From 	  To 		Length
___________________________
  0	 | 	1	 | 	10,00
  0	 | 	2	 | 	9,06
  0	 | 	7	 | 	9,85
  0	 | 	8	 | 	13,45
  1	 | 	2	 | 	1,41
  1	 | 	3	 | 	15,03
  2	 | 	3	 | 	14,00
  2	 | 	7	 | 	9,43
  2	 | 	9	 | 	10,30
  3	 | 	6	 | 	10,20
  3	 | 	8	 | 	16,64
  4	 | 	5	 | 	8,00
  4	 | 	6	 | 	10,05
  5	 | 	6	 | 	2,24
  6	 | 	7	 | 	6,08
  6	 | 	8	 | 	8,06
  7	 | 	8	 | 	5,10
  7	 | 	9	 | 	1,00
___________________________
Simulation Topology [1:2]
___________________________
From 	  To 		Length
___________________________
  0	 | 	1	 | 	10,00
  0	 | 	2	 | 	9,06
  0	 | 	7	 | 	9,85
  0	 | 	8	 | 	13,45
  1	 | 	2	 | 	1,41
  1	 | 	3	 | 	15,03
  2	 | 	3	 | 	14,00
  2	 | 	7	 | 	9,43
  2	 | 	9	 | 	10,30
  3	 | 	6	 | 	10,20
  3	 | 	8	 | 	16,64
  4	 | 	5	 | 	8,00
  4	 | 	6	 | 	10,05
  5	 | 	6	 | 	2,24
  6	 | 	7	 | 	6,08
  6	 | 	8	 | 	8,06
  7	 | 	8	 | 	5,10
  7	 | 	9	 | 	1,00
  3	 | 	4	 | 	1,00
___________________________
Simulation Topology [1:3]
___________________________
From 	  To 		Length
___________________________
  0	 | 	1	 | 	10,00
  0	 | 	2	 | 	9,06
  0	 | 	7	 | 	9,85
  0	 | 	8	 | 	13,45
  1	 | 	2	 | 	1,41
  1	 | 	3	 | 	15,03
  2	 | 	3	 | 	14,00
  2	 | 	7	 | 	9,43
  2	 | 	9	 | 	10,30
  3	 | 	6	 | 	10,20
  3	 | 	8	 | 	16,64
  4	 | 	5	 | 	8,00
  4	 | 	6	 | 	10,05
  5	 | 	6	 | 	2,24
  6	 | 	7	 | 	6,08
  6	 | 	8	 | 	8,06
  7	 | 	8	 | 	5,10
  7	 | 	9	 | 	1,00
  3	 | 	4	 | 	1,00
  0	 | 	5	 | 	3,61
___________________________
