Simulation Topology 1
___________________________
[8]				[1]		
[2]				[2]		
[13]				[2]		
[1]				[4]		
[3]				[4]		
[6]				[7]		
[3]				[7]		
[9]				[10]		
[0]				[10]		
[5]				[11]		
___________________________
Simulation Topology [1:1]
___________________________
From 	  To 		Length
___________________________
  0	 | 	1	 | 	6,08
  0	 | 	4	 | 	5,83
  0	 | 	9	 | 	10,44
  1	 | 	6	 | 	5,10
  1	 | 	9	 | 	9,49
  2	 | 	3	 | 	12,17
  2	 | 	4	 | 	10,20
  2	 | 	8	 | 	15,26
  2	 | 	9	 | 	12,04
  3	 | 	5	 | 	5,83
  3	 | 	7	 | 	10,00
  4	 | 	5	 | 	4,24
  4	 | 	6	 | 	3,00
  4	 | 	9	 | 	7,28
  5	 | 	7	 | 	4,24
  6	 | 	7	 | 	6,71
  6	 | 	8	 | 	4,24
___________________________
Simulation Topology [1:2]
___________________________
From 	  To 		Length
___________________________
  0	 | 	1	 | 	6,08
  0	 | 	4	 | 	5,83
  0	 | 	9	 | 	10,44
  1	 | 	6	 | 	5,10
  1	 | 	9	 | 	9,49
  2	 | 	3	 | 	12,17
  2	 | 	4	 | 	10,20
  2	 | 	8	 | 	15,26
  2	 | 	9	 | 	12,04
  3	 | 	5	 | 	5,83
  3	 | 	7	 | 	10,00
  4	 | 	5	 | 	4,24
  4	 | 	6	 | 	3,00
  4	 | 	9	 | 	7,28
  5	 | 	7	 | 	4,24
  6	 | 	7	 | 	6,71
  6	 | 	8	 | 	4,24
  1	 | 	3	 | 	2,24
___________________________
Simulation Topology [1:3]
___________________________
From 	  To 		Length
___________________________
  0	 | 	1	 | 	6,08
  0	 | 	4	 | 	5,83
  0	 | 	9	 | 	10,44
  1	 | 	6	 | 	5,10
  1	 | 	9	 | 	9,49
  2	 | 	3	 | 	12,17
  2	 | 	4	 | 	10,20
  2	 | 	8	 | 	15,26
  2	 | 	9	 | 	12,04
  3	 | 	5	 | 	5,83
  3	 | 	7	 | 	10,00
  4	 | 	5	 | 	4,24
  4	 | 	6	 | 	3,00
  4	 | 	9	 | 	7,28
  5	 | 	7	 | 	4,24
  6	 | 	7	 | 	6,71
  6	 | 	8	 | 	4,24
  1	 | 	3	 | 	2,24
  7	 | 	9	 | 	4,12
___________________________
Simulation Topology [1:4]
___________________________
From 	  To 		Length
___________________________
  0	 | 	1	 | 	6,08
  0	 | 	4	 | 	5,83
  0	 | 	9	 | 	10,44
  1	 | 	6	 | 	5,10
  1	 | 	9	 | 	9,49
  2	 | 	3	 | 	12,17
  2	 | 	4	 | 	10,20
  2	 | 	8	 | 	15,26
  2	 | 	9	 | 	12,04
  3	 | 	5	 | 	5,83
  3	 | 	7	 | 	10,00
  4	 | 	5	 | 	4,24
  4	 | 	6	 | 	3,00
  4	 | 	9	 | 	7,28
  5	 | 	7	 | 	4,24
  6	 | 	7	 | 	6,71
  6	 | 	8	 | 	4,24
  1	 | 	3	 | 	2,24
  7	 | 	9	 | 	4,12
  1	 | 	4	 | 	2,24
___________________________
