Simulation Topology 1
___________________________
[12]				[0]		
[7]				[0]		
[6]				[2]		
[0]				[2]		
[11]				[5]		
[0]				[5]		
[9]				[6]		
[14]				[6]		
[12]				[8]		
[13]				[9]		
___________________________
Simulation Topology [1:1]
___________________________
From 	  To 		Length
___________________________
  0	 | 	1	 | 	5,00
  0	 | 	4	 | 	5,10
  0	 | 	5	 | 	13,00
  0	 | 	7	 | 	6,32
  0	 | 	8	 | 	8,00
  0	 | 	9	 | 	9,06
  1	 | 	2	 | 	2,24
  1	 | 	4	 | 	6,40
  2	 | 	3	 | 	6,00
  2	 | 	7	 | 	8,94
  3	 | 	7	 | 	14,56
  4	 | 	5	 | 	11,00
  4	 | 	6	 | 	2,24
  4	 | 	9	 | 	4,47
  5	 | 	8	 | 	12,37
  5	 | 	9	 | 	13,60
  6	 | 	7	 | 	5,00
  7	 | 	9	 | 	3,16
___________________________
Simulation Topology [1:2]
___________________________
From 	  To 		Length
___________________________
  0	 | 	1	 | 	5,00
  0	 | 	4	 | 	5,10
  0	 | 	5	 | 	13,00
  0	 | 	7	 | 	6,32
  0	 | 	8	 | 	8,00
  0	 | 	9	 | 	9,06
  1	 | 	2	 | 	2,24
  1	 | 	4	 | 	6,40
  2	 | 	3	 | 	6,00
  2	 | 	7	 | 	8,94
  3	 | 	7	 | 	14,56
  4	 | 	5	 | 	11,00
  4	 | 	6	 | 	2,24
  4	 | 	9	 | 	4,47
  5	 | 	8	 | 	12,37
  5	 | 	9	 | 	13,60
  6	 | 	7	 | 	5,00
  7	 | 	9	 | 	3,16
  7	 | 	8	 | 	2,83
___________________________
Simulation Topology [1:3]
___________________________
From 	  To 		Length
___________________________
  0	 | 	1	 | 	5,00
  0	 | 	4	 | 	5,10
  0	 | 	5	 | 	13,00
  0	 | 	7	 | 	6,32
  0	 | 	8	 | 	8,00
  0	 | 	9	 | 	9,06
  1	 | 	2	 | 	2,24
  1	 | 	4	 | 	6,40
  2	 | 	3	 | 	6,00
  2	 | 	7	 | 	8,94
  3	 | 	7	 | 	14,56
  4	 | 	5	 | 	11,00
  4	 | 	6	 | 	2,24
  4	 | 	9	 | 	4,47
  5	 | 	8	 | 	12,37
  5	 | 	9	 | 	13,60
  6	 | 	7	 | 	5,00
  7	 | 	9	 | 	3,16
  7	 | 	8	 | 	2,83
  8	 | 	9	 | 	1,41
___________________________
