Simulation Topology 1
___________________________
[6]				[1]		
[17]				[2]		
[8]				[4]		
[4]				[4]		
[12]				[5]		
[16]				[5]		
[11]				[6]		
[18]				[9]		
[14]				[10]		
[7]				[10]		
___________________________
Simulation Topology [1:1]
___________________________
From 	  To 		Length
___________________________
  0	 | 	1	 | 	11,05
  0	 | 	2	 | 	3,61
  0	 | 	8	 | 	12,04
  1	 | 	3	 | 	13,15
  1	 | 	5	 | 	3,16
  1	 | 	9	 | 	12,81
  2	 | 	3	 | 	4,00
  2	 | 	6	 | 	3,61
  2	 | 	7	 | 	11,18
  3	 | 	5	 | 	12,04
  3	 | 	9	 | 	6,71
  4	 | 	5	 | 	4,00
  4	 | 	8	 | 	5,39
  4	 | 	9	 | 	7,07
  5	 | 	8	 | 	5,39
  6	 | 	7	 | 	7,62
  6	 | 	8	 | 	5,00
  7	 | 	8	 | 	4,12
  7	 | 	9	 | 	11,05
___________________________
Simulation Topology [1:2]
___________________________
From 	  To 		Length
___________________________
  0	 | 	1	 | 	11,05
  0	 | 	2	 | 	3,61
  0	 | 	8	 | 	12,04
  1	 | 	3	 | 	13,15
  1	 | 	5	 | 	3,16
  1	 | 	9	 | 	12,81
  2	 | 	3	 | 	4,00
  2	 | 	6	 | 	3,61
  2	 | 	7	 | 	11,18
  3	 | 	5	 | 	12,04
  3	 | 	9	 | 	6,71
  4	 | 	5	 | 	4,00
  4	 | 	8	 | 	5,39
  4	 | 	9	 | 	7,07
  5	 | 	8	 | 	5,39
  6	 | 	7	 | 	7,62
  6	 | 	8	 | 	5,00
  7	 | 	8	 | 	4,12
  7	 | 	9	 | 	11,05
  5	 | 	6	 | 	5,10
___________________________
