Simulation Topology 1
___________________________
[8]				[0]		
[12]				[0]		
[2]				[3]		
[15]				[5]		
[12]				[5]		
[9]				[7]		
[0]				[8]		
[19]				[9]		
[0]				[10]		
[9]				[10]		
___________________________
Simulation Topology [1:1]
___________________________
From 	  To 		Length
___________________________
  0	 | 	1	 | 	4,00
  0	 | 	3	 | 	8,60
  0	 | 	6	 | 	11,31
  1	 | 	2	 | 	10,44
  1	 | 	5	 | 	7,62
  1	 | 	6	 | 	14,42
  2	 | 	3	 | 	13,15
  2	 | 	4	 | 	10,20
  2	 | 	9	 | 	9,90
  3	 | 	7	 | 	5,66
  4	 | 	5	 | 	3,61
  4	 | 	6	 | 	12,37
  4	 | 	9	 | 	5,83
  5	 | 	7	 | 	10,20
  5	 | 	8	 | 	9,49
  6	 | 	8	 | 	2,00
  7	 | 	8	 | 	19,03
  7	 | 	9	 | 	10,05
___________________________
Simulation Topology [1:2]
___________________________
From 	  To 		Length
___________________________
  0	 | 	1	 | 	4,00
  0	 | 	3	 | 	8,60
  0	 | 	6	 | 	11,31
  1	 | 	2	 | 	10,44
  1	 | 	5	 | 	7,62
  1	 | 	6	 | 	14,42
  2	 | 	3	 | 	13,15
  2	 | 	4	 | 	10,20
  2	 | 	9	 | 	9,90
  3	 | 	7	 | 	5,66
  4	 | 	5	 | 	3,61
  4	 | 	6	 | 	12,37
  4	 | 	9	 | 	5,83
  5	 | 	7	 | 	10,20
  5	 | 	8	 | 	9,49
  6	 | 	8	 | 	2,00
  7	 | 	8	 | 	19,03
  7	 | 	9	 | 	10,05
  3	 | 	4	 | 	3,00
___________________________
Simulation Topology [1:3]
___________________________
From 	  To 		Length
___________________________
  0	 | 	1	 | 	4,00
  0	 | 	3	 | 	8,60
  0	 | 	6	 | 	11,31
  1	 | 	2	 | 	10,44
  1	 | 	5	 | 	7,62
  1	 | 	6	 | 	14,42
  2	 | 	3	 | 	13,15
  2	 | 	4	 | 	10,20
  2	 | 	9	 | 	9,90
  3	 | 	7	 | 	5,66
  4	 | 	5	 | 	3,61
  4	 | 	6	 | 	12,37
  4	 | 	9	 | 	5,83
  5	 | 	7	 | 	10,20
  5	 | 	8	 | 	9,49
  6	 | 	8	 | 	2,00
  7	 | 	8	 | 	19,03
  7	 | 	9	 | 	10,05
  3	 | 	4	 | 	3,00
  1	 | 	9	 | 	10,44
___________________________
