Simulation Topology 1
___________________________
[6]				[0]		
[4]				[0]		
[2]				[2]		
[19]				[4]		
[15]				[4]		
[7]				[5]		
[3]				[6]		
[17]				[7]		
[8]				[8]		
[5]				[8]		
___________________________
Simulation Topology [1:1]
___________________________
From 	  To 		Length
___________________________
  0	 | 	1	 | 	2,00
  0	 | 	3	 | 	13,60
  0	 | 	5	 | 	5,10
  0	 | 	7	 | 	13,04
  1	 | 	2	 | 	2,83
  1	 | 	7	 | 	14,76
  1	 | 	9	 | 	8,06
  2	 | 	3	 | 	17,12
  2	 | 	4	 | 	13,15
  2	 | 	7	 | 	15,81
  2	 | 	8	 | 	8,49
  3	 | 	6	 | 	16,12
  3	 | 	9	 | 	14,56
  4	 | 	5	 | 	8,06
  4	 | 	8	 | 	8,06
  5	 | 	8	 | 	3,16
  6	 | 	8	 | 	5,39
  7	 | 	9	 | 	12,04
  8	 | 	9	 | 	3,00
___________________________
Simulation Topology [1:2]
___________________________
From 	  To 		Length
___________________________
  0	 | 	1	 | 	2,00
  0	 | 	3	 | 	13,60
  0	 | 	5	 | 	5,10
  0	 | 	7	 | 	13,04
  1	 | 	2	 | 	2,83
  1	 | 	7	 | 	14,76
  1	 | 	9	 | 	8,06
  2	 | 	3	 | 	17,12
  2	 | 	4	 | 	13,15
  2	 | 	7	 | 	15,81
  2	 | 	8	 | 	8,49
  3	 | 	6	 | 	16,12
  3	 | 	9	 | 	14,56
  4	 | 	5	 | 	8,06
  4	 | 	8	 | 	8,06
  5	 | 	8	 | 	3,16
  6	 | 	8	 | 	5,39
  7	 | 	9	 | 	12,04
  8	 | 	9	 | 	3,00
  0	 | 	2	 | 	4,47
___________________________
