Simulation Topology 1
___________________________
[8]				[0]		
[5]				[0]		
[0]				[2]		
[1]				[3]		
[8]				[3]		
[15]				[4]		
[6]				[5]		
[12]				[5]		
[19]				[6]		
[7]				[6]		
___________________________
Simulation Topology [1:1]
___________________________
From 	  To 		Length
___________________________
  0	 | 	1	 | 	3,00
  0	 | 	7	 | 	6,40
  1	 | 	3	 | 	5,00
  1	 | 	4	 | 	4,24
  2	 | 	3	 | 	1,41
  2	 | 	4	 | 	8,06
  2	 | 	5	 | 	15,13
  2	 | 	8	 | 	19,42
  2	 | 	9	 | 	8,06
  3	 | 	7	 | 	11,18
  4	 | 	5	 | 	7,07
  4	 | 	9	 | 	3,16
  5	 | 	6	 | 	9,06
  5	 | 	8	 | 	4,47
  6	 | 	7	 | 	6,00
  6	 | 	8	 | 	13,04
  6	 | 	9	 | 	1,41
___________________________
Simulation Topology [1:2]
___________________________
From 	  To 		Length
___________________________
  0	 | 	1	 | 	3,00
  0	 | 	7	 | 	6,40
  1	 | 	3	 | 	5,00
  1	 | 	4	 | 	4,24
  2	 | 	3	 | 	1,41
  2	 | 	4	 | 	8,06
  2	 | 	5	 | 	15,13
  2	 | 	8	 | 	19,42
  2	 | 	9	 | 	8,06
  3	 | 	7	 | 	11,18
  4	 | 	5	 | 	7,07
  4	 | 	9	 | 	3,16
  5	 | 	6	 | 	9,06
  5	 | 	8	 | 	4,47
  6	 | 	7	 | 	6,00
  6	 | 	8	 | 	13,04
  6	 | 	9	 | 	1,41
  0	 | 	5	 | 	8,06
___________________________
Simulation Topology [1:3]
___________________________
From 	  To 		Length
___________________________
  0	 | 	1	 | 	3,00
  0	 | 	7	 | 	6,40
  1	 | 	3	 | 	5,00
  1	 | 	4	 | 	4,24
  2	 | 	3	 | 	1,41
  2	 | 	4	 | 	8,06
  2	 | 	5	 | 	15,13
  2	 | 	8	 | 	19,42
  2	 | 	9	 | 	8,06
  3	 | 	7	 | 	11,18
  4	 | 	5	 | 	7,07
  4	 | 	9	 | 	3,16
  5	 | 	6	 | 	9,06
  5	 | 	8	 | 	4,47
  6	 | 	7	 | 	6,00
  6	 | 	8	 | 	13,04
  6	 | 	9	 | 	1,41
  0	 | 	5	 | 	8,06
  0	 | 	4	 | 	3,00
___________________________
Simulation Topology [1:4]
___________________________
From 	  To 		Length
___________________________
  0	 | 	1	 | 	3,00
  0	 | 	7	 | 	6,40
  1	 | 	3	 | 	5,00
  1	 | 	4	 | 	4,24
  2	 | 	3	 | 	1,41
  2	 | 	4	 | 	8,06
  2	 | 	5	 | 	15,13
  2	 | 	8	 | 	19,42
  2	 | 	9	 | 	8,06
  3	 | 	7	 | 	11,18
  4	 | 	5	 | 	7,07
  4	 | 	9	 | 	3,16
  5	 | 	6	 | 	9,06
  5	 | 	8	 | 	4,47
  6	 | 	7	 | 	6,00
  6	 | 	8	 | 	13,04
  6	 | 	9	 | 	1,41
  0	 | 	5	 | 	8,06
  0	 | 	4	 | 	3,00
  0	 | 	9	 | 	6,08
___________________________
