Simulation Topology 1
___________________________
[5]				[3]		
[10]				[3]		
[13]				[4]		
[0]				[5]		
[9]				[5]		
[2]				[6]		
[8]				[6]		
[19]				[8]		
[7]				[8]		
[19]				[9]		
___________________________
Simulation Topology [1:1]
___________________________
From 	  To 		Length
___________________________
  0	 | 	1	 | 	5,00
  0	 | 	8	 | 	5,39
  1	 | 	2	 | 	3,16
  1	 | 	3	 | 	10,20
  1	 | 	5	 | 	8,54
  1	 | 	6	 | 	3,61
  1	 | 	9	 | 	10,82
  2	 | 	3	 | 	13,04
  2	 | 	4	 | 	4,12
  2	 | 	6	 | 	5,39
  4	 | 	5	 | 	7,07
  4	 | 	6	 | 	1,41
  4	 | 	7	 | 	10,44
  4	 | 	8	 | 	3,61
  4	 | 	9	 | 	10,77
  5	 | 	9	 | 	17,26
  6	 | 	7	 | 	11,18
  7	 | 	9	 | 	1,00
___________________________
Simulation Topology [1:2]
___________________________
From 	  To 		Length
___________________________
  0	 | 	1	 | 	5,00
  0	 | 	8	 | 	5,39
  1	 | 	2	 | 	3,16
  1	 | 	3	 | 	10,20
  1	 | 	5	 | 	8,54
  1	 | 	6	 | 	3,61
  1	 | 	9	 | 	10,82
  2	 | 	3	 | 	13,04
  2	 | 	4	 | 	4,12
  2	 | 	6	 | 	5,39
  4	 | 	5	 | 	7,07
  4	 | 	6	 | 	1,41
  4	 | 	7	 | 	10,44
  4	 | 	8	 | 	3,61
  4	 | 	9	 | 	10,77
  5	 | 	9	 | 	17,26
  6	 | 	7	 | 	11,18
  7	 | 	9	 | 	1,00
  1	 | 	8	 | 	5,83
___________________________
Simulation Topology [1:3]
___________________________
From 	  To 		Length
___________________________
  0	 | 	1	 | 	5,00
  0	 | 	8	 | 	5,39
  1	 | 	2	 | 	3,16
  1	 | 	3	 | 	10,20
  1	 | 	5	 | 	8,54
  1	 | 	6	 | 	3,61
  1	 | 	9	 | 	10,82
  2	 | 	3	 | 	13,04
  2	 | 	4	 | 	4,12
  2	 | 	6	 | 	5,39
  4	 | 	5	 | 	7,07
  4	 | 	6	 | 	1,41
  4	 | 	7	 | 	10,44
  4	 | 	8	 | 	3,61
  4	 | 	9	 | 	10,77
  5	 | 	9	 | 	17,26
  6	 | 	7	 | 	11,18
  7	 | 	9	 | 	1,00
  1	 | 	8	 | 	5,83
  6	 | 	8	 | 	2,24
___________________________
