Simulation Topology 1
___________________________
[0]				[0]		
[5]				[0]		
[13]				[2]		
[14]				[6]		
[19]				[6]		
[9]				[7]		
[19]				[9]		
[9]				[9]		
[12]				[10]		
[5]				[12]		
___________________________
Simulation Topology [1:1]
___________________________
From 	  To 		Length
___________________________
  0	 | 	1	 | 	5,00
  0	 | 	2	 | 	13,15
  0	 | 	4	 | 	19,92
  0	 | 	7	 | 	12,73
  1	 | 	6	 | 	16,64
  1	 | 	9	 | 	12,00
  2	 | 	3	 | 	4,12
  2	 | 	4	 | 	7,21
  2	 | 	7	 | 	8,06
  3	 | 	5	 | 	5,10
  3	 | 	9	 | 	10,82
  4	 | 	5	 | 	10,05
  4	 | 	6	 | 	3,00
  5	 | 	6	 | 	10,20
  5	 | 	7	 | 	2,00
  6	 | 	8	 | 	7,07
  7	 | 	8	 | 	3,16
  8	 | 	9	 | 	7,28
___________________________
Simulation Topology [1:2]
___________________________
From 	  To 		Length
___________________________
  0	 | 	1	 | 	5,00
  0	 | 	2	 | 	13,15
  0	 | 	4	 | 	19,92
  0	 | 	7	 | 	12,73
  1	 | 	6	 | 	16,64
  1	 | 	9	 | 	12,00
  2	 | 	3	 | 	4,12
  2	 | 	4	 | 	7,21
  2	 | 	7	 | 	8,06
  3	 | 	5	 | 	5,10
  3	 | 	9	 | 	10,82
  4	 | 	5	 | 	10,05
  4	 | 	6	 | 	3,00
  5	 | 	6	 | 	10,20
  5	 | 	7	 | 	2,00
  6	 | 	8	 | 	7,07
  7	 | 	8	 | 	3,16
  8	 | 	9	 | 	7,28
  3	 | 	7	 | 	5,83
___________________________
Simulation Topology [1:3]
___________________________
From 	  To 		Length
___________________________
  0	 | 	1	 | 	5,00
  0	 | 	2	 | 	13,15
  0	 | 	4	 | 	19,92
  0	 | 	7	 | 	12,73
  1	 | 	6	 | 	16,64
  1	 | 	9	 | 	12,00
  2	 | 	3	 | 	4,12
  2	 | 	4	 | 	7,21
  2	 | 	7	 | 	8,06
  3	 | 	5	 | 	5,10
  3	 | 	9	 | 	10,82
  4	 | 	5	 | 	10,05
  4	 | 	6	 | 	3,00
  5	 | 	6	 | 	10,20
  5	 | 	7	 | 	2,00
  6	 | 	8	 | 	7,07
  7	 | 	8	 | 	3,16
  8	 | 	9	 | 	7,28
  3	 | 	7	 | 	5,83
  5	 | 	8	 | 	4,24
___________________________
