Simulation Topology 1
___________________________
[6]				[0]		
[13]				[0]		
[17]				[2]		
[17]				[7]		
[7]				[7]		
[12]				[9]		
[7]				[9]		
[8]				[10]		
[16]				[11]		
[5]				[11]		
___________________________
Simulation Topology [1:1]
___________________________
From 	  To 		Length
___________________________
  0	 | 	1	 | 	7,00
  0	 | 	5	 | 	10,82
  0	 | 	9	 | 	11,05
  1	 | 	2	 | 	4,47
  1	 | 	7	 | 	11,18
  2	 | 	3	 | 	5,00
  2	 | 	4	 | 	11,18
  2	 | 	5	 | 	8,60
  2	 | 	9	 | 	15,00
  3	 | 	6	 | 	10,20
  3	 | 	8	 | 	4,12
  3	 | 	9	 | 	12,65
  4	 | 	5	 | 	5,39
  4	 | 	6	 | 	2,00
  4	 | 	8	 | 	9,85
  5	 | 	7	 | 	4,12
  6	 | 	7	 | 	1,41
  7	 | 	9	 | 	3,16
___________________________
Simulation Topology [1:2]
___________________________
From 	  To 		Length
___________________________
  0	 | 	1	 | 	7,00
  0	 | 	5	 | 	10,82
  0	 | 	9	 | 	11,05
  1	 | 	2	 | 	4,47
  1	 | 	7	 | 	11,18
  2	 | 	3	 | 	5,00
  2	 | 	4	 | 	11,18
  2	 | 	5	 | 	8,60
  2	 | 	9	 | 	15,00
  3	 | 	6	 | 	10,20
  3	 | 	8	 | 	4,12
  3	 | 	9	 | 	12,65
  4	 | 	5	 | 	5,39
  4	 | 	6	 | 	2,00
  4	 | 	8	 | 	9,85
  5	 | 	7	 | 	4,12
  6	 | 	7	 | 	1,41
  7	 | 	9	 | 	3,16
  1	 | 	5	 | 	9,06
___________________________
Simulation Topology [1:3]
___________________________
From 	  To 		Length
___________________________
  0	 | 	1	 | 	7,00
  0	 | 	5	 | 	10,82
  0	 | 	9	 | 	11,05
  1	 | 	2	 | 	4,47
  1	 | 	7	 | 	11,18
  2	 | 	3	 | 	5,00
  2	 | 	4	 | 	11,18
  2	 | 	5	 | 	8,60
  2	 | 	9	 | 	15,00
  3	 | 	6	 | 	10,20
  3	 | 	8	 | 	4,12
  3	 | 	9	 | 	12,65
  4	 | 	5	 | 	5,39
  4	 | 	6	 | 	2,00
  4	 | 	8	 | 	9,85
  5	 | 	7	 | 	4,12
  6	 | 	7	 | 	1,41
  7	 | 	9	 | 	3,16
  1	 | 	5	 | 	9,06
  4	 | 	7	 | 	3,16
___________________________
