Simulation Topology 1
___________________________
[4]				[1]		
[8]				[4]		
[18]				[4]		
[0]				[5]		
[16]				[5]		
[15]				[6]		
[1]				[13]		
[4]				[14]		
[2]				[14]		
[1]				[15]		
___________________________
Simulation Topology [1:1]
___________________________
From 	  To 		Length
___________________________
  0	 | 	1	 | 	5,00
  0	 | 	3	 | 	5,66
  0	 | 	7	 | 	13,00
  1	 | 	3	 | 	8,06
  1	 | 	4	 | 	8,06
  1	 | 	5	 | 	7,28
  1	 | 	6	 | 	11,40
  2	 | 	3	 | 	18,03
  2	 | 	4	 | 	2,24
  2	 | 	5	 | 	3,61
  3	 | 	8	 | 	9,22
  4	 | 	5	 | 	1,41
  4	 | 	8	 | 	16,64
  5	 | 	7	 | 	13,60
  5	 | 	9	 | 	16,64
  6	 | 	7	 | 	3,16
  6	 | 	8	 | 	1,41
  6	 | 	9	 | 	2,00
  7	 | 	8	 | 	2,00
  7	 | 	9	 | 	3,16
  8	 | 	9	 | 	1,41
___________________________
Simulation Topology [1:2]
___________________________
From 	  To 		Length
___________________________
  0	 | 	1	 | 	5,00
  0	 | 	3	 | 	5,66
  0	 | 	7	 | 	13,00
  1	 | 	3	 | 	8,06
  1	 | 	4	 | 	8,06
  1	 | 	5	 | 	7,28
  1	 | 	6	 | 	11,40
  2	 | 	3	 | 	18,03
  2	 | 	4	 | 	2,24
  2	 | 	5	 | 	3,61
  3	 | 	8	 | 	9,22
  4	 | 	5	 | 	1,41
  4	 | 	8	 | 	16,64
  5	 | 	7	 | 	13,60
  5	 | 	9	 | 	16,64
  6	 | 	7	 | 	3,16
  6	 | 	8	 | 	1,41
  6	 | 	9	 | 	2,00
  7	 | 	8	 | 	2,00
  7	 | 	9	 | 	3,16
  8	 | 	9	 | 	1,41
  1	 | 	2	 | 	10,00
___________________________
Simulation Topology [1:3]
___________________________
From 	  To 		Length
___________________________
  0	 | 	1	 | 	5,00
  0	 | 	3	 | 	5,66
  0	 | 	7	 | 	13,00
  1	 | 	3	 | 	8,06
  1	 | 	4	 | 	8,06
  1	 | 	5	 | 	7,28
  1	 | 	6	 | 	11,40
  2	 | 	3	 | 	18,03
  2	 | 	4	 | 	2,24
  2	 | 	5	 | 	3,61
  3	 | 	8	 | 	9,22
  4	 | 	5	 | 	1,41
  4	 | 	8	 | 	16,64
  5	 | 	7	 | 	13,60
  5	 | 	9	 | 	16,64
  6	 | 	7	 | 	3,16
  6	 | 	8	 | 	1,41
  6	 | 	9	 | 	2,00
  7	 | 	8	 | 	2,00
  7	 | 	9	 | 	3,16
  8	 | 	9	 | 	1,41
  1	 | 	2	 | 	10,00
  1	 | 	8	 | 	11,66
___________________________
Simulation Topology [1:4]
___________________________
From 	  To 		Length
___________________________
  0	 | 	1	 | 	5,00
  0	 | 	3	 | 	5,66
  0	 | 	7	 | 	13,00
  1	 | 	3	 | 	8,06
  1	 | 	4	 | 	8,06
  1	 | 	5	 | 	7,28
  1	 | 	6	 | 	11,40
  2	 | 	3	 | 	18,03
  2	 | 	4	 | 	2,24
  2	 | 	5	 | 	3,61
  3	 | 	8	 | 	9,22
  4	 | 	5	 | 	1,41
  4	 | 	8	 | 	16,64
  5	 | 	7	 | 	13,60
  5	 | 	9	 | 	16,64
  6	 | 	7	 | 	3,16
  6	 | 	8	 | 	1,41
  6	 | 	9	 | 	2,00
  7	 | 	8	 | 	2,00
  7	 | 	9	 | 	3,16
  8	 | 	9	 | 	1,41
  1	 | 	2	 | 	10,00
  1	 | 	8	 | 	11,66
  0	 | 	9	 | 	14,32
___________________________
Simulation Topology [1:5]
___________________________
From 	  To 		Length
___________________________
  0	 | 	1	 | 	5,00
  0	 | 	3	 | 	5,66
  0	 | 	7	 | 	13,00
  1	 | 	3	 | 	8,06
  1	 | 	4	 | 	8,06
  1	 | 	5	 | 	7,28
  1	 | 	6	 | 	11,40
  2	 | 	3	 | 	18,03
  2	 | 	4	 | 	2,24
  2	 | 	5	 | 	3,61
  3	 | 	8	 | 	9,22
  4	 | 	5	 | 	1,41
  4	 | 	8	 | 	16,64
  5	 | 	7	 | 	13,60
  5	 | 	9	 | 	16,64
  6	 | 	7	 | 	3,16
  6	 | 	8	 | 	1,41
  6	 | 	9	 | 	2,00
  7	 | 	8	 | 	2,00
  7	 | 	9	 | 	3,16
  8	 | 	9	 | 	1,41
  1	 | 	2	 | 	10,00
  1	 | 	8	 | 	11,66
  0	 | 	9	 | 	14,32
  5	 | 	8	 | 	15,26
___________________________
Simulation Topology [1:6]
___________________________
From 	  To 		Length
___________________________
  0	 | 	1	 | 	5,00
  0	 | 	3	 | 	5,66
  0	 | 	7	 | 	13,00
  1	 | 	3	 | 	8,06
  1	 | 	4	 | 	8,06
  1	 | 	5	 | 	7,28
  1	 | 	6	 | 	11,40
  2	 | 	3	 | 	18,03
  2	 | 	4	 | 	2,24
  2	 | 	5	 | 	3,61
  3	 | 	8	 | 	9,22
  4	 | 	5	 | 	1,41
  4	 | 	8	 | 	16,64
  5	 | 	7	 | 	13,60
  5	 | 	9	 | 	16,64
  6	 | 	7	 | 	3,16
  6	 | 	8	 | 	1,41
  6	 | 	9	 | 	2,00
  7	 | 	8	 | 	2,00
  7	 | 	9	 | 	3,16
  8	 | 	9	 | 	1,41
  1	 | 	2	 | 	10,00
  1	 | 	8	 | 	11,66
  0	 | 	9	 | 	14,32
  5	 | 	8	 | 	15,26
  0	 | 	4	 | 	12,65
___________________________
Simulation Topology [1:7]
___________________________
From 	  To 		Length
___________________________
  0	 | 	1	 | 	5,00
  0	 | 	3	 | 	5,66
  0	 | 	7	 | 	13,00
  1	 | 	3	 | 	8,06
  1	 | 	4	 | 	8,06
  1	 | 	5	 | 	7,28
  1	 | 	6	 | 	11,40
  2	 | 	3	 | 	18,03
  2	 | 	4	 | 	2,24
  2	 | 	5	 | 	3,61
  3	 | 	8	 | 	9,22
  4	 | 	5	 | 	1,41
  4	 | 	8	 | 	16,64
  5	 | 	7	 | 	13,60
  5	 | 	9	 | 	16,64
  6	 | 	7	 | 	3,16
  6	 | 	8	 | 	1,41
  6	 | 	9	 | 	2,00
  7	 | 	8	 | 	2,00
  7	 | 	9	 | 	3,16
  8	 | 	9	 | 	1,41
  1	 | 	2	 | 	10,00
  1	 | 	8	 | 	11,66
  0	 | 	9	 | 	14,32
  5	 | 	8	 | 	15,26
  0	 | 	4	 | 	12,65
  3	 | 	7	 | 	9,85
___________________________
Simulation Topology [1:8]
___________________________
From 	  To 		Length
___________________________
  0	 | 	1	 | 	5,00
  0	 | 	3	 | 	5,66
  0	 | 	7	 | 	13,00
  1	 | 	3	 | 	8,06
  1	 | 	4	 | 	8,06
  1	 | 	5	 | 	7,28
  1	 | 	6	 | 	11,40
  2	 | 	3	 | 	18,03
  2	 | 	4	 | 	2,24
  2	 | 	5	 | 	3,61
  3	 | 	8	 | 	9,22
  4	 | 	5	 | 	1,41
  4	 | 	8	 | 	16,64
  5	 | 	7	 | 	13,60
  5	 | 	9	 | 	16,64
  6	 | 	7	 | 	3,16
  6	 | 	8	 | 	1,41
  6	 | 	9	 | 	2,00
  7	 | 	8	 | 	2,00
  7	 | 	9	 | 	3,16
  8	 | 	9	 | 	1,41
  1	 | 	2	 | 	10,00
  1	 | 	8	 | 	11,66
  0	 | 	9	 | 	14,32
  5	 | 	8	 | 	15,26
  0	 | 	4	 | 	12,65
  3	 | 	7	 | 	9,85
  3	 | 	6	 | 	8,06
___________________________
Simulation Topology [1:9]
___________________________
From 	  To 		Length
___________________________
  0	 | 	1	 | 	5,00
  0	 | 	3	 | 	5,66
  0	 | 	7	 | 	13,00
  1	 | 	3	 | 	8,06
  1	 | 	4	 | 	8,06
  1	 | 	5	 | 	7,28
  1	 | 	6	 | 	11,40
  2	 | 	3	 | 	18,03
  2	 | 	4	 | 	2,24
  2	 | 	5	 | 	3,61
  3	 | 	8	 | 	9,22
  4	 | 	5	 | 	1,41
  4	 | 	8	 | 	16,64
  5	 | 	7	 | 	13,60
  5	 | 	9	 | 	16,64
  6	 | 	7	 | 	3,16
  6	 | 	8	 | 	1,41
  6	 | 	9	 | 	2,00
  7	 | 	8	 | 	2,00
  7	 | 	9	 | 	3,16
  8	 | 	9	 | 	1,41
  1	 | 	2	 | 	10,00
  1	 | 	8	 | 	11,66
  0	 | 	9	 | 	14,32
  5	 | 	8	 | 	15,26
  0	 | 	4	 | 	12,65
  3	 | 	7	 | 	9,85
  3	 | 	6	 | 	8,06
  0	 | 	6	 | 	12,37
___________________________
Simulation Topology [1:10]
___________________________
From 	  To 		Length
___________________________
  0	 | 	1	 | 	5,00
  0	 | 	3	 | 	5,66
  0	 | 	7	 | 	13,00
  1	 | 	3	 | 	8,06
  1	 | 	4	 | 	8,06
  1	 | 	5	 | 	7,28
  1	 | 	6	 | 	11,40
  2	 | 	3	 | 	18,03
  2	 | 	4	 | 	2,24
  2	 | 	5	 | 	3,61
  3	 | 	8	 | 	9,22
  4	 | 	5	 | 	1,41
  4	 | 	8	 | 	16,64
  5	 | 	7	 | 	13,60
  5	 | 	9	 | 	16,64
  6	 | 	7	 | 	3,16
  6	 | 	8	 | 	1,41
  6	 | 	9	 | 	2,00
  7	 | 	8	 | 	2,00
  7	 | 	9	 | 	3,16
  8	 | 	9	 | 	1,41
  1	 | 	2	 | 	10,00
  1	 | 	8	 | 	11,66
  0	 | 	9	 | 	14,32
  5	 | 	8	 | 	15,26
  0	 | 	4	 | 	12,65
  3	 | 	7	 | 	9,85
  3	 | 	6	 | 	8,06
  0	 | 	6	 | 	12,37
  1	 | 	7	 | 	10,77
___________________________
Simulation Topology [1:11]
___________________________
From 	  To 		Length
___________________________
  0	 | 	1	 | 	5,00
  0	 | 	3	 | 	5,66
  0	 | 	7	 | 	13,00
  1	 | 	3	 | 	8,06
  1	 | 	4	 | 	8,06
  1	 | 	5	 | 	7,28
  1	 | 	6	 | 	11,40
  2	 | 	3	 | 	18,03
  2	 | 	4	 | 	2,24
  2	 | 	5	 | 	3,61
  3	 | 	8	 | 	9,22
  4	 | 	5	 | 	1,41
  4	 | 	8	 | 	16,64
  5	 | 	7	 | 	13,60
  5	 | 	9	 | 	16,64
  6	 | 	7	 | 	3,16
  6	 | 	8	 | 	1,41
  6	 | 	9	 | 	2,00
  7	 | 	8	 | 	2,00
  7	 | 	9	 | 	3,16
  8	 | 	9	 | 	1,41
  1	 | 	2	 | 	10,00
  1	 | 	8	 | 	11,66
  0	 | 	9	 | 	14,32
  5	 | 	8	 | 	15,26
  0	 | 	4	 | 	12,65
  3	 | 	7	 | 	9,85
  3	 | 	6	 | 	8,06
  0	 | 	6	 | 	12,37
  1	 | 	7	 | 	10,77
  0	 | 	5	 | 	12,08
___________________________
Simulation Topology [1:12]
___________________________
From 	  To 		Length
___________________________
  0	 | 	1	 | 	5,00
  0	 | 	3	 | 	5,66
  0	 | 	7	 | 	13,00
  1	 | 	3	 | 	8,06
  1	 | 	4	 | 	8,06
  1	 | 	5	 | 	7,28
  1	 | 	6	 | 	11,40
  2	 | 	3	 | 	18,03
  2	 | 	4	 | 	2,24
  2	 | 	5	 | 	3,61
  3	 | 	8	 | 	9,22
  4	 | 	5	 | 	1,41
  4	 | 	8	 | 	16,64
  5	 | 	7	 | 	13,60
  5	 | 	9	 | 	16,64
  6	 | 	7	 | 	3,16
  6	 | 	8	 | 	1,41
  6	 | 	9	 | 	2,00
  7	 | 	8	 | 	2,00
  7	 | 	9	 | 	3,16
  8	 | 	9	 | 	1,41
  1	 | 	2	 | 	10,00
  1	 | 	8	 | 	11,66
  0	 | 	9	 | 	14,32
  5	 | 	8	 | 	15,26
  0	 | 	4	 | 	12,65
  3	 | 	7	 | 	9,85
  3	 | 	6	 | 	8,06
  0	 | 	6	 | 	12,37
  1	 | 	7	 | 	10,77
  0	 | 	5	 | 	12,08
  3	 | 	4	 | 	16,00
___________________________
Simulation Topology [1:13]
___________________________
From 	  To 		Length
___________________________
  0	 | 	1	 | 	5,00
  0	 | 	3	 | 	5,66
  0	 | 	7	 | 	13,00
  1	 | 	3	 | 	8,06
  1	 | 	4	 | 	8,06
  1	 | 	5	 | 	7,28
  1	 | 	6	 | 	11,40
  2	 | 	3	 | 	18,03
  2	 | 	4	 | 	2,24
  2	 | 	5	 | 	3,61
  3	 | 	8	 | 	9,22
  4	 | 	5	 | 	1,41
  4	 | 	8	 | 	16,64
  5	 | 	7	 | 	13,60
  5	 | 	9	 | 	16,64
  6	 | 	7	 | 	3,16
  6	 | 	8	 | 	1,41
  6	 | 	9	 | 	2,00
  7	 | 	8	 | 	2,00
  7	 | 	9	 | 	3,16
  8	 | 	9	 | 	1,41
  1	 | 	2	 | 	10,00
  1	 | 	8	 | 	11,66
  0	 | 	9	 | 	14,32
  5	 | 	8	 | 	15,26
  0	 | 	4	 | 	12,65
  3	 | 	7	 | 	9,85
  3	 | 	6	 | 	8,06
  0	 | 	6	 | 	12,37
  1	 | 	7	 | 	10,77
  0	 | 	5	 | 	12,08
  3	 | 	4	 | 	16,00
  3	 | 	9	 | 	10,05
___________________________
Simulation Topology [1:14]
___________________________
From 	  To 		Length
___________________________
  0	 | 	1	 | 	5,00
  0	 | 	3	 | 	5,66
  0	 | 	7	 | 	13,00
  1	 | 	3	 | 	8,06
  1	 | 	4	 | 	8,06
  1	 | 	5	 | 	7,28
  1	 | 	6	 | 	11,40
  2	 | 	3	 | 	18,03
  2	 | 	4	 | 	2,24
  2	 | 	5	 | 	3,61
  3	 | 	8	 | 	9,22
  4	 | 	5	 | 	1,41
  4	 | 	8	 | 	16,64
  5	 | 	7	 | 	13,60
  5	 | 	9	 | 	16,64
  6	 | 	7	 | 	3,16
  6	 | 	8	 | 	1,41
  6	 | 	9	 | 	2,00
  7	 | 	8	 | 	2,00
  7	 | 	9	 | 	3,16
  8	 | 	9	 | 	1,41
  1	 | 	2	 | 	10,00
  1	 | 	8	 | 	11,66
  0	 | 	9	 | 	14,32
  5	 | 	8	 | 	15,26
  0	 | 	4	 | 	12,65
  3	 | 	7	 | 	9,85
  3	 | 	6	 | 	8,06
  0	 | 	6	 | 	12,37
  1	 | 	7	 | 	10,77
  0	 | 	5	 | 	12,08
  3	 | 	4	 | 	16,00
  3	 | 	9	 | 	10,05
  1	 | 	9	 | 	13,04
___________________________
Simulation Topology [1:15]
___________________________
From 	  To 		Length
___________________________
  0	 | 	1	 | 	5,00
  0	 | 	3	 | 	5,66
  0	 | 	7	 | 	13,00
  1	 | 	3	 | 	8,06
  1	 | 	4	 | 	8,06
  1	 | 	5	 | 	7,28
  1	 | 	6	 | 	11,40
  2	 | 	3	 | 	18,03
  2	 | 	4	 | 	2,24
  2	 | 	5	 | 	3,61
  3	 | 	8	 | 	9,22
  4	 | 	5	 | 	1,41
  4	 | 	8	 | 	16,64
  5	 | 	7	 | 	13,60
  5	 | 	9	 | 	16,64
  6	 | 	7	 | 	3,16
  6	 | 	8	 | 	1,41
  6	 | 	9	 | 	2,00
  7	 | 	8	 | 	2,00
  7	 | 	9	 | 	3,16
  8	 | 	9	 | 	1,41
  1	 | 	2	 | 	10,00
  1	 | 	8	 | 	11,66
  0	 | 	9	 | 	14,32
  5	 | 	8	 | 	15,26
  0	 | 	4	 | 	12,65
  3	 | 	7	 | 	9,85
  3	 | 	6	 | 	8,06
  0	 | 	6	 | 	12,37
  1	 | 	7	 | 	10,77
  0	 | 	5	 | 	12,08
  3	 | 	4	 | 	16,00
  3	 | 	9	 | 	10,05
  1	 | 	9	 | 	13,04
  0	 | 	8	 | 	13,15
___________________________
Simulation Topology [1:16]
___________________________
From 	  To 		Length
___________________________
  0	 | 	1	 | 	5,00
  0	 | 	3	 | 	5,66
  0	 | 	7	 | 	13,00
  1	 | 	3	 | 	8,06
  1	 | 	4	 | 	8,06
  1	 | 	5	 | 	7,28
  1	 | 	6	 | 	11,40
  2	 | 	3	 | 	18,03
  2	 | 	4	 | 	2,24
  2	 | 	5	 | 	3,61
  3	 | 	8	 | 	9,22
  4	 | 	5	 | 	1,41
  4	 | 	8	 | 	16,64
  5	 | 	7	 | 	13,60
  5	 | 	9	 | 	16,64
  6	 | 	7	 | 	3,16
  6	 | 	8	 | 	1,41
  6	 | 	9	 | 	2,00
  7	 | 	8	 | 	2,00
  7	 | 	9	 | 	3,16
  8	 | 	9	 | 	1,41
  1	 | 	2	 | 	10,00
  1	 | 	8	 | 	11,66
  0	 | 	9	 | 	14,32
  5	 | 	8	 | 	15,26
  0	 | 	4	 | 	12,65
  3	 | 	7	 | 	9,85
  3	 | 	6	 | 	8,06
  0	 | 	6	 | 	12,37
  1	 | 	7	 | 	10,77
  0	 | 	5	 | 	12,08
  3	 | 	4	 | 	16,00
  3	 | 	9	 | 	10,05
  1	 | 	9	 | 	13,04
  0	 | 	8	 | 	13,15
  2	 | 	6	 | 	19,24
___________________________
Simulation Topology [1:17]
___________________________
From 	  To 		Length
___________________________
  0	 | 	1	 | 	5,00
  0	 | 	3	 | 	5,66
  0	 | 	7	 | 	13,00
  1	 | 	3	 | 	8,06
  1	 | 	4	 | 	8,06
  1	 | 	5	 | 	7,28
  1	 | 	6	 | 	11,40
  2	 | 	3	 | 	18,03
  2	 | 	4	 | 	2,24
  2	 | 	5	 | 	3,61
  3	 | 	8	 | 	9,22
  4	 | 	5	 | 	1,41
  4	 | 	8	 | 	16,64
  5	 | 	7	 | 	13,60
  5	 | 	9	 | 	16,64
  6	 | 	7	 | 	3,16
  6	 | 	8	 | 	1,41
  6	 | 	9	 | 	2,00
  7	 | 	8	 | 	2,00
  7	 | 	9	 | 	3,16
  8	 | 	9	 | 	1,41
  1	 | 	2	 | 	10,00
  1	 | 	8	 | 	11,66
  0	 | 	9	 | 	14,32
  5	 | 	8	 | 	15,26
  0	 | 	4	 | 	12,65
  3	 | 	7	 | 	9,85
  3	 | 	6	 | 	8,06
  0	 | 	6	 | 	12,37
  1	 | 	7	 | 	10,77
  0	 | 	5	 | 	12,08
  3	 | 	4	 | 	16,00
  3	 | 	9	 | 	10,05
  1	 | 	9	 | 	13,04
  0	 | 	8	 | 	13,15
  2	 | 	6	 | 	19,24
  0	 | 	2	 | 	14,32
___________________________
Simulation Topology [1:18]
___________________________
From 	  To 		Length
___________________________
  0	 | 	1	 | 	5,00
  0	 | 	3	 | 	5,66
  0	 | 	7	 | 	13,00
  1	 | 	3	 | 	8,06
  1	 | 	4	 | 	8,06
  1	 | 	5	 | 	7,28
  1	 | 	6	 | 	11,40
  2	 | 	3	 | 	18,03
  2	 | 	4	 | 	2,24
  2	 | 	5	 | 	3,61
  3	 | 	8	 | 	9,22
  4	 | 	5	 | 	1,41
  4	 | 	8	 | 	16,64
  5	 | 	7	 | 	13,60
  5	 | 	9	 | 	16,64
  6	 | 	7	 | 	3,16
  6	 | 	8	 | 	1,41
  6	 | 	9	 | 	2,00
  7	 | 	8	 | 	2,00
  7	 | 	9	 | 	3,16
  8	 | 	9	 | 	1,41
  1	 | 	2	 | 	10,00
  1	 | 	8	 | 	11,66
  0	 | 	9	 | 	14,32
  5	 | 	8	 | 	15,26
  0	 | 	4	 | 	12,65
  3	 | 	7	 | 	9,85
  3	 | 	6	 | 	8,06
  0	 | 	6	 | 	12,37
  1	 | 	7	 | 	10,77
  0	 | 	5	 | 	12,08
  3	 | 	4	 | 	16,00
  3	 | 	9	 | 	10,05
  1	 | 	9	 | 	13,04
  0	 | 	8	 | 	13,15
  2	 | 	6	 | 	19,24
  0	 | 	2	 | 	14,32
  2	 | 	7	 | 	17,20
___________________________
Simulation Topology [1:19]
___________________________
From 	  To 		Length
___________________________
  0	 | 	1	 | 	5,00
  0	 | 	3	 | 	5,66
  0	 | 	7	 | 	13,00
  1	 | 	3	 | 	8,06
  1	 | 	4	 | 	8,06
  1	 | 	5	 | 	7,28
  1	 | 	6	 | 	11,40
  2	 | 	3	 | 	18,03
  2	 | 	4	 | 	2,24
  2	 | 	5	 | 	3,61
  3	 | 	8	 | 	9,22
  4	 | 	5	 | 	1,41
  4	 | 	8	 | 	16,64
  5	 | 	7	 | 	13,60
  5	 | 	9	 | 	16,64
  6	 | 	7	 | 	3,16
  6	 | 	8	 | 	1,41
  6	 | 	9	 | 	2,00
  7	 | 	8	 | 	2,00
  7	 | 	9	 | 	3,16
  8	 | 	9	 | 	1,41
  1	 | 	2	 | 	10,00
  1	 | 	8	 | 	11,66
  0	 | 	9	 | 	14,32
  5	 | 	8	 | 	15,26
  0	 | 	4	 | 	12,65
  3	 | 	7	 | 	9,85
  3	 | 	6	 | 	8,06
  0	 | 	6	 | 	12,37
  1	 | 	7	 | 	10,77
  0	 | 	5	 | 	12,08
  3	 | 	4	 | 	16,00
  3	 | 	9	 | 	10,05
  1	 | 	9	 | 	13,04
  0	 | 	8	 | 	13,15
  2	 | 	6	 | 	19,24
  0	 | 	2	 | 	14,32
  2	 | 	7	 | 	17,20
  5	 | 	6	 | 	15,65
___________________________
Simulation Topology [1:20]
___________________________
From 	  To 		Length
___________________________
  0	 | 	1	 | 	5,00
  0	 | 	3	 | 	5,66
  0	 | 	7	 | 	13,00
  1	 | 	3	 | 	8,06
  1	 | 	4	 | 	8,06
  1	 | 	5	 | 	7,28
  1	 | 	6	 | 	11,40
  2	 | 	3	 | 	18,03
  2	 | 	4	 | 	2,24
  2	 | 	5	 | 	3,61
  3	 | 	8	 | 	9,22
  4	 | 	5	 | 	1,41
  4	 | 	8	 | 	16,64
  5	 | 	7	 | 	13,60
  5	 | 	9	 | 	16,64
  6	 | 	7	 | 	3,16
  6	 | 	8	 | 	1,41
  6	 | 	9	 | 	2,00
  7	 | 	8	 | 	2,00
  7	 | 	9	 | 	3,16
  8	 | 	9	 | 	1,41
  1	 | 	2	 | 	10,00
  1	 | 	8	 | 	11,66
  0	 | 	9	 | 	14,32
  5	 | 	8	 | 	15,26
  0	 | 	4	 | 	12,65
  3	 | 	7	 | 	9,85
  3	 | 	6	 | 	8,06
  0	 | 	6	 | 	12,37
  1	 | 	7	 | 	10,77
  0	 | 	5	 | 	12,08
  3	 | 	4	 | 	16,00
  3	 | 	9	 | 	10,05
  1	 | 	9	 | 	13,04
  0	 | 	8	 | 	13,15
  2	 | 	6	 | 	19,24
  0	 | 	2	 | 	14,32
  2	 | 	7	 | 	17,20
  5	 | 	6	 | 	15,65
  3	 | 	5	 | 	15,03
___________________________
