Simulation Topology 1
___________________________
[17]				[0]		
[4]				[1]		
[4]				[2]		
[12]				[4]		
[4]				[5]		
[17]				[5]		
[0]				[6]		
[9]				[6]		
[17]				[7]		
[3]				[7]		
___________________________
Simulation Topology [1:1]
___________________________
From 	  To 		Length
___________________________
  0	 | 	1	 | 	13,04
  0	 | 	4	 | 	13,93
  0	 | 	7	 | 	10,00
  0	 | 	9	 | 	15,65
  1	 | 	4	 | 	4,00
  1	 | 	7	 | 	7,07
  2	 | 	3	 | 	8,25
  2	 | 	6	 | 	5,66
  2	 | 	8	 | 	13,93
  2	 | 	9	 | 	5,10
  3	 | 	7	 | 	3,61
  3	 | 	9	 | 	9,49
  4	 | 	5	 | 	13,00
  4	 | 	8	 | 	13,15
  5	 | 	6	 | 	17,03
  5	 | 	9	 | 	14,14
  6	 | 	9	 | 	3,16
  7	 | 	8	 | 	8,06
___________________________
Simulation Topology [1:2]
___________________________
From 	  To 		Length
___________________________
  0	 | 	1	 | 	13,04
  0	 | 	4	 | 	13,93
  0	 | 	7	 | 	10,00
  0	 | 	9	 | 	15,65
  1	 | 	4	 | 	4,00
  1	 | 	7	 | 	7,07
  2	 | 	3	 | 	8,25
  2	 | 	6	 | 	5,66
  2	 | 	8	 | 	13,93
  2	 | 	9	 | 	5,10
  3	 | 	7	 | 	3,61
  3	 | 	9	 | 	9,49
  4	 | 	5	 | 	13,00
  4	 | 	8	 | 	13,15
  5	 | 	6	 | 	17,03
  5	 | 	9	 | 	14,14
  6	 | 	9	 | 	3,16
  7	 | 	8	 | 	8,06
  1	 | 	5	 | 	13,60
___________________________
Simulation Topology [1:3]
___________________________
From 	  To 		Length
___________________________
  0	 | 	1	 | 	13,04
  0	 | 	4	 | 	13,93
  0	 | 	7	 | 	10,00
  0	 | 	9	 | 	15,65
  1	 | 	4	 | 	4,00
  1	 | 	7	 | 	7,07
  2	 | 	3	 | 	8,25
  2	 | 	6	 | 	5,66
  2	 | 	8	 | 	13,93
  2	 | 	9	 | 	5,10
  3	 | 	7	 | 	3,61
  3	 | 	9	 | 	9,49
  4	 | 	5	 | 	13,00
  4	 | 	8	 | 	13,15
  5	 | 	6	 | 	17,03
  5	 | 	9	 | 	14,14
  6	 | 	9	 | 	3,16
  7	 | 	8	 | 	8,06
  1	 | 	5	 | 	13,60
  3	 | 	8	 | 	5,83
___________________________
