Simulation Topology 1
___________________________
[13]				[0]		
[4]				[0]		
[18]				[1]		
[12]				[2]		
[8]				[2]		
[11]				[4]		
[12]				[5]		
[5]				[5]		
[6]				[6]		
[8]				[7]		
___________________________
Simulation Topology [1:1]
___________________________
From 	  To 		Length
___________________________
  0	 | 	1	 | 	9,00
  0	 | 	5	 | 	4,47
  0	 | 	6	 | 	5,10
  0	 | 	7	 | 	9,43
  0	 | 	8	 | 	9,22
  1	 | 	2	 | 	14,04
  1	 | 	5	 | 	8,06
  1	 | 	7	 | 	5,10
  2	 | 	3	 | 	6,08
  2	 | 	4	 | 	10,05
  2	 | 	9	 | 	11,66
  3	 | 	6	 | 	3,00
  3	 | 	9	 | 	6,40
  4	 | 	5	 | 	3,61
  4	 | 	6	 | 	5,00
  4	 | 	8	 | 	4,47
  5	 | 	8	 | 	5,39
  6	 | 	9	 | 	4,47
  8	 | 	9	 | 	2,24
___________________________
Simulation Topology [1:2]
___________________________
From 	  To 		Length
___________________________
  0	 | 	1	 | 	9,00
  0	 | 	5	 | 	4,47
  0	 | 	6	 | 	5,10
  0	 | 	7	 | 	9,43
  0	 | 	8	 | 	9,22
  1	 | 	2	 | 	14,04
  1	 | 	5	 | 	8,06
  1	 | 	7	 | 	5,10
  2	 | 	3	 | 	6,08
  2	 | 	4	 | 	10,05
  2	 | 	9	 | 	11,66
  3	 | 	6	 | 	3,00
  3	 | 	9	 | 	6,40
  4	 | 	5	 | 	3,61
  4	 | 	6	 | 	5,00
  4	 | 	8	 | 	4,47
  5	 | 	8	 | 	5,39
  6	 | 	9	 | 	4,47
  8	 | 	9	 | 	2,24
  1	 | 	4	 | 	4,47
___________________________
