Simulation Topology 1
___________________________
[1]				[4]		
[8]				[5]		
[3]				[6]		
[9]				[6]		
[5]				[8]		
[15]				[8]		
[10]				[9]		
[4]				[10]		
[7]				[10]		
[3]				[11]		
___________________________
Simulation Topology [1:1]
___________________________
From 	  To 		Length
___________________________
  0	 | 	1	 | 	7,07
  0	 | 	2	 | 	2,83
  0	 | 	5	 | 	14,56
  0	 | 	6	 | 	10,30
  1	 | 	5	 | 	7,62
  1	 | 	6	 | 	4,47
  1	 | 	9	 | 	7,81
  2	 | 	3	 | 	6,00
  2	 | 	8	 | 	5,66
  3	 | 	9	 | 	7,81
  4	 | 	5	 | 	10,00
  4	 | 	7	 | 	2,24
  4	 | 	9	 | 	3,61
  5	 | 	7	 | 	11,18
  5	 | 	9	 | 	12,37
  6	 | 	7	 | 	6,08
  6	 | 	8	 | 	3,16
  8	 | 	9	 | 	4,12
___________________________
Simulation Topology [1:2]
___________________________
From 	  To 		Length
___________________________
  0	 | 	1	 | 	7,07
  0	 | 	2	 | 	2,83
  0	 | 	5	 | 	14,56
  0	 | 	6	 | 	10,30
  1	 | 	5	 | 	7,62
  1	 | 	6	 | 	4,47
  1	 | 	9	 | 	7,81
  2	 | 	3	 | 	6,00
  2	 | 	8	 | 	5,66
  3	 | 	9	 | 	7,81
  4	 | 	5	 | 	10,00
  4	 | 	7	 | 	2,24
  4	 | 	9	 | 	3,61
  5	 | 	7	 | 	11,18
  5	 | 	9	 | 	12,37
  6	 | 	7	 | 	6,08
  6	 | 	8	 | 	3,16
  8	 | 	9	 | 	4,12
  2	 | 	4	 | 	2,83
___________________________
Simulation Topology [1:3]
___________________________
From 	  To 		Length
___________________________
  0	 | 	1	 | 	7,07
  0	 | 	2	 | 	2,83
  0	 | 	5	 | 	14,56
  0	 | 	6	 | 	10,30
  1	 | 	5	 | 	7,62
  1	 | 	6	 | 	4,47
  1	 | 	9	 | 	7,81
  2	 | 	3	 | 	6,00
  2	 | 	8	 | 	5,66
  3	 | 	9	 | 	7,81
  4	 | 	5	 | 	10,00
  4	 | 	7	 | 	2,24
  4	 | 	9	 | 	3,61
  5	 | 	7	 | 	11,18
  5	 | 	9	 | 	12,37
  6	 | 	7	 | 	6,08
  6	 | 	8	 | 	3,16
  8	 | 	9	 | 	4,12
  2	 | 	4	 | 	2,83
  0	 | 	9	 | 	7,28
___________________________
