Simulation Topology 1
___________________________
[4]				[0]		
[8]				[1]		
[14]				[2]		
[7]				[2]		
[12]				[3]		
[7]				[3]		
[4]				[4]		
[8]				[4]		
[8]				[5]		
[15]				[5]		
___________________________
Simulation Topology [1:1]
___________________________
From 	  To 		Length
___________________________
  0	 | 	1	 | 	4,12
  0	 | 	3	 | 	3,61
  0	 | 	5	 | 	4,24
  0	 | 	7	 | 	5,66
  0	 | 	9	 | 	12,08
  1	 | 	2	 | 	6,08
  1	 | 	5	 | 	2,24
  1	 | 	6	 | 	5,00
  2	 | 	3	 | 	7,00
  2	 | 	4	 | 	2,24
  2	 | 	5	 | 	7,07
  3	 | 	8	 | 	3,16
  3	 | 	9	 | 	8,54
  4	 | 	5	 | 	5,00
  6	 | 	7	 | 	4,00
  6	 | 	8	 | 	4,12
  7	 | 	9	 | 	7,07
___________________________
Simulation Topology [1:2]
___________________________
From 	  To 		Length
___________________________
  0	 | 	1	 | 	4,12
  0	 | 	3	 | 	3,61
  0	 | 	5	 | 	4,24
  0	 | 	7	 | 	5,66
  0	 | 	9	 | 	12,08
  1	 | 	2	 | 	6,08
  1	 | 	5	 | 	2,24
  1	 | 	6	 | 	5,00
  2	 | 	3	 | 	7,00
  2	 | 	4	 | 	2,24
  2	 | 	5	 | 	7,07
  3	 | 	8	 | 	3,16
  3	 | 	9	 | 	8,54
  4	 | 	5	 | 	5,00
  6	 | 	7	 | 	4,00
  6	 | 	8	 | 	4,12
  7	 | 	9	 | 	7,07
  1	 | 	7	 | 	3,00
___________________________
Simulation Topology [1:3]
___________________________
From 	  To 		Length
___________________________
  0	 | 	1	 | 	4,12
  0	 | 	3	 | 	3,61
  0	 | 	5	 | 	4,24
  0	 | 	7	 | 	5,66
  0	 | 	9	 | 	12,08
  1	 | 	2	 | 	6,08
  1	 | 	5	 | 	2,24
  1	 | 	6	 | 	5,00
  2	 | 	3	 | 	7,00
  2	 | 	4	 | 	2,24
  2	 | 	5	 | 	7,07
  3	 | 	8	 | 	3,16
  3	 | 	9	 | 	8,54
  4	 | 	5	 | 	5,00
  6	 | 	7	 | 	4,00
  6	 | 	8	 | 	4,12
  7	 | 	9	 | 	7,07
  1	 | 	7	 | 	3,00
  1	 | 	4	 | 	4,47
___________________________
Simulation Topology [1:4]
___________________________
From 	  To 		Length
___________________________
  0	 | 	1	 | 	4,12
  0	 | 	3	 | 	3,61
  0	 | 	5	 | 	4,24
  0	 | 	7	 | 	5,66
  0	 | 	9	 | 	12,08
  1	 | 	2	 | 	6,08
  1	 | 	5	 | 	2,24
  1	 | 	6	 | 	5,00
  2	 | 	3	 | 	7,00
  2	 | 	4	 | 	2,24
  2	 | 	5	 | 	7,07
  3	 | 	8	 | 	3,16
  3	 | 	9	 | 	8,54
  4	 | 	5	 | 	5,00
  6	 | 	7	 | 	4,00
  6	 | 	8	 | 	4,12
  7	 | 	9	 | 	7,07
  1	 | 	7	 | 	3,00
  1	 | 	4	 | 	4,47
  5	 | 	8	 | 	2,24
___________________________
