Simulation Topology 1
___________________________
[17]				[2]		
[5]				[2]		
[13]				[3]		
[5]				[4]		
[13]				[4]		
[4]				[5]		
[8]				[5]		
[3]				[8]		
[1]				[8]		
[2]				[9]		
___________________________
Simulation Topology [1:1]
___________________________
From 	  To 		Length
___________________________
  0	 | 	1	 | 	12,00
  0	 | 	2	 | 	4,12
  0	 | 	6	 | 	9,49
  1	 | 	4	 | 	8,25
  1	 | 	5	 | 	3,16
  2	 | 	3	 | 	8,06
  2	 | 	8	 | 	13,00
  2	 | 	9	 | 	12,53
  3	 | 	5	 | 	1,41
  3	 | 	7	 | 	4,47
  3	 | 	9	 | 	5,83
  4	 | 	5	 | 	9,06
  4	 | 	6	 | 	5,10
  4	 | 	9	 | 	12,08
  6	 | 	7	 | 	5,83
  6	 | 	8	 | 	7,62
___________________________
Simulation Topology [1:2]
___________________________
From 	  To 		Length
___________________________
  0	 | 	1	 | 	12,00
  0	 | 	2	 | 	4,12
  0	 | 	6	 | 	9,49
  1	 | 	4	 | 	8,25
  1	 | 	5	 | 	3,16
  2	 | 	3	 | 	8,06
  2	 | 	8	 | 	13,00
  2	 | 	9	 | 	12,53
  3	 | 	5	 | 	1,41
  3	 | 	7	 | 	4,47
  3	 | 	9	 | 	5,83
  4	 | 	5	 | 	9,06
  4	 | 	6	 | 	5,10
  4	 | 	9	 | 	12,08
  6	 | 	7	 | 	5,83
  6	 | 	8	 | 	7,62
  8	 | 	9	 | 	1,41
___________________________
Simulation Topology [1:3]
___________________________
From 	  To 		Length
___________________________
  0	 | 	1	 | 	12,00
  0	 | 	2	 | 	4,12
  0	 | 	6	 | 	9,49
  1	 | 	4	 | 	8,25
  1	 | 	5	 | 	3,16
  2	 | 	3	 | 	8,06
  2	 | 	8	 | 	13,00
  2	 | 	9	 | 	12,53
  3	 | 	5	 | 	1,41
  3	 | 	7	 | 	4,47
  3	 | 	9	 | 	5,83
  4	 | 	5	 | 	9,06
  4	 | 	6	 | 	5,10
  4	 | 	9	 | 	12,08
  6	 | 	7	 | 	5,83
  6	 | 	8	 | 	7,62
  8	 | 	9	 | 	1,41
  1	 | 	7	 | 	6,32
___________________________
Simulation Topology [1:4]
___________________________
From 	  To 		Length
___________________________
  0	 | 	1	 | 	12,00
  0	 | 	2	 | 	4,12
  0	 | 	6	 | 	9,49
  1	 | 	4	 | 	8,25
  1	 | 	5	 | 	3,16
  2	 | 	3	 | 	8,06
  2	 | 	8	 | 	13,00
  2	 | 	9	 | 	12,53
  3	 | 	5	 | 	1,41
  3	 | 	7	 | 	4,47
  3	 | 	9	 | 	5,83
  4	 | 	5	 | 	9,06
  4	 | 	6	 | 	5,10
  4	 | 	9	 | 	12,08
  6	 | 	7	 | 	5,83
  6	 | 	8	 | 	7,62
  8	 | 	9	 | 	1,41
  1	 | 	7	 | 	6,32
  7	 | 	9	 | 	1,41
___________________________
Simulation Topology [1:5]
___________________________
From 	  To 		Length
___________________________
  0	 | 	1	 | 	12,00
  0	 | 	2	 | 	4,12
  0	 | 	6	 | 	9,49
  1	 | 	4	 | 	8,25
  1	 | 	5	 | 	3,16
  2	 | 	3	 | 	8,06
  2	 | 	8	 | 	13,00
  2	 | 	9	 | 	12,53
  3	 | 	5	 | 	1,41
  3	 | 	7	 | 	4,47
  3	 | 	9	 | 	5,83
  4	 | 	5	 | 	9,06
  4	 | 	6	 | 	5,10
  4	 | 	9	 | 	12,08
  6	 | 	7	 | 	5,83
  6	 | 	8	 | 	7,62
  8	 | 	9	 | 	1,41
  1	 | 	7	 | 	6,32
  7	 | 	9	 | 	1,41
  5	 | 	6	 | 	4,00
___________________________
