Simulation Topology 1
___________________________
[4]				[0]		
[11]				[1]		
[1]				[1]		
[8]				[4]		
[16]				[4]		
[12]				[7]		
[8]				[7]		
[11]				[9]		
[18]				[10]		
[18]				[11]		
___________________________
Simulation Topology [1:1]
___________________________
From 	  To 		Length
___________________________
  0	 | 	1	 | 	7,07
  0	 | 	4	 | 	12,65
  0	 | 	5	 | 	10,63
  0	 | 	9	 | 	17,80
  1	 | 	3	 | 	4,24
  1	 | 	6	 | 	6,71
  1	 | 	7	 | 	8,00
  2	 | 	3	 | 	7,62
  2	 | 	7	 | 	12,81
  2	 | 	8	 | 	19,24
  2	 | 	9	 | 	19,72
  3	 | 	6	 | 	3,00
  3	 | 	8	 | 	11,66
  3	 | 	9	 | 	12,21
  4	 | 	5	 | 	5,00
  4	 | 	6	 | 	8,54
  5	 | 	7	 | 	2,24
  5	 | 	9	 | 	7,21
___________________________
Simulation Topology [1:2]
___________________________
From 	  To 		Length
___________________________
  0	 | 	1	 | 	7,07
  0	 | 	4	 | 	12,65
  0	 | 	5	 | 	10,63
  0	 | 	9	 | 	17,80
  1	 | 	3	 | 	4,24
  1	 | 	6	 | 	6,71
  1	 | 	7	 | 	8,00
  2	 | 	3	 | 	7,62
  2	 | 	7	 | 	12,81
  2	 | 	8	 | 	19,24
  2	 | 	9	 | 	19,72
  3	 | 	6	 | 	3,00
  3	 | 	8	 | 	11,66
  3	 | 	9	 | 	12,21
  4	 | 	5	 | 	5,00
  4	 | 	6	 | 	8,54
  5	 | 	7	 | 	2,24
  5	 | 	9	 | 	7,21
  8	 | 	9	 | 	1,00
___________________________
Simulation Topology [1:3]
___________________________
From 	  To 		Length
___________________________
  0	 | 	1	 | 	7,07
  0	 | 	4	 | 	12,65
  0	 | 	5	 | 	10,63
  0	 | 	9	 | 	17,80
  1	 | 	3	 | 	4,24
  1	 | 	6	 | 	6,71
  1	 | 	7	 | 	8,00
  2	 | 	3	 | 	7,62
  2	 | 	7	 | 	12,81
  2	 | 	8	 | 	19,24
  2	 | 	9	 | 	19,72
  3	 | 	6	 | 	3,00
  3	 | 	8	 | 	11,66
  3	 | 	9	 | 	12,21
  4	 | 	5	 | 	5,00
  4	 | 	6	 | 	8,54
  5	 | 	7	 | 	2,24
  5	 | 	9	 | 	7,21
  8	 | 	9	 | 	1,00
  3	 | 	5	 | 	5,00
___________________________
