Simulation Topology 1
___________________________
[16]				[0]		
[15]				[1]		
[9]				[1]		
[15]				[2]		
[3]				[2]		
[18]				[3]		
[15]				[3]		
[4]				[6]		
[19]				[7]		
[11]				[8]		
___________________________
Simulation Topology [1:1]
___________________________
From 	  To 		Length
___________________________
  0	 | 	1	 | 	1,41
  0	 | 	4	 | 	13,15
  0	 | 	5	 | 	3,61
  0	 | 	9	 | 	9,43
  1	 | 	3	 | 	1,00
  1	 | 	4	 | 	12,04
  1	 | 	7	 | 	12,08
  2	 | 	3	 | 	6,08
  2	 | 	7	 | 	7,07
  2	 | 	9	 | 	7,28
  3	 | 	5	 | 	3,16
  4	 | 	5	 | 	15,03
  4	 | 	7	 | 	4,12
  4	 | 	9	 | 	10,00
  6	 | 	8	 | 	5,66
  6	 | 	9	 | 	6,40
  7	 | 	8	 | 	15,03
  8	 | 	9	 | 	8,06
___________________________
Simulation Topology [1:2]
___________________________
From 	  To 		Length
___________________________
  0	 | 	1	 | 	1,41
  0	 | 	4	 | 	13,15
  0	 | 	5	 | 	3,61
  0	 | 	9	 | 	9,43
  1	 | 	3	 | 	1,00
  1	 | 	4	 | 	12,04
  1	 | 	7	 | 	12,08
  2	 | 	3	 | 	6,08
  2	 | 	7	 | 	7,07
  2	 | 	9	 | 	7,28
  3	 | 	5	 | 	3,16
  4	 | 	5	 | 	15,03
  4	 | 	7	 | 	4,12
  4	 | 	9	 | 	10,00
  6	 | 	8	 | 	5,66
  6	 | 	9	 | 	6,40
  7	 | 	8	 | 	15,03
  8	 | 	9	 | 	8,06
  3	 | 	6	 | 	1,00
___________________________
Simulation Topology [1:3]
___________________________
From 	  To 		Length
___________________________
  0	 | 	1	 | 	1,41
  0	 | 	4	 | 	13,15
  0	 | 	5	 | 	3,61
  0	 | 	9	 | 	9,43
  1	 | 	3	 | 	1,00
  1	 | 	4	 | 	12,04
  1	 | 	7	 | 	12,08
  2	 | 	3	 | 	6,08
  2	 | 	7	 | 	7,07
  2	 | 	9	 | 	7,28
  3	 | 	5	 | 	3,16
  4	 | 	5	 | 	15,03
  4	 | 	7	 | 	4,12
  4	 | 	9	 | 	10,00
  6	 | 	8	 | 	5,66
  6	 | 	9	 | 	6,40
  7	 | 	8	 | 	15,03
  8	 | 	9	 | 	8,06
  3	 | 	6	 | 	1,00
  5	 | 	9	 | 	8,60
___________________________
