Simulation Topology 1
___________________________
[18]				[1]		
[0]				[1]		
[19]				[2]		
[10]				[2]		
[17]				[4]		
[11]				[4]		
[11]				[7]		
[10]				[8]		
[6]				[10]		
[1]				[10]		
___________________________
Simulation Topology [1:1]
___________________________
From 	  To 		Length
___________________________
  0	 | 	1	 | 	18,00
  0	 | 	6	 | 	9,22
  0	 | 	9	 | 	19,24
  1	 | 	4	 | 	17,26
  2	 | 	3	 | 	9,00
  2	 | 	4	 | 	2,83
  2	 | 	5	 | 	8,25
  2	 | 	8	 | 	15,26
  3	 | 	6	 | 	5,10
  4	 | 	5	 | 	6,00
  4	 | 	7	 | 	8,06
  5	 | 	6	 | 	3,00
  5	 | 	7	 | 	4,12
  6	 | 	7	 | 	1,41
  7	 | 	8	 | 	4,47
  7	 | 	9	 | 	9,22
___________________________
Simulation Topology [1:2]
___________________________
From 	  To 		Length
___________________________
  0	 | 	1	 | 	18,00
  0	 | 	6	 | 	9,22
  0	 | 	9	 | 	19,24
  1	 | 	4	 | 	17,26
  2	 | 	3	 | 	9,00
  2	 | 	4	 | 	2,83
  2	 | 	5	 | 	8,25
  2	 | 	8	 | 	15,26
  3	 | 	6	 | 	5,10
  4	 | 	5	 | 	6,00
  4	 | 	7	 | 	8,06
  5	 | 	6	 | 	3,00
  5	 | 	7	 | 	4,12
  6	 | 	7	 | 	1,41
  7	 | 	8	 | 	4,47
  7	 | 	9	 | 	9,22
  3	 | 	5	 | 	2,24
___________________________
Simulation Topology [1:3]
___________________________
From 	  To 		Length
___________________________
  0	 | 	1	 | 	18,00
  0	 | 	6	 | 	9,22
  0	 | 	9	 | 	19,24
  1	 | 	4	 | 	17,26
  2	 | 	3	 | 	9,00
  2	 | 	4	 | 	2,83
  2	 | 	5	 | 	8,25
  2	 | 	8	 | 	15,26
  3	 | 	6	 | 	5,10
  4	 | 	5	 | 	6,00
  4	 | 	7	 | 	8,06
  5	 | 	6	 | 	3,00
  5	 | 	7	 | 	4,12
  6	 | 	7	 | 	1,41
  7	 | 	8	 | 	4,47
  7	 | 	9	 | 	9,22
  3	 | 	5	 | 	2,24
  0	 | 	2	 | 	1,41
___________________________
Simulation Topology [1:4]
___________________________
From 	  To 		Length
___________________________
  0	 | 	1	 | 	18,00
  0	 | 	6	 | 	9,22
  0	 | 	9	 | 	19,24
  1	 | 	4	 | 	17,26
  2	 | 	3	 | 	9,00
  2	 | 	4	 | 	2,83
  2	 | 	5	 | 	8,25
  2	 | 	8	 | 	15,26
  3	 | 	6	 | 	5,10
  4	 | 	5	 | 	6,00
  4	 | 	7	 | 	8,06
  5	 | 	6	 | 	3,00
  5	 | 	7	 | 	4,12
  6	 | 	7	 | 	1,41
  7	 | 	8	 | 	4,47
  7	 | 	9	 | 	9,22
  3	 | 	5	 | 	2,24
  0	 | 	2	 | 	1,41
  0	 | 	4	 | 	3,16
___________________________
Simulation Topology [1:5]
___________________________
From 	  To 		Length
___________________________
  0	 | 	1	 | 	18,00
  0	 | 	6	 | 	9,22
  0	 | 	9	 | 	19,24
  1	 | 	4	 | 	17,26
  2	 | 	3	 | 	9,00
  2	 | 	4	 | 	2,83
  2	 | 	5	 | 	8,25
  2	 | 	8	 | 	15,26
  3	 | 	6	 | 	5,10
  4	 | 	5	 | 	6,00
  4	 | 	7	 | 	8,06
  5	 | 	6	 | 	3,00
  5	 | 	7	 | 	4,12
  6	 | 	7	 | 	1,41
  7	 | 	8	 | 	4,47
  7	 | 	9	 | 	9,22
  3	 | 	5	 | 	2,24
  0	 | 	2	 | 	1,41
  0	 | 	4	 | 	3,16
  8	 | 	9	 | 	5,00
___________________________
