Simulation Topology 1
___________________________
[12]				[0]		
[2]				[0]		
[0]				[1]		
[11]				[1]		
[0]				[4]		
[1]				[5]		
[19]				[6]		
[11]				[7]		
[13]				[11]		
[7]				[11]		
___________________________
Simulation Topology [1:1]
___________________________
From 	  To 		Length
___________________________
  0	 | 	1	 | 	10,00
  0	 | 	3	 | 	1,41
  0	 | 	6	 | 	9,22
  1	 | 	4	 | 	4,47
  2	 | 	3	 | 	11,00
  2	 | 	4	 | 	3,00
  2	 | 	6	 | 	19,65
  2	 | 	8	 | 	16,40
  3	 | 	4	 | 	11,40
  3	 | 	9	 | 	10,77
  4	 | 	5	 | 	1,41
  4	 | 	8	 | 	14,76
  5	 | 	6	 | 	18,03
  5	 | 	7	 | 	10,20
  5	 | 	8	 | 	13,42
  6	 | 	7	 | 	8,06
  6	 | 	8	 | 	7,81
  7	 | 	9	 | 	5,66
___________________________
Simulation Topology [1:2]
___________________________
From 	  To 		Length
___________________________
  0	 | 	1	 | 	10,00
  0	 | 	3	 | 	1,41
  0	 | 	6	 | 	9,22
  1	 | 	4	 | 	4,47
  2	 | 	3	 | 	11,00
  2	 | 	4	 | 	3,00
  2	 | 	6	 | 	19,65
  2	 | 	8	 | 	16,40
  3	 | 	4	 | 	11,40
  3	 | 	9	 | 	10,77
  4	 | 	5	 | 	1,41
  4	 | 	8	 | 	14,76
  5	 | 	6	 | 	18,03
  5	 | 	7	 | 	10,20
  5	 | 	8	 | 	13,42
  6	 | 	7	 | 	8,06
  6	 | 	8	 | 	7,81
  7	 | 	9	 | 	5,66
  1	 | 	2	 | 	2,24
___________________________
Simulation Topology [1:3]
___________________________
From 	  To 		Length
___________________________
  0	 | 	1	 | 	10,00
  0	 | 	3	 | 	1,41
  0	 | 	6	 | 	9,22
  1	 | 	4	 | 	4,47
  2	 | 	3	 | 	11,00
  2	 | 	4	 | 	3,00
  2	 | 	6	 | 	19,65
  2	 | 	8	 | 	16,40
  3	 | 	4	 | 	11,40
  3	 | 	9	 | 	10,77
  4	 | 	5	 | 	1,41
  4	 | 	8	 | 	14,76
  5	 | 	6	 | 	18,03
  5	 | 	7	 | 	10,20
  5	 | 	8	 | 	13,42
  6	 | 	7	 | 	8,06
  6	 | 	8	 | 	7,81
  7	 | 	9	 | 	5,66
  1	 | 	2	 | 	2,24
  3	 | 	6	 | 	9,43
___________________________
