Simulation Topology 1
___________________________
[1]				[0]		
[5]				[1]		
[10]				[4]		
[14]				[4]		
[2]				[7]		
[6]				[7]		
[17]				[9]		
[1]				[9]		
[5]				[10]		
[8]				[11]		
___________________________
Simulation Topology [1:1]
___________________________
From 	  To 		Length
___________________________
  0	 | 	1	 | 	4,12
  0	 | 	3	 | 	13,60
  0	 | 	4	 | 	7,07
  0	 | 	5	 | 	8,60
  1	 | 	3	 | 	9,49
  1	 | 	8	 | 	9,00
  1	 | 	9	 | 	10,44
  2	 | 	3	 | 	4,00
  2	 | 	4	 | 	8,54
  2	 | 	7	 | 	10,30
  3	 | 	8	 | 	10,82
  4	 | 	5	 | 	4,00
  4	 | 	6	 | 	15,13
  5	 | 	8	 | 	3,16
  6	 | 	9	 | 	9,22
  7	 | 	9	 | 	7,28
  8	 | 	9	 | 	3,16
___________________________
Simulation Topology [1:2]
___________________________
From 	  To 		Length
___________________________
  0	 | 	1	 | 	4,12
  0	 | 	3	 | 	13,60
  0	 | 	4	 | 	7,07
  0	 | 	5	 | 	8,60
  1	 | 	3	 | 	9,49
  1	 | 	8	 | 	9,00
  1	 | 	9	 | 	10,44
  2	 | 	3	 | 	4,00
  2	 | 	4	 | 	8,54
  2	 | 	7	 | 	10,30
  3	 | 	8	 | 	10,82
  4	 | 	5	 | 	4,00
  4	 | 	6	 | 	15,13
  5	 | 	8	 | 	3,16
  6	 | 	9	 | 	9,22
  7	 | 	9	 | 	7,28
  8	 | 	9	 | 	3,16
  4	 | 	7	 | 	2,24
___________________________
Simulation Topology [1:3]
___________________________
From 	  To 		Length
___________________________
  0	 | 	1	 | 	4,12
  0	 | 	3	 | 	13,60
  0	 | 	4	 | 	7,07
  0	 | 	5	 | 	8,60
  1	 | 	3	 | 	9,49
  1	 | 	8	 | 	9,00
  1	 | 	9	 | 	10,44
  2	 | 	3	 | 	4,00
  2	 | 	4	 | 	8,54
  2	 | 	7	 | 	10,30
  3	 | 	8	 | 	10,82
  4	 | 	5	 | 	4,00
  4	 | 	6	 | 	15,13
  5	 | 	8	 | 	3,16
  6	 | 	9	 | 	9,22
  7	 | 	9	 | 	7,28
  8	 | 	9	 | 	3,16
  4	 | 	7	 | 	2,24
  4	 | 	8	 | 	4,24
___________________________
Simulation Topology [1:4]
___________________________
From 	  To 		Length
___________________________
  0	 | 	1	 | 	4,12
  0	 | 	3	 | 	13,60
  0	 | 	4	 | 	7,07
  0	 | 	5	 | 	8,60
  1	 | 	3	 | 	9,49
  1	 | 	8	 | 	9,00
  1	 | 	9	 | 	10,44
  2	 | 	3	 | 	4,00
  2	 | 	4	 | 	8,54
  2	 | 	7	 | 	10,30
  3	 | 	8	 | 	10,82
  4	 | 	5	 | 	4,00
  4	 | 	6	 | 	15,13
  5	 | 	8	 | 	3,16
  6	 | 	9	 | 	9,22
  7	 | 	9	 | 	7,28
  8	 | 	9	 | 	3,16
  4	 | 	7	 | 	2,24
  4	 | 	8	 | 	4,24
  2	 | 	9	 | 	7,28
___________________________
