Simulation Topology 1
___________________________
[3]				[0]		
[18]				[1]		
[6]				[2]		
[4]				[2]		
[3]				[3]		
[10]				[3]		
[1]				[5]		
[18]				[6]		
[0]				[7]		
[3]				[7]		
___________________________
Simulation Topology [1:1]
___________________________
From 	  To 		Length
___________________________
  0	 | 	1	 | 	15,03
  0	 | 	3	 | 	2,24
  0	 | 	6	 | 	5,39
  0	 | 	7	 | 	16,16
  0	 | 	9	 | 	7,00
  1	 | 	3	 | 	14,04
  1	 | 	5	 | 	8,25
  1	 | 	6	 | 	17,46
  2	 | 	3	 | 	2,00
  2	 | 	4	 | 	3,16
  2	 | 	7	 | 	12,65
  2	 | 	8	 | 	7,81
  3	 | 	4	 | 	1,41
  3	 | 	7	 | 	14,56
  3	 | 	8	 | 	6,40
  4	 | 	5	 | 	7,00
  4	 | 	9	 | 	4,00
  6	 | 	7	 | 	17,03
  6	 | 	9	 | 	2,83
___________________________
Simulation Topology [1:2]
___________________________
From 	  To 		Length
___________________________
  0	 | 	1	 | 	15,03
  0	 | 	3	 | 	2,24
  0	 | 	6	 | 	5,39
  0	 | 	7	 | 	16,16
  0	 | 	9	 | 	7,00
  1	 | 	3	 | 	14,04
  1	 | 	5	 | 	8,25
  1	 | 	6	 | 	17,46
  2	 | 	3	 | 	2,00
  2	 | 	4	 | 	3,16
  2	 | 	7	 | 	12,65
  2	 | 	8	 | 	7,81
  3	 | 	4	 | 	1,41
  3	 | 	7	 | 	14,56
  3	 | 	8	 | 	6,40
  4	 | 	5	 | 	7,00
  4	 | 	9	 | 	4,00
  6	 | 	7	 | 	17,03
  6	 | 	9	 | 	2,83
  4	 | 	6	 | 	2,83
___________________________
