Simulation Topology 1
___________________________
[6]				[2]		
[7]				[3]		
[15]				[3]		
[0]				[4]		
[3]				[6]		
[6]				[6]		
[17]				[7]		
[9]				[7]		
[7]				[8]		
[5]				[8]		
___________________________
Simulation Topology [1:1]
___________________________
From 	  To 		Length
___________________________
  0	 | 	1	 | 	1,41
  0	 | 	2	 | 	9,06
  0	 | 	3	 | 	6,32
  0	 | 	5	 | 	4,00
  1	 | 	5	 | 	3,16
  1	 | 	7	 | 	4,47
  2	 | 	3	 | 	15,03
  2	 | 	7	 | 	7,21
  2	 | 	8	 | 	9,43
  3	 | 	5	 | 	6,32
  3	 | 	9	 | 	6,40
  4	 | 	5	 | 	3,00
  4	 | 	9	 | 	2,83
  5	 | 	9	 | 	2,24
  6	 | 	7	 | 	8,00
  6	 | 	8	 | 	10,05
  6	 | 	9	 | 	12,04
  8	 | 	9	 | 	2,00
___________________________
Simulation Topology [1:2]
___________________________
From 	  To 		Length
___________________________
  0	 | 	1	 | 	1,41
  0	 | 	2	 | 	9,06
  0	 | 	3	 | 	6,32
  0	 | 	5	 | 	4,00
  1	 | 	5	 | 	3,16
  1	 | 	7	 | 	4,47
  2	 | 	3	 | 	15,03
  2	 | 	7	 | 	7,21
  2	 | 	8	 | 	9,43
  3	 | 	5	 | 	6,32
  3	 | 	9	 | 	6,40
  4	 | 	5	 | 	3,00
  4	 | 	9	 | 	2,83
  5	 | 	9	 | 	2,24
  6	 | 	7	 | 	8,00
  6	 | 	8	 | 	10,05
  6	 | 	9	 | 	12,04
  8	 | 	9	 | 	2,00
  5	 | 	8	 | 	2,24
___________________________
Simulation Topology [1:3]
___________________________
From 	  To 		Length
___________________________
  0	 | 	1	 | 	1,41
  0	 | 	2	 | 	9,06
  0	 | 	3	 | 	6,32
  0	 | 	5	 | 	4,00
  1	 | 	5	 | 	3,16
  1	 | 	7	 | 	4,47
  2	 | 	3	 | 	15,03
  2	 | 	7	 | 	7,21
  2	 | 	8	 | 	9,43
  3	 | 	5	 | 	6,32
  3	 | 	9	 | 	6,40
  4	 | 	5	 | 	3,00
  4	 | 	9	 | 	2,83
  5	 | 	9	 | 	2,24
  6	 | 	7	 | 	8,00
  6	 | 	8	 | 	10,05
  6	 | 	9	 | 	12,04
  8	 | 	9	 | 	2,00
  5	 | 	8	 | 	2,24
  4	 | 	8	 | 	4,47
___________________________
