Simulation Topology 1
___________________________
[7]				[0]		
[14]				[0]		
[18]				[3]		
[1]				[3]		
[14]				[5]		
[14]				[6]		
[17]				[6]		
[6]				[7]		
[19]				[8]		
[10]				[8]		
___________________________
Simulation Topology [1:1]
___________________________
From 	  To 		Length
___________________________
  0	 | 	1	 | 	7,00
  0	 | 	7	 | 	7,07
  0	 | 	8	 | 	14,42
  0	 | 	9	 | 	8,54
  1	 | 	3	 | 	13,34
  2	 | 	3	 | 	17,00
  2	 | 	4	 | 	4,47
  2	 | 	5	 | 	5,00
  2	 | 	6	 | 	3,16
  2	 | 	7	 | 	12,65
  3	 | 	4	 | 	13,15
  3	 | 	5	 | 	13,34
  3	 | 	8	 | 	18,68
  4	 | 	5	 | 	1,00
  4	 | 	6	 | 	3,16
  4	 | 	9	 | 	5,00
  6	 | 	7	 | 	11,05
  6	 | 	8	 | 	2,83
___________________________
Simulation Topology [1:2]
___________________________
From 	  To 		Length
___________________________
  0	 | 	1	 | 	7,00
  0	 | 	7	 | 	7,07
  0	 | 	8	 | 	14,42
  0	 | 	9	 | 	8,54
  1	 | 	3	 | 	13,34
  2	 | 	3	 | 	17,00
  2	 | 	4	 | 	4,47
  2	 | 	5	 | 	5,00
  2	 | 	6	 | 	3,16
  2	 | 	7	 | 	12,65
  3	 | 	4	 | 	13,15
  3	 | 	5	 | 	13,34
  3	 | 	8	 | 	18,68
  4	 | 	5	 | 	1,00
  4	 | 	6	 | 	3,16
  4	 | 	9	 | 	5,00
  6	 | 	7	 | 	11,05
  6	 | 	8	 | 	2,83
  5	 | 	6	 | 	3,00
___________________________
Simulation Topology [1:3]
___________________________
From 	  To 		Length
___________________________
  0	 | 	1	 | 	7,00
  0	 | 	7	 | 	7,07
  0	 | 	8	 | 	14,42
  0	 | 	9	 | 	8,54
  1	 | 	3	 | 	13,34
  2	 | 	3	 | 	17,00
  2	 | 	4	 | 	4,47
  2	 | 	5	 | 	5,00
  2	 | 	6	 | 	3,16
  2	 | 	7	 | 	12,65
  3	 | 	4	 | 	13,15
  3	 | 	5	 | 	13,34
  3	 | 	8	 | 	18,68
  4	 | 	5	 | 	1,00
  4	 | 	6	 | 	3,16
  4	 | 	9	 | 	5,00
  6	 | 	7	 | 	11,05
  6	 | 	8	 | 	2,83
  5	 | 	6	 | 	3,00
  4	 | 	8	 | 	5,83
___________________________
