Simulation Topology 1
___________________________
[13]				[1]		
[0]				[3]		
[7]				[3]		
[9]				[5]		
[4]				[5]		
[17]				[6]		
[10]				[7]		
[8]				[7]		
[6]				[8]		
[8]				[10]		
___________________________
Simulation Topology [1:1]
___________________________
From 	  To 		Length
___________________________
  0	 | 	1	 | 	13,15
  0	 | 	2	 | 	6,32
  0	 | 	6	 | 	6,71
  1	 | 	6	 | 	10,77
  1	 | 	7	 | 	8,94
  1	 | 	8	 | 	7,81
  2	 | 	3	 | 	2,83
  2	 | 	6	 | 	5,00
  2	 | 	7	 | 	4,12
  2	 | 	9	 | 	7,07
  3	 | 	5	 | 	8,06
  3	 | 	9	 | 	5,10
  4	 | 	5	 | 	13,04
  4	 | 	9	 | 	6,40
  5	 | 	6	 | 	7,07
  5	 | 	7	 | 	9,06
  7	 | 	8	 | 	2,24
  7	 | 	9	 | 	3,00
  8	 | 	9	 | 	2,83
___________________________
Simulation Topology [1:2]
___________________________
From 	  To 		Length
___________________________
  0	 | 	1	 | 	13,15
  0	 | 	2	 | 	6,32
  0	 | 	6	 | 	6,71
  1	 | 	6	 | 	10,77
  1	 | 	7	 | 	8,94
  1	 | 	8	 | 	7,81
  2	 | 	3	 | 	2,83
  2	 | 	6	 | 	5,00
  2	 | 	7	 | 	4,12
  2	 | 	9	 | 	7,07
  3	 | 	5	 | 	8,06
  3	 | 	9	 | 	5,10
  4	 | 	5	 | 	13,04
  4	 | 	9	 | 	6,40
  5	 | 	6	 | 	7,07
  5	 | 	7	 | 	9,06
  7	 | 	8	 | 	2,24
  7	 | 	9	 | 	3,00
  8	 | 	9	 | 	2,83
  3	 | 	8	 | 	4,24
___________________________
