Simulation Topology 1
___________________________
[18]				[0]		
[4]				[1]		
[3]				[3]		
[5]				[5]		
[16]				[5]		
[4]				[6]		
[13]				[6]		
[9]				[8]		
[9]				[10]		
[17]				[10]		
___________________________
Simulation Topology [1:1]
___________________________
From 	  To 		Length
___________________________
  0	 | 	1	 | 	14,04
  0	 | 	2	 | 	15,30
  0	 | 	3	 | 	13,93
  0	 | 	4	 | 	5,39
  1	 | 	2	 | 	2,24
  1	 | 	5	 | 	5,00
  1	 | 	7	 | 	8,60
  1	 | 	8	 | 	10,30
  2	 | 	3	 | 	2,83
  2	 | 	6	 | 	10,44
  2	 | 	7	 | 	7,81
  3	 | 	6	 | 	8,06
  4	 | 	5	 | 	12,04
  4	 | 	8	 | 	8,60
  5	 | 	8	 | 	6,40
  5	 | 	9	 | 	13,60
  6	 | 	7	 | 	4,47
  6	 | 	9	 | 	5,66
  7	 | 	8	 | 	2,00
___________________________
Simulation Topology [1:2]
___________________________
From 	  To 		Length
___________________________
  0	 | 	1	 | 	14,04
  0	 | 	2	 | 	15,30
  0	 | 	3	 | 	13,93
  0	 | 	4	 | 	5,39
  1	 | 	2	 | 	2,24
  1	 | 	5	 | 	5,00
  1	 | 	7	 | 	8,60
  1	 | 	8	 | 	10,30
  2	 | 	3	 | 	2,83
  2	 | 	6	 | 	10,44
  2	 | 	7	 | 	7,81
  3	 | 	6	 | 	8,06
  4	 | 	5	 | 	12,04
  4	 | 	8	 | 	8,60
  5	 | 	8	 | 	6,40
  5	 | 	9	 | 	13,60
  6	 | 	7	 | 	4,47
  6	 | 	9	 | 	5,66
  7	 | 	8	 | 	2,00
  3	 | 	8	 | 	6,40
___________________________
