Simulation Topology 1
___________________________
[0]				[1]		
[6]				[2]		
[15]				[2]		
[0]				[3]		
[14]				[4]		
[12]				[4]		
[6]				[7]		
[2]				[7]		
[15]				[8]		
[12]				[10]		
___________________________
Simulation Topology [1:1]
___________________________
From 	  To 		Length
___________________________
  0	 | 	1	 | 	6,08
  0	 | 	3	 | 	2,00
  0	 | 	5	 | 	12,37
  0	 | 	7	 | 	6,32
  0	 | 	8	 | 	16,55
  0	 | 	9	 | 	15,00
  1	 | 	3	 | 	6,08
  1	 | 	4	 | 	8,25
  1	 | 	7	 | 	6,40
  1	 | 	8	 | 	10,82
  2	 | 	3	 | 	15,03
  2	 | 	8	 | 	6,00
  2	 | 	9	 | 	8,54
  3	 | 	6	 | 	7,21
  3	 | 	8	 | 	15,81
  4	 | 	5	 | 	2,00
  4	 | 	6	 | 	8,54
  5	 | 	6	 | 	6,71
___________________________
Simulation Topology [1:2]
___________________________
From 	  To 		Length
___________________________
  0	 | 	1	 | 	6,08
  0	 | 	3	 | 	2,00
  0	 | 	5	 | 	12,37
  0	 | 	7	 | 	6,32
  0	 | 	8	 | 	16,55
  0	 | 	9	 | 	15,00
  1	 | 	3	 | 	6,08
  1	 | 	4	 | 	8,25
  1	 | 	7	 | 	6,40
  1	 | 	8	 | 	10,82
  2	 | 	3	 | 	15,03
  2	 | 	8	 | 	6,00
  2	 | 	9	 | 	8,54
  3	 | 	6	 | 	7,21
  3	 | 	8	 | 	15,81
  4	 | 	5	 | 	2,00
  4	 | 	6	 | 	8,54
  5	 | 	6	 | 	6,71
  2	 | 	5	 | 	3,61
___________________________
Simulation Topology [1:3]
___________________________
From 	  To 		Length
___________________________
  0	 | 	1	 | 	6,08
  0	 | 	3	 | 	2,00
  0	 | 	5	 | 	12,37
  0	 | 	7	 | 	6,32
  0	 | 	8	 | 	16,55
  0	 | 	9	 | 	15,00
  1	 | 	3	 | 	6,08
  1	 | 	4	 | 	8,25
  1	 | 	7	 | 	6,40
  1	 | 	8	 | 	10,82
  2	 | 	3	 | 	15,03
  2	 | 	8	 | 	6,00
  2	 | 	9	 | 	8,54
  3	 | 	6	 | 	7,21
  3	 | 	8	 | 	15,81
  4	 | 	5	 | 	2,00
  4	 | 	6	 | 	8,54
  5	 | 	6	 | 	6,71
  2	 | 	5	 | 	3,61
  1	 | 	9	 | 	10,00
___________________________
