Simulation Topology 1
___________________________
[15]				[0]		
[11]				[1]		
[19]				[1]		
[7]				[2]		
[12]				[3]		
[17]				[3]		
[12]				[4]		
[18]				[4]		
[6]				[5]		
[9]				[6]		
___________________________
Simulation Topology [1:1]
___________________________
From 	  To 		Length
___________________________
  0	 | 	1	 | 	4,12
  0	 | 	3	 | 	8,25
  0	 | 	6	 | 	5,00
  0	 | 	8	 | 	10,30
  0	 | 	9	 | 	8,49
  1	 | 	3	 | 	4,12
  1	 | 	4	 | 	2,24
  1	 | 	7	 | 	7,62
  1	 | 	8	 | 	6,40
  2	 | 	3	 | 	12,04
  2	 | 	4	 | 	7,28
  2	 | 	7	 | 	3,16
  3	 | 	8	 | 	3,16
  4	 | 	5	 | 	5,00
  4	 | 	9	 | 	4,24
  5	 | 	6	 | 	5,10
  5	 | 	9	 | 	8,54
  6	 | 	8	 | 	6,08
  7	 | 	9	 | 	9,22
___________________________
Simulation Topology [1:2]
___________________________
From 	  To 		Length
___________________________
  0	 | 	1	 | 	4,12
  0	 | 	3	 | 	8,25
  0	 | 	6	 | 	5,00
  0	 | 	8	 | 	10,30
  0	 | 	9	 | 	8,49
  1	 | 	3	 | 	4,12
  1	 | 	4	 | 	2,24
  1	 | 	7	 | 	7,62
  1	 | 	8	 | 	6,40
  2	 | 	3	 | 	12,04
  2	 | 	4	 | 	7,28
  2	 | 	7	 | 	3,16
  3	 | 	8	 | 	3,16
  4	 | 	5	 | 	5,00
  4	 | 	9	 | 	4,24
  5	 | 	6	 | 	5,10
  5	 | 	9	 | 	8,54
  6	 | 	8	 | 	6,08
  7	 | 	9	 | 	9,22
  2	 | 	5	 | 	2,83
___________________________
