Simulation Topology 1
___________________________
[18]				[0]		
[13]				[0]		
[3]				[1]		
[16]				[2]		
[7]				[2]		
[18]				[3]		
[10]				[3]		
[16]				[4]		
[3]				[5]		
[4]				[6]		
___________________________
Simulation Topology [1:1]
___________________________
From 	  To 		Length
___________________________
  0	 | 	1	 | 	5,00
  0	 | 	4	 | 	11,18
  0	 | 	6	 | 	8,54
  1	 | 	7	 | 	5,00
  1	 | 	8	 | 	11,18
  2	 | 	3	 | 	13,04
  2	 | 	5	 | 	15,13
  2	 | 	6	 | 	7,28
  2	 | 	7	 | 	13,34
  2	 | 	9	 | 	5,10
  3	 | 	8	 | 	13,34
  3	 | 	9	 | 	12,65
  4	 | 	5	 | 	11,05
  4	 | 	7	 | 	9,22
  4	 | 	9	 | 	5,00
  5	 | 	7	 | 	2,24
  6	 | 	8	 | 	7,28
  6	 | 	9	 | 	6,71
___________________________
Simulation Topology [1:2]
___________________________
From 	  To 		Length
___________________________
  0	 | 	1	 | 	5,00
  0	 | 	4	 | 	11,18
  0	 | 	6	 | 	8,54
  1	 | 	7	 | 	5,00
  1	 | 	8	 | 	11,18
  2	 | 	3	 | 	13,04
  2	 | 	5	 | 	15,13
  2	 | 	6	 | 	7,28
  2	 | 	7	 | 	13,34
  2	 | 	9	 | 	5,10
  3	 | 	8	 | 	13,34
  3	 | 	9	 | 	12,65
  4	 | 	5	 | 	11,05
  4	 | 	7	 | 	9,22
  4	 | 	9	 | 	5,00
  5	 | 	7	 | 	2,24
  6	 | 	8	 | 	7,28
  6	 | 	9	 | 	6,71
  0	 | 	3	 | 	2,83
___________________________
Simulation Topology [1:3]
___________________________
From 	  To 		Length
___________________________
  0	 | 	1	 | 	5,00
  0	 | 	4	 | 	11,18
  0	 | 	6	 | 	8,54
  1	 | 	7	 | 	5,00
  1	 | 	8	 | 	11,18
  2	 | 	3	 | 	13,04
  2	 | 	5	 | 	15,13
  2	 | 	6	 | 	7,28
  2	 | 	7	 | 	13,34
  2	 | 	9	 | 	5,10
  3	 | 	8	 | 	13,34
  3	 | 	9	 | 	12,65
  4	 | 	5	 | 	11,05
  4	 | 	7	 | 	9,22
  4	 | 	9	 | 	5,00
  5	 | 	7	 | 	2,24
  6	 | 	8	 | 	7,28
  6	 | 	9	 | 	6,71
  0	 | 	3	 | 	2,83
  3	 | 	5	 | 	2,24
___________________________
