Simulation Topology 1
___________________________
[11]				[1]		
[9]				[1]		
[15]				[2]		
[13]				[2]		
[18]				[3]		
[1]				[3]		
[7]				[4]		
[11]				[6]		
[1]				[8]		
[8]				[8]		
___________________________
Simulation Topology [1:1]
___________________________
From 	  To 		Length
___________________________
  0	 | 	1	 | 	2,00
  0	 | 	2	 | 	4,12
  0	 | 	4	 | 	7,28
  0	 | 	5	 | 	10,20
  0	 | 	6	 | 	5,00
  1	 | 	4	 | 	9,22
  1	 | 	8	 | 	10,63
  2	 | 	3	 | 	2,00
  2	 | 	6	 | 	8,25
  3	 | 	7	 | 	4,47
  3	 | 	8	 | 	13,42
  4	 | 	5	 | 	17,00
  4	 | 	7	 | 	7,62
  4	 | 	9	 | 	11,18
  5	 | 	9	 | 	8,60
  6	 | 	7	 | 	4,47
  6	 | 	9	 | 	4,12
  7	 | 	9	 | 	3,61
___________________________
Simulation Topology [1:2]
___________________________
From 	  To 		Length
___________________________
  0	 | 	1	 | 	2,00
  0	 | 	2	 | 	4,12
  0	 | 	4	 | 	7,28
  0	 | 	5	 | 	10,20
  0	 | 	6	 | 	5,00
  1	 | 	4	 | 	9,22
  1	 | 	8	 | 	10,63
  2	 | 	3	 | 	2,00
  2	 | 	6	 | 	8,25
  3	 | 	7	 | 	4,47
  3	 | 	8	 | 	13,42
  4	 | 	5	 | 	17,00
  4	 | 	7	 | 	7,62
  4	 | 	9	 | 	11,18
  5	 | 	9	 | 	8,60
  6	 | 	7	 | 	4,47
  6	 | 	9	 | 	4,12
  7	 | 	9	 | 	3,61
  0	 | 	7	 | 	5,00
___________________________
Simulation Topology [1:3]
___________________________
From 	  To 		Length
___________________________
  0	 | 	1	 | 	2,00
  0	 | 	2	 | 	4,12
  0	 | 	4	 | 	7,28
  0	 | 	5	 | 	10,20
  0	 | 	6	 | 	5,00
  1	 | 	4	 | 	9,22
  1	 | 	8	 | 	10,63
  2	 | 	3	 | 	2,00
  2	 | 	6	 | 	8,25
  3	 | 	7	 | 	4,47
  3	 | 	8	 | 	13,42
  4	 | 	5	 | 	17,00
  4	 | 	7	 | 	7,62
  4	 | 	9	 | 	11,18
  5	 | 	9	 | 	8,60
  6	 | 	7	 | 	4,47
  6	 | 	9	 | 	4,12
  7	 | 	9	 | 	3,61
  0	 | 	7	 | 	5,00
  2	 | 	4	 | 	3,16
___________________________
