Simulation Topology 1
___________________________
[14]				[0]		
[4]				[0]		
[15]				[1]		
[14]				[2]		
[5]				[2]		
[2]				[3]		
[5]				[5]		
[9]				[6]		
[4]				[6]		
[4]				[7]		
___________________________
Simulation Topology [1:1]
___________________________
From 	  To 		Length
___________________________
  0	 | 	1	 | 	10,00
  0	 | 	2	 | 	1,41
  0	 | 	6	 | 	10,30
  1	 | 	4	 | 	2,24
  1	 | 	5	 | 	3,61
  1	 | 	7	 | 	7,81
  1	 | 	9	 | 	7,00
  2	 | 	3	 | 	1,41
  2	 | 	6	 | 	10,77
  2	 | 	8	 | 	12,08
  2	 | 	9	 | 	12,53
  3	 | 	8	 | 	10,77
  4	 | 	5	 | 	3,16
  4	 | 	8	 | 	4,12
  5	 | 	7	 | 	7,62
  5	 | 	9	 | 	4,47
  6	 | 	7	 | 	4,12
  6	 | 	8	 | 	1,41
  6	 | 	9	 | 	2,24
___________________________
Simulation Topology [1:2]
___________________________
From 	  To 		Length
___________________________
  0	 | 	1	 | 	10,00
  0	 | 	2	 | 	1,41
  0	 | 	6	 | 	10,30
  1	 | 	4	 | 	2,24
  1	 | 	5	 | 	3,61
  1	 | 	7	 | 	7,81
  1	 | 	9	 | 	7,00
  2	 | 	3	 | 	1,41
  2	 | 	6	 | 	10,77
  2	 | 	8	 | 	12,08
  2	 | 	9	 | 	12,53
  3	 | 	8	 | 	10,77
  4	 | 	5	 | 	3,16
  4	 | 	8	 | 	4,12
  5	 | 	7	 | 	7,62
  5	 | 	9	 | 	4,47
  6	 | 	7	 | 	4,12
  6	 | 	8	 | 	1,41
  6	 | 	9	 | 	2,24
  4	 | 	7	 | 	5,66
___________________________
