Simulation Topology 1
___________________________
[6]				[0]		
[10]				[1]		
[13]				[2]		
[5]				[2]		
[1]				[4]		
[3]				[5]		
[9]				[5]		
[15]				[6]		
[13]				[6]		
[0]				[7]		
___________________________
Simulation Topology [1:1]
___________________________
From 	  To 		Length
___________________________
  0	 | 	1	 | 	4,12
  0	 | 	5	 | 	5,83
  0	 | 	6	 | 	5,83
  0	 | 	9	 | 	9,22
  1	 | 	6	 | 	4,12
  1	 | 	7	 | 	7,07
  2	 | 	3	 | 	8,00
  2	 | 	5	 | 	10,44
  2	 | 	6	 | 	5,00
  2	 | 	7	 | 	4,47
  3	 | 	4	 | 	4,47
  3	 | 	5	 | 	3,61
  3	 | 	9	 | 	7,07
  4	 | 	5	 | 	2,24
  4	 | 	7	 | 	14,14
  4	 | 	8	 | 	12,17
  5	 | 	6	 | 	6,00
  6	 | 	7	 | 	6,08
  7	 | 	8	 | 	2,00
___________________________
Simulation Topology [1:2]
___________________________
From 	  To 		Length
___________________________
  0	 | 	1	 | 	4,12
  0	 | 	5	 | 	5,83
  0	 | 	6	 | 	5,83
  0	 | 	9	 | 	9,22
  1	 | 	6	 | 	4,12
  1	 | 	7	 | 	7,07
  2	 | 	3	 | 	8,00
  2	 | 	5	 | 	10,44
  2	 | 	6	 | 	5,00
  2	 | 	7	 | 	4,47
  3	 | 	4	 | 	4,47
  3	 | 	5	 | 	3,61
  3	 | 	9	 | 	7,07
  4	 | 	5	 | 	2,24
  4	 | 	7	 | 	14,14
  4	 | 	8	 | 	12,17
  5	 | 	6	 | 	6,00
  6	 | 	7	 | 	6,08
  7	 | 	8	 | 	2,00
  4	 | 	9	 | 	3,16
___________________________
