Simulation Topology 1
___________________________
[3]				[0]		
[7]				[1]		
[12]				[2]		
[8]				[2]		
[6]				[3]		
[3]				[7]		
[18]				[8]		
[7]				[8]		
[12]				[12]		
[14]				[12]		
___________________________
Simulation Topology [1:1]
___________________________
From 	  To 		Length
___________________________
  0	 | 	1	 | 	4,12
  0	 | 	3	 | 	5,39
  0	 | 	5	 | 	7,00
  0	 | 	6	 | 	17,00
  1	 | 	3	 | 	1,41
  1	 | 	5	 | 	7,21
  1	 | 	7	 | 	7,00
  1	 | 	8	 | 	12,08
  1	 | 	9	 | 	13,04
  2	 | 	3	 | 	4,00
  2	 | 	9	 | 	10,20
  3	 | 	5	 | 	7,07
  4	 | 	5	 | 	5,00
  4	 | 	6	 | 	13,00
  4	 | 	7	 | 	5,10
  5	 | 	6	 | 	15,03
  6	 | 	9	 | 	5,66
  7	 | 	8	 | 	6,40
  8	 | 	9	 | 	2,00
___________________________
Simulation Topology [1:2]
___________________________
From 	  To 		Length
___________________________
  0	 | 	1	 | 	4,12
  0	 | 	3	 | 	5,39
  0	 | 	5	 | 	7,00
  0	 | 	6	 | 	17,00
  1	 | 	3	 | 	1,41
  1	 | 	5	 | 	7,21
  1	 | 	7	 | 	7,00
  1	 | 	8	 | 	12,08
  1	 | 	9	 | 	13,04
  2	 | 	3	 | 	4,00
  2	 | 	9	 | 	10,20
  3	 | 	5	 | 	7,07
  4	 | 	5	 | 	5,00
  4	 | 	6	 | 	13,00
  4	 | 	7	 | 	5,10
  5	 | 	6	 | 	15,03
  6	 | 	9	 | 	5,66
  7	 | 	8	 | 	6,40
  8	 | 	9	 | 	2,00
  3	 | 	4	 | 	2,24
___________________________
