Simulation Topology 1
___________________________
[13]				[0]		
[11]				[1]		
[0]				[1]		
[12]				[2]		
[9]				[3]		
[4]				[3]		
[17]				[6]		
[11]				[7]		
[8]				[9]		
[13]				[9]		
___________________________
Simulation Topology [1:1]
___________________________
From 	  To 		Length
___________________________
  0	 | 	1	 | 	2,24
  0	 | 	3	 | 	2,24
  0	 | 	4	 | 	5,00
  1	 | 	5	 | 	7,28
  1	 | 	7	 | 	6,00
  2	 | 	3	 | 	12,04
  2	 | 	5	 | 	4,47
  2	 | 	7	 | 	12,53
  3	 | 	4	 | 	3,16
  3	 | 	7	 | 	5,10
  3	 | 	8	 | 	8,06
  3	 | 	9	 | 	7,07
  4	 | 	5	 | 	5,00
  4	 | 	9	 | 	7,21
  5	 | 	6	 | 	13,34
  5	 | 	7	 | 	8,06
  6	 | 	8	 | 	9,49
  7	 | 	8	 | 	3,61
___________________________
Simulation Topology [1:2]
___________________________
From 	  To 		Length
___________________________
  0	 | 	1	 | 	2,24
  0	 | 	3	 | 	2,24
  0	 | 	4	 | 	5,00
  1	 | 	5	 | 	7,28
  1	 | 	7	 | 	6,00
  2	 | 	3	 | 	12,04
  2	 | 	5	 | 	4,47
  2	 | 	7	 | 	12,53
  3	 | 	4	 | 	3,16
  3	 | 	7	 | 	5,10
  3	 | 	8	 | 	8,06
  3	 | 	9	 | 	7,07
  4	 | 	5	 | 	5,00
  4	 | 	9	 | 	7,21
  5	 | 	6	 | 	13,34
  5	 | 	7	 | 	8,06
  6	 | 	8	 | 	9,49
  7	 | 	8	 | 	3,61
  1	 | 	3	 | 	1,41
___________________________
Simulation Topology [1:3]
___________________________
From 	  To 		Length
___________________________
  0	 | 	1	 | 	2,24
  0	 | 	3	 | 	2,24
  0	 | 	4	 | 	5,00
  1	 | 	5	 | 	7,28
  1	 | 	7	 | 	6,00
  2	 | 	3	 | 	12,04
  2	 | 	5	 | 	4,47
  2	 | 	7	 | 	12,53
  3	 | 	4	 | 	3,16
  3	 | 	7	 | 	5,10
  3	 | 	8	 | 	8,06
  3	 | 	9	 | 	7,07
  4	 | 	5	 | 	5,00
  4	 | 	9	 | 	7,21
  5	 | 	6	 | 	13,34
  5	 | 	7	 | 	8,06
  6	 | 	8	 | 	9,49
  7	 | 	8	 | 	3,61
  1	 | 	3	 | 	1,41
  1	 | 	6	 | 	7,81
___________________________
