Simulation Topology 1
___________________________
[5]				[0]		
[7]				[0]		
[19]				[1]		
[4]				[1]		
[9]				[2]		
[7]				[2]		
[9]				[3]		
[1]				[3]		
[8]				[8]		
[0]				[9]		
___________________________
Simulation Topology [1:1]
___________________________
From 	  To 		Length
___________________________
  0	 | 	1	 | 	2,00
  0	 | 	6	 | 	5,00
  1	 | 	4	 | 	2,83
  1	 | 	6	 | 	3,61
  2	 | 	3	 | 	15,00
  2	 | 	5	 | 	12,04
  3	 | 	5	 | 	3,16
  3	 | 	8	 | 	8,06
  3	 | 	9	 | 	8,94
  4	 | 	5	 | 	2,00
  4	 | 	6	 | 	1,00
  4	 | 	7	 | 	8,06
  5	 | 	8	 | 	6,08
  6	 | 	7	 | 	8,00
  6	 | 	9	 | 	10,82
  7	 | 	9	 | 	6,08
  8	 | 	9	 | 	8,06
___________________________
Simulation Topology [1:2]
___________________________
From 	  To 		Length
___________________________
  0	 | 	1	 | 	2,00
  0	 | 	6	 | 	5,00
  1	 | 	4	 | 	2,83
  1	 | 	6	 | 	3,61
  2	 | 	3	 | 	15,00
  2	 | 	5	 | 	12,04
  3	 | 	5	 | 	3,16
  3	 | 	8	 | 	8,06
  3	 | 	9	 | 	8,94
  4	 | 	5	 | 	2,00
  4	 | 	6	 | 	1,00
  4	 | 	7	 | 	8,06
  5	 | 	8	 | 	6,08
  6	 | 	7	 | 	8,00
  6	 | 	9	 | 	10,82
  7	 | 	9	 | 	6,08
  8	 | 	9	 | 	8,06
  3	 | 	6	 | 	5,39
___________________________
Simulation Topology [1:3]
___________________________
From 	  To 		Length
___________________________
  0	 | 	1	 | 	2,00
  0	 | 	6	 | 	5,00
  1	 | 	4	 | 	2,83
  1	 | 	6	 | 	3,61
  2	 | 	3	 | 	15,00
  2	 | 	5	 | 	12,04
  3	 | 	5	 | 	3,16
  3	 | 	8	 | 	8,06
  3	 | 	9	 | 	8,94
  4	 | 	5	 | 	2,00
  4	 | 	6	 | 	1,00
  4	 | 	7	 | 	8,06
  5	 | 	8	 | 	6,08
  6	 | 	7	 | 	8,00
  6	 | 	9	 | 	10,82
  7	 | 	9	 | 	6,08
  8	 | 	9	 | 	8,06
  3	 | 	6	 | 	5,39
  1	 | 	5	 | 	2,00
___________________________
Simulation Topology [1:4]
___________________________
From 	  To 		Length
___________________________
  0	 | 	1	 | 	2,00
  0	 | 	6	 | 	5,00
  1	 | 	4	 | 	2,83
  1	 | 	6	 | 	3,61
  2	 | 	3	 | 	15,00
  2	 | 	5	 | 	12,04
  3	 | 	5	 | 	3,16
  3	 | 	8	 | 	8,06
  3	 | 	9	 | 	8,94
  4	 | 	5	 | 	2,00
  4	 | 	6	 | 	1,00
  4	 | 	7	 | 	8,06
  5	 | 	8	 | 	6,08
  6	 | 	7	 | 	8,00
  6	 | 	9	 | 	10,82
  7	 | 	9	 | 	6,08
  8	 | 	9	 | 	8,06
  3	 | 	6	 | 	5,39
  1	 | 	5	 | 	2,00
  0	 | 	4	 | 	4,47
___________________________
