Simulation Topology 1
___________________________
[5]				[0]		
[18]				[0]		
[16]				[2]		
[3]				[4]		
[3]				[5]		
[4]				[6]		
[7]				[7]		
[5]				[8]		
[12]				[9]		
[17]				[12]		
___________________________
Simulation Topology [1:1]
___________________________
From 	  To 		Length
___________________________
  0	 | 	1	 | 	13,00
  0	 | 	2	 | 	11,18
  0	 | 	5	 | 	6,08
  0	 | 	8	 | 	11,40
  1	 | 	2	 | 	2,83
  1	 | 	5	 | 	15,23
  2	 | 	3	 | 	13,15
  2	 | 	6	 | 	10,30
  3	 | 	4	 | 	1,00
  3	 | 	5	 | 	2,24
  3	 | 	6	 | 	5,00
  3	 | 	7	 | 	4,47
  4	 | 	5	 | 	1,41
  4	 | 	8	 | 	9,85
  4	 | 	9	 | 	15,65
  5	 | 	7	 | 	2,24
  5	 | 	9	 | 	14,32
  6	 | 	7	 | 	2,24
  6	 | 	8	 | 	5,39
  7	 | 	9	 | 	12,65
  8	 | 	9	 | 	5,83
___________________________
Simulation Topology [1:2]
___________________________
From 	  To 		Length
___________________________
  0	 | 	1	 | 	13,00
  0	 | 	2	 | 	11,18
  0	 | 	5	 | 	6,08
  0	 | 	8	 | 	11,40
  1	 | 	2	 | 	2,83
  1	 | 	5	 | 	15,23
  2	 | 	3	 | 	13,15
  2	 | 	6	 | 	10,30
  3	 | 	4	 | 	1,00
  3	 | 	5	 | 	2,24
  3	 | 	6	 | 	5,00
  3	 | 	7	 | 	4,47
  4	 | 	5	 | 	1,41
  4	 | 	8	 | 	9,85
  4	 | 	9	 | 	15,65
  5	 | 	7	 | 	2,24
  5	 | 	9	 | 	14,32
  6	 | 	7	 | 	2,24
  6	 | 	8	 | 	5,39
  7	 | 	9	 | 	12,65
  8	 | 	9	 | 	5,83
  4	 | 	6	 | 	4,47
___________________________
Simulation Topology [1:3]
___________________________
From 	  To 		Length
___________________________
  0	 | 	1	 | 	13,00
  0	 | 	2	 | 	11,18
  0	 | 	5	 | 	6,08
  0	 | 	8	 | 	11,40
  1	 | 	2	 | 	2,83
  1	 | 	5	 | 	15,23
  2	 | 	3	 | 	13,15
  2	 | 	6	 | 	10,30
  3	 | 	4	 | 	1,00
  3	 | 	5	 | 	2,24
  3	 | 	6	 | 	5,00
  3	 | 	7	 | 	4,47
  4	 | 	5	 | 	1,41
  4	 | 	8	 | 	9,85
  4	 | 	9	 | 	15,65
  5	 | 	7	 | 	2,24
  5	 | 	9	 | 	14,32
  6	 | 	7	 | 	2,24
  6	 | 	8	 | 	5,39
  7	 | 	9	 | 	12,65
  8	 | 	9	 | 	5,83
  4	 | 	6	 | 	4,47
  0	 | 	6	 | 	7,28
___________________________
Simulation Topology [1:4]
___________________________
From 	  To 		Length
___________________________
  0	 | 	1	 | 	13,00
  0	 | 	2	 | 	11,18
  0	 | 	5	 | 	6,08
  0	 | 	8	 | 	11,40
  1	 | 	2	 | 	2,83
  1	 | 	5	 | 	15,23
  2	 | 	3	 | 	13,15
  2	 | 	6	 | 	10,30
  3	 | 	4	 | 	1,00
  3	 | 	5	 | 	2,24
  3	 | 	6	 | 	5,00
  3	 | 	7	 | 	4,47
  4	 | 	5	 | 	1,41
  4	 | 	8	 | 	9,85
  4	 | 	9	 | 	15,65
  5	 | 	7	 | 	2,24
  5	 | 	9	 | 	14,32
  6	 | 	7	 | 	2,24
  6	 | 	8	 | 	5,39
  7	 | 	9	 | 	12,65
  8	 | 	9	 | 	5,83
  4	 | 	6	 | 	4,47
  0	 | 	6	 | 	7,28
  5	 | 	6	 | 	3,16
___________________________
Simulation Topology [1:5]
___________________________
From 	  To 		Length
___________________________
  0	 | 	1	 | 	13,00
  0	 | 	2	 | 	11,18
  0	 | 	5	 | 	6,08
  0	 | 	8	 | 	11,40
  1	 | 	2	 | 	2,83
  1	 | 	5	 | 	15,23
  2	 | 	3	 | 	13,15
  2	 | 	6	 | 	10,30
  3	 | 	4	 | 	1,00
  3	 | 	5	 | 	2,24
  3	 | 	6	 | 	5,00
  3	 | 	7	 | 	4,47
  4	 | 	5	 | 	1,41
  4	 | 	8	 | 	9,85
  4	 | 	9	 | 	15,65
  5	 | 	7	 | 	2,24
  5	 | 	9	 | 	14,32
  6	 | 	7	 | 	2,24
  6	 | 	8	 | 	5,39
  7	 | 	9	 | 	12,65
  8	 | 	9	 | 	5,83
  4	 | 	6	 | 	4,47
  0	 | 	6	 | 	7,28
  5	 | 	6	 | 	3,16
  4	 | 	7	 | 	3,61
___________________________
Simulation Topology [1:6]
___________________________
From 	  To 		Length
___________________________
  0	 | 	1	 | 	13,00
  0	 | 	2	 | 	11,18
  0	 | 	5	 | 	6,08
  0	 | 	8	 | 	11,40
  1	 | 	2	 | 	2,83
  1	 | 	5	 | 	15,23
  2	 | 	3	 | 	13,15
  2	 | 	6	 | 	10,30
  3	 | 	4	 | 	1,00
  3	 | 	5	 | 	2,24
  3	 | 	6	 | 	5,00
  3	 | 	7	 | 	4,47
  4	 | 	5	 | 	1,41
  4	 | 	8	 | 	9,85
  4	 | 	9	 | 	15,65
  5	 | 	7	 | 	2,24
  5	 | 	9	 | 	14,32
  6	 | 	7	 | 	2,24
  6	 | 	8	 | 	5,39
  7	 | 	9	 | 	12,65
  8	 | 	9	 | 	5,83
  4	 | 	6	 | 	4,47
  0	 | 	6	 | 	7,28
  5	 | 	6	 | 	3,16
  4	 | 	7	 | 	3,61
  0	 | 	3	 | 	4,47
___________________________
Simulation Topology [1:7]
___________________________
From 	  To 		Length
___________________________
  0	 | 	1	 | 	13,00
  0	 | 	2	 | 	11,18
  0	 | 	5	 | 	6,08
  0	 | 	8	 | 	11,40
  1	 | 	2	 | 	2,83
  1	 | 	5	 | 	15,23
  2	 | 	3	 | 	13,15
  2	 | 	6	 | 	10,30
  3	 | 	4	 | 	1,00
  3	 | 	5	 | 	2,24
  3	 | 	6	 | 	5,00
  3	 | 	7	 | 	4,47
  4	 | 	5	 | 	1,41
  4	 | 	8	 | 	9,85
  4	 | 	9	 | 	15,65
  5	 | 	7	 | 	2,24
  5	 | 	9	 | 	14,32
  6	 | 	7	 | 	2,24
  6	 | 	8	 | 	5,39
  7	 | 	9	 | 	12,65
  8	 | 	9	 | 	5,83
  4	 | 	6	 | 	4,47
  0	 | 	6	 | 	7,28
  5	 | 	6	 | 	3,16
  4	 | 	7	 | 	3,61
  0	 | 	3	 | 	4,47
  7	 | 	8	 | 	7,07
___________________________
Simulation Topology [1:8]
___________________________
From 	  To 		Length
___________________________
  0	 | 	1	 | 	13,00
  0	 | 	2	 | 	11,18
  0	 | 	5	 | 	6,08
  0	 | 	8	 | 	11,40
  1	 | 	2	 | 	2,83
  1	 | 	5	 | 	15,23
  2	 | 	3	 | 	13,15
  2	 | 	6	 | 	10,30
  3	 | 	4	 | 	1,00
  3	 | 	5	 | 	2,24
  3	 | 	6	 | 	5,00
  3	 | 	7	 | 	4,47
  4	 | 	5	 | 	1,41
  4	 | 	8	 | 	9,85
  4	 | 	9	 | 	15,65
  5	 | 	7	 | 	2,24
  5	 | 	9	 | 	14,32
  6	 | 	7	 | 	2,24
  6	 | 	8	 | 	5,39
  7	 | 	9	 | 	12,65
  8	 | 	9	 | 	5,83
  4	 | 	6	 | 	4,47
  0	 | 	6	 | 	7,28
  5	 | 	6	 | 	3,16
  4	 | 	7	 | 	3,61
  0	 | 	3	 | 	4,47
  7	 | 	8	 | 	7,07
  2	 | 	5	 | 	12,65
___________________________
Simulation Topology [1:9]
___________________________
From 	  To 		Length
___________________________
  0	 | 	1	 | 	13,00
  0	 | 	2	 | 	11,18
  0	 | 	5	 | 	6,08
  0	 | 	8	 | 	11,40
  1	 | 	2	 | 	2,83
  1	 | 	5	 | 	15,23
  2	 | 	3	 | 	13,15
  2	 | 	6	 | 	10,30
  3	 | 	4	 | 	1,00
  3	 | 	5	 | 	2,24
  3	 | 	6	 | 	5,00
  3	 | 	7	 | 	4,47
  4	 | 	5	 | 	1,41
  4	 | 	8	 | 	9,85
  4	 | 	9	 | 	15,65
  5	 | 	7	 | 	2,24
  5	 | 	9	 | 	14,32
  6	 | 	7	 | 	2,24
  6	 | 	8	 | 	5,39
  7	 | 	9	 | 	12,65
  8	 | 	9	 | 	5,83
  4	 | 	6	 | 	4,47
  0	 | 	6	 | 	7,28
  5	 | 	6	 | 	3,16
  4	 | 	7	 | 	3,61
  0	 | 	3	 | 	4,47
  7	 | 	8	 | 	7,07
  2	 | 	5	 | 	12,65
  5	 | 	8	 | 	8,54
___________________________
Simulation Topology [1:10]
___________________________
From 	  To 		Length
___________________________
  0	 | 	1	 | 	13,00
  0	 | 	2	 | 	11,18
  0	 | 	5	 | 	6,08
  0	 | 	8	 | 	11,40
  1	 | 	2	 | 	2,83
  1	 | 	5	 | 	15,23
  2	 | 	3	 | 	13,15
  2	 | 	6	 | 	10,30
  3	 | 	4	 | 	1,00
  3	 | 	5	 | 	2,24
  3	 | 	6	 | 	5,00
  3	 | 	7	 | 	4,47
  4	 | 	5	 | 	1,41
  4	 | 	8	 | 	9,85
  4	 | 	9	 | 	15,65
  5	 | 	7	 | 	2,24
  5	 | 	9	 | 	14,32
  6	 | 	7	 | 	2,24
  6	 | 	8	 | 	5,39
  7	 | 	9	 | 	12,65
  8	 | 	9	 | 	5,83
  4	 | 	6	 | 	4,47
  0	 | 	6	 | 	7,28
  5	 | 	6	 | 	3,16
  4	 | 	7	 | 	3,61
  0	 | 	3	 | 	4,47
  7	 | 	8	 | 	7,07
  2	 | 	5	 | 	12,65
  5	 | 	8	 | 	8,54
  0	 | 	4	 | 	5,39
___________________________
Simulation Topology [1:11]
___________________________
From 	  To 		Length
___________________________
  0	 | 	1	 | 	13,00
  0	 | 	2	 | 	11,18
  0	 | 	5	 | 	6,08
  0	 | 	8	 | 	11,40
  1	 | 	2	 | 	2,83
  1	 | 	5	 | 	15,23
  2	 | 	3	 | 	13,15
  2	 | 	6	 | 	10,30
  3	 | 	4	 | 	1,00
  3	 | 	5	 | 	2,24
  3	 | 	6	 | 	5,00
  3	 | 	7	 | 	4,47
  4	 | 	5	 | 	1,41
  4	 | 	8	 | 	9,85
  4	 | 	9	 | 	15,65
  5	 | 	7	 | 	2,24
  5	 | 	9	 | 	14,32
  6	 | 	7	 | 	2,24
  6	 | 	8	 | 	5,39
  7	 | 	9	 | 	12,65
  8	 | 	9	 | 	5,83
  4	 | 	6	 | 	4,47
  0	 | 	6	 | 	7,28
  5	 | 	6	 | 	3,16
  4	 | 	7	 | 	3,61
  0	 | 	3	 | 	4,47
  7	 | 	8	 | 	7,07
  2	 | 	5	 | 	12,65
  5	 | 	8	 | 	8,54
  0	 | 	4	 | 	5,39
  3	 | 	8	 | 	10,30
___________________________
Simulation Topology [1:12]
___________________________
From 	  To 		Length
___________________________
  0	 | 	1	 | 	13,00
  0	 | 	2	 | 	11,18
  0	 | 	5	 | 	6,08
  0	 | 	8	 | 	11,40
  1	 | 	2	 | 	2,83
  1	 | 	5	 | 	15,23
  2	 | 	3	 | 	13,15
  2	 | 	6	 | 	10,30
  3	 | 	4	 | 	1,00
  3	 | 	5	 | 	2,24
  3	 | 	6	 | 	5,00
  3	 | 	7	 | 	4,47
  4	 | 	5	 | 	1,41
  4	 | 	8	 | 	9,85
  4	 | 	9	 | 	15,65
  5	 | 	7	 | 	2,24
  5	 | 	9	 | 	14,32
  6	 | 	7	 | 	2,24
  6	 | 	8	 | 	5,39
  7	 | 	9	 | 	12,65
  8	 | 	9	 | 	5,83
  4	 | 	6	 | 	4,47
  0	 | 	6	 | 	7,28
  5	 | 	6	 | 	3,16
  4	 | 	7	 | 	3,61
  0	 | 	3	 | 	4,47
  7	 | 	8	 | 	7,07
  2	 | 	5	 | 	12,65
  5	 | 	8	 | 	8,54
  0	 | 	4	 | 	5,39
  3	 | 	8	 | 	10,30
  1	 | 	9	 | 	12,04
___________________________
Simulation Topology [1:13]
___________________________
From 	  To 		Length
___________________________
  0	 | 	1	 | 	13,00
  0	 | 	2	 | 	11,18
  0	 | 	5	 | 	6,08
  0	 | 	8	 | 	11,40
  1	 | 	2	 | 	2,83
  1	 | 	5	 | 	15,23
  2	 | 	3	 | 	13,15
  2	 | 	6	 | 	10,30
  3	 | 	4	 | 	1,00
  3	 | 	5	 | 	2,24
  3	 | 	6	 | 	5,00
  3	 | 	7	 | 	4,47
  4	 | 	5	 | 	1,41
  4	 | 	8	 | 	9,85
  4	 | 	9	 | 	15,65
  5	 | 	7	 | 	2,24
  5	 | 	9	 | 	14,32
  6	 | 	7	 | 	2,24
  6	 | 	8	 | 	5,39
  7	 | 	9	 | 	12,65
  8	 | 	9	 | 	5,83
  4	 | 	6	 | 	4,47
  0	 | 	6	 | 	7,28
  5	 | 	6	 | 	3,16
  4	 | 	7	 | 	3,61
  0	 | 	3	 | 	4,47
  7	 | 	8	 | 	7,07
  2	 | 	5	 | 	12,65
  5	 | 	8	 | 	8,54
  0	 | 	4	 | 	5,39
  3	 | 	8	 | 	10,30
  1	 | 	9	 | 	12,04
  0	 | 	7	 | 	8,00
___________________________
Simulation Topology [1:14]
___________________________
From 	  To 		Length
___________________________
  0	 | 	1	 | 	13,00
  0	 | 	2	 | 	11,18
  0	 | 	5	 | 	6,08
  0	 | 	8	 | 	11,40
  1	 | 	2	 | 	2,83
  1	 | 	5	 | 	15,23
  2	 | 	3	 | 	13,15
  2	 | 	6	 | 	10,30
  3	 | 	4	 | 	1,00
  3	 | 	5	 | 	2,24
  3	 | 	6	 | 	5,00
  3	 | 	7	 | 	4,47
  4	 | 	5	 | 	1,41
  4	 | 	8	 | 	9,85
  4	 | 	9	 | 	15,65
  5	 | 	7	 | 	2,24
  5	 | 	9	 | 	14,32
  6	 | 	7	 | 	2,24
  6	 | 	8	 | 	5,39
  7	 | 	9	 | 	12,65
  8	 | 	9	 | 	5,83
  4	 | 	6	 | 	4,47
  0	 | 	6	 | 	7,28
  5	 | 	6	 | 	3,16
  4	 | 	7	 | 	3,61
  0	 | 	3	 | 	4,47
  7	 | 	8	 | 	7,07
  2	 | 	5	 | 	12,65
  5	 | 	8	 | 	8,54
  0	 | 	4	 | 	5,39
  3	 | 	8	 | 	10,30
  1	 | 	9	 | 	12,04
  0	 | 	7	 | 	8,00
  2	 | 	9	 | 	10,05
___________________________
Simulation Topology [1:15]
___________________________
From 	  To 		Length
___________________________
  0	 | 	1	 | 	13,00
  0	 | 	2	 | 	11,18
  0	 | 	5	 | 	6,08
  0	 | 	8	 | 	11,40
  1	 | 	2	 | 	2,83
  1	 | 	5	 | 	15,23
  2	 | 	3	 | 	13,15
  2	 | 	6	 | 	10,30
  3	 | 	4	 | 	1,00
  3	 | 	5	 | 	2,24
  3	 | 	6	 | 	5,00
  3	 | 	7	 | 	4,47
  4	 | 	5	 | 	1,41
  4	 | 	8	 | 	9,85
  4	 | 	9	 | 	15,65
  5	 | 	7	 | 	2,24
  5	 | 	9	 | 	14,32
  6	 | 	7	 | 	2,24
  6	 | 	8	 | 	5,39
  7	 | 	9	 | 	12,65
  8	 | 	9	 | 	5,83
  4	 | 	6	 | 	4,47
  0	 | 	6	 | 	7,28
  5	 | 	6	 | 	3,16
  4	 | 	7	 | 	3,61
  0	 | 	3	 | 	4,47
  7	 | 	8	 | 	7,07
  2	 | 	5	 | 	12,65
  5	 | 	8	 | 	8,54
  0	 | 	4	 | 	5,39
  3	 | 	8	 | 	10,30
  1	 | 	9	 | 	12,04
  0	 | 	7	 | 	8,00
  2	 | 	9	 | 	10,05
  2	 | 	8	 | 	8,06
___________________________
Simulation Topology [1:16]
___________________________
From 	  To 		Length
___________________________
  0	 | 	1	 | 	13,00
  0	 | 	2	 | 	11,18
  0	 | 	5	 | 	6,08
  0	 | 	8	 | 	11,40
  1	 | 	2	 | 	2,83
  1	 | 	5	 | 	15,23
  2	 | 	3	 | 	13,15
  2	 | 	6	 | 	10,30
  3	 | 	4	 | 	1,00
  3	 | 	5	 | 	2,24
  3	 | 	6	 | 	5,00
  3	 | 	7	 | 	4,47
  4	 | 	5	 | 	1,41
  4	 | 	8	 | 	9,85
  4	 | 	9	 | 	15,65
  5	 | 	7	 | 	2,24
  5	 | 	9	 | 	14,32
  6	 | 	7	 | 	2,24
  6	 | 	8	 | 	5,39
  7	 | 	9	 | 	12,65
  8	 | 	9	 | 	5,83
  4	 | 	6	 | 	4,47
  0	 | 	6	 | 	7,28
  5	 | 	6	 | 	3,16
  4	 | 	7	 | 	3,61
  0	 | 	3	 | 	4,47
  7	 | 	8	 | 	7,07
  2	 | 	5	 | 	12,65
  5	 | 	8	 | 	8,54
  0	 | 	4	 | 	5,39
  3	 | 	8	 | 	10,30
  1	 | 	9	 | 	12,04
  0	 | 	7	 | 	8,00
  2	 | 	9	 | 	10,05
  2	 | 	8	 | 	8,06
  1	 | 	7	 | 	15,26
___________________________
Simulation Topology [1:17]
___________________________
From 	  To 		Length
___________________________
  0	 | 	1	 | 	13,00
  0	 | 	2	 | 	11,18
  0	 | 	5	 | 	6,08
  0	 | 	8	 | 	11,40
  1	 | 	2	 | 	2,83
  1	 | 	5	 | 	15,23
  2	 | 	3	 | 	13,15
  2	 | 	6	 | 	10,30
  3	 | 	4	 | 	1,00
  3	 | 	5	 | 	2,24
  3	 | 	6	 | 	5,00
  3	 | 	7	 | 	4,47
  4	 | 	5	 | 	1,41
  4	 | 	8	 | 	9,85
  4	 | 	9	 | 	15,65
  5	 | 	7	 | 	2,24
  5	 | 	9	 | 	14,32
  6	 | 	7	 | 	2,24
  6	 | 	8	 | 	5,39
  7	 | 	9	 | 	12,65
  8	 | 	9	 | 	5,83
  4	 | 	6	 | 	4,47
  0	 | 	6	 | 	7,28
  5	 | 	6	 | 	3,16
  4	 | 	7	 | 	3,61
  0	 | 	3	 | 	4,47
  7	 | 	8	 | 	7,07
  2	 | 	5	 | 	12,65
  5	 | 	8	 | 	8,54
  0	 | 	4	 | 	5,39
  3	 | 	8	 | 	10,30
  1	 | 	9	 | 	12,04
  0	 | 	7	 | 	8,00
  2	 | 	9	 | 	10,05
  2	 | 	8	 | 	8,06
  1	 | 	7	 | 	15,26
  1	 | 	8	 | 	10,82
___________________________
Simulation Topology [1:18]
___________________________
From 	  To 		Length
___________________________
  0	 | 	1	 | 	13,00
  0	 | 	2	 | 	11,18
  0	 | 	5	 | 	6,08
  0	 | 	8	 | 	11,40
  1	 | 	2	 | 	2,83
  1	 | 	5	 | 	15,23
  2	 | 	3	 | 	13,15
  2	 | 	6	 | 	10,30
  3	 | 	4	 | 	1,00
  3	 | 	5	 | 	2,24
  3	 | 	6	 | 	5,00
  3	 | 	7	 | 	4,47
  4	 | 	5	 | 	1,41
  4	 | 	8	 | 	9,85
  4	 | 	9	 | 	15,65
  5	 | 	7	 | 	2,24
  5	 | 	9	 | 	14,32
  6	 | 	7	 | 	2,24
  6	 | 	8	 | 	5,39
  7	 | 	9	 | 	12,65
  8	 | 	9	 | 	5,83
  4	 | 	6	 | 	4,47
  0	 | 	6	 | 	7,28
  5	 | 	6	 | 	3,16
  4	 | 	7	 | 	3,61
  0	 | 	3	 | 	4,47
  7	 | 	8	 | 	7,07
  2	 | 	5	 | 	12,65
  5	 | 	8	 | 	8,54
  0	 | 	4	 | 	5,39
  3	 | 	8	 | 	10,30
  1	 | 	9	 | 	12,04
  0	 | 	7	 | 	8,00
  2	 | 	9	 | 	10,05
  2	 | 	8	 | 	8,06
  1	 | 	7	 | 	15,26
  1	 | 	8	 | 	10,82
  3	 | 	9	 | 	16,12
___________________________
Simulation Topology [1:19]
___________________________
From 	  To 		Length
___________________________
  0	 | 	1	 | 	13,00
  0	 | 	2	 | 	11,18
  0	 | 	5	 | 	6,08
  0	 | 	8	 | 	11,40
  1	 | 	2	 | 	2,83
  1	 | 	5	 | 	15,23
  2	 | 	3	 | 	13,15
  2	 | 	6	 | 	10,30
  3	 | 	4	 | 	1,00
  3	 | 	5	 | 	2,24
  3	 | 	6	 | 	5,00
  3	 | 	7	 | 	4,47
  4	 | 	5	 | 	1,41
  4	 | 	8	 | 	9,85
  4	 | 	9	 | 	15,65
  5	 | 	7	 | 	2,24
  5	 | 	9	 | 	14,32
  6	 | 	7	 | 	2,24
  6	 | 	8	 | 	5,39
  7	 | 	9	 | 	12,65
  8	 | 	9	 | 	5,83
  4	 | 	6	 | 	4,47
  0	 | 	6	 | 	7,28
  5	 | 	6	 | 	3,16
  4	 | 	7	 | 	3,61
  0	 | 	3	 | 	4,47
  7	 | 	8	 | 	7,07
  2	 | 	5	 | 	12,65
  5	 | 	8	 | 	8,54
  0	 | 	4	 | 	5,39
  3	 | 	8	 | 	10,30
  1	 | 	9	 | 	12,04
  0	 | 	7	 | 	8,00
  2	 | 	9	 | 	10,05
  2	 | 	8	 | 	8,06
  1	 | 	7	 | 	15,26
  1	 | 	8	 | 	10,82
  3	 | 	9	 | 	16,12
  2	 | 	7	 | 	12,53
___________________________
Simulation Topology [1:20]
___________________________
From 	  To 		Length
___________________________
  0	 | 	1	 | 	13,00
  0	 | 	2	 | 	11,18
  0	 | 	5	 | 	6,08
  0	 | 	8	 | 	11,40
  1	 | 	2	 | 	2,83
  1	 | 	5	 | 	15,23
  2	 | 	3	 | 	13,15
  2	 | 	6	 | 	10,30
  3	 | 	4	 | 	1,00
  3	 | 	5	 | 	2,24
  3	 | 	6	 | 	5,00
  3	 | 	7	 | 	4,47
  4	 | 	5	 | 	1,41
  4	 | 	8	 | 	9,85
  4	 | 	9	 | 	15,65
  5	 | 	7	 | 	2,24
  5	 | 	9	 | 	14,32
  6	 | 	7	 | 	2,24
  6	 | 	8	 | 	5,39
  7	 | 	9	 | 	12,65
  8	 | 	9	 | 	5,83
  4	 | 	6	 | 	4,47
  0	 | 	6	 | 	7,28
  5	 | 	6	 | 	3,16
  4	 | 	7	 | 	3,61
  0	 | 	3	 | 	4,47
  7	 | 	8	 | 	7,07
  2	 | 	5	 | 	12,65
  5	 | 	8	 | 	8,54
  0	 | 	4	 | 	5,39
  3	 | 	8	 | 	10,30
  1	 | 	9	 | 	12,04
  0	 | 	7	 | 	8,00
  2	 | 	9	 | 	10,05
  2	 | 	8	 | 	8,06
  1	 | 	7	 | 	15,26
  1	 | 	8	 | 	10,82
  3	 | 	9	 | 	16,12
  2	 | 	7	 | 	12,53
  6	 | 	9	 | 	11,18
___________________________
