Simulation Topology 1
___________________________
[12]				[0]		
[19]				[0]		
[3]				[2]		
[19]				[3]		
[3]				[3]		
[15]				[4]		
[6]				[4]		
[7]				[5]		
[17]				[5]		
[13]				[6]		
___________________________
Simulation Topology [1:1]
___________________________
From 	  To 		Length
___________________________
  0	 | 	1	 | 	7,00
  0	 | 	2	 | 	9,22
  0	 | 	4	 | 	9,49
  1	 | 	2	 | 	16,12
  1	 | 	9	 | 	8,49
  2	 | 	3	 | 	16,03
  2	 | 	4	 | 	1,00
  2	 | 	7	 | 	5,00
  3	 | 	5	 | 	4,12
  3	 | 	6	 | 	13,04
  3	 | 	8	 | 	2,83
  4	 | 	5	 | 	12,04
  4	 | 	9	 | 	10,44
  5	 | 	7	 | 	8,06
  5	 | 	9	 | 	2,83
  6	 | 	7	 | 	1,41
  6	 | 	8	 | 	11,05
  8	 | 	9	 | 	4,12
___________________________
Simulation Topology [1:2]
___________________________
From 	  To 		Length
___________________________
  0	 | 	1	 | 	7,00
  0	 | 	2	 | 	9,22
  0	 | 	4	 | 	9,49
  1	 | 	2	 | 	16,12
  1	 | 	9	 | 	8,49
  2	 | 	3	 | 	16,03
  2	 | 	4	 | 	1,00
  2	 | 	7	 | 	5,00
  3	 | 	5	 | 	4,12
  3	 | 	6	 | 	13,04
  3	 | 	8	 | 	2,83
  4	 | 	5	 | 	12,04
  4	 | 	9	 | 	10,44
  5	 | 	7	 | 	8,06
  5	 | 	9	 | 	2,83
  6	 | 	7	 | 	1,41
  6	 | 	8	 | 	11,05
  8	 | 	9	 | 	4,12
  1	 | 	8	 | 	5,39
___________________________
Simulation Topology [1:3]
___________________________
From 	  To 		Length
___________________________
  0	 | 	1	 | 	7,00
  0	 | 	2	 | 	9,22
  0	 | 	4	 | 	9,49
  1	 | 	2	 | 	16,12
  1	 | 	9	 | 	8,49
  2	 | 	3	 | 	16,03
  2	 | 	4	 | 	1,00
  2	 | 	7	 | 	5,00
  3	 | 	5	 | 	4,12
  3	 | 	6	 | 	13,04
  3	 | 	8	 | 	2,83
  4	 | 	5	 | 	12,04
  4	 | 	9	 | 	10,44
  5	 | 	7	 | 	8,06
  5	 | 	9	 | 	2,83
  6	 | 	7	 | 	1,41
  6	 | 	8	 | 	11,05
  8	 | 	9	 | 	4,12
  1	 | 	8	 | 	5,39
  3	 | 	9	 | 	6,71
___________________________
