Simulation Topology 1
___________________________
[7]				[2]		
[12]				[3]		
[0]				[3]		
[4]				[5]		
[18]				[7]		
[6]				[7]		
[18]				[10]		
[8]				[10]		
[4]				[11]		
[11]				[11]		
___________________________
Simulation Topology [1:1]
___________________________
From 	  To 		Length
___________________________
  0	 | 	1	 | 	5,10
  0	 | 	2	 | 	7,07
  0	 | 	4	 | 	12,08
  0	 | 	8	 | 	9,49
  1	 | 	3	 | 	8,25
  1	 | 	6	 | 	9,22
  2	 | 	3	 | 	4,47
  2	 | 	5	 | 	7,21
  2	 | 	9	 | 	13,60
  3	 | 	4	 | 	14,14
  3	 | 	5	 | 	2,83
  4	 | 	5	 | 	12,00
  4	 | 	9	 | 	8,06
  5	 | 	7	 | 	3,61
  6	 | 	7	 | 	10,00
  7	 | 	8	 | 	4,12
  7	 | 	9	 | 	3,16
___________________________
Simulation Topology [1:2]
___________________________
From 	  To 		Length
___________________________
  0	 | 	1	 | 	5,10
  0	 | 	2	 | 	7,07
  0	 | 	4	 | 	12,08
  0	 | 	8	 | 	9,49
  1	 | 	3	 | 	8,25
  1	 | 	6	 | 	9,22
  2	 | 	3	 | 	4,47
  2	 | 	5	 | 	7,21
  2	 | 	9	 | 	13,60
  3	 | 	4	 | 	14,14
  3	 | 	5	 | 	2,83
  4	 | 	5	 | 	12,00
  4	 | 	9	 | 	8,06
  5	 | 	7	 | 	3,61
  6	 | 	7	 | 	10,00
  7	 | 	8	 | 	4,12
  7	 | 	9	 | 	3,16
  4	 | 	7	 | 	10,44
___________________________
Simulation Topology [1:3]
___________________________
From 	  To 		Length
___________________________
  0	 | 	1	 | 	5,10
  0	 | 	2	 | 	7,07
  0	 | 	4	 | 	12,08
  0	 | 	8	 | 	9,49
  1	 | 	3	 | 	8,25
  1	 | 	6	 | 	9,22
  2	 | 	3	 | 	4,47
  2	 | 	5	 | 	7,21
  2	 | 	9	 | 	13,60
  3	 | 	4	 | 	14,14
  3	 | 	5	 | 	2,83
  4	 | 	5	 | 	12,00
  4	 | 	9	 | 	8,06
  5	 | 	7	 | 	3,61
  6	 | 	7	 | 	10,00
  7	 | 	8	 | 	4,12
  7	 | 	9	 | 	3,16
  4	 | 	7	 | 	10,44
  0	 | 	7	 | 	8,06
___________________________
Simulation Topology [1:4]
___________________________
From 	  To 		Length
___________________________
  0	 | 	1	 | 	5,10
  0	 | 	2	 | 	7,07
  0	 | 	4	 | 	12,08
  0	 | 	8	 | 	9,49
  1	 | 	3	 | 	8,25
  1	 | 	6	 | 	9,22
  2	 | 	3	 | 	4,47
  2	 | 	5	 | 	7,21
  2	 | 	9	 | 	13,60
  3	 | 	4	 | 	14,14
  3	 | 	5	 | 	2,83
  4	 | 	5	 | 	12,00
  4	 | 	9	 | 	8,06
  5	 | 	7	 | 	3,61
  6	 | 	7	 | 	10,00
  7	 | 	8	 | 	4,12
  7	 | 	9	 | 	3,16
  4	 | 	7	 | 	10,44
  0	 | 	7	 | 	8,06
  4	 | 	6	 | 	3,00
___________________________
