Simulation Topology 1
___________________________
[5]				[0]		
[3]				[1]		
[9]				[1]		
[10]				[3]		
[19]				[4]		
[0]				[6]		
[16]				[7]		
[15]				[8]		
[18]				[10]		
[9]				[14]		
___________________________
Simulation Topology [1:1]
___________________________
From 	  To 		Length
___________________________
  0	 | 	1	 | 	2,24
  0	 | 	2	 | 	4,12
  0	 | 	5	 | 	7,81
  0	 | 	8	 | 	16,40
  0	 | 	9	 | 	14,56
  1	 | 	5	 | 	5,83
  1	 | 	7	 | 	13,89
  1	 | 	9	 | 	14,32
  2	 | 	3	 | 	2,24
  2	 | 	4	 | 	10,44
  2	 | 	6	 | 	9,22
  2	 | 	7	 | 	9,22
  3	 | 	4	 | 	9,06
  3	 | 	7	 | 	7,07
  4	 | 	7	 | 	5,66
  4	 | 	8	 | 	6,08
  5	 | 	6	 | 	16,03
  6	 | 	7	 | 	1,41
  6	 | 	8	 | 	3,61
  6	 | 	9	 | 	9,90
  7	 | 	8	 | 	3,61
___________________________
Simulation Topology [1:2]
___________________________
From 	  To 		Length
___________________________
  0	 | 	1	 | 	2,24
  0	 | 	2	 | 	4,12
  0	 | 	5	 | 	7,81
  0	 | 	8	 | 	16,40
  0	 | 	9	 | 	14,56
  1	 | 	5	 | 	5,83
  1	 | 	7	 | 	13,89
  1	 | 	9	 | 	14,32
  2	 | 	3	 | 	2,24
  2	 | 	4	 | 	10,44
  2	 | 	6	 | 	9,22
  2	 | 	7	 | 	9,22
  3	 | 	4	 | 	9,06
  3	 | 	7	 | 	7,07
  4	 | 	7	 | 	5,66
  4	 | 	8	 | 	6,08
  5	 | 	6	 | 	16,03
  6	 | 	7	 | 	1,41
  6	 | 	8	 | 	3,61
  6	 | 	9	 | 	9,90
  7	 | 	8	 | 	3,61
  4	 | 	6	 | 	4,24
___________________________
Simulation Topology [1:3]
___________________________
From 	  To 		Length
___________________________
  0	 | 	1	 | 	2,24
  0	 | 	2	 | 	4,12
  0	 | 	5	 | 	7,81
  0	 | 	8	 | 	16,40
  0	 | 	9	 | 	14,56
  1	 | 	5	 | 	5,83
  1	 | 	7	 | 	13,89
  1	 | 	9	 | 	14,32
  2	 | 	3	 | 	2,24
  2	 | 	4	 | 	10,44
  2	 | 	6	 | 	9,22
  2	 | 	7	 | 	9,22
  3	 | 	4	 | 	9,06
  3	 | 	7	 | 	7,07
  4	 | 	7	 | 	5,66
  4	 | 	8	 | 	6,08
  5	 | 	6	 | 	16,03
  6	 | 	7	 | 	1,41
  6	 | 	8	 | 	3,61
  6	 | 	9	 | 	9,90
  7	 | 	8	 | 	3,61
  4	 | 	6	 | 	4,24
  0	 | 	3	 | 	5,83
___________________________
Simulation Topology [1:4]
___________________________
From 	  To 		Length
___________________________
  0	 | 	1	 | 	2,24
  0	 | 	2	 | 	4,12
  0	 | 	5	 | 	7,81
  0	 | 	8	 | 	16,40
  0	 | 	9	 | 	14,56
  1	 | 	5	 | 	5,83
  1	 | 	7	 | 	13,89
  1	 | 	9	 | 	14,32
  2	 | 	3	 | 	2,24
  2	 | 	4	 | 	10,44
  2	 | 	6	 | 	9,22
  2	 | 	7	 | 	9,22
  3	 | 	4	 | 	9,06
  3	 | 	7	 | 	7,07
  4	 | 	7	 | 	5,66
  4	 | 	8	 | 	6,08
  5	 | 	6	 | 	16,03
  6	 | 	7	 | 	1,41
  6	 | 	8	 | 	3,61
  6	 | 	9	 | 	9,90
  7	 | 	8	 | 	3,61
  4	 | 	6	 | 	4,24
  0	 | 	3	 | 	5,83
  3	 | 	6	 | 	7,21
___________________________
Simulation Topology [1:5]
___________________________
From 	  To 		Length
___________________________
  0	 | 	1	 | 	2,24
  0	 | 	2	 | 	4,12
  0	 | 	5	 | 	7,81
  0	 | 	8	 | 	16,40
  0	 | 	9	 | 	14,56
  1	 | 	5	 | 	5,83
  1	 | 	7	 | 	13,89
  1	 | 	9	 | 	14,32
  2	 | 	3	 | 	2,24
  2	 | 	4	 | 	10,44
  2	 | 	6	 | 	9,22
  2	 | 	7	 | 	9,22
  3	 | 	4	 | 	9,06
  3	 | 	7	 | 	7,07
  4	 | 	7	 | 	5,66
  4	 | 	8	 | 	6,08
  5	 | 	6	 | 	16,03
  6	 | 	7	 | 	1,41
  6	 | 	8	 | 	3,61
  6	 | 	9	 | 	9,90
  7	 | 	8	 | 	3,61
  4	 | 	6	 | 	4,24
  0	 | 	3	 | 	5,83
  3	 | 	6	 | 	7,21
  1	 | 	2	 | 	6,00
___________________________
Simulation Topology [1:6]
___________________________
From 	  To 		Length
___________________________
  0	 | 	1	 | 	2,24
  0	 | 	2	 | 	4,12
  0	 | 	5	 | 	7,81
  0	 | 	8	 | 	16,40
  0	 | 	9	 | 	14,56
  1	 | 	5	 | 	5,83
  1	 | 	7	 | 	13,89
  1	 | 	9	 | 	14,32
  2	 | 	3	 | 	2,24
  2	 | 	4	 | 	10,44
  2	 | 	6	 | 	9,22
  2	 | 	7	 | 	9,22
  3	 | 	4	 | 	9,06
  3	 | 	7	 | 	7,07
  4	 | 	7	 | 	5,66
  4	 | 	8	 | 	6,08
  5	 | 	6	 | 	16,03
  6	 | 	7	 | 	1,41
  6	 | 	8	 | 	3,61
  6	 | 	9	 | 	9,90
  7	 | 	8	 | 	3,61
  4	 | 	6	 | 	4,24
  0	 | 	3	 | 	5,83
  3	 | 	6	 | 	7,21
  1	 | 	2	 | 	6,00
  1	 | 	3	 | 	7,28
___________________________
Simulation Topology [1:7]
___________________________
From 	  To 		Length
___________________________
  0	 | 	1	 | 	2,24
  0	 | 	2	 | 	4,12
  0	 | 	5	 | 	7,81
  0	 | 	8	 | 	16,40
  0	 | 	9	 | 	14,56
  1	 | 	5	 | 	5,83
  1	 | 	7	 | 	13,89
  1	 | 	9	 | 	14,32
  2	 | 	3	 | 	2,24
  2	 | 	4	 | 	10,44
  2	 | 	6	 | 	9,22
  2	 | 	7	 | 	9,22
  3	 | 	4	 | 	9,06
  3	 | 	7	 | 	7,07
  4	 | 	7	 | 	5,66
  4	 | 	8	 | 	6,08
  5	 | 	6	 | 	16,03
  6	 | 	7	 | 	1,41
  6	 | 	8	 | 	3,61
  6	 | 	9	 | 	9,90
  7	 | 	8	 | 	3,61
  4	 | 	6	 | 	4,24
  0	 | 	3	 | 	5,83
  3	 | 	6	 | 	7,21
  1	 | 	2	 | 	6,00
  1	 | 	3	 | 	7,28
  7	 | 	9	 | 	8,49
___________________________
Simulation Topology [1:8]
___________________________
From 	  To 		Length
___________________________
  0	 | 	1	 | 	2,24
  0	 | 	2	 | 	4,12
  0	 | 	5	 | 	7,81
  0	 | 	8	 | 	16,40
  0	 | 	9	 | 	14,56
  1	 | 	5	 | 	5,83
  1	 | 	7	 | 	13,89
  1	 | 	9	 | 	14,32
  2	 | 	3	 | 	2,24
  2	 | 	4	 | 	10,44
  2	 | 	6	 | 	9,22
  2	 | 	7	 | 	9,22
  3	 | 	4	 | 	9,06
  3	 | 	7	 | 	7,07
  4	 | 	7	 | 	5,66
  4	 | 	8	 | 	6,08
  5	 | 	6	 | 	16,03
  6	 | 	7	 | 	1,41
  6	 | 	8	 | 	3,61
  6	 | 	9	 | 	9,90
  7	 | 	8	 | 	3,61
  4	 | 	6	 | 	4,24
  0	 | 	3	 | 	5,83
  3	 | 	6	 | 	7,21
  1	 | 	2	 | 	6,00
  1	 | 	3	 | 	7,28
  7	 | 	9	 | 	8,49
  3	 | 	8	 | 	10,63
___________________________
Simulation Topology [1:9]
___________________________
From 	  To 		Length
___________________________
  0	 | 	1	 | 	2,24
  0	 | 	2	 | 	4,12
  0	 | 	5	 | 	7,81
  0	 | 	8	 | 	16,40
  0	 | 	9	 | 	14,56
  1	 | 	5	 | 	5,83
  1	 | 	7	 | 	13,89
  1	 | 	9	 | 	14,32
  2	 | 	3	 | 	2,24
  2	 | 	4	 | 	10,44
  2	 | 	6	 | 	9,22
  2	 | 	7	 | 	9,22
  3	 | 	4	 | 	9,06
  3	 | 	7	 | 	7,07
  4	 | 	7	 | 	5,66
  4	 | 	8	 | 	6,08
  5	 | 	6	 | 	16,03
  6	 | 	7	 | 	1,41
  6	 | 	8	 | 	3,61
  6	 | 	9	 | 	9,90
  7	 | 	8	 | 	3,61
  4	 | 	6	 | 	4,24
  0	 | 	3	 | 	5,83
  3	 | 	6	 | 	7,21
  1	 | 	2	 | 	6,00
  1	 | 	3	 | 	7,28
  7	 | 	9	 | 	8,49
  3	 | 	8	 | 	10,63
  8	 | 	9	 | 	9,85
___________________________
Simulation Topology [1:10]
___________________________
From 	  To 		Length
___________________________
  0	 | 	1	 | 	2,24
  0	 | 	2	 | 	4,12
  0	 | 	5	 | 	7,81
  0	 | 	8	 | 	16,40
  0	 | 	9	 | 	14,56
  1	 | 	5	 | 	5,83
  1	 | 	7	 | 	13,89
  1	 | 	9	 | 	14,32
  2	 | 	3	 | 	2,24
  2	 | 	4	 | 	10,44
  2	 | 	6	 | 	9,22
  2	 | 	7	 | 	9,22
  3	 | 	4	 | 	9,06
  3	 | 	7	 | 	7,07
  4	 | 	7	 | 	5,66
  4	 | 	8	 | 	6,08
  5	 | 	6	 | 	16,03
  6	 | 	7	 | 	1,41
  6	 | 	8	 | 	3,61
  6	 | 	9	 | 	9,90
  7	 | 	8	 | 	3,61
  4	 | 	6	 | 	4,24
  0	 | 	3	 | 	5,83
  3	 | 	6	 | 	7,21
  1	 | 	2	 | 	6,00
  1	 | 	3	 | 	7,28
  7	 | 	9	 | 	8,49
  3	 | 	8	 | 	10,63
  8	 | 	9	 | 	9,85
  2	 | 	9	 | 	13,00
___________________________
Simulation Topology [1:11]
___________________________
From 	  To 		Length
___________________________
  0	 | 	1	 | 	2,24
  0	 | 	2	 | 	4,12
  0	 | 	5	 | 	7,81
  0	 | 	8	 | 	16,40
  0	 | 	9	 | 	14,56
  1	 | 	5	 | 	5,83
  1	 | 	7	 | 	13,89
  1	 | 	9	 | 	14,32
  2	 | 	3	 | 	2,24
  2	 | 	4	 | 	10,44
  2	 | 	6	 | 	9,22
  2	 | 	7	 | 	9,22
  3	 | 	4	 | 	9,06
  3	 | 	7	 | 	7,07
  4	 | 	7	 | 	5,66
  4	 | 	8	 | 	6,08
  5	 | 	6	 | 	16,03
  6	 | 	7	 | 	1,41
  6	 | 	8	 | 	3,61
  6	 | 	9	 | 	9,90
  7	 | 	8	 | 	3,61
  4	 | 	6	 | 	4,24
  0	 | 	3	 | 	5,83
  3	 | 	6	 | 	7,21
  1	 | 	2	 | 	6,00
  1	 | 	3	 | 	7,28
  7	 | 	9	 | 	8,49
  3	 | 	8	 | 	10,63
  8	 | 	9	 | 	9,85
  2	 | 	9	 | 	13,00
  2	 | 	5	 | 	10,30
___________________________
Simulation Topology [1:12]
___________________________
From 	  To 		Length
___________________________
  0	 | 	1	 | 	2,24
  0	 | 	2	 | 	4,12
  0	 | 	5	 | 	7,81
  0	 | 	8	 | 	16,40
  0	 | 	9	 | 	14,56
  1	 | 	5	 | 	5,83
  1	 | 	7	 | 	13,89
  1	 | 	9	 | 	14,32
  2	 | 	3	 | 	2,24
  2	 | 	4	 | 	10,44
  2	 | 	6	 | 	9,22
  2	 | 	7	 | 	9,22
  3	 | 	4	 | 	9,06
  3	 | 	7	 | 	7,07
  4	 | 	7	 | 	5,66
  4	 | 	8	 | 	6,08
  5	 | 	6	 | 	16,03
  6	 | 	7	 | 	1,41
  6	 | 	8	 | 	3,61
  6	 | 	9	 | 	9,90
  7	 | 	8	 | 	3,61
  4	 | 	6	 | 	4,24
  0	 | 	3	 | 	5,83
  3	 | 	6	 | 	7,21
  1	 | 	2	 | 	6,00
  1	 | 	3	 | 	7,28
  7	 | 	9	 | 	8,49
  3	 | 	8	 | 	10,63
  8	 | 	9	 | 	9,85
  2	 | 	9	 | 	13,00
  2	 | 	5	 | 	10,30
  2	 | 	8	 | 	12,73
___________________________
Simulation Topology [1:13]
___________________________
From 	  To 		Length
___________________________
  0	 | 	1	 | 	2,24
  0	 | 	2	 | 	4,12
  0	 | 	5	 | 	7,81
  0	 | 	8	 | 	16,40
  0	 | 	9	 | 	14,56
  1	 | 	5	 | 	5,83
  1	 | 	7	 | 	13,89
  1	 | 	9	 | 	14,32
  2	 | 	3	 | 	2,24
  2	 | 	4	 | 	10,44
  2	 | 	6	 | 	9,22
  2	 | 	7	 | 	9,22
  3	 | 	4	 | 	9,06
  3	 | 	7	 | 	7,07
  4	 | 	7	 | 	5,66
  4	 | 	8	 | 	6,08
  5	 | 	6	 | 	16,03
  6	 | 	7	 | 	1,41
  6	 | 	8	 | 	3,61
  6	 | 	9	 | 	9,90
  7	 | 	8	 | 	3,61
  4	 | 	6	 | 	4,24
  0	 | 	3	 | 	5,83
  3	 | 	6	 | 	7,21
  1	 | 	2	 | 	6,00
  1	 | 	3	 | 	7,28
  7	 | 	9	 | 	8,49
  3	 | 	8	 | 	10,63
  8	 | 	9	 | 	9,85
  2	 | 	9	 | 	13,00
  2	 | 	5	 | 	10,30
  2	 | 	8	 | 	12,73
  0	 | 	6	 | 	13,04
___________________________
Simulation Topology [1:14]
___________________________
From 	  To 		Length
___________________________
  0	 | 	1	 | 	2,24
  0	 | 	2	 | 	4,12
  0	 | 	5	 | 	7,81
  0	 | 	8	 | 	16,40
  0	 | 	9	 | 	14,56
  1	 | 	5	 | 	5,83
  1	 | 	7	 | 	13,89
  1	 | 	9	 | 	14,32
  2	 | 	3	 | 	2,24
  2	 | 	4	 | 	10,44
  2	 | 	6	 | 	9,22
  2	 | 	7	 | 	9,22
  3	 | 	4	 | 	9,06
  3	 | 	7	 | 	7,07
  4	 | 	7	 | 	5,66
  4	 | 	8	 | 	6,08
  5	 | 	6	 | 	16,03
  6	 | 	7	 | 	1,41
  6	 | 	8	 | 	3,61
  6	 | 	9	 | 	9,90
  7	 | 	8	 | 	3,61
  4	 | 	6	 | 	4,24
  0	 | 	3	 | 	5,83
  3	 | 	6	 | 	7,21
  1	 | 	2	 | 	6,00
  1	 | 	3	 | 	7,28
  7	 | 	9	 | 	8,49
  3	 | 	8	 | 	10,63
  8	 | 	9	 | 	9,85
  2	 | 	9	 | 	13,00
  2	 | 	5	 | 	10,30
  2	 | 	8	 | 	12,73
  0	 | 	6	 | 	13,04
  3	 | 	5	 | 	10,44
___________________________
Simulation Topology [1:15]
___________________________
From 	  To 		Length
___________________________
  0	 | 	1	 | 	2,24
  0	 | 	2	 | 	4,12
  0	 | 	5	 | 	7,81
  0	 | 	8	 | 	16,40
  0	 | 	9	 | 	14,56
  1	 | 	5	 | 	5,83
  1	 | 	7	 | 	13,89
  1	 | 	9	 | 	14,32
  2	 | 	3	 | 	2,24
  2	 | 	4	 | 	10,44
  2	 | 	6	 | 	9,22
  2	 | 	7	 | 	9,22
  3	 | 	4	 | 	9,06
  3	 | 	7	 | 	7,07
  4	 | 	7	 | 	5,66
  4	 | 	8	 | 	6,08
  5	 | 	6	 | 	16,03
  6	 | 	7	 | 	1,41
  6	 | 	8	 | 	3,61
  6	 | 	9	 | 	9,90
  7	 | 	8	 | 	3,61
  4	 | 	6	 | 	4,24
  0	 | 	3	 | 	5,83
  3	 | 	6	 | 	7,21
  1	 | 	2	 | 	6,00
  1	 | 	3	 | 	7,28
  7	 | 	9	 | 	8,49
  3	 | 	8	 | 	10,63
  8	 | 	9	 | 	9,85
  2	 | 	9	 | 	13,00
  2	 | 	5	 | 	10,30
  2	 | 	8	 | 	12,73
  0	 | 	6	 | 	13,04
  3	 | 	5	 | 	10,44
  0	 | 	7	 | 	12,81
___________________________
Simulation Topology [1:16]
___________________________
From 	  To 		Length
___________________________
  0	 | 	1	 | 	2,24
  0	 | 	2	 | 	4,12
  0	 | 	5	 | 	7,81
  0	 | 	8	 | 	16,40
  0	 | 	9	 | 	14,56
  1	 | 	5	 | 	5,83
  1	 | 	7	 | 	13,89
  1	 | 	9	 | 	14,32
  2	 | 	3	 | 	2,24
  2	 | 	4	 | 	10,44
  2	 | 	6	 | 	9,22
  2	 | 	7	 | 	9,22
  3	 | 	4	 | 	9,06
  3	 | 	7	 | 	7,07
  4	 | 	7	 | 	5,66
  4	 | 	8	 | 	6,08
  5	 | 	6	 | 	16,03
  6	 | 	7	 | 	1,41
  6	 | 	8	 | 	3,61
  6	 | 	9	 | 	9,90
  7	 | 	8	 | 	3,61
  4	 | 	6	 | 	4,24
  0	 | 	3	 | 	5,83
  3	 | 	6	 | 	7,21
  1	 | 	2	 | 	6,00
  1	 | 	3	 | 	7,28
  7	 | 	9	 | 	8,49
  3	 | 	8	 | 	10,63
  8	 | 	9	 | 	9,85
  2	 | 	9	 | 	13,00
  2	 | 	5	 | 	10,30
  2	 | 	8	 | 	12,73
  0	 | 	6	 | 	13,04
  3	 | 	5	 | 	10,44
  0	 | 	7	 | 	12,81
  3	 | 	9	 | 	11,05
___________________________
Simulation Topology [1:17]
___________________________
From 	  To 		Length
___________________________
  0	 | 	1	 | 	2,24
  0	 | 	2	 | 	4,12
  0	 | 	5	 | 	7,81
  0	 | 	8	 | 	16,40
  0	 | 	9	 | 	14,56
  1	 | 	5	 | 	5,83
  1	 | 	7	 | 	13,89
  1	 | 	9	 | 	14,32
  2	 | 	3	 | 	2,24
  2	 | 	4	 | 	10,44
  2	 | 	6	 | 	9,22
  2	 | 	7	 | 	9,22
  3	 | 	4	 | 	9,06
  3	 | 	7	 | 	7,07
  4	 | 	7	 | 	5,66
  4	 | 	8	 | 	6,08
  5	 | 	6	 | 	16,03
  6	 | 	7	 | 	1,41
  6	 | 	8	 | 	3,61
  6	 | 	9	 | 	9,90
  7	 | 	8	 | 	3,61
  4	 | 	6	 | 	4,24
  0	 | 	3	 | 	5,83
  3	 | 	6	 | 	7,21
  1	 | 	2	 | 	6,00
  1	 | 	3	 | 	7,28
  7	 | 	9	 | 	8,49
  3	 | 	8	 | 	10,63
  8	 | 	9	 | 	9,85
  2	 | 	9	 | 	13,00
  2	 | 	5	 | 	10,30
  2	 | 	8	 | 	12,73
  0	 | 	6	 | 	13,04
  3	 | 	5	 | 	10,44
  0	 | 	7	 | 	12,81
  3	 | 	9	 | 	11,05
  5	 | 	9	 | 	12,04
___________________________
Simulation Topology [1:18]
___________________________
From 	  To 		Length
___________________________
  0	 | 	1	 | 	2,24
  0	 | 	2	 | 	4,12
  0	 | 	5	 | 	7,81
  0	 | 	8	 | 	16,40
  0	 | 	9	 | 	14,56
  1	 | 	5	 | 	5,83
  1	 | 	7	 | 	13,89
  1	 | 	9	 | 	14,32
  2	 | 	3	 | 	2,24
  2	 | 	4	 | 	10,44
  2	 | 	6	 | 	9,22
  2	 | 	7	 | 	9,22
  3	 | 	4	 | 	9,06
  3	 | 	7	 | 	7,07
  4	 | 	7	 | 	5,66
  4	 | 	8	 | 	6,08
  5	 | 	6	 | 	16,03
  6	 | 	7	 | 	1,41
  6	 | 	8	 | 	3,61
  6	 | 	9	 | 	9,90
  7	 | 	8	 | 	3,61
  4	 | 	6	 | 	4,24
  0	 | 	3	 | 	5,83
  3	 | 	6	 | 	7,21
  1	 | 	2	 | 	6,00
  1	 | 	3	 | 	7,28
  7	 | 	9	 | 	8,49
  3	 | 	8	 | 	10,63
  8	 | 	9	 | 	9,85
  2	 | 	9	 | 	13,00
  2	 | 	5	 | 	10,30
  2	 | 	8	 | 	12,73
  0	 | 	6	 | 	13,04
  3	 | 	5	 | 	10,44
  0	 | 	7	 | 	12,81
  3	 | 	9	 | 	11,05
  5	 | 	9	 | 	12,04
  1	 | 	8	 | 	17,49
___________________________
Simulation Topology [1:19]
___________________________
From 	  To 		Length
___________________________
  0	 | 	1	 | 	2,24
  0	 | 	2	 | 	4,12
  0	 | 	5	 | 	7,81
  0	 | 	8	 | 	16,40
  0	 | 	9	 | 	14,56
  1	 | 	5	 | 	5,83
  1	 | 	7	 | 	13,89
  1	 | 	9	 | 	14,32
  2	 | 	3	 | 	2,24
  2	 | 	4	 | 	10,44
  2	 | 	6	 | 	9,22
  2	 | 	7	 | 	9,22
  3	 | 	4	 | 	9,06
  3	 | 	7	 | 	7,07
  4	 | 	7	 | 	5,66
  4	 | 	8	 | 	6,08
  5	 | 	6	 | 	16,03
  6	 | 	7	 | 	1,41
  6	 | 	8	 | 	3,61
  6	 | 	9	 | 	9,90
  7	 | 	8	 | 	3,61
  4	 | 	6	 | 	4,24
  0	 | 	3	 | 	5,83
  3	 | 	6	 | 	7,21
  1	 | 	2	 | 	6,00
  1	 | 	3	 | 	7,28
  7	 | 	9	 | 	8,49
  3	 | 	8	 | 	10,63
  8	 | 	9	 | 	9,85
  2	 | 	9	 | 	13,00
  2	 | 	5	 | 	10,30
  2	 | 	8	 | 	12,73
  0	 | 	6	 | 	13,04
  3	 | 	5	 | 	10,44
  0	 | 	7	 | 	12,81
  3	 | 	9	 | 	11,05
  5	 | 	9	 | 	12,04
  1	 | 	8	 | 	17,49
  1	 | 	4	 | 	16,28
___________________________
Simulation Topology [1:20]
___________________________
From 	  To 		Length
___________________________
  0	 | 	1	 | 	2,24
  0	 | 	2	 | 	4,12
  0	 | 	5	 | 	7,81
  0	 | 	8	 | 	16,40
  0	 | 	9	 | 	14,56
  1	 | 	5	 | 	5,83
  1	 | 	7	 | 	13,89
  1	 | 	9	 | 	14,32
  2	 | 	3	 | 	2,24
  2	 | 	4	 | 	10,44
  2	 | 	6	 | 	9,22
  2	 | 	7	 | 	9,22
  3	 | 	4	 | 	9,06
  3	 | 	7	 | 	7,07
  4	 | 	7	 | 	5,66
  4	 | 	8	 | 	6,08
  5	 | 	6	 | 	16,03
  6	 | 	7	 | 	1,41
  6	 | 	8	 | 	3,61
  6	 | 	9	 | 	9,90
  7	 | 	8	 | 	3,61
  4	 | 	6	 | 	4,24
  0	 | 	3	 | 	5,83
  3	 | 	6	 | 	7,21
  1	 | 	2	 | 	6,00
  1	 | 	3	 | 	7,28
  7	 | 	9	 | 	8,49
  3	 | 	8	 | 	10,63
  8	 | 	9	 | 	9,85
  2	 | 	9	 | 	13,00
  2	 | 	5	 | 	10,30
  2	 | 	8	 | 	12,73
  0	 | 	6	 | 	13,04
  3	 | 	5	 | 	10,44
  0	 | 	7	 | 	12,81
  3	 | 	9	 | 	11,05
  5	 | 	9	 | 	12,04
  1	 | 	8	 | 	17,49
  1	 | 	4	 | 	16,28
  4	 | 	9	 | 	14,14
___________________________
