Simulation Topology 1
___________________________
[1]				[0]		
[10]				[2]		
[17]				[2]		
[5]				[3]		
[18]				[3]		
[2]				[4]		
[4]				[4]		
[4]				[5]		
[6]				[7]		
[11]				[8]		
___________________________
Simulation Topology [1:1]
___________________________
From 	  To 		Length
___________________________
  0	 | 	1	 | 	9,22
  0	 | 	2	 | 	16,12
  0	 | 	4	 | 	17,26
  0	 | 	6	 | 	5,00
  0	 | 	8	 | 	8,60
  1	 | 	5	 | 	8,25
  1	 | 	6	 | 	6,32
  2	 | 	3	 | 	12,04
  2	 | 	5	 | 	15,13
  2	 | 	7	 | 	13,34
  3	 | 	5	 | 	3,16
  3	 | 	8	 | 	4,12
  4	 | 	5	 | 	16,03
  4	 | 	8	 | 	12,65
  5	 | 	7	 | 	2,24
  6	 | 	8	 | 	3,61
  7	 | 	9	 | 	7,62
  8	 | 	9	 | 	5,10
___________________________
Simulation Topology [1:2]
___________________________
From 	  To 		Length
___________________________
  0	 | 	1	 | 	9,22
  0	 | 	2	 | 	16,12
  0	 | 	4	 | 	17,26
  0	 | 	6	 | 	5,00
  0	 | 	8	 | 	8,60
  1	 | 	5	 | 	8,25
  1	 | 	6	 | 	6,32
  2	 | 	3	 | 	12,04
  2	 | 	5	 | 	15,13
  2	 | 	7	 | 	13,34
  3	 | 	5	 | 	3,16
  3	 | 	8	 | 	4,12
  4	 | 	5	 | 	16,03
  4	 | 	8	 | 	12,65
  5	 | 	7	 | 	2,24
  6	 | 	8	 | 	3,61
  7	 | 	9	 | 	7,62
  8	 | 	9	 | 	5,10
  1	 | 	3	 | 	5,10
___________________________
Simulation Topology [1:3]
___________________________
From 	  To 		Length
___________________________
  0	 | 	1	 | 	9,22
  0	 | 	2	 | 	16,12
  0	 | 	4	 | 	17,26
  0	 | 	6	 | 	5,00
  0	 | 	8	 | 	8,60
  1	 | 	5	 | 	8,25
  1	 | 	6	 | 	6,32
  2	 | 	3	 | 	12,04
  2	 | 	5	 | 	15,13
  2	 | 	7	 | 	13,34
  3	 | 	5	 | 	3,16
  3	 | 	8	 | 	4,12
  4	 | 	5	 | 	16,03
  4	 | 	8	 | 	12,65
  5	 | 	7	 | 	2,24
  6	 | 	8	 | 	3,61
  7	 | 	9	 | 	7,62
  8	 | 	9	 | 	5,10
  1	 | 	3	 | 	5,10
  3	 | 	9	 | 	7,81
___________________________
