Simulation Topology 1
___________________________
[0]				[0]		
[11]				[1]		
[5]				[2]		
[15]				[4]		
[10]				[5]		
[2]				[5]		
[13]				[7]		
[1]				[8]		
[13]				[9]		
[0]				[11]		
___________________________
Simulation Topology [1:1]
___________________________
From 	  To 		Length
___________________________
  0	 | 	1	 | 	11,05
  0	 | 	7	 | 	8,06
  0	 | 	8	 | 	15,81
  0	 | 	9	 | 	11,00
  1	 | 	2	 | 	6,08
  1	 | 	5	 | 	9,85
  1	 | 	7	 | 	12,21
  2	 | 	6	 | 	9,43
  3	 | 	5	 | 	13,04
  3	 | 	6	 | 	3,61
  3	 | 	8	 | 	5,39
  4	 | 	6	 | 	3,61
  4	 | 	7	 | 	9,49
  4	 | 	9	 | 	11,66
  6	 | 	7	 | 	12,04
___________________________
Simulation Topology [1:2]
___________________________
From 	  To 		Length
___________________________
  0	 | 	1	 | 	11,05
  0	 | 	7	 | 	8,06
  0	 | 	8	 | 	15,81
  0	 | 	9	 | 	11,00
  1	 | 	2	 | 	6,08
  1	 | 	5	 | 	9,85
  1	 | 	7	 | 	12,21
  2	 | 	6	 | 	9,43
  3	 | 	5	 | 	13,04
  3	 | 	6	 | 	3,61
  3	 | 	8	 | 	5,39
  4	 | 	6	 | 	3,61
  4	 | 	7	 | 	9,49
  4	 | 	9	 | 	11,66
  6	 | 	7	 | 	12,04
  7	 | 	9	 | 	3,16
___________________________
Simulation Topology [1:3]
___________________________
From 	  To 		Length
___________________________
  0	 | 	1	 | 	11,05
  0	 | 	7	 | 	8,06
  0	 | 	8	 | 	15,81
  0	 | 	9	 | 	11,00
  1	 | 	2	 | 	6,08
  1	 | 	5	 | 	9,85
  1	 | 	7	 | 	12,21
  2	 | 	6	 | 	9,43
  3	 | 	5	 | 	13,04
  3	 | 	6	 | 	3,61
  3	 | 	8	 | 	5,39
  4	 | 	6	 | 	3,61
  4	 | 	7	 | 	9,49
  4	 | 	9	 | 	11,66
  6	 | 	7	 | 	12,04
  7	 | 	9	 | 	3,16
  5	 | 	7	 | 	3,16
___________________________
Simulation Topology [1:4]
___________________________
From 	  To 		Length
___________________________
  0	 | 	1	 | 	11,05
  0	 | 	7	 | 	8,06
  0	 | 	8	 | 	15,81
  0	 | 	9	 | 	11,00
  1	 | 	2	 | 	6,08
  1	 | 	5	 | 	9,85
  1	 | 	7	 | 	12,21
  2	 | 	6	 | 	9,43
  3	 | 	5	 | 	13,04
  3	 | 	6	 | 	3,61
  3	 | 	8	 | 	5,39
  4	 | 	6	 | 	3,61
  4	 | 	7	 | 	9,49
  4	 | 	9	 | 	11,66
  6	 | 	7	 | 	12,04
  7	 | 	9	 | 	3,16
  5	 | 	7	 | 	3,16
  4	 | 	8	 | 	5,00
___________________________
Simulation Topology [1:5]
___________________________
From 	  To 		Length
___________________________
  0	 | 	1	 | 	11,05
  0	 | 	7	 | 	8,06
  0	 | 	8	 | 	15,81
  0	 | 	9	 | 	11,00
  1	 | 	2	 | 	6,08
  1	 | 	5	 | 	9,85
  1	 | 	7	 | 	12,21
  2	 | 	6	 | 	9,43
  3	 | 	5	 | 	13,04
  3	 | 	6	 | 	3,61
  3	 | 	8	 | 	5,39
  4	 | 	6	 | 	3,61
  4	 | 	7	 | 	9,49
  4	 | 	9	 | 	11,66
  6	 | 	7	 | 	12,04
  7	 | 	9	 | 	3,16
  5	 | 	7	 | 	3,16
  4	 | 	8	 | 	5,00
  2	 | 	4	 | 	5,83
___________________________
Simulation Topology [1:6]
___________________________
From 	  To 		Length
___________________________
  0	 | 	1	 | 	11,05
  0	 | 	7	 | 	8,06
  0	 | 	8	 | 	15,81
  0	 | 	9	 | 	11,00
  1	 | 	2	 | 	6,08
  1	 | 	5	 | 	9,85
  1	 | 	7	 | 	12,21
  2	 | 	6	 | 	9,43
  3	 | 	5	 | 	13,04
  3	 | 	6	 | 	3,61
  3	 | 	8	 | 	5,39
  4	 | 	6	 | 	3,61
  4	 | 	7	 | 	9,49
  4	 | 	9	 | 	11,66
  6	 | 	7	 | 	12,04
  7	 | 	9	 | 	3,16
  5	 | 	7	 | 	3,16
  4	 | 	8	 | 	5,00
  2	 | 	4	 | 	5,83
  6	 | 	8	 | 	2,00
___________________________
