Simulation Topology 1
___________________________
[15]				[2]		
[18]				[2]		
[0]				[6]		
[11]				[6]		
[7]				[8]		
[3]				[8]		
[9]				[9]		
[16]				[10]		
[18]				[12]		
[14]				[13]		
___________________________
Simulation Topology [1:1]
___________________________
From 	  To 		Length
___________________________
  0	 | 	1	 | 	3,00
  0	 | 	2	 | 	15,52
  0	 | 	7	 | 	8,06
  0	 | 	8	 | 	10,44
  0	 | 	9	 | 	11,05
  1	 | 	4	 | 	12,53
  1	 | 	8	 | 	10,00
  1	 | 	9	 | 	11,70
  2	 | 	3	 | 	11,00
  2	 | 	6	 | 	9,49
  2	 | 	8	 | 	18,97
  3	 | 	8	 | 	9,22
  4	 | 	5	 | 	4,00
  4	 | 	6	 | 	2,24
  5	 | 	6	 | 	6,08
  6	 | 	7	 | 	7,07
  7	 | 	8	 | 	2,83
  8	 | 	9	 | 	4,12
___________________________
Simulation Topology [1:2]
___________________________
From 	  To 		Length
___________________________
  0	 | 	1	 | 	3,00
  0	 | 	2	 | 	15,52
  0	 | 	7	 | 	8,06
  0	 | 	8	 | 	10,44
  0	 | 	9	 | 	11,05
  1	 | 	4	 | 	12,53
  1	 | 	8	 | 	10,00
  1	 | 	9	 | 	11,70
  2	 | 	3	 | 	11,00
  2	 | 	6	 | 	9,49
  2	 | 	8	 | 	18,97
  3	 | 	8	 | 	9,22
  4	 | 	5	 | 	4,00
  4	 | 	6	 | 	2,24
  5	 | 	6	 | 	6,08
  6	 | 	7	 | 	7,07
  7	 | 	8	 | 	2,83
  8	 | 	9	 | 	4,12
  6	 | 	9	 | 	6,40
___________________________
Simulation Topology [1:3]
___________________________
From 	  To 		Length
___________________________
  0	 | 	1	 | 	3,00
  0	 | 	2	 | 	15,52
  0	 | 	7	 | 	8,06
  0	 | 	8	 | 	10,44
  0	 | 	9	 | 	11,05
  1	 | 	4	 | 	12,53
  1	 | 	8	 | 	10,00
  1	 | 	9	 | 	11,70
  2	 | 	3	 | 	11,00
  2	 | 	6	 | 	9,49
  2	 | 	8	 | 	18,97
  3	 | 	8	 | 	9,22
  4	 | 	5	 | 	4,00
  4	 | 	6	 | 	2,24
  5	 | 	6	 | 	6,08
  6	 | 	7	 | 	7,07
  7	 | 	8	 | 	2,83
  8	 | 	9	 | 	4,12
  6	 | 	9	 | 	6,40
  7	 | 	9	 | 	3,61
___________________________
