Simulation Topology 1
___________________________
[6]				[1]		
[1]				[1]		
[10]				[4]		
[18]				[4]		
[16]				[5]		
[18]				[5]		
[1]				[7]		
[8]				[7]		
[7]				[8]		
[4]				[9]		
___________________________
Simulation Topology [1:1]
___________________________
From 	  To 		Length
___________________________
  0	 | 	1	 | 	5,00
  0	 | 	5	 | 	12,65
  0	 | 	6	 | 	7,81
  0	 | 	8	 | 	7,07
  1	 | 	3	 | 	17,26
  1	 | 	6	 | 	6,00
  2	 | 	3	 | 	8,00
  2	 | 	4	 | 	6,08
  2	 | 	8	 | 	5,00
  3	 | 	7	 | 	10,44
  4	 | 	5	 | 	2,00
  4	 | 	7	 | 	8,25
  4	 | 	8	 | 	9,49
  4	 | 	9	 | 	12,65
  5	 | 	8	 | 	11,40
  5	 | 	9	 | 	14,56
  6	 | 	7	 | 	7,00
  6	 | 	8	 | 	6,08
___________________________
Simulation Topology [1:2]
___________________________
From 	  To 		Length
___________________________
  0	 | 	1	 | 	5,00
  0	 | 	5	 | 	12,65
  0	 | 	6	 | 	7,81
  0	 | 	8	 | 	7,07
  1	 | 	3	 | 	17,26
  1	 | 	6	 | 	6,00
  2	 | 	3	 | 	8,00
  2	 | 	4	 | 	6,08
  2	 | 	8	 | 	5,00
  3	 | 	7	 | 	10,44
  4	 | 	5	 | 	2,00
  4	 | 	7	 | 	8,25
  4	 | 	8	 | 	9,49
  4	 | 	9	 | 	12,65
  5	 | 	8	 | 	11,40
  5	 | 	9	 | 	14,56
  6	 | 	7	 | 	7,00
  6	 | 	8	 | 	6,08
  7	 | 	9	 | 	4,47
___________________________
Simulation Topology [1:3]
___________________________
From 	  To 		Length
___________________________
  0	 | 	1	 | 	5,00
  0	 | 	5	 | 	12,65
  0	 | 	6	 | 	7,81
  0	 | 	8	 | 	7,07
  1	 | 	3	 | 	17,26
  1	 | 	6	 | 	6,00
  2	 | 	3	 | 	8,00
  2	 | 	4	 | 	6,08
  2	 | 	8	 | 	5,00
  3	 | 	7	 | 	10,44
  4	 | 	5	 | 	2,00
  4	 | 	7	 | 	8,25
  4	 | 	8	 | 	9,49
  4	 | 	9	 | 	12,65
  5	 | 	8	 | 	11,40
  5	 | 	9	 | 	14,56
  6	 | 	7	 | 	7,00
  6	 | 	8	 | 	6,08
  7	 | 	9	 | 	4,47
  6	 | 	9	 | 	3,61
___________________________
