Simulation Topology 1
___________________________
[15]				[1]		
[19]				[3]		
[6]				[3]		
[5]				[4]		
[16]				[4]		
[9]				[6]		
[12]				[7]		
[14]				[8]		
[8]				[9]		
[4]				[10]		
___________________________
Simulation Topology [1:1]
___________________________
From 	  To 		Length
___________________________
  0	 | 	1	 | 	4,47
  0	 | 	2	 | 	9,22
  0	 | 	7	 | 	7,07
  0	 | 	8	 | 	10,63
  0	 | 	9	 | 	14,21
  1	 | 	3	 | 	14,04
  1	 | 	8	 | 	12,53
  2	 | 	3	 | 	1,41
  2	 | 	5	 | 	4,24
  2	 | 	6	 | 	7,21
  3	 | 	7	 | 	9,85
  4	 | 	7	 | 	4,47
  4	 | 	9	 | 	13,42
  5	 | 	6	 | 	3,16
  5	 | 	7	 | 	5,39
  5	 | 	8	 | 	3,16
  6	 | 	7	 | 	2,24
  6	 | 	8	 | 	4,47
  6	 | 	9	 | 	8,54
___________________________
Simulation Topology [1:2]
___________________________
From 	  To 		Length
___________________________
  0	 | 	1	 | 	4,47
  0	 | 	2	 | 	9,22
  0	 | 	7	 | 	7,07
  0	 | 	8	 | 	10,63
  0	 | 	9	 | 	14,21
  1	 | 	3	 | 	14,04
  1	 | 	8	 | 	12,53
  2	 | 	3	 | 	1,41
  2	 | 	5	 | 	4,24
  2	 | 	6	 | 	7,21
  3	 | 	7	 | 	9,85
  4	 | 	7	 | 	4,47
  4	 | 	9	 | 	13,42
  5	 | 	6	 | 	3,16
  5	 | 	7	 | 	5,39
  5	 | 	8	 | 	3,16
  6	 | 	7	 | 	2,24
  6	 | 	8	 | 	4,47
  6	 | 	9	 | 	8,54
  3	 | 	8	 | 	5,83
___________________________
