Simulation Topology 1
___________________________
[2]				[0]		
[9]				[0]		
[16]				[1]		
[1]				[1]		
[18]				[2]		
[7]				[3]		
[2]				[4]		
[9]				[4]		
[5]				[5]		
[11]				[7]		
___________________________
Simulation Topology [1:1]
___________________________
From 	  To 		Length
___________________________
  0	 | 	1	 | 	7,00
  0	 | 	2	 | 	14,04
  0	 | 	6	 | 	4,00
  0	 | 	9	 | 	11,40
  1	 | 	7	 | 	4,00
  1	 | 	8	 | 	6,40
  2	 | 	3	 | 	15,00
  2	 | 	4	 | 	2,24
  2	 | 	8	 | 	11,70
  3	 | 	4	 | 	17,03
  3	 | 	7	 | 	8,54
  4	 | 	5	 | 	11,05
  4	 | 	6	 | 	16,12
  5	 | 	6	 | 	5,10
  5	 | 	7	 | 	2,24
  5	 | 	9	 | 	5,66
  6	 | 	8	 | 	3,16
  7	 | 	8	 | 	4,12
  8	 | 	9	 | 	6,32
___________________________
Simulation Topology [1:2]
___________________________
From 	  To 		Length
___________________________
  0	 | 	1	 | 	7,00
  0	 | 	2	 | 	14,04
  0	 | 	6	 | 	4,00
  0	 | 	9	 | 	11,40
  1	 | 	7	 | 	4,00
  1	 | 	8	 | 	6,40
  2	 | 	3	 | 	15,00
  2	 | 	4	 | 	2,24
  2	 | 	8	 | 	11,70
  3	 | 	4	 | 	17,03
  3	 | 	7	 | 	8,54
  4	 | 	5	 | 	11,05
  4	 | 	6	 | 	16,12
  5	 | 	6	 | 	5,10
  5	 | 	7	 | 	2,24
  5	 | 	9	 | 	5,66
  6	 | 	8	 | 	3,16
  7	 | 	8	 | 	4,12
  8	 | 	9	 | 	6,32
  0	 | 	5	 | 	5,83
___________________________
