Simulation Topology 1
___________________________
[0]				[2]		
[1]				[3]		
[6]				[3]		
[18]				[4]		
[8]				[5]		
[16]				[6]		
[0]				[7]		
[15]				[9]		
[7]				[9]		
[0]				[10]		
___________________________
Simulation Topology [1:1]
___________________________
From 	  To 		Length
___________________________
  0	 | 	1	 | 	1,41
  0	 | 	2	 | 	6,08
  0	 | 	7	 | 	16,55
  0	 | 	8	 | 	9,90
  1	 | 	4	 | 	7,28
  1	 | 	6	 | 	4,12
  1	 | 	9	 | 	7,07
  2	 | 	3	 | 	12,04
  2	 | 	4	 | 	2,83
  2	 | 	8	 | 	6,08
  3	 | 	5	 | 	2,83
  3	 | 	6	 | 	18,25
  3	 | 	8	 | 	12,08
  4	 | 	6	 | 	8,25
  4	 | 	9	 | 	9,43
  5	 | 	9	 | 	16,49
  6	 | 	8	 | 	7,28
  6	 | 	9	 | 	3,00
  7	 | 	8	 | 	8,00
___________________________
Simulation Topology [1:2]
___________________________
From 	  To 		Length
___________________________
  0	 | 	1	 | 	1,41
  0	 | 	2	 | 	6,08
  0	 | 	7	 | 	16,55
  0	 | 	8	 | 	9,90
  1	 | 	4	 | 	7,28
  1	 | 	6	 | 	4,12
  1	 | 	9	 | 	7,07
  2	 | 	3	 | 	12,04
  2	 | 	4	 | 	2,83
  2	 | 	8	 | 	6,08
  3	 | 	5	 | 	2,83
  3	 | 	6	 | 	18,25
  3	 | 	8	 | 	12,08
  4	 | 	6	 | 	8,25
  4	 | 	9	 | 	9,43
  5	 | 	9	 | 	16,49
  6	 | 	8	 | 	7,28
  6	 | 	9	 | 	3,00
  7	 | 	8	 | 	8,00
  5	 | 	7	 | 	3,16
___________________________
