Simulation Topology 1
___________________________
[3]				[0]		
[18]				[0]		
[16]				[3]		
[9]				[3]		
[12]				[4]		
[12]				[5]		
[2]				[5]		
[9]				[6]		
[18]				[7]		
[4]				[7]		
___________________________
Simulation Topology [1:1]
___________________________
From 	  To 		Length
___________________________
  0	 | 	1	 | 	15,00
  0	 | 	2	 | 	13,34
  0	 | 	4	 | 	9,85
  0	 | 	9	 | 	7,07
  1	 | 	6	 | 	16,76
  2	 | 	3	 | 	7,00
  2	 | 	5	 | 	4,47
  2	 | 	6	 | 	14,14
  2	 | 	7	 | 	7,62
  3	 | 	4	 | 	3,16
  3	 | 	5	 | 	3,61
  3	 | 	9	 | 	6,40
  4	 | 	5	 | 	1,00
  4	 | 	9	 | 	8,54
  5	 | 	8	 | 	6,32
  6	 | 	7	 | 	7,07
  7	 | 	8	 | 	9,06
  7	 | 	9	 | 	5,10
___________________________
Simulation Topology [1:2]
___________________________
From 	  To 		Length
___________________________
  0	 | 	1	 | 	15,00
  0	 | 	2	 | 	13,34
  0	 | 	4	 | 	9,85
  0	 | 	9	 | 	7,07
  1	 | 	6	 | 	16,76
  2	 | 	3	 | 	7,00
  2	 | 	5	 | 	4,47
  2	 | 	6	 | 	14,14
  2	 | 	7	 | 	7,62
  3	 | 	4	 | 	3,16
  3	 | 	5	 | 	3,61
  3	 | 	9	 | 	6,40
  4	 | 	5	 | 	1,00
  4	 | 	9	 | 	8,54
  5	 | 	8	 | 	6,32
  6	 | 	7	 | 	7,07
  7	 | 	8	 | 	9,06
  7	 | 	9	 | 	5,10
  1	 | 	8	 | 	7,00
___________________________
Simulation Topology [1:3]
___________________________
From 	  To 		Length
___________________________
  0	 | 	1	 | 	15,00
  0	 | 	2	 | 	13,34
  0	 | 	4	 | 	9,85
  0	 | 	9	 | 	7,07
  1	 | 	6	 | 	16,76
  2	 | 	3	 | 	7,00
  2	 | 	5	 | 	4,47
  2	 | 	6	 | 	14,14
  2	 | 	7	 | 	7,62
  3	 | 	4	 | 	3,16
  3	 | 	5	 | 	3,61
  3	 | 	9	 | 	6,40
  4	 | 	5	 | 	1,00
  4	 | 	9	 | 	8,54
  5	 | 	8	 | 	6,32
  6	 | 	7	 | 	7,07
  7	 | 	8	 | 	9,06
  7	 | 	9	 | 	5,10
  1	 | 	8	 | 	7,00
  1	 | 	3	 | 	9,49
___________________________
