Simulation Topology 1
___________________________
[10]				[0]		
[7]				[0]		
[16]				[3]		
[12]				[4]		
[13]				[6]		
[0]				[7]		
[10]				[8]		
[4]				[8]		
[6]				[9]		
[12]				[9]		
___________________________
Simulation Topology [1:1]
___________________________
From 	  To 		Length
___________________________
  0	 | 	1	 | 	3,00
  0	 | 	7	 | 	10,00
  0	 | 	9	 | 	9,22
  1	 | 	2	 | 	9,49
  1	 | 	3	 | 	6,40
  1	 | 	4	 | 	8,49
  1	 | 	5	 | 	9,90
  2	 | 	3	 | 	4,12
  2	 | 	5	 | 	16,49
  2	 | 	8	 | 	11,66
  2	 | 	9	 | 	7,21
  3	 | 	4	 | 	2,24
  3	 | 	5	 | 	12,37
  3	 | 	6	 | 	4,47
  3	 | 	9	 | 	5,00
  4	 | 	5	 | 	13,04
  6	 | 	7	 | 	6,00
  6	 | 	8	 | 	4,12
  7	 | 	9	 | 	8,06
___________________________
Simulation Topology [1:2]
___________________________
From 	  To 		Length
___________________________
  0	 | 	1	 | 	3,00
  0	 | 	7	 | 	10,00
  0	 | 	9	 | 	9,22
  1	 | 	2	 | 	9,49
  1	 | 	3	 | 	6,40
  1	 | 	4	 | 	8,49
  1	 | 	5	 | 	9,90
  2	 | 	3	 | 	4,12
  2	 | 	5	 | 	16,49
  2	 | 	8	 | 	11,66
  2	 | 	9	 | 	7,21
  3	 | 	4	 | 	2,24
  3	 | 	5	 | 	12,37
  3	 | 	6	 | 	4,47
  3	 | 	9	 | 	5,00
  4	 | 	5	 | 	13,04
  6	 | 	7	 | 	6,00
  6	 | 	8	 | 	4,12
  7	 | 	9	 | 	8,06
  4	 | 	9	 | 	3,16
___________________________
