Simulation Topology 1
___________________________
[16]				[1]		
[5]				[1]		
[12]				[2]		
[12]				[3]		
[14]				[3]		
[2]				[4]		
[10]				[6]		
[3]				[8]		
[8]				[8]		
[2]				[9]		
___________________________
Simulation Topology [1:1]
___________________________
From 	  To 		Length
___________________________
  0	 | 	1	 | 	11,00
  0	 | 	6	 | 	7,81
  0	 | 	7	 | 	14,76
  1	 | 	2	 | 	7,07
  1	 | 	3	 | 	7,28
  1	 | 	9	 | 	8,54
  2	 | 	3	 | 	1,00
  2	 | 	5	 | 	10,20
  2	 | 	6	 | 	4,47
  2	 | 	7	 | 	10,82
  2	 | 	9	 | 	12,21
  3	 | 	5	 | 	10,05
  4	 | 	5	 | 	12,04
  4	 | 	9	 | 	13,42
  5	 | 	8	 | 	7,21
  6	 | 	8	 | 	2,83
  6	 | 	9	 | 	8,54
  7	 | 	8	 | 	5,00
  7	 | 	9	 | 	1,41
___________________________
Simulation Topology [1:2]
___________________________
From 	  To 		Length
___________________________
  0	 | 	1	 | 	11,00
  0	 | 	6	 | 	7,81
  0	 | 	7	 | 	14,76
  1	 | 	2	 | 	7,07
  1	 | 	3	 | 	7,28
  1	 | 	9	 | 	8,54
  2	 | 	3	 | 	1,00
  2	 | 	5	 | 	10,20
  2	 | 	6	 | 	4,47
  2	 | 	7	 | 	10,82
  2	 | 	9	 | 	12,21
  3	 | 	5	 | 	10,05
  4	 | 	5	 | 	12,04
  4	 | 	9	 | 	13,42
  5	 | 	8	 | 	7,21
  6	 | 	8	 | 	2,83
  6	 | 	9	 | 	8,54
  7	 | 	8	 | 	5,00
  7	 | 	9	 | 	1,41
  0	 | 	2	 | 	4,12
___________________________
