Simulation Topology 1
___________________________
[11]				[0]		
[10]				[1]		
[2]				[1]		
[5]				[3]		
[11]				[3]		
[18]				[4]		
[18]				[5]		
[2]				[7]		
[17]				[7]		
[10]				[12]		
___________________________
Simulation Topology [1:1]
___________________________
From 	  To 		Length
___________________________
  0	 | 	1	 | 	1,41
  0	 | 	2	 | 	9,06
  0	 | 	3	 | 	6,71
  0	 | 	7	 | 	11,40
  1	 | 	4	 | 	2,24
  1	 | 	6	 | 	8,94
  1	 | 	8	 | 	9,22
  2	 | 	3	 | 	3,61
  2	 | 	7	 | 	6,00
  2	 | 	9	 | 	13,60
  3	 | 	6	 | 	13,15
  3	 | 	9	 | 	10,30
  4	 | 	5	 | 	7,07
  4	 | 	6	 | 	7,28
  5	 | 	6	 | 	1,00
  5	 | 	7	 | 	16,28
  5	 | 	8	 | 	3,16
  6	 | 	7	 | 	16,12
___________________________
Simulation Topology [1:2]
___________________________
From 	  To 		Length
___________________________
  0	 | 	1	 | 	1,41
  0	 | 	2	 | 	9,06
  0	 | 	3	 | 	6,71
  0	 | 	7	 | 	11,40
  1	 | 	4	 | 	2,24
  1	 | 	6	 | 	8,94
  1	 | 	8	 | 	9,22
  2	 | 	3	 | 	3,61
  2	 | 	7	 | 	6,00
  2	 | 	9	 | 	13,60
  3	 | 	6	 | 	13,15
  3	 | 	9	 | 	10,30
  4	 | 	5	 | 	7,07
  4	 | 	6	 | 	7,28
  5	 | 	6	 | 	1,00
  5	 | 	7	 | 	16,28
  5	 | 	8	 | 	3,16
  6	 | 	7	 | 	16,12
  6	 | 	8	 | 	2,24
___________________________
Simulation Topology [1:3]
___________________________
From 	  To 		Length
___________________________
  0	 | 	1	 | 	1,41
  0	 | 	2	 | 	9,06
  0	 | 	3	 | 	6,71
  0	 | 	7	 | 	11,40
  1	 | 	4	 | 	2,24
  1	 | 	6	 | 	8,94
  1	 | 	8	 | 	9,22
  2	 | 	3	 | 	3,61
  2	 | 	7	 | 	6,00
  2	 | 	9	 | 	13,60
  3	 | 	6	 | 	13,15
  3	 | 	9	 | 	10,30
  4	 | 	5	 | 	7,07
  4	 | 	6	 | 	7,28
  5	 | 	6	 | 	1,00
  5	 | 	7	 | 	16,28
  5	 | 	8	 | 	3,16
  6	 | 	7	 | 	16,12
  6	 | 	8	 | 	2,24
  1	 | 	3	 | 	5,39
___________________________
