Simulation Topology 1
___________________________
[11]				[2]		
[8]				[2]		
[6]				[4]		
[16]				[5]		
[19]				[5]		
[18]				[6]		
[1]				[8]		
[4]				[9]		
[13]				[9]		
[1]				[10]		
___________________________
Simulation Topology [1:1]
___________________________
From 	  To 		Length
___________________________
  0	 | 	1	 | 	3,00
  0	 | 	5	 | 	8,06
  0	 | 	9	 | 	12,81
  1	 | 	3	 | 	8,54
  2	 | 	3	 | 	10,05
  2	 | 	6	 | 	6,40
  2	 | 	8	 | 	8,60
  3	 | 	5	 | 	2,24
  3	 | 	6	 | 	15,30
  3	 | 	7	 | 	12,65
  4	 | 	5	 | 	1,41
  4	 | 	6	 | 	18,25
  4	 | 	7	 | 	15,52
  4	 | 	8	 | 	7,21
  5	 | 	9	 | 	17,46
  6	 | 	7	 | 	3,16
  6	 | 	9	 | 	2,00
___________________________
Simulation Topology [1:2]
___________________________
From 	  To 		Length
___________________________
  0	 | 	1	 | 	3,00
  0	 | 	5	 | 	8,06
  0	 | 	9	 | 	12,81
  1	 | 	3	 | 	8,54
  2	 | 	3	 | 	10,05
  2	 | 	6	 | 	6,40
  2	 | 	8	 | 	8,60
  3	 | 	5	 | 	2,24
  3	 | 	6	 | 	15,30
  3	 | 	7	 | 	12,65
  4	 | 	5	 | 	1,41
  4	 | 	6	 | 	18,25
  4	 | 	7	 | 	15,52
  4	 | 	8	 | 	7,21
  5	 | 	9	 | 	17,46
  6	 | 	7	 | 	3,16
  6	 | 	9	 | 	2,00
  3	 | 	8	 | 	5,00
___________________________
Simulation Topology [1:3]
___________________________
From 	  To 		Length
___________________________
  0	 | 	1	 | 	3,00
  0	 | 	5	 | 	8,06
  0	 | 	9	 | 	12,81
  1	 | 	3	 | 	8,54
  2	 | 	3	 | 	10,05
  2	 | 	6	 | 	6,40
  2	 | 	8	 | 	8,60
  3	 | 	5	 | 	2,24
  3	 | 	6	 | 	15,30
  3	 | 	7	 | 	12,65
  4	 | 	5	 | 	1,41
  4	 | 	6	 | 	18,25
  4	 | 	7	 | 	15,52
  4	 | 	8	 | 	7,21
  5	 | 	9	 | 	17,46
  6	 | 	7	 | 	3,16
  6	 | 	9	 | 	2,00
  3	 | 	8	 | 	5,00
  0	 | 	4	 | 	8,54
___________________________
Simulation Topology [1:4]
___________________________
From 	  To 		Length
___________________________
  0	 | 	1	 | 	3,00
  0	 | 	5	 | 	8,06
  0	 | 	9	 | 	12,81
  1	 | 	3	 | 	8,54
  2	 | 	3	 | 	10,05
  2	 | 	6	 | 	6,40
  2	 | 	8	 | 	8,60
  3	 | 	5	 | 	2,24
  3	 | 	6	 | 	15,30
  3	 | 	7	 | 	12,65
  4	 | 	5	 | 	1,41
  4	 | 	6	 | 	18,25
  4	 | 	7	 | 	15,52
  4	 | 	8	 | 	7,21
  5	 | 	9	 | 	17,46
  6	 | 	7	 | 	3,16
  6	 | 	9	 | 	2,00
  3	 | 	8	 | 	5,00
  0	 | 	4	 | 	8,54
  0	 | 	2	 | 	5,39
___________________________
