Simulation Topology 1
___________________________
[10]				[1]		
[1]				[1]		
[18]				[7]		
[7]				[7]		
[3]				[9]		
[11]				[10]		
[12]				[11]		
[14]				[11]		
[9]				[14]		
[0]				[14]		
___________________________
Simulation Topology [1:1]
___________________________
From 	  To 		Length
___________________________
  0	 | 	1	 | 	9,00
  0	 | 	6	 | 	10,20
  0	 | 	7	 | 	10,77
  1	 | 	6	 | 	14,87
  1	 | 	8	 | 	15,26
  2	 | 	3	 | 	11,00
  2	 | 	5	 | 	7,62
  2	 | 	8	 | 	11,40
  3	 | 	4	 | 	4,47
  3	 | 	5	 | 	5,00
  3	 | 	8	 | 	7,28
  4	 | 	5	 | 	8,06
  4	 | 	6	 | 	9,22
  4	 | 	7	 | 	11,18
  5	 | 	6	 | 	1,41
  5	 | 	9	 | 	11,70
  6	 | 	7	 | 	2,00
  8	 | 	9	 | 	9,00
___________________________
Simulation Topology [1:2]
___________________________
From 	  To 		Length
___________________________
  0	 | 	1	 | 	9,00
  0	 | 	6	 | 	10,20
  0	 | 	7	 | 	10,77
  1	 | 	6	 | 	14,87
  1	 | 	8	 | 	15,26
  2	 | 	3	 | 	11,00
  2	 | 	5	 | 	7,62
  2	 | 	8	 | 	11,40
  3	 | 	4	 | 	4,47
  3	 | 	5	 | 	5,00
  3	 | 	8	 | 	7,28
  4	 | 	5	 | 	8,06
  4	 | 	6	 | 	9,22
  4	 | 	7	 | 	11,18
  5	 | 	6	 | 	1,41
  5	 | 	9	 | 	11,70
  6	 | 	7	 | 	2,00
  8	 | 	9	 | 	9,00
  6	 | 	8	 | 	4,24
___________________________
Simulation Topology [1:3]
___________________________
From 	  To 		Length
___________________________
  0	 | 	1	 | 	9,00
  0	 | 	6	 | 	10,20
  0	 | 	7	 | 	10,77
  1	 | 	6	 | 	14,87
  1	 | 	8	 | 	15,26
  2	 | 	3	 | 	11,00
  2	 | 	5	 | 	7,62
  2	 | 	8	 | 	11,40
  3	 | 	4	 | 	4,47
  3	 | 	5	 | 	5,00
  3	 | 	8	 | 	7,28
  4	 | 	5	 | 	8,06
  4	 | 	6	 | 	9,22
  4	 | 	7	 | 	11,18
  5	 | 	6	 | 	1,41
  5	 | 	9	 | 	11,70
  6	 | 	7	 | 	2,00
  8	 | 	9	 | 	9,00
  6	 | 	8	 | 	4,24
  4	 | 	9	 | 	5,83
___________________________
