Simulation Topology 1
___________________________
[14]				[0]		
[13]				[1]		
[6]				[3]		
[2]				[4]		
[6]				[4]		
[4]				[5]		
[11]				[5]		
[18]				[6]		
[10]				[6]		
[3]				[7]		
___________________________
Simulation Topology [1:1]
___________________________
From 	  To 		Length
___________________________
  0	 | 	1	 | 	1,41
  0	 | 	3	 | 	12,65
  0	 | 	4	 | 	8,94
  0	 | 	8	 | 	7,21
  0	 | 	9	 | 	13,04
  1	 | 	4	 | 	7,62
  1	 | 	5	 | 	9,85
  1	 | 	6	 | 	4,47
  1	 | 	7	 | 	7,07
  2	 | 	3	 | 	4,12
  2	 | 	6	 | 	5,39
  2	 | 	8	 | 	5,00
  2	 | 	9	 | 	5,00
  3	 | 	4	 | 	4,00
  3	 | 	7	 | 	16,12
  4	 | 	5	 | 	2,24
  4	 | 	6	 | 	5,10
  5	 | 	9	 | 	2,24
  8	 | 	9	 | 	7,07
___________________________
Simulation Topology [1:2]
___________________________
From 	  To 		Length
___________________________
  0	 | 	1	 | 	1,41
  0	 | 	3	 | 	12,65
  0	 | 	4	 | 	8,94
  0	 | 	8	 | 	7,21
  0	 | 	9	 | 	13,04
  1	 | 	4	 | 	7,62
  1	 | 	5	 | 	9,85
  1	 | 	6	 | 	4,47
  1	 | 	7	 | 	7,07
  2	 | 	3	 | 	4,12
  2	 | 	6	 | 	5,39
  2	 | 	8	 | 	5,00
  2	 | 	9	 | 	5,00
  3	 | 	4	 | 	4,00
  3	 | 	7	 | 	16,12
  4	 | 	5	 | 	2,24
  4	 | 	6	 | 	5,10
  5	 | 	9	 | 	2,24
  8	 | 	9	 | 	7,07
  2	 | 	4	 | 	1,00
___________________________
