Simulation Topology 1
___________________________
[8]				[1]		
[5]				[3]		
[2]				[3]		
[8]				[6]		
[6]				[8]		
[9]				[11]		
[6]				[11]		
[7]				[12]		
[3]				[12]		
[5]				[13]		
___________________________
Simulation Topology [1:1]
___________________________
From 	  To 		Length
___________________________
  0	 | 	1	 | 	3,61
  0	 | 	2	 | 	6,32
  0	 | 	6	 | 	10,20
  0	 | 	7	 | 	11,05
  1	 | 	4	 | 	5,10
  1	 | 	5	 | 	8,94
  1	 | 	6	 | 	8,06
  2	 | 	3	 | 	6,71
  2	 | 	9	 | 	10,44
  3	 | 	5	 | 	5,10
  3	 | 	8	 | 	7,81
  3	 | 	9	 | 	7,62
  4	 | 	5	 | 	4,24
  4	 | 	6	 | 	3,00
  4	 | 	8	 | 	5,00
  6	 | 	9	 | 	2,24
  7	 | 	9	 | 	2,24
___________________________
Simulation Topology [1:2]
___________________________
From 	  To 		Length
___________________________
  0	 | 	1	 | 	3,61
  0	 | 	2	 | 	6,32
  0	 | 	6	 | 	10,20
  0	 | 	7	 | 	11,05
  1	 | 	4	 | 	5,10
  1	 | 	5	 | 	8,94
  1	 | 	6	 | 	8,06
  2	 | 	3	 | 	6,71
  2	 | 	9	 | 	10,44
  3	 | 	5	 | 	5,10
  3	 | 	8	 | 	7,81
  3	 | 	9	 | 	7,62
  4	 | 	5	 | 	4,24
  4	 | 	6	 | 	3,00
  4	 | 	8	 | 	5,00
  6	 | 	9	 | 	2,24
  7	 | 	9	 | 	2,24
  3	 | 	4	 | 	2,83
___________________________
Simulation Topology [1:3]
___________________________
From 	  To 		Length
___________________________
  0	 | 	1	 | 	3,61
  0	 | 	2	 | 	6,32
  0	 | 	6	 | 	10,20
  0	 | 	7	 | 	11,05
  1	 | 	4	 | 	5,10
  1	 | 	5	 | 	8,94
  1	 | 	6	 | 	8,06
  2	 | 	3	 | 	6,71
  2	 | 	9	 | 	10,44
  3	 | 	5	 | 	5,10
  3	 | 	8	 | 	7,81
  3	 | 	9	 | 	7,62
  4	 | 	5	 | 	4,24
  4	 | 	6	 | 	3,00
  4	 | 	8	 | 	5,00
  6	 | 	9	 | 	2,24
  7	 | 	9	 | 	2,24
  3	 | 	4	 | 	2,83
  0	 | 	3	 | 	5,00
___________________________
Simulation Topology [1:4]
___________________________
From 	  To 		Length
___________________________
  0	 | 	1	 | 	3,61
  0	 | 	2	 | 	6,32
  0	 | 	6	 | 	10,20
  0	 | 	7	 | 	11,05
  1	 | 	4	 | 	5,10
  1	 | 	5	 | 	8,94
  1	 | 	6	 | 	8,06
  2	 | 	3	 | 	6,71
  2	 | 	9	 | 	10,44
  3	 | 	5	 | 	5,10
  3	 | 	8	 | 	7,81
  3	 | 	9	 | 	7,62
  4	 | 	5	 | 	4,24
  4	 | 	6	 | 	3,00
  4	 | 	8	 | 	5,00
  6	 | 	9	 | 	2,24
  7	 | 	9	 | 	2,24
  3	 | 	4	 | 	2,83
  0	 | 	3	 | 	5,00
  1	 | 	2	 | 	3,00
___________________________
