Simulation Topology 1
___________________________
[2]				[0]		
[15]				[1]		
[8]				[1]		
[14]				[2]		
[6]				[2]		
[2]				[3]		
[7]				[3]		
[8]				[5]		
[16]				[5]		
[4]				[6]		
___________________________
Simulation Topology [1:1]
___________________________
From 	  To 		Length
___________________________
  0	 | 	1	 | 	13,04
  0	 | 	4	 | 	4,47
  0	 | 	5	 | 	3,00
  0	 | 	8	 | 	14,87
  1	 | 	5	 | 	13,15
  2	 | 	3	 | 	6,08
  2	 | 	4	 | 	2,24
  2	 | 	6	 | 	2,24
  2	 | 	8	 | 	8,94
  2	 | 	9	 | 	6,40
  3	 | 	8	 | 	3,61
  4	 | 	5	 | 	4,12
  4	 | 	6	 | 	1,41
  4	 | 	8	 | 	10,44
  5	 | 	7	 | 	6,32
  6	 | 	7	 | 	2,24
  8	 | 	9	 | 	12,04
___________________________
Simulation Topology [1:2]
___________________________
From 	  To 		Length
___________________________
  0	 | 	1	 | 	13,04
  0	 | 	4	 | 	4,47
  0	 | 	5	 | 	3,00
  0	 | 	8	 | 	14,87
  1	 | 	5	 | 	13,15
  2	 | 	3	 | 	6,08
  2	 | 	4	 | 	2,24
  2	 | 	6	 | 	2,24
  2	 | 	8	 | 	8,94
  2	 | 	9	 | 	6,40
  3	 | 	8	 | 	3,61
  4	 | 	5	 | 	4,12
  4	 | 	6	 | 	1,41
  4	 | 	8	 | 	10,44
  5	 | 	7	 | 	6,32
  6	 | 	7	 | 	2,24
  8	 | 	9	 | 	12,04
  2	 | 	7	 | 	4,00
___________________________
Simulation Topology [1:3]
___________________________
From 	  To 		Length
___________________________
  0	 | 	1	 | 	13,04
  0	 | 	4	 | 	4,47
  0	 | 	5	 | 	3,00
  0	 | 	8	 | 	14,87
  1	 | 	5	 | 	13,15
  2	 | 	3	 | 	6,08
  2	 | 	4	 | 	2,24
  2	 | 	6	 | 	2,24
  2	 | 	8	 | 	8,94
  2	 | 	9	 | 	6,40
  3	 | 	8	 | 	3,61
  4	 | 	5	 | 	4,12
  4	 | 	6	 | 	1,41
  4	 | 	8	 | 	10,44
  5	 | 	7	 | 	6,32
  6	 | 	7	 | 	2,24
  8	 | 	9	 | 	12,04
  2	 | 	7	 | 	4,00
  2	 | 	5	 | 	6,32
___________________________
Simulation Topology [1:4]
___________________________
From 	  To 		Length
___________________________
  0	 | 	1	 | 	13,04
  0	 | 	4	 | 	4,47
  0	 | 	5	 | 	3,00
  0	 | 	8	 | 	14,87
  1	 | 	5	 | 	13,15
  2	 | 	3	 | 	6,08
  2	 | 	4	 | 	2,24
  2	 | 	6	 | 	2,24
  2	 | 	8	 | 	8,94
  2	 | 	9	 | 	6,40
  3	 | 	8	 | 	3,61
  4	 | 	5	 | 	4,12
  4	 | 	6	 | 	1,41
  4	 | 	8	 | 	10,44
  5	 | 	7	 | 	6,32
  6	 | 	7	 | 	2,24
  8	 | 	9	 | 	12,04
  2	 | 	7	 | 	4,00
  2	 | 	5	 | 	6,32
  6	 | 	9	 | 	4,24
___________________________
