Simulation Topology 1
___________________________
[9]				[0]		
[5]				[1]		
[12]				[3]		
[7]				[4]		
[14]				[4]		
[1]				[6]		
[3]				[6]		
[1]				[7]		
[10]				[8]		
[16]				[9]		
___________________________
Simulation Topology [1:1]
___________________________
From 	  To 		Length
___________________________
  0	 | 	1	 | 	4,12
  0	 | 	3	 | 	4,47
  0	 | 	4	 | 	6,40
  0	 | 	6	 | 	8,49
  0	 | 	8	 | 	8,06
  1	 | 	2	 | 	7,28
  1	 | 	5	 | 	6,40
  1	 | 	9	 | 	13,60
  2	 | 	3	 | 	5,10
  2	 | 	4	 | 	2,24
  2	 | 	9	 | 	7,21
  3	 | 	5	 | 	6,32
  3	 | 	7	 | 	6,71
  3	 | 	8	 | 	5,00
  4	 | 	5	 | 	13,15
  5	 | 	6	 | 	2,00
  6	 | 	9	 | 	13,34
  7	 | 	8	 | 	9,06
  8	 | 	9	 | 	6,08
___________________________
Simulation Topology [1:2]
___________________________
From 	  To 		Length
___________________________
  0	 | 	1	 | 	4,12
  0	 | 	3	 | 	4,47
  0	 | 	4	 | 	6,40
  0	 | 	6	 | 	8,49
  0	 | 	8	 | 	8,06
  1	 | 	2	 | 	7,28
  1	 | 	5	 | 	6,40
  1	 | 	9	 | 	13,60
  2	 | 	3	 | 	5,10
  2	 | 	4	 | 	2,24
  2	 | 	9	 | 	7,21
  3	 | 	5	 | 	6,32
  3	 | 	7	 | 	6,71
  3	 | 	8	 | 	5,00
  4	 | 	5	 | 	13,15
  5	 | 	6	 | 	2,00
  6	 | 	9	 | 	13,34
  7	 | 	8	 | 	9,06
  8	 | 	9	 | 	6,08
  5	 | 	7	 | 	1,00
___________________________
