Simulation Topology 1
___________________________
[6]				[0]		
[7]				[1]		
[12]				[3]		
[5]				[4]		
[4]				[5]		
[18]				[8]		
[2]				[8]		
[16]				[11]		
[14]				[11]		
[13]				[12]		
___________________________
Simulation Topology [1:1]
___________________________
From 	  To 		Length
___________________________
  0	 | 	1	 | 	1,41
  0	 | 	5	 | 	14,42
  0	 | 	6	 | 	8,94
  0	 | 	7	 | 	14,87
  1	 | 	2	 | 	5,39
  1	 | 	3	 | 	3,61
  1	 | 	4	 | 	5,00
  1	 | 	8	 | 	12,21
  2	 | 	3	 | 	7,07
  2	 | 	4	 | 	8,25
  2	 | 	5	 | 	7,81
  2	 | 	6	 | 	11,18
  3	 | 	5	 | 	13,60
  3	 | 	6	 | 	5,00
  4	 | 	5	 | 	14,32
  4	 | 	8	 | 	11,66
  4	 | 	9	 | 	11,40
  6	 | 	8	 | 	12,37
  7	 | 	9	 | 	3,16
___________________________
Simulation Topology [1:2]
___________________________
From 	  To 		Length
___________________________
  0	 | 	1	 | 	1,41
  0	 | 	5	 | 	14,42
  0	 | 	6	 | 	8,94
  0	 | 	7	 | 	14,87
  1	 | 	2	 | 	5,39
  1	 | 	3	 | 	3,61
  1	 | 	4	 | 	5,00
  1	 | 	8	 | 	12,21
  2	 | 	3	 | 	7,07
  2	 | 	4	 | 	8,25
  2	 | 	5	 | 	7,81
  2	 | 	6	 | 	11,18
  3	 | 	5	 | 	13,60
  3	 | 	6	 | 	5,00
  4	 | 	5	 | 	14,32
  4	 | 	8	 | 	11,66
  4	 | 	9	 | 	11,40
  6	 | 	8	 | 	12,37
  7	 | 	9	 | 	3,16
  8	 | 	9	 | 	1,41
___________________________
