Simulation Topology 1
___________________________
[12]				[1]		
[16]				[1]		
[8]				[3]		
[10]				[3]		
[7]				[6]		
[3]				[8]		
[9]				[8]		
[8]				[9]		
[19]				[9]		
[8]				[11]		
___________________________
Simulation Topology [1:1]
___________________________
From 	  To 		Length
___________________________
  0	 | 	1	 | 	4,00
  0	 | 	6	 | 	7,62
  0	 | 	8	 | 	10,63
  1	 | 	4	 | 	10,30
  2	 | 	3	 | 	2,00
  2	 | 	4	 | 	3,16
  2	 | 	7	 | 	6,00
  2	 | 	8	 | 	12,53
  3	 | 	4	 | 	4,24
  4	 | 	5	 | 	4,47
  4	 | 	7	 | 	3,16
  4	 | 	8	 | 	12,37
  4	 | 	9	 | 	5,10
  5	 | 	8	 | 	16,03
  6	 | 	7	 | 	1,41
  6	 | 	9	 | 	3,16
  7	 | 	9	 | 	2,00
___________________________
Simulation Topology [1:2]
___________________________
From 	  To 		Length
___________________________
  0	 | 	1	 | 	4,00
  0	 | 	6	 | 	7,62
  0	 | 	8	 | 	10,63
  1	 | 	4	 | 	10,30
  2	 | 	3	 | 	2,00
  2	 | 	4	 | 	3,16
  2	 | 	7	 | 	6,00
  2	 | 	8	 | 	12,53
  3	 | 	4	 | 	4,24
  4	 | 	5	 | 	4,47
  4	 | 	7	 | 	3,16
  4	 | 	8	 | 	12,37
  4	 | 	9	 | 	5,10
  5	 | 	8	 | 	16,03
  6	 | 	7	 | 	1,41
  6	 | 	9	 | 	3,16
  7	 | 	9	 | 	2,00
  3	 | 	6	 | 	5,10
___________________________
Simulation Topology [1:3]
___________________________
From 	  To 		Length
___________________________
  0	 | 	1	 | 	4,00
  0	 | 	6	 | 	7,62
  0	 | 	8	 | 	10,63
  1	 | 	4	 | 	10,30
  2	 | 	3	 | 	2,00
  2	 | 	4	 | 	3,16
  2	 | 	7	 | 	6,00
  2	 | 	8	 | 	12,53
  3	 | 	4	 | 	4,24
  4	 | 	5	 | 	4,47
  4	 | 	7	 | 	3,16
  4	 | 	8	 | 	12,37
  4	 | 	9	 | 	5,10
  5	 | 	8	 | 	16,03
  6	 | 	7	 | 	1,41
  6	 | 	9	 | 	3,16
  7	 | 	9	 | 	2,00
  3	 | 	6	 | 	5,10
  0	 | 	3	 | 	2,83
___________________________
Simulation Topology [1:4]
___________________________
From 	  To 		Length
___________________________
  0	 | 	1	 | 	4,00
  0	 | 	6	 | 	7,62
  0	 | 	8	 | 	10,63
  1	 | 	4	 | 	10,30
  2	 | 	3	 | 	2,00
  2	 | 	4	 | 	3,16
  2	 | 	7	 | 	6,00
  2	 | 	8	 | 	12,53
  3	 | 	4	 | 	4,24
  4	 | 	5	 | 	4,47
  4	 | 	7	 | 	3,16
  4	 | 	8	 | 	12,37
  4	 | 	9	 | 	5,10
  5	 | 	8	 | 	16,03
  6	 | 	7	 | 	1,41
  6	 | 	9	 | 	3,16
  7	 | 	9	 | 	2,00
  3	 | 	6	 | 	5,10
  0	 | 	3	 | 	2,83
  0	 | 	2	 | 	4,47
___________________________
