Simulation Topology 1
___________________________
[7]				[1]		
[1]				[1]		
[11]				[3]		
[16]				[4]		
[1]				[5]		
[16]				[5]		
[12]				[7]		
[14]				[7]		
[6]				[9]		
[18]				[10]		
___________________________
Simulation Topology [1:1]
___________________________
From 	  To 		Length
___________________________
  0	 | 	1	 | 	6,00
  0	 | 	2	 | 	4,47
  0	 | 	3	 | 	9,49
  0	 | 	4	 | 	7,21
  0	 | 	5	 | 	9,85
  1	 | 	5	 | 	15,52
  1	 | 	9	 | 	19,24
  2	 | 	3	 | 	5,10
  2	 | 	4	 | 	10,20
  2	 | 	5	 | 	5,39
  2	 | 	6	 | 	4,12
  3	 | 	4	 | 	15,03
  3	 | 	8	 | 	11,18
  4	 | 	5	 | 	15,00
  6	 | 	7	 | 	2,00
  6	 | 	8	 | 	6,32
  7	 | 	8	 | 	8,25
  7	 | 	9	 | 	5,00
  8	 | 	9	 | 	12,04
___________________________
Simulation Topology [1:2]
___________________________
From 	  To 		Length
___________________________
  0	 | 	1	 | 	6,00
  0	 | 	2	 | 	4,47
  0	 | 	3	 | 	9,49
  0	 | 	4	 | 	7,21
  0	 | 	5	 | 	9,85
  1	 | 	5	 | 	15,52
  1	 | 	9	 | 	19,24
  2	 | 	3	 | 	5,10
  2	 | 	4	 | 	10,20
  2	 | 	5	 | 	5,39
  2	 | 	6	 | 	4,12
  3	 | 	4	 | 	15,03
  3	 | 	8	 | 	11,18
  4	 | 	5	 | 	15,00
  6	 | 	7	 | 	2,00
  6	 | 	8	 | 	6,32
  7	 | 	8	 | 	8,25
  7	 | 	9	 | 	5,00
  8	 | 	9	 | 	12,04
  3	 | 	9	 | 	6,32
___________________________
