Simulation Topology 1
___________________________
[2]				[0]		
[8]				[0]		
[8]				[1]		
[13]				[1]		
[11]				[2]		
[15]				[5]		
[18]				[5]		
[7]				[8]		
[17]				[10]		
[2]				[11]		
___________________________
Simulation Topology [1:1]
___________________________
From 	  To 		Length
___________________________
  0	 | 	1	 | 	6,00
  0	 | 	4	 | 	9,22
  0	 | 	5	 | 	13,93
  0	 | 	6	 | 	16,76
  1	 | 	2	 | 	1,00
  1	 | 	5	 | 	8,60
  1	 | 	8	 | 	13,45
  2	 | 	3	 | 	5,00
  2	 | 	7	 | 	7,07
  2	 | 	8	 | 	12,73
  3	 | 	4	 | 	2,24
  3	 | 	5	 | 	4,47
  3	 | 	6	 | 	6,40
  3	 | 	9	 | 	14,87
  4	 | 	5	 | 	5,00
  4	 | 	8	 | 	10,00
  5	 | 	6	 | 	3,00
  5	 | 	7	 | 	8,54
  5	 | 	8	 | 	5,39
  6	 | 	8	 | 	5,10
  7	 | 	9	 | 	5,83
___________________________
Simulation Topology [1:2]
___________________________
From 	  To 		Length
___________________________
  0	 | 	1	 | 	6,00
  0	 | 	4	 | 	9,22
  0	 | 	5	 | 	13,93
  0	 | 	6	 | 	16,76
  1	 | 	2	 | 	1,00
  1	 | 	5	 | 	8,60
  1	 | 	8	 | 	13,45
  2	 | 	3	 | 	5,00
  2	 | 	7	 | 	7,07
  2	 | 	8	 | 	12,73
  3	 | 	4	 | 	2,24
  3	 | 	5	 | 	4,47
  3	 | 	6	 | 	6,40
  3	 | 	9	 | 	14,87
  4	 | 	5	 | 	5,00
  4	 | 	8	 | 	10,00
  5	 | 	6	 | 	3,00
  5	 | 	7	 | 	8,54
  5	 | 	8	 | 	5,39
  6	 | 	8	 | 	5,10
  7	 | 	9	 | 	5,83
  2	 | 	4	 | 	3,16
___________________________
Simulation Topology [1:3]
___________________________
From 	  To 		Length
___________________________
  0	 | 	1	 | 	6,00
  0	 | 	4	 | 	9,22
  0	 | 	5	 | 	13,93
  0	 | 	6	 | 	16,76
  1	 | 	2	 | 	1,00
  1	 | 	5	 | 	8,60
  1	 | 	8	 | 	13,45
  2	 | 	3	 | 	5,00
  2	 | 	7	 | 	7,07
  2	 | 	8	 | 	12,73
  3	 | 	4	 | 	2,24
  3	 | 	5	 | 	4,47
  3	 | 	6	 | 	6,40
  3	 | 	9	 | 	14,87
  4	 | 	5	 | 	5,00
  4	 | 	8	 | 	10,00
  5	 | 	6	 | 	3,00
  5	 | 	7	 | 	8,54
  5	 | 	8	 | 	5,39
  6	 | 	8	 | 	5,10
  7	 | 	9	 | 	5,83
  2	 | 	4	 | 	3,16
  3	 | 	8	 | 	9,85
___________________________
Simulation Topology [1:4]
___________________________
From 	  To 		Length
___________________________
  0	 | 	1	 | 	6,00
  0	 | 	4	 | 	9,22
  0	 | 	5	 | 	13,93
  0	 | 	6	 | 	16,76
  1	 | 	2	 | 	1,00
  1	 | 	5	 | 	8,60
  1	 | 	8	 | 	13,45
  2	 | 	3	 | 	5,00
  2	 | 	7	 | 	7,07
  2	 | 	8	 | 	12,73
  3	 | 	4	 | 	2,24
  3	 | 	5	 | 	4,47
  3	 | 	6	 | 	6,40
  3	 | 	9	 | 	14,87
  4	 | 	5	 | 	5,00
  4	 | 	8	 | 	10,00
  5	 | 	6	 | 	3,00
  5	 | 	7	 | 	8,54
  5	 | 	8	 | 	5,39
  6	 | 	8	 | 	5,10
  7	 | 	9	 | 	5,83
  2	 | 	4	 | 	3,16
  3	 | 	8	 | 	9,85
  1	 | 	4	 | 	3,61
___________________________
Simulation Topology [1:5]
___________________________
From 	  To 		Length
___________________________
  0	 | 	1	 | 	6,00
  0	 | 	4	 | 	9,22
  0	 | 	5	 | 	13,93
  0	 | 	6	 | 	16,76
  1	 | 	2	 | 	1,00
  1	 | 	5	 | 	8,60
  1	 | 	8	 | 	13,45
  2	 | 	3	 | 	5,00
  2	 | 	7	 | 	7,07
  2	 | 	8	 | 	12,73
  3	 | 	4	 | 	2,24
  3	 | 	5	 | 	4,47
  3	 | 	6	 | 	6,40
  3	 | 	9	 | 	14,87
  4	 | 	5	 | 	5,00
  4	 | 	8	 | 	10,00
  5	 | 	6	 | 	3,00
  5	 | 	7	 | 	8,54
  5	 | 	8	 | 	5,39
  6	 | 	8	 | 	5,10
  7	 | 	9	 | 	5,83
  2	 | 	4	 | 	3,16
  3	 | 	8	 | 	9,85
  1	 | 	4	 | 	3,61
  0	 | 	2	 | 	6,08
___________________________
Simulation Topology [1:6]
___________________________
From 	  To 		Length
___________________________
  0	 | 	1	 | 	6,00
  0	 | 	4	 | 	9,22
  0	 | 	5	 | 	13,93
  0	 | 	6	 | 	16,76
  1	 | 	2	 | 	1,00
  1	 | 	5	 | 	8,60
  1	 | 	8	 | 	13,45
  2	 | 	3	 | 	5,00
  2	 | 	7	 | 	7,07
  2	 | 	8	 | 	12,73
  3	 | 	4	 | 	2,24
  3	 | 	5	 | 	4,47
  3	 | 	6	 | 	6,40
  3	 | 	9	 | 	14,87
  4	 | 	5	 | 	5,00
  4	 | 	8	 | 	10,00
  5	 | 	6	 | 	3,00
  5	 | 	7	 | 	8,54
  5	 | 	8	 | 	5,39
  6	 | 	8	 | 	5,10
  7	 | 	9	 | 	5,83
  2	 | 	4	 | 	3,16
  3	 | 	8	 | 	9,85
  1	 | 	4	 | 	3,61
  0	 | 	2	 | 	6,08
  4	 | 	6	 | 	7,62
___________________________
Simulation Topology [1:7]
___________________________
From 	  To 		Length
___________________________
  0	 | 	1	 | 	6,00
  0	 | 	4	 | 	9,22
  0	 | 	5	 | 	13,93
  0	 | 	6	 | 	16,76
  1	 | 	2	 | 	1,00
  1	 | 	5	 | 	8,60
  1	 | 	8	 | 	13,45
  2	 | 	3	 | 	5,00
  2	 | 	7	 | 	7,07
  2	 | 	8	 | 	12,73
  3	 | 	4	 | 	2,24
  3	 | 	5	 | 	4,47
  3	 | 	6	 | 	6,40
  3	 | 	9	 | 	14,87
  4	 | 	5	 | 	5,00
  4	 | 	8	 | 	10,00
  5	 | 	6	 | 	3,00
  5	 | 	7	 | 	8,54
  5	 | 	8	 | 	5,39
  6	 | 	8	 | 	5,10
  7	 | 	9	 | 	5,83
  2	 | 	4	 | 	3,16
  3	 | 	8	 | 	9,85
  1	 | 	4	 | 	3,61
  0	 | 	2	 | 	6,08
  4	 | 	6	 | 	7,62
  1	 | 	3	 | 	5,10
___________________________
Simulation Topology [1:8]
___________________________
From 	  To 		Length
___________________________
  0	 | 	1	 | 	6,00
  0	 | 	4	 | 	9,22
  0	 | 	5	 | 	13,93
  0	 | 	6	 | 	16,76
  1	 | 	2	 | 	1,00
  1	 | 	5	 | 	8,60
  1	 | 	8	 | 	13,45
  2	 | 	3	 | 	5,00
  2	 | 	7	 | 	7,07
  2	 | 	8	 | 	12,73
  3	 | 	4	 | 	2,24
  3	 | 	5	 | 	4,47
  3	 | 	6	 | 	6,40
  3	 | 	9	 | 	14,87
  4	 | 	5	 | 	5,00
  4	 | 	8	 | 	10,00
  5	 | 	6	 | 	3,00
  5	 | 	7	 | 	8,54
  5	 | 	8	 | 	5,39
  6	 | 	8	 | 	5,10
  7	 | 	9	 | 	5,83
  2	 | 	4	 | 	3,16
  3	 | 	8	 | 	9,85
  1	 | 	4	 | 	3,61
  0	 | 	2	 | 	6,08
  4	 | 	6	 | 	7,62
  1	 | 	3	 | 	5,10
  1	 | 	9	 | 	12,53
___________________________
Simulation Topology [1:9]
___________________________
From 	  To 		Length
___________________________
  0	 | 	1	 | 	6,00
  0	 | 	4	 | 	9,22
  0	 | 	5	 | 	13,93
  0	 | 	6	 | 	16,76
  1	 | 	2	 | 	1,00
  1	 | 	5	 | 	8,60
  1	 | 	8	 | 	13,45
  2	 | 	3	 | 	5,00
  2	 | 	7	 | 	7,07
  2	 | 	8	 | 	12,73
  3	 | 	4	 | 	2,24
  3	 | 	5	 | 	4,47
  3	 | 	6	 | 	6,40
  3	 | 	9	 | 	14,87
  4	 | 	5	 | 	5,00
  4	 | 	8	 | 	10,00
  5	 | 	6	 | 	3,00
  5	 | 	7	 | 	8,54
  5	 | 	8	 | 	5,39
  6	 | 	8	 | 	5,10
  7	 | 	9	 | 	5,83
  2	 | 	4	 | 	3,16
  3	 | 	8	 | 	9,85
  1	 | 	4	 | 	3,61
  0	 | 	2	 | 	6,08
  4	 | 	6	 | 	7,62
  1	 | 	3	 | 	5,10
  1	 | 	9	 | 	12,53
  2	 | 	6	 | 	10,77
___________________________
Simulation Topology [1:10]
___________________________
From 	  To 		Length
___________________________
  0	 | 	1	 | 	6,00
  0	 | 	4	 | 	9,22
  0	 | 	5	 | 	13,93
  0	 | 	6	 | 	16,76
  1	 | 	2	 | 	1,00
  1	 | 	5	 | 	8,60
  1	 | 	8	 | 	13,45
  2	 | 	3	 | 	5,00
  2	 | 	7	 | 	7,07
  2	 | 	8	 | 	12,73
  3	 | 	4	 | 	2,24
  3	 | 	5	 | 	4,47
  3	 | 	6	 | 	6,40
  3	 | 	9	 | 	14,87
  4	 | 	5	 | 	5,00
  4	 | 	8	 | 	10,00
  5	 | 	6	 | 	3,00
  5	 | 	7	 | 	8,54
  5	 | 	8	 | 	5,39
  6	 | 	8	 | 	5,10
  7	 | 	9	 | 	5,83
  2	 | 	4	 | 	3,16
  3	 | 	8	 | 	9,85
  1	 | 	4	 | 	3,61
  0	 | 	2	 | 	6,08
  4	 | 	6	 | 	7,62
  1	 | 	3	 | 	5,10
  1	 | 	9	 | 	12,53
  2	 | 	6	 | 	10,77
  4	 | 	7	 | 	7,21
___________________________
Simulation Topology [1:11]
___________________________
From 	  To 		Length
___________________________
  0	 | 	1	 | 	6,00
  0	 | 	4	 | 	9,22
  0	 | 	5	 | 	13,93
  0	 | 	6	 | 	16,76
  1	 | 	2	 | 	1,00
  1	 | 	5	 | 	8,60
  1	 | 	8	 | 	13,45
  2	 | 	3	 | 	5,00
  2	 | 	7	 | 	7,07
  2	 | 	8	 | 	12,73
  3	 | 	4	 | 	2,24
  3	 | 	5	 | 	4,47
  3	 | 	6	 | 	6,40
  3	 | 	9	 | 	14,87
  4	 | 	5	 | 	5,00
  4	 | 	8	 | 	10,00
  5	 | 	6	 | 	3,00
  5	 | 	7	 | 	8,54
  5	 | 	8	 | 	5,39
  6	 | 	8	 | 	5,10
  7	 | 	9	 | 	5,83
  2	 | 	4	 | 	3,16
  3	 | 	8	 | 	9,85
  1	 | 	4	 | 	3,61
  0	 | 	2	 | 	6,08
  4	 | 	6	 | 	7,62
  1	 | 	3	 | 	5,10
  1	 | 	9	 | 	12,53
  2	 | 	6	 | 	10,77
  4	 | 	7	 | 	7,21
  0	 | 	7	 | 	9,43
___________________________
Simulation Topology [1:12]
___________________________
From 	  To 		Length
___________________________
  0	 | 	1	 | 	6,00
  0	 | 	4	 | 	9,22
  0	 | 	5	 | 	13,93
  0	 | 	6	 | 	16,76
  1	 | 	2	 | 	1,00
  1	 | 	5	 | 	8,60
  1	 | 	8	 | 	13,45
  2	 | 	3	 | 	5,00
  2	 | 	7	 | 	7,07
  2	 | 	8	 | 	12,73
  3	 | 	4	 | 	2,24
  3	 | 	5	 | 	4,47
  3	 | 	6	 | 	6,40
  3	 | 	9	 | 	14,87
  4	 | 	5	 | 	5,00
  4	 | 	8	 | 	10,00
  5	 | 	6	 | 	3,00
  5	 | 	7	 | 	8,54
  5	 | 	8	 | 	5,39
  6	 | 	8	 | 	5,10
  7	 | 	9	 | 	5,83
  2	 | 	4	 | 	3,16
  3	 | 	8	 | 	9,85
  1	 | 	4	 | 	3,61
  0	 | 	2	 | 	6,08
  4	 | 	6	 | 	7,62
  1	 | 	3	 | 	5,10
  1	 | 	9	 | 	12,53
  2	 | 	6	 | 	10,77
  4	 | 	7	 | 	7,21
  0	 | 	7	 | 	9,43
  3	 | 	7	 | 	9,22
___________________________
Simulation Topology [1:13]
___________________________
From 	  To 		Length
___________________________
  0	 | 	1	 | 	6,00
  0	 | 	4	 | 	9,22
  0	 | 	5	 | 	13,93
  0	 | 	6	 | 	16,76
  1	 | 	2	 | 	1,00
  1	 | 	5	 | 	8,60
  1	 | 	8	 | 	13,45
  2	 | 	3	 | 	5,00
  2	 | 	7	 | 	7,07
  2	 | 	8	 | 	12,73
  3	 | 	4	 | 	2,24
  3	 | 	5	 | 	4,47
  3	 | 	6	 | 	6,40
  3	 | 	9	 | 	14,87
  4	 | 	5	 | 	5,00
  4	 | 	8	 | 	10,00
  5	 | 	6	 | 	3,00
  5	 | 	7	 | 	8,54
  5	 | 	8	 | 	5,39
  6	 | 	8	 | 	5,10
  7	 | 	9	 | 	5,83
  2	 | 	4	 | 	3,16
  3	 | 	8	 | 	9,85
  1	 | 	4	 | 	3,61
  0	 | 	2	 | 	6,08
  4	 | 	6	 | 	7,62
  1	 | 	3	 | 	5,10
  1	 | 	9	 | 	12,53
  2	 | 	6	 | 	10,77
  4	 | 	7	 | 	7,21
  0	 | 	7	 | 	9,43
  3	 | 	7	 | 	9,22
  6	 | 	7	 | 	11,40
___________________________
Simulation Topology [1:14]
___________________________
From 	  To 		Length
___________________________
  0	 | 	1	 | 	6,00
  0	 | 	4	 | 	9,22
  0	 | 	5	 | 	13,93
  0	 | 	6	 | 	16,76
  1	 | 	2	 | 	1,00
  1	 | 	5	 | 	8,60
  1	 | 	8	 | 	13,45
  2	 | 	3	 | 	5,00
  2	 | 	7	 | 	7,07
  2	 | 	8	 | 	12,73
  3	 | 	4	 | 	2,24
  3	 | 	5	 | 	4,47
  3	 | 	6	 | 	6,40
  3	 | 	9	 | 	14,87
  4	 | 	5	 | 	5,00
  4	 | 	8	 | 	10,00
  5	 | 	6	 | 	3,00
  5	 | 	7	 | 	8,54
  5	 | 	8	 | 	5,39
  6	 | 	8	 | 	5,10
  7	 | 	9	 | 	5,83
  2	 | 	4	 | 	3,16
  3	 | 	8	 | 	9,85
  1	 | 	4	 | 	3,61
  0	 | 	2	 | 	6,08
  4	 | 	6	 | 	7,62
  1	 | 	3	 | 	5,10
  1	 | 	9	 | 	12,53
  2	 | 	6	 | 	10,77
  4	 | 	7	 | 	7,21
  0	 | 	7	 | 	9,43
  3	 | 	7	 | 	9,22
  6	 | 	7	 | 	11,40
  5	 | 	9	 | 	14,32
___________________________
Simulation Topology [1:15]
___________________________
From 	  To 		Length
___________________________
  0	 | 	1	 | 	6,00
  0	 | 	4	 | 	9,22
  0	 | 	5	 | 	13,93
  0	 | 	6	 | 	16,76
  1	 | 	2	 | 	1,00
  1	 | 	5	 | 	8,60
  1	 | 	8	 | 	13,45
  2	 | 	3	 | 	5,00
  2	 | 	7	 | 	7,07
  2	 | 	8	 | 	12,73
  3	 | 	4	 | 	2,24
  3	 | 	5	 | 	4,47
  3	 | 	6	 | 	6,40
  3	 | 	9	 | 	14,87
  4	 | 	5	 | 	5,00
  4	 | 	8	 | 	10,00
  5	 | 	6	 | 	3,00
  5	 | 	7	 | 	8,54
  5	 | 	8	 | 	5,39
  6	 | 	8	 | 	5,10
  7	 | 	9	 | 	5,83
  2	 | 	4	 | 	3,16
  3	 | 	8	 | 	9,85
  1	 | 	4	 | 	3,61
  0	 | 	2	 | 	6,08
  4	 | 	6	 | 	7,62
  1	 | 	3	 | 	5,10
  1	 | 	9	 | 	12,53
  2	 | 	6	 | 	10,77
  4	 | 	7	 | 	7,21
  0	 | 	7	 | 	9,43
  3	 | 	7	 | 	9,22
  6	 | 	7	 | 	11,40
  5	 | 	9	 | 	14,32
  1	 | 	7	 | 	8,06
___________________________
Simulation Topology [1:16]
___________________________
From 	  To 		Length
___________________________
  0	 | 	1	 | 	6,00
  0	 | 	4	 | 	9,22
  0	 | 	5	 | 	13,93
  0	 | 	6	 | 	16,76
  1	 | 	2	 | 	1,00
  1	 | 	5	 | 	8,60
  1	 | 	8	 | 	13,45
  2	 | 	3	 | 	5,00
  2	 | 	7	 | 	7,07
  2	 | 	8	 | 	12,73
  3	 | 	4	 | 	2,24
  3	 | 	5	 | 	4,47
  3	 | 	6	 | 	6,40
  3	 | 	9	 | 	14,87
  4	 | 	5	 | 	5,00
  4	 | 	8	 | 	10,00
  5	 | 	6	 | 	3,00
  5	 | 	7	 | 	8,54
  5	 | 	8	 | 	5,39
  6	 | 	8	 | 	5,10
  7	 | 	9	 | 	5,83
  2	 | 	4	 | 	3,16
  3	 | 	8	 | 	9,85
  1	 | 	4	 | 	3,61
  0	 | 	2	 | 	6,08
  4	 | 	6	 | 	7,62
  1	 | 	3	 | 	5,10
  1	 | 	9	 | 	12,53
  2	 | 	6	 | 	10,77
  4	 | 	7	 | 	7,21
  0	 | 	7	 | 	9,43
  3	 | 	7	 | 	9,22
  6	 | 	7	 | 	11,40
  5	 | 	9	 | 	14,32
  1	 | 	7	 | 	8,06
  2	 | 	5	 | 	8,06
___________________________
Simulation Topology [1:17]
___________________________
From 	  To 		Length
___________________________
  0	 | 	1	 | 	6,00
  0	 | 	4	 | 	9,22
  0	 | 	5	 | 	13,93
  0	 | 	6	 | 	16,76
  1	 | 	2	 | 	1,00
  1	 | 	5	 | 	8,60
  1	 | 	8	 | 	13,45
  2	 | 	3	 | 	5,00
  2	 | 	7	 | 	7,07
  2	 | 	8	 | 	12,73
  3	 | 	4	 | 	2,24
  3	 | 	5	 | 	4,47
  3	 | 	6	 | 	6,40
  3	 | 	9	 | 	14,87
  4	 | 	5	 | 	5,00
  4	 | 	8	 | 	10,00
  5	 | 	6	 | 	3,00
  5	 | 	7	 | 	8,54
  5	 | 	8	 | 	5,39
  6	 | 	8	 | 	5,10
  7	 | 	9	 | 	5,83
  2	 | 	4	 | 	3,16
  3	 | 	8	 | 	9,85
  1	 | 	4	 | 	3,61
  0	 | 	2	 | 	6,08
  4	 | 	6	 | 	7,62
  1	 | 	3	 | 	5,10
  1	 | 	9	 | 	12,53
  2	 | 	6	 | 	10,77
  4	 | 	7	 | 	7,21
  0	 | 	7	 | 	9,43
  3	 | 	7	 | 	9,22
  6	 | 	7	 | 	11,40
  5	 | 	9	 | 	14,32
  1	 | 	7	 | 	8,06
  2	 | 	5	 | 	8,06
  0	 | 	9	 | 	11,00
___________________________
Simulation Topology [1:18]
___________________________
From 	  To 		Length
___________________________
  0	 | 	1	 | 	6,00
  0	 | 	4	 | 	9,22
  0	 | 	5	 | 	13,93
  0	 | 	6	 | 	16,76
  1	 | 	2	 | 	1,00
  1	 | 	5	 | 	8,60
  1	 | 	8	 | 	13,45
  2	 | 	3	 | 	5,00
  2	 | 	7	 | 	7,07
  2	 | 	8	 | 	12,73
  3	 | 	4	 | 	2,24
  3	 | 	5	 | 	4,47
  3	 | 	6	 | 	6,40
  3	 | 	9	 | 	14,87
  4	 | 	5	 | 	5,00
  4	 | 	8	 | 	10,00
  5	 | 	6	 | 	3,00
  5	 | 	7	 | 	8,54
  5	 | 	8	 | 	5,39
  6	 | 	8	 | 	5,10
  7	 | 	9	 | 	5,83
  2	 | 	4	 | 	3,16
  3	 | 	8	 | 	9,85
  1	 | 	4	 | 	3,61
  0	 | 	2	 | 	6,08
  4	 | 	6	 | 	7,62
  1	 | 	3	 | 	5,10
  1	 | 	9	 | 	12,53
  2	 | 	6	 | 	10,77
  4	 | 	7	 | 	7,21
  0	 | 	7	 | 	9,43
  3	 | 	7	 | 	9,22
  6	 | 	7	 | 	11,40
  5	 | 	9	 | 	14,32
  1	 | 	7	 | 	8,06
  2	 | 	5	 | 	8,06
  0	 | 	9	 | 	11,00
  4	 | 	9	 | 	12,73
___________________________
Simulation Topology [1:19]
___________________________
From 	  To 		Length
___________________________
  0	 | 	1	 | 	6,00
  0	 | 	4	 | 	9,22
  0	 | 	5	 | 	13,93
  0	 | 	6	 | 	16,76
  1	 | 	2	 | 	1,00
  1	 | 	5	 | 	8,60
  1	 | 	8	 | 	13,45
  2	 | 	3	 | 	5,00
  2	 | 	7	 | 	7,07
  2	 | 	8	 | 	12,73
  3	 | 	4	 | 	2,24
  3	 | 	5	 | 	4,47
  3	 | 	6	 | 	6,40
  3	 | 	9	 | 	14,87
  4	 | 	5	 | 	5,00
  4	 | 	8	 | 	10,00
  5	 | 	6	 | 	3,00
  5	 | 	7	 | 	8,54
  5	 | 	8	 | 	5,39
  6	 | 	8	 | 	5,10
  7	 | 	9	 | 	5,83
  2	 | 	4	 | 	3,16
  3	 | 	8	 | 	9,85
  1	 | 	4	 | 	3,61
  0	 | 	2	 | 	6,08
  4	 | 	6	 | 	7,62
  1	 | 	3	 | 	5,10
  1	 | 	9	 | 	12,53
  2	 | 	6	 | 	10,77
  4	 | 	7	 | 	7,21
  0	 | 	7	 | 	9,43
  3	 | 	7	 | 	9,22
  6	 | 	7	 | 	11,40
  5	 | 	9	 | 	14,32
  1	 | 	7	 | 	8,06
  2	 | 	5	 | 	8,06
  0	 | 	9	 | 	11,00
  4	 | 	9	 | 	12,73
  7	 | 	8	 | 	10,20
___________________________
Simulation Topology [1:20]
___________________________
From 	  To 		Length
___________________________
  0	 | 	1	 | 	6,00
  0	 | 	4	 | 	9,22
  0	 | 	5	 | 	13,93
  0	 | 	6	 | 	16,76
  1	 | 	2	 | 	1,00
  1	 | 	5	 | 	8,60
  1	 | 	8	 | 	13,45
  2	 | 	3	 | 	5,00
  2	 | 	7	 | 	7,07
  2	 | 	8	 | 	12,73
  3	 | 	4	 | 	2,24
  3	 | 	5	 | 	4,47
  3	 | 	6	 | 	6,40
  3	 | 	9	 | 	14,87
  4	 | 	5	 | 	5,00
  4	 | 	8	 | 	10,00
  5	 | 	6	 | 	3,00
  5	 | 	7	 | 	8,54
  5	 | 	8	 | 	5,39
  6	 | 	8	 | 	5,10
  7	 | 	9	 | 	5,83
  2	 | 	4	 | 	3,16
  3	 | 	8	 | 	9,85
  1	 | 	4	 | 	3,61
  0	 | 	2	 | 	6,08
  4	 | 	6	 | 	7,62
  1	 | 	3	 | 	5,10
  1	 | 	9	 | 	12,53
  2	 | 	6	 | 	10,77
  4	 | 	7	 | 	7,21
  0	 | 	7	 | 	9,43
  3	 | 	7	 | 	9,22
  6	 | 	7	 | 	11,40
  5	 | 	9	 | 	14,32
  1	 | 	7	 | 	8,06
  2	 | 	5	 | 	8,06
  0	 | 	9	 | 	11,00
  4	 | 	9	 | 	12,73
  7	 | 	8	 | 	10,20
  0	 | 	3	 | 	11,05
___________________________
