Simulation Topology 1
___________________________
[3]				[0]		
[2]				[1]		
[1]				[2]		
[19]				[2]		
[12]				[4]		
[15]				[5]		
[13]				[8]		
[19]				[8]		
[1]				[9]		
[4]				[10]		
___________________________
Simulation Topology [1:1]
___________________________
From 	  To 		Length
___________________________
  0	 | 	1	 | 	1,41
  0	 | 	2	 | 	2,83
  0	 | 	3	 | 	16,12
  0	 | 	4	 | 	9,85
  1	 | 	4	 | 	10,44
  1	 | 	6	 | 	13,04
  1	 | 	9	 | 	9,22
  2	 | 	3	 | 	18,00
  2	 | 	7	 | 	18,97
  2	 | 	9	 | 	8,54
  3	 | 	5	 | 	5,00
  3	 | 	6	 | 	8,49
  4	 | 	5	 | 	3,16
  4	 | 	6	 | 	4,12
  5	 | 	6	 | 	3,61
  7	 | 	8	 | 	18,03
  7	 | 	9	 | 	15,13
  8	 | 	9	 | 	3,16
___________________________
Simulation Topology [1:2]
___________________________
From 	  To 		Length
___________________________
  0	 | 	1	 | 	1,41
  0	 | 	2	 | 	2,83
  0	 | 	3	 | 	16,12
  0	 | 	4	 | 	9,85
  1	 | 	4	 | 	10,44
  1	 | 	6	 | 	13,04
  1	 | 	9	 | 	9,22
  2	 | 	3	 | 	18,00
  2	 | 	7	 | 	18,97
  2	 | 	9	 | 	8,54
  3	 | 	5	 | 	5,00
  3	 | 	6	 | 	8,49
  4	 | 	5	 | 	3,16
  4	 | 	6	 | 	4,12
  5	 | 	6	 | 	3,61
  7	 | 	8	 | 	18,03
  7	 | 	9	 | 	15,13
  8	 | 	9	 | 	3,16
  3	 | 	4	 | 	7,28
___________________________
Simulation Topology [1:3]
___________________________
From 	  To 		Length
___________________________
  0	 | 	1	 | 	1,41
  0	 | 	2	 | 	2,83
  0	 | 	3	 | 	16,12
  0	 | 	4	 | 	9,85
  1	 | 	4	 | 	10,44
  1	 | 	6	 | 	13,04
  1	 | 	9	 | 	9,22
  2	 | 	3	 | 	18,00
  2	 | 	7	 | 	18,97
  2	 | 	9	 | 	8,54
  3	 | 	5	 | 	5,00
  3	 | 	6	 | 	8,49
  4	 | 	5	 | 	3,16
  4	 | 	6	 | 	4,12
  5	 | 	6	 | 	3,61
  7	 | 	8	 | 	18,03
  7	 | 	9	 | 	15,13
  8	 | 	9	 | 	3,16
  3	 | 	4	 | 	7,28
  4	 | 	7	 | 	8,06
___________________________
