Simulation Topology 1
___________________________
[10]				[1]		
[3]				[2]		
[0]				[5]		
[0]				[6]		
[14]				[6]		
[17]				[7]		
[0]				[7]		
[0]				[9]		
[12]				[9]		
[2]				[10]		
___________________________
Simulation Topology [1:1]
___________________________
From 	  To 		Length
___________________________
  0	 | 	1	 | 	7,07
  0	 | 	4	 | 	6,40
  0	 | 	6	 | 	11,66
  0	 | 	7	 | 	12,81
  1	 | 	3	 | 	5,00
  1	 | 	6	 | 	5,83
  1	 | 	8	 | 	11,40
  2	 | 	3	 | 	1,00
  2	 | 	6	 | 	2,00
  2	 | 	9	 | 	5,39
  3	 | 	7	 | 	3,00
  3	 | 	9	 | 	4,47
  4	 | 	5	 | 	3,16
  4	 | 	9	 | 	12,65
  5	 | 	8	 | 	5,39
  6	 | 	7	 | 	2,00
  6	 | 	8	 | 	12,17
  7	 | 	9	 | 	2,24
  8	 | 	9	 | 	10,05
___________________________
Simulation Topology [1:2]
___________________________
From 	  To 		Length
___________________________
  0	 | 	1	 | 	7,07
  0	 | 	4	 | 	6,40
  0	 | 	6	 | 	11,66
  0	 | 	7	 | 	12,81
  1	 | 	3	 | 	5,00
  1	 | 	6	 | 	5,83
  1	 | 	8	 | 	11,40
  2	 | 	3	 | 	1,00
  2	 | 	6	 | 	2,00
  2	 | 	9	 | 	5,39
  3	 | 	7	 | 	3,00
  3	 | 	9	 | 	4,47
  4	 | 	5	 | 	3,16
  4	 | 	9	 | 	12,65
  5	 | 	8	 | 	5,39
  6	 | 	7	 | 	2,00
  6	 | 	8	 | 	12,17
  7	 | 	9	 | 	2,24
  8	 | 	9	 | 	10,05
  3	 | 	6	 | 	1,00
___________________________
