Simulation Topology 1
___________________________
[2]				[0]		
[15]				[3]		
[4]				[3]		
[9]				[4]		
[6]				[4]		
[7]				[5]		
[11]				[5]		
[19]				[7]		
[1]				[7]		
[3]				[9]		
___________________________
Simulation Topology [1:1]
___________________________
From 	  To 		Length
___________________________
  0	 | 	1	 | 	13,34
  0	 | 	3	 | 	8,06
  0	 | 	6	 | 	10,30
  0	 | 	7	 | 	18,38
  0	 | 	8	 | 	7,07
  1	 | 	6	 | 	4,47
  1	 | 	7	 | 	5,66
  1	 | 	9	 | 	13,42
  2	 | 	3	 | 	5,10
  2	 | 	4	 | 	2,24
  2	 | 	9	 | 	6,08
  4	 | 	5	 | 	1,41
  4	 | 	8	 | 	5,83
  5	 | 	7	 | 	12,17
  5	 | 	9	 | 	5,66
  6	 | 	7	 | 	8,25
  8	 | 	9	 | 	2,83
___________________________
Simulation Topology [1:2]
___________________________
From 	  To 		Length
___________________________
  0	 | 	1	 | 	13,34
  0	 | 	3	 | 	8,06
  0	 | 	6	 | 	10,30
  0	 | 	7	 | 	18,38
  0	 | 	8	 | 	7,07
  1	 | 	6	 | 	4,47
  1	 | 	7	 | 	5,66
  1	 | 	9	 | 	13,42
  2	 | 	3	 | 	5,10
  2	 | 	4	 | 	2,24
  2	 | 	9	 | 	6,08
  4	 | 	5	 | 	1,41
  4	 | 	8	 | 	5,83
  5	 | 	7	 | 	12,17
  5	 | 	9	 | 	5,66
  6	 | 	7	 | 	8,25
  8	 | 	9	 | 	2,83
  5	 | 	6	 | 	4,00
___________________________
Simulation Topology [1:3]
___________________________
From 	  To 		Length
___________________________
  0	 | 	1	 | 	13,34
  0	 | 	3	 | 	8,06
  0	 | 	6	 | 	10,30
  0	 | 	7	 | 	18,38
  0	 | 	8	 | 	7,07
  1	 | 	6	 | 	4,47
  1	 | 	7	 | 	5,66
  1	 | 	9	 | 	13,42
  2	 | 	3	 | 	5,10
  2	 | 	4	 | 	2,24
  2	 | 	9	 | 	6,08
  4	 | 	5	 | 	1,41
  4	 | 	8	 | 	5,83
  5	 | 	7	 | 	12,17
  5	 | 	9	 | 	5,66
  6	 | 	7	 | 	8,25
  8	 | 	9	 | 	2,83
  5	 | 	6	 | 	4,00
  6	 | 	9	 | 	8,94
___________________________
Simulation Topology [1:4]
___________________________
From 	  To 		Length
___________________________
  0	 | 	1	 | 	13,34
  0	 | 	3	 | 	8,06
  0	 | 	6	 | 	10,30
  0	 | 	7	 | 	18,38
  0	 | 	8	 | 	7,07
  1	 | 	6	 | 	4,47
  1	 | 	7	 | 	5,66
  1	 | 	9	 | 	13,42
  2	 | 	3	 | 	5,10
  2	 | 	4	 | 	2,24
  2	 | 	9	 | 	6,08
  4	 | 	5	 | 	1,41
  4	 | 	8	 | 	5,83
  5	 | 	7	 | 	12,17
  5	 | 	9	 | 	5,66
  6	 | 	7	 | 	8,25
  8	 | 	9	 | 	2,83
  5	 | 	6	 | 	4,00
  6	 | 	9	 | 	8,94
  3	 | 	4	 | 	3,00
___________________________
