Simulation Topology 1
___________________________
[2]				[0]		
[5]				[0]		
[14]				[1]		
[13]				[2]		
[7]				[2]		
[19]				[3]		
[12]				[3]		
[3]				[4]		
[11]				[4]		
[3]				[5]		
___________________________
Simulation Topology [1:1]
___________________________
From 	  To 		Length
___________________________
  0	 | 	1	 | 	3,00
  0	 | 	2	 | 	12,04
  0	 | 	3	 | 	11,18
  0	 | 	7	 | 	4,12
  0	 | 	8	 | 	9,85
  0	 | 	9	 | 	5,10
  1	 | 	3	 | 	8,25
  1	 | 	5	 | 	14,32
  1	 | 	6	 | 	7,62
  1	 | 	8	 | 	7,21
  2	 | 	3	 | 	1,41
  2	 | 	8	 | 	4,24
  3	 | 	6	 | 	1,41
  3	 | 	9	 | 	10,44
  4	 | 	5	 | 	12,04
  4	 | 	7	 | 	4,47
  6	 | 	7	 | 	9,06
  7	 | 	9	 | 	1,00
___________________________
Simulation Topology [1:2]
___________________________
From 	  To 		Length
___________________________
  0	 | 	1	 | 	3,00
  0	 | 	2	 | 	12,04
  0	 | 	3	 | 	11,18
  0	 | 	7	 | 	4,12
  0	 | 	8	 | 	9,85
  0	 | 	9	 | 	5,10
  1	 | 	3	 | 	8,25
  1	 | 	5	 | 	14,32
  1	 | 	6	 | 	7,62
  1	 | 	8	 | 	7,21
  2	 | 	3	 | 	1,41
  2	 | 	8	 | 	4,24
  3	 | 	6	 | 	1,41
  3	 | 	9	 | 	10,44
  4	 | 	5	 | 	12,04
  4	 | 	7	 | 	4,47
  6	 | 	7	 | 	9,06
  7	 | 	9	 | 	1,00
  3	 | 	8	 | 	2,83
___________________________
Simulation Topology [1:3]
___________________________
From 	  To 		Length
___________________________
  0	 | 	1	 | 	3,00
  0	 | 	2	 | 	12,04
  0	 | 	3	 | 	11,18
  0	 | 	7	 | 	4,12
  0	 | 	8	 | 	9,85
  0	 | 	9	 | 	5,10
  1	 | 	3	 | 	8,25
  1	 | 	5	 | 	14,32
  1	 | 	6	 | 	7,62
  1	 | 	8	 | 	7,21
  2	 | 	3	 | 	1,41
  2	 | 	8	 | 	4,24
  3	 | 	6	 | 	1,41
  3	 | 	9	 | 	10,44
  4	 | 	5	 | 	12,04
  4	 | 	7	 | 	4,47
  6	 | 	7	 | 	9,06
  7	 | 	9	 | 	1,00
  3	 | 	8	 | 	2,83
  2	 | 	6	 | 	2,83
___________________________
