Simulation Topology 1
___________________________
[14]				[0]		
[16]				[2]		
[0]				[3]		
[18]				[4]		
[3]				[5]		
[15]				[6]		
[10]				[6]		
[19]				[7]		
[16]				[7]		
[12]				[12]		
___________________________
Simulation Topology [1:1]
___________________________
From 	  To 		Length
___________________________
  0	 | 	1	 | 	2,83
  0	 | 	2	 | 	14,32
  0	 | 	8	 | 	7,28
  0	 | 	9	 | 	12,17
  1	 | 	2	 | 	16,03
  1	 | 	5	 | 	4,12
  1	 | 	7	 | 	5,83
  2	 | 	3	 | 	18,03
  2	 | 	4	 | 	3,61
  2	 | 	9	 | 	15,00
  3	 | 	4	 | 	15,03
  3	 | 	5	 | 	3,61
  4	 | 	5	 | 	12,04
  4	 | 	8	 | 	13,15
  4	 | 	9	 | 	11,40
  5	 | 	7	 | 	4,12
  6	 | 	8	 | 	6,08
  6	 | 	9	 | 	6,32
  7	 | 	8	 | 	3,00
___________________________
Simulation Topology [1:2]
___________________________
From 	  To 		Length
___________________________
  0	 | 	1	 | 	2,83
  0	 | 	2	 | 	14,32
  0	 | 	8	 | 	7,28
  0	 | 	9	 | 	12,17
  1	 | 	2	 | 	16,03
  1	 | 	5	 | 	4,12
  1	 | 	7	 | 	5,83
  2	 | 	3	 | 	18,03
  2	 | 	4	 | 	3,61
  2	 | 	9	 | 	15,00
  3	 | 	4	 | 	15,03
  3	 | 	5	 | 	3,61
  4	 | 	5	 | 	12,04
  4	 | 	8	 | 	13,15
  4	 | 	9	 | 	11,40
  5	 | 	7	 | 	4,12
  6	 | 	8	 | 	6,08
  6	 | 	9	 | 	6,32
  7	 | 	8	 | 	3,00
  0	 | 	7	 | 	8,60
___________________________
