Simulation Topology 1
___________________________
[1]				[0]		
[16]				[0]		
[4]				[1]		
[19]				[1]		
[15]				[2]		
[0]				[4]		
[3]				[4]		
[15]				[5]		
[1]				[5]		
[1]				[6]		
___________________________
Simulation Topology [1:1]
___________________________
From 	  To 		Length
___________________________
  0	 | 	1	 | 	15,00
  0	 | 	4	 | 	14,14
  1	 | 	2	 | 	12,04
  1	 | 	6	 | 	13,60
  1	 | 	8	 | 	15,81
  1	 | 	9	 | 	16,16
  2	 | 	3	 | 	15,00
  2	 | 	4	 | 	11,05
  2	 | 	7	 | 	11,70
  3	 | 	7	 | 	5,66
  3	 | 	9	 | 	18,68
  4	 | 	5	 | 	15,13
  4	 | 	9	 | 	14,56
  5	 | 	7	 | 	15,03
  6	 | 	7	 | 	12,04
  6	 | 	8	 | 	2,24
  6	 | 	9	 | 	2,83
___________________________
Simulation Topology [1:2]
___________________________
From 	  To 		Length
___________________________
  0	 | 	1	 | 	15,00
  0	 | 	4	 | 	14,14
  1	 | 	2	 | 	12,04
  1	 | 	6	 | 	13,60
  1	 | 	8	 | 	15,81
  1	 | 	9	 | 	16,16
  2	 | 	3	 | 	15,00
  2	 | 	4	 | 	11,05
  2	 | 	7	 | 	11,70
  3	 | 	7	 | 	5,66
  3	 | 	9	 | 	18,68
  4	 | 	5	 | 	15,13
  4	 | 	9	 | 	14,56
  5	 | 	7	 | 	15,03
  6	 | 	7	 | 	12,04
  6	 | 	8	 | 	2,24
  6	 | 	9	 | 	2,83
  4	 | 	7	 | 	3,00
___________________________
Simulation Topology [1:3]
___________________________
From 	  To 		Length
___________________________
  0	 | 	1	 | 	15,00
  0	 | 	4	 | 	14,14
  1	 | 	2	 | 	12,04
  1	 | 	6	 | 	13,60
  1	 | 	8	 | 	15,81
  1	 | 	9	 | 	16,16
  2	 | 	3	 | 	15,00
  2	 | 	4	 | 	11,05
  2	 | 	7	 | 	11,70
  3	 | 	7	 | 	5,66
  3	 | 	9	 | 	18,68
  4	 | 	5	 | 	15,13
  4	 | 	9	 | 	14,56
  5	 | 	7	 | 	15,03
  6	 | 	7	 | 	12,04
  6	 | 	8	 | 	2,24
  6	 | 	9	 | 	2,83
  4	 | 	7	 | 	3,00
  1	 | 	4	 | 	2,24
___________________________
Simulation Topology [1:4]
___________________________
From 	  To 		Length
___________________________
  0	 | 	1	 | 	15,00
  0	 | 	4	 | 	14,14
  1	 | 	2	 | 	12,04
  1	 | 	6	 | 	13,60
  1	 | 	8	 | 	15,81
  1	 | 	9	 | 	16,16
  2	 | 	3	 | 	15,00
  2	 | 	4	 | 	11,05
  2	 | 	7	 | 	11,70
  3	 | 	7	 | 	5,66
  3	 | 	9	 | 	18,68
  4	 | 	5	 | 	15,13
  4	 | 	9	 | 	14,56
  5	 | 	7	 | 	15,03
  6	 | 	7	 | 	12,04
  6	 | 	8	 | 	2,24
  6	 | 	9	 | 	2,83
  4	 | 	7	 | 	3,00
  1	 | 	4	 | 	2,24
  0	 | 	6	 | 	4,47
___________________________
