Simulation Topology 1
___________________________
[14]				[0]		
[11]				[0]		
[3]				[1]		
[16]				[1]		
[9]				[2]		
[9]				[3]		
[18]				[3]		
[13]				[6]		
[16]				[7]		
[13]				[7]		
___________________________
Simulation Topology [1:1]
___________________________
From 	  To 		Length
___________________________
  0	 | 	1	 | 	3,00
  0	 | 	7	 | 	6,08
  1	 | 	4	 | 	2,83
  1	 | 	5	 | 	3,61
  2	 | 	3	 | 	13,00
  2	 | 	6	 | 	15,13
  2	 | 	8	 | 	14,32
  2	 | 	9	 | 	11,66
  3	 | 	6	 | 	2,83
  3	 | 	7	 | 	5,83
  4	 | 	5	 | 	1,00
  4	 | 	6	 | 	9,06
  4	 | 	7	 | 	5,66
  4	 | 	8	 | 	8,60
  5	 | 	7	 | 	5,00
  5	 | 	9	 | 	5,66
  6	 | 	7	 | 	5,83
  7	 | 	8	 | 	3,16
___________________________
Simulation Topology [1:2]
___________________________
From 	  To 		Length
___________________________
  0	 | 	1	 | 	3,00
  0	 | 	7	 | 	6,08
  1	 | 	4	 | 	2,83
  1	 | 	5	 | 	3,61
  2	 | 	3	 | 	13,00
  2	 | 	6	 | 	15,13
  2	 | 	8	 | 	14,32
  2	 | 	9	 | 	11,66
  3	 | 	6	 | 	2,83
  3	 | 	7	 | 	5,83
  4	 | 	5	 | 	1,00
  4	 | 	6	 | 	9,06
  4	 | 	7	 | 	5,66
  4	 | 	8	 | 	8,60
  5	 | 	7	 | 	5,00
  5	 | 	9	 | 	5,66
  6	 | 	7	 | 	5,83
  7	 | 	8	 | 	3,16
  7	 | 	9	 | 	1,00
___________________________
Simulation Topology [1:3]
___________________________
From 	  To 		Length
___________________________
  0	 | 	1	 | 	3,00
  0	 | 	7	 | 	6,08
  1	 | 	4	 | 	2,83
  1	 | 	5	 | 	3,61
  2	 | 	3	 | 	13,00
  2	 | 	6	 | 	15,13
  2	 | 	8	 | 	14,32
  2	 | 	9	 | 	11,66
  3	 | 	6	 | 	2,83
  3	 | 	7	 | 	5,83
  4	 | 	5	 | 	1,00
  4	 | 	6	 | 	9,06
  4	 | 	7	 | 	5,66
  4	 | 	8	 | 	8,60
  5	 | 	7	 | 	5,00
  5	 | 	9	 | 	5,66
  6	 | 	7	 | 	5,83
  7	 | 	8	 | 	3,16
  7	 | 	9	 | 	1,00
  2	 | 	5	 | 	6,32
___________________________
