Simulation Topology 1
___________________________
[18]				[1]		
[16]				[5]		
[0]				[5]		
[3]				[8]		
[19]				[9]		
[16]				[9]		
[1]				[11]		
[17]				[13]		
[7]				[13]		
[0]				[15]		
___________________________
Simulation Topology [1:1]
___________________________
From 	  To 		Length
___________________________
  0	 | 	1	 | 	4,47
  0	 | 	6	 | 	19,72
  0	 | 	8	 | 	16,28
  1	 | 	7	 | 	8,06
  2	 | 	3	 | 	4,24
  2	 | 	9	 | 	10,00
  3	 | 	5	 | 	13,04
  3	 | 	6	 | 	3,61
  3	 | 	7	 | 	14,87
  4	 | 	5	 | 	3,00
  4	 | 	7	 | 	4,47
  4	 | 	9	 | 	19,92
  5	 | 	6	 | 	15,13
  5	 | 	7	 | 	4,12
  5	 | 	8	 | 	9,85
  6	 | 	7	 | 	16,12
  6	 | 	8	 | 	6,32
  6	 | 	9	 | 	4,12
  7	 | 	9	 | 	17,12
___________________________
Simulation Topology [1:2]
___________________________
From 	  To 		Length
___________________________
  0	 | 	1	 | 	4,47
  0	 | 	6	 | 	19,72
  0	 | 	8	 | 	16,28
  1	 | 	7	 | 	8,06
  2	 | 	3	 | 	4,24
  2	 | 	9	 | 	10,00
  3	 | 	5	 | 	13,04
  3	 | 	6	 | 	3,61
  3	 | 	7	 | 	14,87
  4	 | 	5	 | 	3,00
  4	 | 	7	 | 	4,47
  4	 | 	9	 | 	19,92
  5	 | 	6	 | 	15,13
  5	 | 	7	 | 	4,12
  5	 | 	8	 | 	9,85
  6	 | 	7	 | 	16,12
  6	 | 	8	 | 	6,32
  6	 | 	9	 | 	4,12
  7	 | 	9	 | 	17,12
  7	 | 	8	 | 	10,00
___________________________
