Simulation Topology 1
___________________________
[16]				[0]		
[1]				[0]		
[4]				[1]		
[13]				[1]		
[10]				[2]		
[8]				[2]		
[5]				[3]		
[19]				[3]		
[5]				[6]		
[15]				[6]		
___________________________
Simulation Topology [1:1]
___________________________
From 	  To 		Length
___________________________
  0	 | 	1	 | 	15,00
  0	 | 	6	 | 	11,40
  0	 | 	7	 | 	4,24
  1	 | 	4	 | 	9,22
  1	 | 	6	 | 	5,00
  2	 | 	3	 | 	9,00
  2	 | 	7	 | 	15,13
  3	 | 	8	 | 	9,43
  3	 | 	9	 | 	5,39
  4	 | 	5	 | 	2,00
  4	 | 	9	 | 	6,40
  5	 | 	7	 | 	11,05
  5	 | 	9	 | 	8,06
  6	 | 	7	 | 	14,00
  6	 | 	9	 | 	10,44
  8	 | 	9	 | 	10,00
___________________________
Simulation Topology [1:2]
___________________________
From 	  To 		Length
___________________________
  0	 | 	1	 | 	15,00
  0	 | 	6	 | 	11,40
  0	 | 	7	 | 	4,24
  1	 | 	4	 | 	9,22
  1	 | 	6	 | 	5,00
  2	 | 	3	 | 	9,00
  2	 | 	7	 | 	15,13
  3	 | 	8	 | 	9,43
  3	 | 	9	 | 	5,39
  4	 | 	5	 | 	2,00
  4	 | 	9	 | 	6,40
  5	 | 	7	 | 	11,05
  5	 | 	9	 | 	8,06
  6	 | 	7	 | 	14,00
  6	 | 	9	 | 	10,44
  8	 | 	9	 | 	10,00
  0	 | 	3	 | 	3,16
___________________________
Simulation Topology [1:3]
___________________________
From 	  To 		Length
___________________________
  0	 | 	1	 | 	15,00
  0	 | 	6	 | 	11,40
  0	 | 	7	 | 	4,24
  1	 | 	4	 | 	9,22
  1	 | 	6	 | 	5,00
  2	 | 	3	 | 	9,00
  2	 | 	7	 | 	15,13
  3	 | 	8	 | 	9,43
  3	 | 	9	 | 	5,39
  4	 | 	5	 | 	2,00
  4	 | 	9	 | 	6,40
  5	 | 	7	 | 	11,05
  5	 | 	9	 | 	8,06
  6	 | 	7	 | 	14,00
  6	 | 	9	 | 	10,44
  8	 | 	9	 | 	10,00
  0	 | 	3	 | 	3,16
  2	 | 	6	 | 	2,24
___________________________
Simulation Topology [1:4]
___________________________
From 	  To 		Length
___________________________
  0	 | 	1	 | 	15,00
  0	 | 	6	 | 	11,40
  0	 | 	7	 | 	4,24
  1	 | 	4	 | 	9,22
  1	 | 	6	 | 	5,00
  2	 | 	3	 | 	9,00
  2	 | 	7	 | 	15,13
  3	 | 	8	 | 	9,43
  3	 | 	9	 | 	5,39
  4	 | 	5	 | 	2,00
  4	 | 	9	 | 	6,40
  5	 | 	7	 | 	11,05
  5	 | 	9	 | 	8,06
  6	 | 	7	 | 	14,00
  6	 | 	9	 | 	10,44
  8	 | 	9	 | 	10,00
  0	 | 	3	 | 	3,16
  2	 | 	6	 | 	2,24
  2	 | 	8	 | 	5,10
___________________________
Simulation Topology [1:5]
___________________________
From 	  To 		Length
___________________________
  0	 | 	1	 | 	15,00
  0	 | 	6	 | 	11,40
  0	 | 	7	 | 	4,24
  1	 | 	4	 | 	9,22
  1	 | 	6	 | 	5,00
  2	 | 	3	 | 	9,00
  2	 | 	7	 | 	15,13
  3	 | 	8	 | 	9,43
  3	 | 	9	 | 	5,39
  4	 | 	5	 | 	2,00
  4	 | 	9	 | 	6,40
  5	 | 	7	 | 	11,05
  5	 | 	9	 | 	8,06
  6	 | 	7	 | 	14,00
  6	 | 	9	 | 	10,44
  8	 | 	9	 | 	10,00
  0	 | 	3	 | 	3,16
  2	 | 	6	 | 	2,24
  2	 | 	8	 | 	5,10
  5	 | 	6	 | 	3,16
___________________________
