Simulation Topology 1
___________________________
[13]				[0]		
[9]				[0]		
[7]				[1]		
[17]				[2]		
[13]				[2]		
[5]				[3]		
[8]				[3]		
[5]				[4]		
[16]				[4]		
[5]				[5]		
___________________________
Simulation Topology [1:1]
___________________________
From 	  To 		Length
___________________________
  0	 | 	1	 | 	4,00
  0	 | 	3	 | 	4,47
  0	 | 	6	 | 	5,83
  0	 | 	8	 | 	5,00
  1	 | 	2	 | 	2,24
  1	 | 	5	 | 	5,00
  1	 | 	9	 | 	6,40
  2	 | 	3	 | 	10,05
  2	 | 	4	 | 	6,08
  2	 | 	5	 | 	2,83
  2	 | 	8	 | 	9,49
  3	 | 	5	 | 	12,04
  3	 | 	6	 | 	9,06
  3	 | 	8	 | 	2,24
  4	 | 	5	 | 	8,06
  4	 | 	7	 | 	8,25
  5	 | 	9	 | 	2,00
  6	 | 	7	 | 	3,16
___________________________
Simulation Topology [1:2]
___________________________
From 	  To 		Length
___________________________
  0	 | 	1	 | 	4,00
  0	 | 	3	 | 	4,47
  0	 | 	6	 | 	5,83
  0	 | 	8	 | 	5,00
  1	 | 	2	 | 	2,24
  1	 | 	5	 | 	5,00
  1	 | 	9	 | 	6,40
  2	 | 	3	 | 	10,05
  2	 | 	4	 | 	6,08
  2	 | 	5	 | 	2,83
  2	 | 	8	 | 	9,49
  3	 | 	5	 | 	12,04
  3	 | 	6	 | 	9,06
  3	 | 	8	 | 	2,24
  4	 | 	5	 | 	8,06
  4	 | 	7	 | 	8,25
  5	 | 	9	 | 	2,00
  6	 | 	7	 | 	3,16
  3	 | 	4	 | 	4,00
___________________________
Simulation Topology [1:3]
___________________________
From 	  To 		Length
___________________________
  0	 | 	1	 | 	4,00
  0	 | 	3	 | 	4,47
  0	 | 	6	 | 	5,83
  0	 | 	8	 | 	5,00
  1	 | 	2	 | 	2,24
  1	 | 	5	 | 	5,00
  1	 | 	9	 | 	6,40
  2	 | 	3	 | 	10,05
  2	 | 	4	 | 	6,08
  2	 | 	5	 | 	2,83
  2	 | 	8	 | 	9,49
  3	 | 	5	 | 	12,04
  3	 | 	6	 | 	9,06
  3	 | 	8	 | 	2,24
  4	 | 	5	 | 	8,06
  4	 | 	7	 | 	8,25
  5	 | 	9	 | 	2,00
  6	 | 	7	 | 	3,16
  3	 | 	4	 | 	4,00
  0	 | 	5	 | 	8,54
___________________________
