Simulation Topology 1
___________________________
[5]				[0]		
[17]				[2]		
[11]				[2]		
[5]				[4]		
[15]				[4]		
[10]				[5]		
[8]				[6]		
[12]				[7]		
[17]				[7]		
[3]				[12]		
___________________________
Simulation Topology [1:1]
___________________________
From 	  To 		Length
___________________________
  0	 | 	1	 | 	12,17
  0	 | 	3	 | 	4,00
  0	 | 	5	 | 	7,07
  1	 | 	6	 | 	9,85
  1	 | 	8	 | 	5,00
  2	 | 	3	 | 	6,32
  2	 | 	4	 | 	4,47
  2	 | 	5	 | 	3,16
  2	 | 	6	 | 	5,00
  2	 | 	8	 | 	7,81
  3	 | 	6	 | 	3,61
  3	 | 	7	 | 	7,62
  3	 | 	9	 | 	8,25
  4	 | 	5	 | 	5,10
  4	 | 	7	 | 	4,24
  4	 | 	9	 | 	14,42
  5	 | 	6	 | 	2,24
  5	 | 	7	 | 	2,83
  8	 | 	9	 | 	14,87
___________________________
Simulation Topology [1:2]
___________________________
From 	  To 		Length
___________________________
  0	 | 	1	 | 	12,17
  0	 | 	3	 | 	4,00
  0	 | 	5	 | 	7,07
  1	 | 	6	 | 	9,85
  1	 | 	8	 | 	5,00
  2	 | 	3	 | 	6,32
  2	 | 	4	 | 	4,47
  2	 | 	5	 | 	3,16
  2	 | 	6	 | 	5,00
  2	 | 	8	 | 	7,81
  3	 | 	6	 | 	3,61
  3	 | 	7	 | 	7,62
  3	 | 	9	 | 	8,25
  4	 | 	5	 | 	5,10
  4	 | 	7	 | 	4,24
  4	 | 	9	 | 	14,42
  5	 | 	6	 | 	2,24
  5	 | 	7	 | 	2,83
  8	 | 	9	 | 	14,87
  1	 | 	4	 | 	2,83
___________________________
