Simulation Topology 1
___________________________
[19]				[0]		
[3]				[0]		
[10]				[2]		
[11]				[6]		
[1]				[6]		
[13]				[7]		
[1]				[7]		
[13]				[8]		
[18]				[8]		
[3]				[9]		
___________________________
Simulation Topology [1:1]
___________________________
From 	  To 		Length
___________________________
  0	 | 	1	 | 	16,00
  0	 | 	2	 | 	9,22
  0	 | 	3	 | 	10,00
  0	 | 	4	 | 	18,97
  1	 | 	7	 | 	12,81
  2	 | 	3	 | 	4,12
  2	 | 	7	 | 	6,71
  4	 | 	5	 | 	12,04
  4	 | 	7	 | 	12,17
  5	 | 	8	 | 	5,10
  5	 | 	9	 | 	10,20
  6	 | 	7	 | 	12,04
  6	 | 	8	 | 	17,03
  6	 | 	9	 | 	2,83
___________________________
Simulation Topology [1:2]
___________________________
From 	  To 		Length
___________________________
  0	 | 	1	 | 	16,00
  0	 | 	2	 | 	9,22
  0	 | 	3	 | 	10,00
  0	 | 	4	 | 	18,97
  1	 | 	7	 | 	12,81
  2	 | 	3	 | 	4,12
  2	 | 	7	 | 	6,71
  4	 | 	5	 | 	12,04
  4	 | 	7	 | 	12,17
  5	 | 	8	 | 	5,10
  5	 | 	9	 | 	10,20
  6	 | 	7	 | 	12,04
  6	 | 	8	 | 	17,03
  6	 | 	9	 | 	2,83
  2	 | 	4	 | 	9,85
___________________________
Simulation Topology [1:3]
___________________________
From 	  To 		Length
___________________________
  0	 | 	1	 | 	16,00
  0	 | 	2	 | 	9,22
  0	 | 	3	 | 	10,00
  0	 | 	4	 | 	18,97
  1	 | 	7	 | 	12,81
  2	 | 	3	 | 	4,12
  2	 | 	7	 | 	6,71
  4	 | 	5	 | 	12,04
  4	 | 	7	 | 	12,17
  5	 | 	8	 | 	5,10
  5	 | 	9	 | 	10,20
  6	 | 	7	 | 	12,04
  6	 | 	8	 | 	17,03
  6	 | 	9	 | 	2,83
  2	 | 	4	 | 	9,85
  5	 | 	7	 | 	1,00
___________________________
Simulation Topology [1:4]
___________________________
From 	  To 		Length
___________________________
  0	 | 	1	 | 	16,00
  0	 | 	2	 | 	9,22
  0	 | 	3	 | 	10,00
  0	 | 	4	 | 	18,97
  1	 | 	7	 | 	12,81
  2	 | 	3	 | 	4,12
  2	 | 	7	 | 	6,71
  4	 | 	5	 | 	12,04
  4	 | 	7	 | 	12,17
  5	 | 	8	 | 	5,10
  5	 | 	9	 | 	10,20
  6	 | 	7	 | 	12,04
  6	 | 	8	 | 	17,03
  6	 | 	9	 | 	2,83
  2	 | 	4	 | 	9,85
  5	 | 	7	 | 	1,00
  4	 | 	6	 | 	1,00
___________________________
Simulation Topology [1:5]
___________________________
From 	  To 		Length
___________________________
  0	 | 	1	 | 	16,00
  0	 | 	2	 | 	9,22
  0	 | 	3	 | 	10,00
  0	 | 	4	 | 	18,97
  1	 | 	7	 | 	12,81
  2	 | 	3	 | 	4,12
  2	 | 	7	 | 	6,71
  4	 | 	5	 | 	12,04
  4	 | 	7	 | 	12,17
  5	 | 	8	 | 	5,10
  5	 | 	9	 | 	10,20
  6	 | 	7	 | 	12,04
  6	 | 	8	 | 	17,03
  6	 | 	9	 | 	2,83
  2	 | 	4	 | 	9,85
  5	 | 	7	 | 	1,00
  4	 | 	6	 | 	1,00
  3	 | 	7	 | 	2,83
___________________________
Simulation Topology [1:6]
___________________________
From 	  To 		Length
___________________________
  0	 | 	1	 | 	16,00
  0	 | 	2	 | 	9,22
  0	 | 	3	 | 	10,00
  0	 | 	4	 | 	18,97
  1	 | 	7	 | 	12,81
  2	 | 	3	 | 	4,12
  2	 | 	7	 | 	6,71
  4	 | 	5	 | 	12,04
  4	 | 	7	 | 	12,17
  5	 | 	8	 | 	5,10
  5	 | 	9	 | 	10,20
  6	 | 	7	 | 	12,04
  6	 | 	8	 | 	17,03
  6	 | 	9	 | 	2,83
  2	 | 	4	 | 	9,85
  5	 | 	7	 | 	1,00
  4	 | 	6	 | 	1,00
  3	 | 	7	 | 	2,83
  1	 | 	6	 | 	7,28
___________________________
Simulation Topology [1:7]
___________________________
From 	  To 		Length
___________________________
  0	 | 	1	 | 	16,00
  0	 | 	2	 | 	9,22
  0	 | 	3	 | 	10,00
  0	 | 	4	 | 	18,97
  1	 | 	7	 | 	12,81
  2	 | 	3	 | 	4,12
  2	 | 	7	 | 	6,71
  4	 | 	5	 | 	12,04
  4	 | 	7	 | 	12,17
  5	 | 	8	 | 	5,10
  5	 | 	9	 | 	10,20
  6	 | 	7	 | 	12,04
  6	 | 	8	 | 	17,03
  6	 | 	9	 | 	2,83
  2	 | 	4	 | 	9,85
  5	 | 	7	 | 	1,00
  4	 | 	6	 | 	1,00
  3	 | 	7	 | 	2,83
  1	 | 	6	 | 	7,28
  1	 | 	2	 | 	7,28
___________________________
