Simulation Topology 1
___________________________
[15]				[0]		
[10]				[0]		
[8]				[1]		
[2]				[1]		
[16]				[2]		
[11]				[2]		
[6]				[5]		
[15]				[5]		
[14]				[6]		
[2]				[6]		
___________________________
Simulation Topology [1:1]
___________________________
From 	  To 		Length
___________________________
  0	 | 	1	 | 	5,00
  0	 | 	6	 | 	10,30
  1	 | 	3	 | 	8,06
  1	 | 	9	 | 	10,00
  2	 | 	3	 | 	6,00
  2	 | 	6	 | 	4,47
  2	 | 	7	 | 	8,06
  2	 | 	8	 | 	7,81
  3	 | 	4	 | 	14,04
  3	 | 	6	 | 	5,66
  3	 | 	9	 | 	5,00
  4	 | 	5	 | 	5,00
  5	 | 	8	 | 	5,00
  5	 | 	9	 | 	9,85
  6	 | 	7	 | 	9,00
  6	 | 	8	 | 	8,06
  8	 | 	9	 | 	12,00
___________________________
Simulation Topology [1:2]
___________________________
From 	  To 		Length
___________________________
  0	 | 	1	 | 	5,00
  0	 | 	6	 | 	10,30
  1	 | 	3	 | 	8,06
  1	 | 	9	 | 	10,00
  2	 | 	3	 | 	6,00
  2	 | 	6	 | 	4,47
  2	 | 	7	 | 	8,06
  2	 | 	8	 | 	7,81
  3	 | 	4	 | 	14,04
  3	 | 	6	 | 	5,66
  3	 | 	9	 | 	5,00
  4	 | 	5	 | 	5,00
  5	 | 	8	 | 	5,00
  5	 | 	9	 | 	9,85
  6	 | 	7	 | 	9,00
  6	 | 	8	 | 	8,06
  8	 | 	9	 | 	12,00
  2	 | 	5	 | 	3,16
___________________________
Simulation Topology [1:3]
___________________________
From 	  To 		Length
___________________________
  0	 | 	1	 | 	5,00
  0	 | 	6	 | 	10,30
  1	 | 	3	 | 	8,06
  1	 | 	9	 | 	10,00
  2	 | 	3	 | 	6,00
  2	 | 	6	 | 	4,47
  2	 | 	7	 | 	8,06
  2	 | 	8	 | 	7,81
  3	 | 	4	 | 	14,04
  3	 | 	6	 | 	5,66
  3	 | 	9	 | 	5,00
  4	 | 	5	 | 	5,00
  5	 | 	8	 | 	5,00
  5	 | 	9	 | 	9,85
  6	 | 	7	 | 	9,00
  6	 | 	8	 | 	8,06
  8	 | 	9	 | 	12,00
  2	 | 	5	 | 	3,16
  4	 | 	8	 | 	4,47
___________________________
Simulation Topology [1:4]
___________________________
From 	  To 		Length
___________________________
  0	 | 	1	 | 	5,00
  0	 | 	6	 | 	10,30
  1	 | 	3	 | 	8,06
  1	 | 	9	 | 	10,00
  2	 | 	3	 | 	6,00
  2	 | 	6	 | 	4,47
  2	 | 	7	 | 	8,06
  2	 | 	8	 | 	7,81
  3	 | 	4	 | 	14,04
  3	 | 	6	 | 	5,66
  3	 | 	9	 | 	5,00
  4	 | 	5	 | 	5,00
  5	 | 	8	 | 	5,00
  5	 | 	9	 | 	9,85
  6	 | 	7	 | 	9,00
  6	 | 	8	 | 	8,06
  8	 | 	9	 | 	12,00
  2	 | 	5	 | 	3,16
  4	 | 	8	 | 	4,47
  1	 | 	2	 | 	2,24
___________________________
