Simulation Topology 1
___________________________
[9]				[1]		
[8]				[2]		
[1]				[2]		
[7]				[3]		
[13]				[4]		
[0]				[5]		
[11]				[5]		
[8]				[7]		
[6]				[9]		
[17]				[9]		
___________________________
Simulation Topology [1:1]
___________________________
From 	  To 		Length
___________________________
  0	 | 	1	 | 	1,41
  0	 | 	2	 | 	8,06
  0	 | 	3	 | 	2,83
  0	 | 	9	 | 	11,31
  1	 | 	5	 | 	8,54
  1	 | 	7	 | 	5,00
  2	 | 	3	 | 	6,08
  2	 | 	4	 | 	12,17
  2	 | 	6	 | 	10,44
  3	 | 	7	 | 	4,12
  3	 | 	9	 | 	11,66
  4	 | 	5	 | 	13,04
  4	 | 	7	 | 	5,83
  5	 | 	7	 | 	8,25
  5	 | 	8	 | 	7,21
  6	 | 	7	 | 	3,61
  6	 | 	8	 | 	6,40
  6	 | 	9	 | 	7,21
___________________________
Simulation Topology [1:2]
___________________________
From 	  To 		Length
___________________________
  0	 | 	1	 | 	1,41
  0	 | 	2	 | 	8,06
  0	 | 	3	 | 	2,83
  0	 | 	9	 | 	11,31
  1	 | 	5	 | 	8,54
  1	 | 	7	 | 	5,00
  2	 | 	3	 | 	6,08
  2	 | 	4	 | 	12,17
  2	 | 	6	 | 	10,44
  3	 | 	7	 | 	4,12
  3	 | 	9	 | 	11,66
  4	 | 	5	 | 	13,04
  4	 | 	7	 | 	5,83
  5	 | 	7	 | 	8,25
  5	 | 	8	 | 	7,21
  6	 | 	7	 | 	3,61
  6	 | 	8	 | 	6,40
  6	 | 	9	 | 	7,21
  3	 | 	6	 | 	4,47
___________________________
Simulation Topology [1:3]
___________________________
From 	  To 		Length
___________________________
  0	 | 	1	 | 	1,41
  0	 | 	2	 | 	8,06
  0	 | 	3	 | 	2,83
  0	 | 	9	 | 	11,31
  1	 | 	5	 | 	8,54
  1	 | 	7	 | 	5,00
  2	 | 	3	 | 	6,08
  2	 | 	4	 | 	12,17
  2	 | 	6	 | 	10,44
  3	 | 	7	 | 	4,12
  3	 | 	9	 | 	11,66
  4	 | 	5	 | 	13,04
  4	 | 	7	 | 	5,83
  5	 | 	7	 | 	8,25
  5	 | 	8	 | 	7,21
  6	 | 	7	 | 	3,61
  6	 | 	8	 | 	6,40
  6	 | 	9	 | 	7,21
  3	 | 	6	 | 	4,47
  2	 | 	5	 | 	3,16
___________________________
