Simulation Topology 1
___________________________
[4]				[1]		
[4]				[4]		
[0]				[9]		
[3]				[14]		
[1]				[11]		
[1]				[20]		
[0]				[18]		
[3]				[26]		
[1]				[31]		
[4]				[28]		
[4]				[31]		
[2]				[39]		
[1]				[37]		
[4]				[32]		
[1]				[32]		
[5]				[2]		
[9]				[1]		
[8]				[4]		
[6]				[9]		
[9]				[9]		
___________________________
Simulation Topology [1:1]
___________________________
From 	  To 		Length
___________________________
  0	 | 	1	 | 	3,00
  0	 | 	4	 | 	10,44
  0	 | 	7	 | 	25,02
  1	 | 	18	 | 	5,39
  2	 | 	3	 | 	5,83
  2	 | 	4	 | 	2,24
  2	 | 	5	 | 	11,05
  2	 | 	6	 | 	9,00
  2	 | 	8	 | 	22,02
  2	 | 	19	 | 	9,00
  3	 | 	4	 | 	3,61
  4	 | 	18	 | 	5,39
  4	 | 	19	 | 	8,25
  5	 | 	6	 | 	2,24
  6	 | 	9	 | 	10,77
  6	 | 	12	 | 	19,03
  7	 | 	8	 | 	5,39
  7	 | 	9	 | 	2,24
  7	 | 	16	 | 	25,71
  8	 | 	10	 | 	3,00
  8	 | 	13	 | 	3,16
  9	 | 	10	 | 	3,00
  10	 | 	14	 | 	3,16
  11	 | 	12	 | 	2,24
  11	 | 	14	 | 	7,07
  12	 | 	13	 | 	5,83
  12	 | 	17	 | 	33,73
  13	 | 	14	 | 	3,00
  15	 | 	16	 | 	4,12
  15	 | 	17	 | 	3,61
  16	 | 	17	 | 	3,16
  18	 | 	19	 | 	3,00
___________________________
Simulation Topology [1:2]
___________________________
From 	  To 		Length
___________________________
  0	 | 	1	 | 	3,00
  0	 | 	4	 | 	10,44
  0	 | 	7	 | 	25,02
  1	 | 	18	 | 	5,39
  2	 | 	3	 | 	5,83
  2	 | 	4	 | 	2,24
  2	 | 	5	 | 	11,05
  2	 | 	6	 | 	9,00
  2	 | 	8	 | 	22,02
  2	 | 	19	 | 	9,00
  3	 | 	4	 | 	3,61
  4	 | 	18	 | 	5,39
  4	 | 	19	 | 	8,25
  5	 | 	6	 | 	2,24
  6	 | 	9	 | 	10,77
  6	 | 	12	 | 	19,03
  7	 | 	8	 | 	5,39
  7	 | 	9	 | 	2,24
  7	 | 	16	 | 	25,71
  8	 | 	10	 | 	3,00
  8	 | 	13	 | 	3,16
  9	 | 	10	 | 	3,00
  10	 | 	14	 | 	3,16
  11	 | 	12	 | 	2,24
  11	 | 	14	 | 	7,07
  12	 | 	13	 | 	5,83
  12	 | 	17	 | 	33,73
  13	 | 	14	 | 	3,00
  15	 | 	16	 | 	4,12
  15	 | 	17	 | 	3,61
  16	 | 	17	 | 	3,16
  18	 | 	19	 | 	3,00
  8	 | 	14	 | 	1,00
___________________________
Simulation Topology [1:3]
___________________________
From 	  To 		Length
___________________________
  0	 | 	1	 | 	3,00
  0	 | 	4	 | 	10,44
  0	 | 	7	 | 	25,02
  1	 | 	18	 | 	5,39
  2	 | 	3	 | 	5,83
  2	 | 	4	 | 	2,24
  2	 | 	5	 | 	11,05
  2	 | 	6	 | 	9,00
  2	 | 	8	 | 	22,02
  2	 | 	19	 | 	9,00
  3	 | 	4	 | 	3,61
  4	 | 	18	 | 	5,39
  4	 | 	19	 | 	8,25
  5	 | 	6	 | 	2,24
  6	 | 	9	 | 	10,77
  6	 | 	12	 | 	19,03
  7	 | 	8	 | 	5,39
  7	 | 	9	 | 	2,24
  7	 | 	16	 | 	25,71
  8	 | 	10	 | 	3,00
  8	 | 	13	 | 	3,16
  9	 | 	10	 | 	3,00
  10	 | 	14	 | 	3,16
  11	 | 	12	 | 	2,24
  11	 | 	14	 | 	7,07
  12	 | 	13	 | 	5,83
  12	 | 	17	 | 	33,73
  13	 | 	14	 | 	3,00
  15	 | 	16	 | 	4,12
  15	 | 	17	 | 	3,61
  16	 | 	17	 | 	3,16
  18	 | 	19	 | 	3,00
  8	 | 	14	 | 	1,00
  1	 | 	17	 | 	4,00
___________________________
Simulation Topology [1:4]
___________________________
From 	  To 		Length
___________________________
  0	 | 	1	 | 	3,00
  0	 | 	4	 | 	10,44
  0	 | 	7	 | 	25,02
  1	 | 	18	 | 	5,39
  2	 | 	3	 | 	5,83
  2	 | 	4	 | 	2,24
  2	 | 	5	 | 	11,05
  2	 | 	6	 | 	9,00
  2	 | 	8	 | 	22,02
  2	 | 	19	 | 	9,00
  3	 | 	4	 | 	3,61
  4	 | 	18	 | 	5,39
  4	 | 	19	 | 	8,25
  5	 | 	6	 | 	2,24
  6	 | 	9	 | 	10,77
  6	 | 	12	 | 	19,03
  7	 | 	8	 | 	5,39
  7	 | 	9	 | 	2,24
  7	 | 	16	 | 	25,71
  8	 | 	10	 | 	3,00
  8	 | 	13	 | 	3,16
  9	 | 	10	 | 	3,00
  10	 | 	14	 | 	3,16
  11	 | 	12	 | 	2,24
  11	 | 	14	 | 	7,07
  12	 | 	13	 | 	5,83
  12	 | 	17	 | 	33,73
  13	 | 	14	 | 	3,00
  15	 | 	16	 | 	4,12
  15	 | 	17	 | 	3,61
  16	 | 	17	 | 	3,16
  18	 | 	19	 | 	3,00
  8	 | 	14	 | 	1,00
  1	 | 	17	 | 	4,00
  0	 | 	15	 | 	1,41
___________________________
Simulation Topology [1:5]
___________________________
From 	  To 		Length
___________________________
  0	 | 	1	 | 	3,00
  0	 | 	4	 | 	10,44
  0	 | 	7	 | 	25,02
  1	 | 	18	 | 	5,39
  2	 | 	3	 | 	5,83
  2	 | 	4	 | 	2,24
  2	 | 	5	 | 	11,05
  2	 | 	6	 | 	9,00
  2	 | 	8	 | 	22,02
  2	 | 	19	 | 	9,00
  3	 | 	4	 | 	3,61
  4	 | 	18	 | 	5,39
  4	 | 	19	 | 	8,25
  5	 | 	6	 | 	2,24
  6	 | 	9	 | 	10,77
  6	 | 	12	 | 	19,03
  7	 | 	8	 | 	5,39
  7	 | 	9	 | 	2,24
  7	 | 	16	 | 	25,71
  8	 | 	10	 | 	3,00
  8	 | 	13	 | 	3,16
  9	 | 	10	 | 	3,00
  10	 | 	14	 | 	3,16
  11	 | 	12	 | 	2,24
  11	 | 	14	 | 	7,07
  12	 | 	13	 | 	5,83
  12	 | 	17	 | 	33,73
  13	 | 	14	 | 	3,00
  15	 | 	16	 | 	4,12
  15	 | 	17	 | 	3,61
  16	 | 	17	 | 	3,16
  18	 | 	19	 | 	3,00
  8	 | 	14	 | 	1,00
  1	 | 	17	 | 	4,00
  0	 | 	15	 | 	1,41
  8	 | 	9	 | 	4,24
___________________________
Simulation Topology [1:6]
___________________________
From 	  To 		Length
___________________________
  0	 | 	1	 | 	3,00
  0	 | 	4	 | 	10,44
  0	 | 	7	 | 	25,02
  1	 | 	18	 | 	5,39
  2	 | 	3	 | 	5,83
  2	 | 	4	 | 	2,24
  2	 | 	5	 | 	11,05
  2	 | 	6	 | 	9,00
  2	 | 	8	 | 	22,02
  2	 | 	19	 | 	9,00
  3	 | 	4	 | 	3,61
  4	 | 	18	 | 	5,39
  4	 | 	19	 | 	8,25
  5	 | 	6	 | 	2,24
  6	 | 	9	 | 	10,77
  6	 | 	12	 | 	19,03
  7	 | 	8	 | 	5,39
  7	 | 	9	 | 	2,24
  7	 | 	16	 | 	25,71
  8	 | 	10	 | 	3,00
  8	 | 	13	 | 	3,16
  9	 | 	10	 | 	3,00
  10	 | 	14	 | 	3,16
  11	 | 	12	 | 	2,24
  11	 | 	14	 | 	7,07
  12	 | 	13	 | 	5,83
  12	 | 	17	 | 	33,73
  13	 | 	14	 | 	3,00
  15	 | 	16	 | 	4,12
  15	 | 	17	 | 	3,61
  16	 | 	17	 | 	3,16
  18	 | 	19	 | 	3,00
  8	 | 	14	 | 	1,00
  1	 | 	17	 | 	4,00
  0	 | 	15	 | 	1,41
  8	 | 	9	 | 	4,24
  8	 | 	12	 | 	6,00
___________________________
Simulation Topology [1:7]
___________________________
From 	  To 		Length
___________________________
  0	 | 	1	 | 	3,00
  0	 | 	4	 | 	10,44
  0	 | 	7	 | 	25,02
  1	 | 	18	 | 	5,39
  2	 | 	3	 | 	5,83
  2	 | 	4	 | 	2,24
  2	 | 	5	 | 	11,05
  2	 | 	6	 | 	9,00
  2	 | 	8	 | 	22,02
  2	 | 	19	 | 	9,00
  3	 | 	4	 | 	3,61
  4	 | 	18	 | 	5,39
  4	 | 	19	 | 	8,25
  5	 | 	6	 | 	2,24
  6	 | 	9	 | 	10,77
  6	 | 	12	 | 	19,03
  7	 | 	8	 | 	5,39
  7	 | 	9	 | 	2,24
  7	 | 	16	 | 	25,71
  8	 | 	10	 | 	3,00
  8	 | 	13	 | 	3,16
  9	 | 	10	 | 	3,00
  10	 | 	14	 | 	3,16
  11	 | 	12	 | 	2,24
  11	 | 	14	 | 	7,07
  12	 | 	13	 | 	5,83
  12	 | 	17	 | 	33,73
  13	 | 	14	 | 	3,00
  15	 | 	16	 | 	4,12
  15	 | 	17	 | 	3,61
  16	 | 	17	 | 	3,16
  18	 | 	19	 | 	3,00
  8	 | 	14	 | 	1,00
  1	 | 	17	 | 	4,00
  0	 | 	15	 | 	1,41
  8	 | 	9	 | 	4,24
  8	 | 	12	 | 	6,00
  9	 | 	13	 | 	4,00
___________________________
Simulation Topology [1:8]
___________________________
From 	  To 		Length
___________________________
  0	 | 	1	 | 	3,00
  0	 | 	4	 | 	10,44
  0	 | 	7	 | 	25,02
  1	 | 	18	 | 	5,39
  2	 | 	3	 | 	5,83
  2	 | 	4	 | 	2,24
  2	 | 	5	 | 	11,05
  2	 | 	6	 | 	9,00
  2	 | 	8	 | 	22,02
  2	 | 	19	 | 	9,00
  3	 | 	4	 | 	3,61
  4	 | 	18	 | 	5,39
  4	 | 	19	 | 	8,25
  5	 | 	6	 | 	2,24
  6	 | 	9	 | 	10,77
  6	 | 	12	 | 	19,03
  7	 | 	8	 | 	5,39
  7	 | 	9	 | 	2,24
  7	 | 	16	 | 	25,71
  8	 | 	10	 | 	3,00
  8	 | 	13	 | 	3,16
  9	 | 	10	 | 	3,00
  10	 | 	14	 | 	3,16
  11	 | 	12	 | 	2,24
  11	 | 	14	 | 	7,07
  12	 | 	13	 | 	5,83
  12	 | 	17	 | 	33,73
  13	 | 	14	 | 	3,00
  15	 | 	16	 | 	4,12
  15	 | 	17	 | 	3,61
  16	 | 	17	 | 	3,16
  18	 | 	19	 | 	3,00
  8	 | 	14	 | 	1,00
  1	 | 	17	 | 	4,00
  0	 | 	15	 | 	1,41
  8	 | 	9	 | 	4,24
  8	 | 	12	 | 	6,00
  9	 | 	13	 | 	4,00
  16	 | 	18	 | 	8,54
___________________________
Simulation Topology [1:9]
___________________________
From 	  To 		Length
___________________________
  0	 | 	1	 | 	3,00
  0	 | 	4	 | 	10,44
  0	 | 	7	 | 	25,02
  1	 | 	18	 | 	5,39
  2	 | 	3	 | 	5,83
  2	 | 	4	 | 	2,24
  2	 | 	5	 | 	11,05
  2	 | 	6	 | 	9,00
  2	 | 	8	 | 	22,02
  2	 | 	19	 | 	9,00
  3	 | 	4	 | 	3,61
  4	 | 	18	 | 	5,39
  4	 | 	19	 | 	8,25
  5	 | 	6	 | 	2,24
  6	 | 	9	 | 	10,77
  6	 | 	12	 | 	19,03
  7	 | 	8	 | 	5,39
  7	 | 	9	 | 	2,24
  7	 | 	16	 | 	25,71
  8	 | 	10	 | 	3,00
  8	 | 	13	 | 	3,16
  9	 | 	10	 | 	3,00
  10	 | 	14	 | 	3,16
  11	 | 	12	 | 	2,24
  11	 | 	14	 | 	7,07
  12	 | 	13	 | 	5,83
  12	 | 	17	 | 	33,73
  13	 | 	14	 | 	3,00
  15	 | 	16	 | 	4,12
  15	 | 	17	 | 	3,61
  16	 | 	17	 | 	3,16
  18	 | 	19	 | 	3,00
  8	 | 	14	 | 	1,00
  1	 | 	17	 | 	4,00
  0	 | 	15	 | 	1,41
  8	 | 	9	 | 	4,24
  8	 | 	12	 | 	6,00
  9	 | 	13	 | 	4,00
  16	 | 	18	 | 	8,54
  2	 | 	17	 | 	9,43
___________________________
