Simulation Topology 1
___________________________
[7]				[0]		
[4]				[0]		
[14]				[1]		
[19]				[4]		
[11]				[4]		
[13]				[5]		
[5]				[5]		
[13]				[7]		
[15]				[7]		
[12]				[9]		
___________________________
Simulation Topology [1:1]
___________________________
From 	  To 		Length
___________________________
  0	 | 	1	 | 	3,00
  0	 | 	4	 | 	5,66
  0	 | 	5	 | 	7,81
  0	 | 	8	 | 	10,63
  1	 | 	4	 | 	8,06
  1	 | 	7	 | 	11,40
  2	 | 	3	 | 	5,83
  2	 | 	4	 | 	4,24
  2	 | 	8	 | 	6,08
  3	 | 	6	 | 	14,04
  3	 | 	8	 | 	5,00
  3	 | 	9	 | 	8,60
  4	 | 	5	 | 	2,24
  5	 | 	8	 | 	2,83
  6	 | 	7	 | 	8,25
  6	 | 	9	 | 	8,06
  7	 | 	8	 | 	2,00
___________________________
Simulation Topology [1:2]
___________________________
From 	  To 		Length
___________________________
  0	 | 	1	 | 	3,00
  0	 | 	4	 | 	5,66
  0	 | 	5	 | 	7,81
  0	 | 	8	 | 	10,63
  1	 | 	4	 | 	8,06
  1	 | 	7	 | 	11,40
  2	 | 	3	 | 	5,83
  2	 | 	4	 | 	4,24
  2	 | 	8	 | 	6,08
  3	 | 	6	 | 	14,04
  3	 | 	8	 | 	5,00
  3	 | 	9	 | 	8,60
  4	 | 	5	 | 	2,24
  5	 | 	8	 | 	2,83
  6	 | 	7	 | 	8,25
  6	 | 	9	 | 	8,06
  7	 | 	8	 | 	2,00
  1	 | 	5	 | 	10,30
___________________________
Simulation Topology [1:3]
___________________________
From 	  To 		Length
___________________________
  0	 | 	1	 | 	3,00
  0	 | 	4	 | 	5,66
  0	 | 	5	 | 	7,81
  0	 | 	8	 | 	10,63
  1	 | 	4	 | 	8,06
  1	 | 	7	 | 	11,40
  2	 | 	3	 | 	5,83
  2	 | 	4	 | 	4,24
  2	 | 	8	 | 	6,08
  3	 | 	6	 | 	14,04
  3	 | 	8	 | 	5,00
  3	 | 	9	 | 	8,60
  4	 | 	5	 | 	2,24
  5	 | 	8	 | 	2,83
  6	 | 	7	 | 	8,25
  6	 | 	9	 | 	8,06
  7	 | 	8	 | 	2,00
  1	 | 	5	 | 	10,30
  0	 | 	2	 | 	7,07
___________________________
Simulation Topology [1:4]
___________________________
From 	  To 		Length
___________________________
  0	 | 	1	 | 	3,00
  0	 | 	4	 | 	5,66
  0	 | 	5	 | 	7,81
  0	 | 	8	 | 	10,63
  1	 | 	4	 | 	8,06
  1	 | 	7	 | 	11,40
  2	 | 	3	 | 	5,83
  2	 | 	4	 | 	4,24
  2	 | 	8	 | 	6,08
  3	 | 	6	 | 	14,04
  3	 | 	8	 | 	5,00
  3	 | 	9	 | 	8,60
  4	 | 	5	 | 	2,24
  5	 | 	8	 | 	2,83
  6	 | 	7	 | 	8,25
  6	 | 	9	 | 	8,06
  7	 | 	8	 | 	2,00
  1	 | 	5	 | 	10,30
  0	 | 	2	 | 	7,07
  2	 | 	5	 | 	4,12
___________________________
