Simulation Topology 1
___________________________
[16]				[0]		
[18]				[0]		
[7]				[1]		
[15]				[2]		
[7]				[2]		
[14]				[3]		
[15]				[4]		
[13]				[5]		
[11]				[6]		
[16]				[6]		
___________________________
Simulation Topology [1:1]
___________________________
From 	  To 		Length
___________________________
  0	 | 	1	 | 	2,00
  0	 | 	3	 | 	2,24
  0	 | 	4	 | 	9,22
  0	 | 	7	 | 	5,83
  0	 | 	8	 | 	7,81
  1	 | 	4	 | 	11,18
  1	 | 	6	 | 	5,00
  1	 | 	7	 | 	7,07
  1	 | 	9	 | 	6,32
  2	 | 	3	 | 	8,06
  2	 | 	7	 | 	7,21
  2	 | 	9	 | 	10,30
  3	 | 	5	 | 	1,41
  4	 | 	5	 | 	7,07
  5	 | 	7	 | 	2,24
  5	 | 	8	 | 	4,24
  6	 | 	7	 | 	2,24
  6	 | 	8	 | 	4,47
___________________________
Simulation Topology [1:2]
___________________________
From 	  To 		Length
___________________________
  0	 | 	1	 | 	2,00
  0	 | 	3	 | 	2,24
  0	 | 	4	 | 	9,22
  0	 | 	7	 | 	5,83
  0	 | 	8	 | 	7,81
  1	 | 	4	 | 	11,18
  1	 | 	6	 | 	5,00
  1	 | 	7	 | 	7,07
  1	 | 	9	 | 	6,32
  2	 | 	3	 | 	8,06
  2	 | 	7	 | 	7,21
  2	 | 	9	 | 	10,30
  3	 | 	5	 | 	1,41
  4	 | 	5	 | 	7,07
  5	 | 	7	 | 	2,24
  5	 | 	8	 | 	4,24
  6	 | 	7	 | 	2,24
  6	 | 	8	 | 	4,47
  6	 | 	9	 | 	2,24
___________________________
Simulation Topology [1:3]
___________________________
From 	  To 		Length
___________________________
  0	 | 	1	 | 	2,00
  0	 | 	3	 | 	2,24
  0	 | 	4	 | 	9,22
  0	 | 	7	 | 	5,83
  0	 | 	8	 | 	7,81
  1	 | 	4	 | 	11,18
  1	 | 	6	 | 	5,00
  1	 | 	7	 | 	7,07
  1	 | 	9	 | 	6,32
  2	 | 	3	 | 	8,06
  2	 | 	7	 | 	7,21
  2	 | 	9	 | 	10,30
  3	 | 	5	 | 	1,41
  4	 | 	5	 | 	7,07
  5	 | 	7	 | 	2,24
  5	 | 	8	 | 	4,24
  6	 | 	7	 | 	2,24
  6	 | 	8	 | 	4,47
  6	 | 	9	 | 	2,24
  2	 | 	4	 | 	1,00
___________________________
