Simulation Topology 1
___________________________
[6]				[0]		
[0]				[0]		
[2]				[1]		
[8]				[1]		
[1]				[2]		
___________________________
Simulation Topology [1:0]
___________________________
From 	  To 		Length
___________________________
  0	 | 	1	 | 	6,00
  0	 | 	2	 | 	4,12
  1	 | 	2	 | 	2,24
  1	 | 	4	 | 	2,24
  2	 | 	3	 | 	6,00
  2	 | 	4	 | 	1,41
  3	 | 	4	 | 	7,07
___________________________
Simulation Topology [1:1]
___________________________
From 	  To 		Length
___________________________
  0	 | 	1	 | 	6,00
  0	 | 	2	 | 	4,12
  1	 | 	2	 | 	2,24
  1	 | 	4	 | 	2,24
  2	 | 	3	 | 	6,00
  2	 | 	4	 | 	1,41
  3	 | 	4	 | 	7,07
  0	 | 	3	 | 	2,24
___________________________
Simulation Topology [1:2]
___________________________
From 	  To 		Length
___________________________
  0	 | 	1	 | 	6,00
  0	 | 	2	 | 	4,12
  1	 | 	2	 | 	2,24
  1	 | 	4	 | 	2,24
  2	 | 	3	 | 	6,00
  2	 | 	4	 | 	1,41
  3	 | 	4	 | 	7,07
  0	 | 	3	 | 	2,24
___________________________
Simulation Topology [1:3]
___________________________
From 	  To 		Length
___________________________
  0	 | 	1	 | 	6,00
  0	 | 	2	 | 	4,12
  1	 | 	2	 | 	2,24
  1	 | 	4	 | 	2,24
  2	 | 	3	 | 	6,00
  2	 | 	4	 | 	1,41
  3	 | 	4	 | 	7,07
  0	 | 	3	 | 	2,24
___________________________
Simulation Topology [1:4]
___________________________
From 	  To 		Length
___________________________
  0	 | 	1	 | 	6,00
  0	 | 	2	 | 	4,12
  1	 | 	2	 | 	2,24
  1	 | 	4	 | 	2,24
  2	 | 	3	 | 	6,00
  2	 | 	4	 | 	1,41
  3	 | 	4	 | 	7,07
  0	 | 	3	 | 	2,24
___________________________
Simulation Topology [1:5]
___________________________
From 	  To 		Length
___________________________
  0	 | 	1	 | 	6,00
  0	 | 	2	 | 	4,12
  1	 | 	2	 | 	2,24
  1	 | 	4	 | 	2,24
  2	 | 	3	 | 	6,00
  2	 | 	4	 | 	1,41
  3	 | 	4	 | 	7,07
  0	 | 	3	 | 	2,24
___________________________
Simulation Topology [1:6]
___________________________
From 	  To 		Length
___________________________
  0	 | 	1	 | 	6,00
  0	 | 	2	 | 	4,12
  1	 | 	2	 | 	2,24
  1	 | 	4	 | 	2,24
  2	 | 	3	 | 	6,00
  2	 | 	4	 | 	1,41
  3	 | 	4	 | 	7,07
  0	 | 	3	 | 	2,24
  0	 | 	4	 | 	5,39
___________________________
Simulation Topology [1:7]
___________________________
From 	  To 		Length
___________________________
  0	 | 	1	 | 	6,00
  0	 | 	2	 | 	4,12
  1	 | 	2	 | 	2,24
  1	 | 	4	 | 	2,24
  2	 | 	3	 | 	6,00
  2	 | 	4	 | 	1,41
  3	 | 	4	 | 	7,07
  0	 | 	3	 | 	2,24
  0	 | 	4	 | 	5,39
___________________________
Simulation Topology [1:8]
___________________________
From 	  To 		Length
___________________________
  0	 | 	1	 | 	6,00
  0	 | 	2	 | 	4,12
  1	 | 	2	 | 	2,24
  1	 | 	4	 | 	2,24
  2	 | 	3	 | 	6,00
  2	 | 	4	 | 	1,41
  3	 | 	4	 | 	7,07
  0	 | 	3	 | 	2,24
  0	 | 	4	 | 	5,39
  1	 | 	3	 | 	8,06
___________________________
