Simulation Topology 1
___________________________
[4]				[0]		
[2]				[0]		
[9]				[1]		
[0]				[1]		
[2]				[2]		
___________________________
Simulation Topology [1:0]
___________________________
From 	  To 		Length
___________________________
  0	 | 	1	 | 	2,00
  0	 | 	3	 | 	4,12
  1	 | 	3	 | 	2,24
  2	 | 	3	 | 	9,00
  2	 | 	4	 | 	7,07
  3	 | 	4	 | 	2,24
___________________________
Simulation Topology [1:1]
___________________________
From 	  To 		Length
___________________________
  0	 | 	1	 | 	2,00
  0	 | 	3	 | 	4,12
  1	 | 	3	 | 	2,24
  2	 | 	3	 | 	9,00
  2	 | 	4	 | 	7,07
  3	 | 	4	 | 	2,24
  0	 | 	2	 | 	5,10
___________________________
Simulation Topology [1:2]
___________________________
From 	  To 		Length
___________________________
  0	 | 	1	 | 	2,00
  0	 | 	3	 | 	4,12
  1	 | 	3	 | 	2,24
  2	 | 	3	 | 	9,00
  2	 | 	4	 | 	7,07
  3	 | 	4	 | 	2,24
  0	 | 	2	 | 	5,10
  1	 | 	4	 | 	2,00
___________________________
Simulation Topology [1:3]
___________________________
From 	  To 		Length
___________________________
  0	 | 	1	 | 	2,00
  0	 | 	3	 | 	4,12
  1	 | 	3	 | 	2,24
  2	 | 	3	 | 	9,00
  2	 | 	4	 | 	7,07
  3	 | 	4	 | 	2,24
  0	 | 	2	 | 	5,10
  1	 | 	4	 | 	2,00
___________________________
Simulation Topology [1:4]
___________________________
From 	  To 		Length
___________________________
  0	 | 	1	 | 	2,00
  0	 | 	3	 | 	4,12
  1	 | 	3	 | 	2,24
  2	 | 	3	 | 	9,00
  2	 | 	4	 | 	7,07
  3	 | 	4	 | 	2,24
  0	 | 	2	 | 	5,10
  1	 | 	4	 | 	2,00
___________________________
Simulation Topology [1:5]
___________________________
From 	  To 		Length
___________________________
  0	 | 	1	 | 	2,00
  0	 | 	3	 | 	4,12
  1	 | 	3	 | 	2,24
  2	 | 	3	 | 	9,00
  2	 | 	4	 | 	7,07
  3	 | 	4	 | 	2,24
  0	 | 	2	 | 	5,10
  1	 | 	4	 | 	2,00
___________________________
Simulation Topology [1:6]
___________________________
From 	  To 		Length
___________________________
  0	 | 	1	 | 	2,00
  0	 | 	3	 | 	4,12
  1	 | 	3	 | 	2,24
  2	 | 	3	 | 	9,00
  2	 | 	4	 | 	7,07
  3	 | 	4	 | 	2,24
  0	 | 	2	 | 	5,10
  1	 | 	4	 | 	2,00
  1	 | 	2	 | 	7,07
___________________________
Simulation Topology [1:7]
___________________________
From 	  To 		Length
___________________________
  0	 | 	1	 | 	2,00
  0	 | 	3	 | 	4,12
  1	 | 	3	 | 	2,24
  2	 | 	3	 | 	9,00
  2	 | 	4	 | 	7,07
  3	 | 	4	 | 	2,24
  0	 | 	2	 | 	5,10
  1	 | 	4	 | 	2,00
  1	 | 	2	 | 	7,07
___________________________
Simulation Topology [1:8]
___________________________
From 	  To 		Length
___________________________
  0	 | 	1	 | 	2,00
  0	 | 	3	 | 	4,12
  1	 | 	3	 | 	2,24
  2	 | 	3	 | 	9,00
  2	 | 	4	 | 	7,07
  3	 | 	4	 | 	2,24
  0	 | 	2	 | 	5,10
  1	 | 	4	 | 	2,00
  1	 | 	2	 | 	7,07
___________________________
Simulation Topology [1:9]
___________________________
From 	  To 		Length
___________________________
  0	 | 	1	 | 	2,00
  0	 | 	3	 | 	4,12
  1	 | 	3	 | 	2,24
  2	 | 	3	 | 	9,00
  2	 | 	4	 | 	7,07
  3	 | 	4	 | 	2,24
  0	 | 	2	 | 	5,10
  1	 | 	4	 | 	2,00
  1	 | 	2	 | 	7,07
  0	 | 	4	 | 	2,83
___________________________
