Simulation Topology 1
___________________________
[3]				[0]		
[6]				[0]		
[8]				[1]		
[1]				[1]		
[3]				[2]		
___________________________
Simulation Topology [1:0]
___________________________
From 	  To 		Length
___________________________
  0	 | 	1	 | 	3,00
  0	 | 	2	 | 	5,10
  0	 | 	4	 | 	2,00
  1	 | 	2	 | 	2,24
  1	 | 	4	 | 	3,61
  2	 | 	3	 | 	7,00
  2	 | 	4	 | 	5,10
  3	 | 	4	 | 	2,24
___________________________
Simulation Topology [1:1]
___________________________
From 	  To 		Length
___________________________
  0	 | 	1	 | 	3,00
  0	 | 	2	 | 	5,10
  0	 | 	4	 | 	2,00
  1	 | 	2	 | 	2,24
  1	 | 	4	 | 	3,61
  2	 | 	3	 | 	7,00
  2	 | 	4	 | 	5,10
  3	 | 	4	 | 	2,24
___________________________
Simulation Topology [1:2]
___________________________
From 	  To 		Length
___________________________
  0	 | 	1	 | 	3,00
  0	 | 	2	 | 	5,10
  0	 | 	4	 | 	2,00
  1	 | 	2	 | 	2,24
  1	 | 	4	 | 	3,61
  2	 | 	3	 | 	7,00
  2	 | 	4	 | 	5,10
  3	 | 	4	 | 	2,24
___________________________
Simulation Topology [1:3]
___________________________
From 	  To 		Length
___________________________
  0	 | 	1	 | 	3,00
  0	 | 	2	 | 	5,10
  0	 | 	4	 | 	2,00
  1	 | 	2	 | 	2,24
  1	 | 	4	 | 	3,61
  2	 | 	3	 | 	7,00
  2	 | 	4	 | 	5,10
  3	 | 	4	 | 	2,24
___________________________
Simulation Topology [1:4]
___________________________
From 	  To 		Length
___________________________
  0	 | 	1	 | 	3,00
  0	 | 	2	 | 	5,10
  0	 | 	4	 | 	2,00
  1	 | 	2	 | 	2,24
  1	 | 	4	 | 	3,61
  2	 | 	3	 | 	7,00
  2	 | 	4	 | 	5,10
  3	 | 	4	 | 	2,24
  0	 | 	3	 | 	2,24
___________________________
Simulation Topology [1:5]
___________________________
From 	  To 		Length
___________________________
  0	 | 	1	 | 	3,00
  0	 | 	2	 | 	5,10
  0	 | 	4	 | 	2,00
  1	 | 	2	 | 	2,24
  1	 | 	4	 | 	3,61
  2	 | 	3	 | 	7,00
  2	 | 	4	 | 	5,10
  3	 | 	4	 | 	2,24
  0	 | 	3	 | 	2,24
___________________________
Simulation Topology [1:6]
___________________________
From 	  To 		Length
___________________________
  0	 | 	1	 | 	3,00
  0	 | 	2	 | 	5,10
  0	 | 	4	 | 	2,00
  1	 | 	2	 | 	2,24
  1	 | 	4	 | 	3,61
  2	 | 	3	 | 	7,00
  2	 | 	4	 | 	5,10
  3	 | 	4	 | 	2,24
  0	 | 	3	 | 	2,24
  1	 | 	3	 | 	5,10
___________________________
