Simulation Topology 1
___________________________
[3]				[0]		
[5]				[0]		
[8]				[1]		
[1]				[1]		
[5]				[2]		
___________________________
Simulation Topology [1:0]
___________________________
From 	  To 		Length
___________________________
  0	 | 	1	 | 	2,00
  0	 | 	2	 | 	5,10
  0	 | 	4	 | 	2,83
  1	 | 	2	 | 	3,16
  1	 | 	4	 | 	2,00
  2	 | 	3	 | 	7,00
  2	 | 	4	 | 	3,16
  3	 | 	4	 | 	4,12
___________________________
Simulation Topology [1:1]
___________________________
From 	  To 		Length
___________________________
  0	 | 	1	 | 	2,00
  0	 | 	2	 | 	5,10
  0	 | 	4	 | 	2,83
  1	 | 	2	 | 	3,16
  1	 | 	4	 | 	2,00
  2	 | 	3	 | 	7,00
  2	 | 	4	 | 	3,16
  3	 | 	4	 | 	4,12
___________________________
Simulation Topology [1:2]
___________________________
From 	  To 		Length
___________________________
  0	 | 	1	 | 	2,00
  0	 | 	2	 | 	5,10
  0	 | 	4	 | 	2,83
  1	 | 	2	 | 	3,16
  1	 | 	4	 | 	2,00
  2	 | 	3	 | 	7,00
  2	 | 	4	 | 	3,16
  3	 | 	4	 | 	4,12
___________________________
Simulation Topology [1:3]
___________________________
From 	  To 		Length
___________________________
  0	 | 	1	 | 	2,00
  0	 | 	2	 | 	5,10
  0	 | 	4	 | 	2,83
  1	 | 	2	 | 	3,16
  1	 | 	4	 | 	2,00
  2	 | 	3	 | 	7,00
  2	 | 	4	 | 	3,16
  3	 | 	4	 | 	4,12
___________________________
Simulation Topology [1:4]
___________________________
From 	  To 		Length
___________________________
  0	 | 	1	 | 	2,00
  0	 | 	2	 | 	5,10
  0	 | 	4	 | 	2,83
  1	 | 	2	 | 	3,16
  1	 | 	4	 | 	2,00
  2	 | 	3	 | 	7,00
  2	 | 	4	 | 	3,16
  3	 | 	4	 | 	4,12
___________________________
Simulation Topology [1:5]
___________________________
From 	  To 		Length
___________________________
  0	 | 	1	 | 	2,00
  0	 | 	2	 | 	5,10
  0	 | 	4	 | 	2,83
  1	 | 	2	 | 	3,16
  1	 | 	4	 | 	2,00
  2	 | 	3	 | 	7,00
  2	 | 	4	 | 	3,16
  3	 | 	4	 | 	4,12
  0	 | 	3	 | 	2,24
___________________________
Simulation Topology [1:6]
___________________________
From 	  To 		Length
___________________________
  0	 | 	1	 | 	2,00
  0	 | 	2	 | 	5,10
  0	 | 	4	 | 	2,83
  1	 | 	2	 | 	3,16
  1	 | 	4	 | 	2,00
  2	 | 	3	 | 	7,00
  2	 | 	4	 | 	3,16
  3	 | 	4	 | 	4,12
  0	 | 	3	 | 	2,24
___________________________
Simulation Topology [1:7]
___________________________
From 	  To 		Length
___________________________
  0	 | 	1	 | 	2,00
  0	 | 	2	 | 	5,10
  0	 | 	4	 | 	2,83
  1	 | 	2	 | 	3,16
  1	 | 	4	 | 	2,00
  2	 | 	3	 | 	7,00
  2	 | 	4	 | 	3,16
  3	 | 	4	 | 	4,12
  0	 | 	3	 | 	2,24
___________________________
Simulation Topology [1:8]
___________________________
From 	  To 		Length
___________________________
  0	 | 	1	 | 	2,00
  0	 | 	2	 | 	5,10
  0	 | 	4	 | 	2,83
  1	 | 	2	 | 	3,16
  1	 | 	4	 | 	2,00
  2	 | 	3	 | 	7,00
  2	 | 	4	 | 	3,16
  3	 | 	4	 | 	4,12
  0	 | 	3	 | 	2,24
___________________________
Simulation Topology [1:9]
___________________________
From 	  To 		Length
___________________________
  0	 | 	1	 | 	2,00
  0	 | 	2	 | 	5,10
  0	 | 	4	 | 	2,83
  1	 | 	2	 | 	3,16
  1	 | 	4	 | 	2,00
  2	 | 	3	 | 	7,00
  2	 | 	4	 | 	3,16
  3	 | 	4	 | 	4,12
  0	 | 	3	 | 	2,24
___________________________
Simulation Topology [1:10]
___________________________
From 	  To 		Length
___________________________
  0	 | 	1	 | 	2,00
  0	 | 	2	 | 	5,10
  0	 | 	4	 | 	2,83
  1	 | 	2	 | 	3,16
  1	 | 	4	 | 	2,00
  2	 | 	3	 | 	7,00
  2	 | 	4	 | 	3,16
  3	 | 	4	 | 	4,12
  0	 | 	3	 | 	2,24
___________________________
Simulation Topology [1:11]
___________________________
From 	  To 		Length
___________________________
  0	 | 	1	 | 	2,00
  0	 | 	2	 | 	5,10
  0	 | 	4	 | 	2,83
  1	 | 	2	 | 	3,16
  1	 | 	4	 | 	2,00
  2	 | 	3	 | 	7,00
  2	 | 	4	 | 	3,16
  3	 | 	4	 | 	4,12
  0	 | 	3	 | 	2,24
___________________________
Simulation Topology [1:12]
___________________________
From 	  To 		Length
___________________________
  0	 | 	1	 | 	2,00
  0	 | 	2	 | 	5,10
  0	 | 	4	 | 	2,83
  1	 | 	2	 | 	3,16
  1	 | 	4	 | 	2,00
  2	 | 	3	 | 	7,00
  2	 | 	4	 | 	3,16
  3	 | 	4	 | 	4,12
  0	 | 	3	 | 	2,24
___________________________
Simulation Topology [1:13]
___________________________
From 	  To 		Length
___________________________
  0	 | 	1	 | 	2,00
  0	 | 	2	 | 	5,10
  0	 | 	4	 | 	2,83
  1	 | 	2	 | 	3,16
  1	 | 	4	 | 	2,00
  2	 | 	3	 | 	7,00
  2	 | 	4	 | 	3,16
  3	 | 	4	 | 	4,12
  0	 | 	3	 | 	2,24
___________________________
Simulation Topology [1:14]
___________________________
From 	  To 		Length
___________________________
  0	 | 	1	 | 	2,00
  0	 | 	2	 | 	5,10
  0	 | 	4	 | 	2,83
  1	 | 	2	 | 	3,16
  1	 | 	4	 | 	2,00
  2	 | 	3	 | 	7,00
  2	 | 	4	 | 	3,16
  3	 | 	4	 | 	4,12
  0	 | 	3	 | 	2,24
  1	 | 	3	 | 	4,12
___________________________
