Simulation Topology 1
___________________________
[1]				[0]		
[7]				[0]		
[5]				[1]		
[9]				[1]		
[1]				[2]		
___________________________
Simulation Topology [1:0]
___________________________
From 	  To 		Length
___________________________
  0	 | 	1	 | 	6,00
  0	 | 	3	 | 	8,06
  1	 | 	3	 | 	2,24
  2	 | 	3	 | 	4,00
  2	 | 	4	 | 	4,12
  3	 | 	4	 | 	8,06
___________________________
Simulation Topology [1:1]
___________________________
From 	  To 		Length
___________________________
  0	 | 	1	 | 	6,00
  0	 | 	3	 | 	8,06
  1	 | 	3	 | 	2,24
  2	 | 	3	 | 	4,00
  2	 | 	4	 | 	4,12
  3	 | 	4	 | 	8,06
___________________________
Simulation Topology [1:2]
___________________________
From 	  To 		Length
___________________________
  0	 | 	1	 | 	6,00
  0	 | 	3	 | 	8,06
  1	 | 	3	 | 	2,24
  2	 | 	3	 | 	4,00
  2	 | 	4	 | 	4,12
  3	 | 	4	 | 	8,06
___________________________
Simulation Topology [1:3]
___________________________
From 	  To 		Length
___________________________
  0	 | 	1	 | 	6,00
  0	 | 	3	 | 	8,06
  1	 | 	3	 | 	2,24
  2	 | 	3	 | 	4,00
  2	 | 	4	 | 	4,12
  3	 | 	4	 | 	8,06
  1	 | 	4	 | 	6,32
___________________________
Simulation Topology [1:4]
___________________________
From 	  To 		Length
___________________________
  0	 | 	1	 | 	6,00
  0	 | 	3	 | 	8,06
  1	 | 	3	 | 	2,24
  2	 | 	3	 | 	4,00
  2	 | 	4	 | 	4,12
  3	 | 	4	 | 	8,06
  1	 | 	4	 | 	6,32
___________________________
Simulation Topology [1:5]
___________________________
From 	  To 		Length
___________________________
  0	 | 	1	 | 	6,00
  0	 | 	3	 | 	8,06
  1	 | 	3	 | 	2,24
  2	 | 	3	 | 	4,00
  2	 | 	4	 | 	4,12
  3	 | 	4	 | 	8,06
  1	 | 	4	 | 	6,32
  0	 | 	2	 | 	4,12
___________________________
Simulation Topology [1:6]
___________________________
From 	  To 		Length
___________________________
  0	 | 	1	 | 	6,00
  0	 | 	3	 | 	8,06
  1	 | 	3	 | 	2,24
  2	 | 	3	 | 	4,00
  2	 | 	4	 | 	4,12
  3	 | 	4	 | 	8,06
  1	 | 	4	 | 	6,32
  0	 | 	2	 | 	4,12
  1	 | 	2	 | 	2,24
___________________________
Simulation Topology [1:7]
___________________________
From 	  To 		Length
___________________________
  0	 | 	1	 | 	6,00
  0	 | 	3	 | 	8,06
  1	 | 	3	 | 	2,24
  2	 | 	3	 | 	4,00
  2	 | 	4	 | 	4,12
  3	 | 	4	 | 	8,06
  1	 | 	4	 | 	6,32
  0	 | 	2	 | 	4,12
  1	 | 	2	 | 	2,24
___________________________
Simulation Topology [1:8]
___________________________
From 	  To 		Length
___________________________
  0	 | 	1	 | 	6,00
  0	 | 	3	 | 	8,06
  1	 | 	3	 | 	2,24
  2	 | 	3	 | 	4,00
  2	 | 	4	 | 	4,12
  3	 | 	4	 | 	8,06
  1	 | 	4	 | 	6,32
  0	 | 	2	 | 	4,12
  1	 | 	2	 | 	2,24
___________________________
Simulation Topology [1:9]
___________________________
From 	  To 		Length
___________________________
  0	 | 	1	 | 	6,00
  0	 | 	3	 | 	8,06
  1	 | 	3	 | 	2,24
  2	 | 	3	 | 	4,00
  2	 | 	4	 | 	4,12
  3	 | 	4	 | 	8,06
  1	 | 	4	 | 	6,32
  0	 | 	2	 | 	4,12
  1	 | 	2	 | 	2,24
  0	 | 	4	 | 	2,00
___________________________
