Simulation Topology 1
___________________________
[7]				[0]		
[4]				[0]		
[2]				[1]		
[9]				[1]		
[7]				[2]		
___________________________
Simulation Topology [1:0]
___________________________
From 	  To 		Length
___________________________
  0	 | 	1	 | 	3,00
  0	 | 	3	 | 	2,24
  1	 | 	2	 | 	2,24
  2	 | 	3	 | 	7,00
  2	 | 	4	 | 	5,10
  3	 | 	4	 | 	2,24
___________________________
Simulation Topology [1:1]
___________________________
From 	  To 		Length
___________________________
  0	 | 	1	 | 	3,00
  0	 | 	3	 | 	2,24
  1	 | 	2	 | 	2,24
  2	 | 	3	 | 	7,00
  2	 | 	4	 | 	5,10
  3	 | 	4	 | 	2,24
___________________________
Simulation Topology [1:2]
___________________________
From 	  To 		Length
___________________________
  0	 | 	1	 | 	3,00
  0	 | 	3	 | 	2,24
  1	 | 	2	 | 	2,24
  2	 | 	3	 | 	7,00
  2	 | 	4	 | 	5,10
  3	 | 	4	 | 	2,24
___________________________
Simulation Topology [1:3]
___________________________
From 	  To 		Length
___________________________
  0	 | 	1	 | 	3,00
  0	 | 	3	 | 	2,24
  1	 | 	2	 | 	2,24
  2	 | 	3	 | 	7,00
  2	 | 	4	 | 	5,10
  3	 | 	4	 | 	2,24
___________________________
Simulation Topology [1:4]
___________________________
From 	  To 		Length
___________________________
  0	 | 	1	 | 	3,00
  0	 | 	3	 | 	2,24
  1	 | 	2	 | 	2,24
  2	 | 	3	 | 	7,00
  2	 | 	4	 | 	5,10
  3	 | 	4	 | 	2,24
___________________________
Simulation Topology [1:5]
___________________________
From 	  To 		Length
___________________________
  0	 | 	1	 | 	3,00
  0	 | 	3	 | 	2,24
  1	 | 	2	 | 	2,24
  2	 | 	3	 | 	7,00
  2	 | 	4	 | 	5,10
  3	 | 	4	 | 	2,24
___________________________
Simulation Topology [1:6]
___________________________
From 	  To 		Length
___________________________
  0	 | 	1	 | 	3,00
  0	 | 	3	 | 	2,24
  1	 | 	2	 | 	2,24
  2	 | 	3	 | 	7,00
  2	 | 	4	 | 	5,10
  3	 | 	4	 | 	2,24
___________________________
Simulation Topology [1:7]
___________________________
From 	  To 		Length
___________________________
  0	 | 	1	 | 	3,00
  0	 | 	3	 | 	2,24
  1	 | 	2	 | 	2,24
  2	 | 	3	 | 	7,00
  2	 | 	4	 | 	5,10
  3	 | 	4	 | 	2,24
___________________________
Simulation Topology [1:8]
___________________________
From 	  To 		Length
___________________________
  0	 | 	1	 | 	3,00
  0	 | 	3	 | 	2,24
  1	 | 	2	 | 	2,24
  2	 | 	3	 | 	7,00
  2	 | 	4	 | 	5,10
  3	 | 	4	 | 	2,24
___________________________
Simulation Topology [1:9]
___________________________
From 	  To 		Length
___________________________
  0	 | 	1	 | 	3,00
  0	 | 	3	 | 	2,24
  1	 | 	2	 | 	2,24
  2	 | 	3	 | 	7,00
  2	 | 	4	 | 	5,10
  3	 | 	4	 | 	2,24
___________________________
Simulation Topology [1:10]
___________________________
From 	  To 		Length
___________________________
  0	 | 	1	 | 	3,00
  0	 | 	3	 | 	2,24
  1	 | 	2	 | 	2,24
  2	 | 	3	 | 	7,00
  2	 | 	4	 | 	5,10
  3	 | 	4	 | 	2,24
___________________________
Simulation Topology [1:11]
___________________________
From 	  To 		Length
___________________________
  0	 | 	1	 | 	3,00
  0	 | 	3	 | 	2,24
  1	 | 	2	 | 	2,24
  2	 | 	3	 | 	7,00
  2	 | 	4	 | 	5,10
  3	 | 	4	 | 	2,24
___________________________
Simulation Topology [1:12]
___________________________
From 	  To 		Length
___________________________
  0	 | 	1	 | 	3,00
  0	 | 	3	 | 	2,24
  1	 | 	2	 | 	2,24
  2	 | 	3	 | 	7,00
  2	 | 	4	 | 	5,10
  3	 | 	4	 | 	2,24
___________________________
Simulation Topology [1:13]
___________________________
From 	  To 		Length
___________________________
  0	 | 	1	 | 	3,00
  0	 | 	3	 | 	2,24
  1	 | 	2	 | 	2,24
  2	 | 	3	 | 	7,00
  2	 | 	4	 | 	5,10
  3	 | 	4	 | 	2,24
___________________________
Simulation Topology [1:14]
___________________________
From 	  To 		Length
___________________________
  0	 | 	1	 | 	3,00
  0	 | 	3	 | 	2,24
  1	 | 	2	 | 	2,24
  2	 | 	3	 | 	7,00
  2	 | 	4	 | 	5,10
  3	 | 	4	 | 	2,24
___________________________
Simulation Topology [1:15]
___________________________
From 	  To 		Length
___________________________
  0	 | 	1	 | 	3,00
  0	 | 	3	 | 	2,24
  1	 | 	2	 | 	2,24
  2	 | 	3	 | 	7,00
  2	 | 	4	 | 	5,10
  3	 | 	4	 | 	2,24
___________________________
Simulation Topology [1:16]
___________________________
From 	  To 		Length
___________________________
  0	 | 	1	 | 	3,00
  0	 | 	3	 | 	2,24
  1	 | 	2	 | 	2,24
  2	 | 	3	 | 	7,00
  2	 | 	4	 | 	5,10
  3	 | 	4	 | 	2,24
___________________________
Simulation Topology [1:17]
___________________________
From 	  To 		Length
___________________________
  0	 | 	1	 | 	3,00
  0	 | 	3	 | 	2,24
  1	 | 	2	 | 	2,24
  2	 | 	3	 | 	7,00
  2	 | 	4	 | 	5,10
  3	 | 	4	 | 	2,24
___________________________
Simulation Topology [1:18]
___________________________
From 	  To 		Length
___________________________
  0	 | 	1	 | 	3,00
  0	 | 	3	 | 	2,24
  1	 | 	2	 | 	2,24
  2	 | 	3	 | 	7,00
  2	 | 	4	 | 	5,10
  3	 | 	4	 | 	2,24
___________________________
Simulation Topology [1:19]
___________________________
From 	  To 		Length
___________________________
  0	 | 	1	 | 	3,00
  0	 | 	3	 | 	2,24
  1	 | 	2	 | 	2,24
  2	 | 	3	 | 	7,00
  2	 | 	4	 | 	5,10
  3	 | 	4	 | 	2,24
___________________________
Simulation Topology [1:20]
___________________________
From 	  To 		Length
___________________________
  0	 | 	1	 | 	3,00
  0	 | 	3	 | 	2,24
  1	 | 	2	 | 	2,24
  2	 | 	3	 | 	7,00
  2	 | 	4	 | 	5,10
  3	 | 	4	 | 	2,24
___________________________
Simulation Topology [1:21]
___________________________
From 	  To 		Length
___________________________
  0	 | 	1	 | 	3,00
  0	 | 	3	 | 	2,24
  1	 | 	2	 | 	2,24
  2	 | 	3	 | 	7,00
  2	 | 	4	 | 	5,10
  3	 | 	4	 | 	2,24
___________________________
Simulation Topology [1:22]
___________________________
From 	  To 		Length
___________________________
  0	 | 	1	 | 	3,00
  0	 | 	3	 | 	2,24
  1	 | 	2	 | 	2,24
  2	 | 	3	 | 	7,00
  2	 | 	4	 | 	5,10
  3	 | 	4	 | 	2,24
___________________________
Simulation Topology [1:23]
___________________________
From 	  To 		Length
___________________________
  0	 | 	1	 | 	3,00
  0	 | 	3	 | 	2,24
  1	 | 	2	 | 	2,24
  2	 | 	3	 | 	7,00
  2	 | 	4	 | 	5,10
  3	 | 	4	 | 	2,24
___________________________
Simulation Topology [1:24]
___________________________
From 	  To 		Length
___________________________
  0	 | 	1	 | 	3,00
  0	 | 	3	 | 	2,24
  1	 | 	2	 | 	2,24
  2	 | 	3	 | 	7,00
  2	 | 	4	 | 	5,10
  3	 | 	4	 | 	2,24
___________________________
Simulation Topology [1:25]
___________________________
From 	  To 		Length
___________________________
  0	 | 	1	 | 	3,00
  0	 | 	3	 | 	2,24
  1	 | 	2	 | 	2,24
  2	 | 	3	 | 	7,00
  2	 | 	4	 | 	5,10
  3	 | 	4	 | 	2,24
___________________________
Simulation Topology [1:26]
___________________________
From 	  To 		Length
___________________________
  0	 | 	1	 | 	3,00
  0	 | 	3	 | 	2,24
  1	 | 	2	 | 	2,24
  2	 | 	3	 | 	7,00
  2	 | 	4	 | 	5,10
  3	 | 	4	 | 	2,24
___________________________
Simulation Topology [1:27]
___________________________
From 	  To 		Length
___________________________
  0	 | 	1	 | 	3,00
  0	 | 	3	 | 	2,24
  1	 | 	2	 | 	2,24
  2	 | 	3	 | 	7,00
  2	 | 	4	 | 	5,10
  3	 | 	4	 | 	2,24
___________________________
Simulation Topology [1:28]
___________________________
From 	  To 		Length
___________________________
  0	 | 	1	 | 	3,00
  0	 | 	3	 | 	2,24
  1	 | 	2	 | 	2,24
  2	 | 	3	 | 	7,00
  2	 | 	4	 | 	5,10
  3	 | 	4	 | 	2,24
___________________________
Simulation Topology [1:29]
___________________________
From 	  To 		Length
___________________________
  0	 | 	1	 | 	3,00
  0	 | 	3	 | 	2,24
  1	 | 	2	 | 	2,24
  2	 | 	3	 | 	7,00
  2	 | 	4	 | 	5,10
  3	 | 	4	 | 	2,24
___________________________
Simulation Topology [1:30]
___________________________
From 	  To 		Length
___________________________
  0	 | 	1	 | 	3,00
  0	 | 	3	 | 	2,24
  1	 | 	2	 | 	2,24
  2	 | 	3	 | 	7,00
  2	 | 	4	 | 	5,10
  3	 | 	4	 | 	2,24
___________________________
Simulation Topology [1:31]
___________________________
From 	  To 		Length
___________________________
  0	 | 	1	 | 	3,00
  0	 | 	3	 | 	2,24
  1	 | 	2	 | 	2,24
  2	 | 	3	 | 	7,00
  2	 | 	4	 | 	5,10
  3	 | 	4	 | 	2,24
___________________________
Simulation Topology [1:32]
___________________________
From 	  To 		Length
___________________________
  0	 | 	1	 | 	3,00
  0	 | 	3	 | 	2,24
  1	 | 	2	 | 	2,24
  2	 | 	3	 | 	7,00
  2	 | 	4	 | 	5,10
  3	 | 	4	 | 	2,24
___________________________
Simulation Topology [1:33]
___________________________
From 	  To 		Length
___________________________
  0	 | 	1	 | 	3,00
  0	 | 	3	 | 	2,24
  1	 | 	2	 | 	2,24
  2	 | 	3	 | 	7,00
  2	 | 	4	 | 	5,10
  3	 | 	4	 | 	2,24
___________________________
Simulation Topology [1:34]
___________________________
From 	  To 		Length
___________________________
  0	 | 	1	 | 	3,00
  0	 | 	3	 | 	2,24
  1	 | 	2	 | 	2,24
  2	 | 	3	 | 	7,00
  2	 | 	4	 | 	5,10
  3	 | 	4	 | 	2,24
___________________________
Simulation Topology [1:35]
___________________________
From 	  To 		Length
___________________________
  0	 | 	1	 | 	3,00
  0	 | 	3	 | 	2,24
  1	 | 	2	 | 	2,24
  2	 | 	3	 | 	7,00
  2	 | 	4	 | 	5,10
  3	 | 	4	 | 	2,24
___________________________
Simulation Topology [1:36]
___________________________
From 	  To 		Length
___________________________
  0	 | 	1	 | 	3,00
  0	 | 	3	 | 	2,24
  1	 | 	2	 | 	2,24
  2	 | 	3	 | 	7,00
  2	 | 	4	 | 	5,10
  3	 | 	4	 | 	2,24
___________________________
Simulation Topology [1:37]
___________________________
From 	  To 		Length
___________________________
  0	 | 	1	 | 	3,00
  0	 | 	3	 | 	2,24
  1	 | 	2	 | 	2,24
  2	 | 	3	 | 	7,00
  2	 | 	4	 | 	5,10
  3	 | 	4	 | 	2,24
___________________________
Simulation Topology [1:38]
___________________________
From 	  To 		Length
___________________________
  0	 | 	1	 | 	3,00
  0	 | 	3	 | 	2,24
  1	 | 	2	 | 	2,24
  2	 | 	3	 | 	7,00
  2	 | 	4	 | 	5,10
  3	 | 	4	 | 	2,24
___________________________
Simulation Topology [1:39]
___________________________
From 	  To 		Length
___________________________
  0	 | 	1	 | 	3,00
  0	 | 	3	 | 	2,24
  1	 | 	2	 | 	2,24
  2	 | 	3	 | 	7,00
  2	 | 	4	 | 	5,10
  3	 | 	4	 | 	2,24
___________________________
Simulation Topology [1:40]
___________________________
From 	  To 		Length
___________________________
  0	 | 	1	 | 	3,00
  0	 | 	3	 | 	2,24
  1	 | 	2	 | 	2,24
  2	 | 	3	 | 	7,00
  2	 | 	4	 | 	5,10
  3	 | 	4	 | 	2,24
___________________________
Simulation Topology [1:41]
___________________________
From 	  To 		Length
___________________________
  0	 | 	1	 | 	3,00
  0	 | 	3	 | 	2,24
  1	 | 	2	 | 	2,24
  2	 | 	3	 | 	7,00
  2	 | 	4	 | 	5,10
  3	 | 	4	 | 	2,24
___________________________
Simulation Topology [1:42]
___________________________
From 	  To 		Length
___________________________
  0	 | 	1	 | 	3,00
  0	 | 	3	 | 	2,24
  1	 | 	2	 | 	2,24
  2	 | 	3	 | 	7,00
  2	 | 	4	 | 	5,10
  3	 | 	4	 | 	2,24
___________________________
Simulation Topology [1:43]
___________________________
From 	  To 		Length
___________________________
  0	 | 	1	 | 	3,00
  0	 | 	3	 | 	2,24
  1	 | 	2	 | 	2,24
  2	 | 	3	 | 	7,00
  2	 | 	4	 | 	5,10
  3	 | 	4	 | 	2,24
___________________________
Simulation Topology [1:44]
___________________________
From 	  To 		Length
___________________________
  0	 | 	1	 | 	3,00
  0	 | 	3	 | 	2,24
  1	 | 	2	 | 	2,24
  2	 | 	3	 | 	7,00
  2	 | 	4	 | 	5,10
  3	 | 	4	 | 	2,24
___________________________
Simulation Topology [1:45]
___________________________
From 	  To 		Length
___________________________
  0	 | 	1	 | 	3,00
  0	 | 	3	 | 	2,24
  1	 | 	2	 | 	2,24
  2	 | 	3	 | 	7,00
  2	 | 	4	 | 	5,10
  3	 | 	4	 | 	2,24
___________________________
Simulation Topology [1:46]
___________________________
From 	  To 		Length
___________________________
  0	 | 	1	 | 	3,00
  0	 | 	3	 | 	2,24
  1	 | 	2	 | 	2,24
  2	 | 	3	 | 	7,00
  2	 | 	4	 | 	5,10
  3	 | 	4	 | 	2,24
___________________________
Simulation Topology [1:47]
___________________________
From 	  To 		Length
___________________________
  0	 | 	1	 | 	3,00
  0	 | 	3	 | 	2,24
  1	 | 	2	 | 	2,24
  2	 | 	3	 | 	7,00
  2	 | 	4	 | 	5,10
  3	 | 	4	 | 	2,24
___________________________
Simulation Topology [1:48]
___________________________
From 	  To 		Length
___________________________
  0	 | 	1	 | 	3,00
  0	 | 	3	 | 	2,24
  1	 | 	2	 | 	2,24
  2	 | 	3	 | 	7,00
  2	 | 	4	 | 	5,10
  3	 | 	4	 | 	2,24
___________________________
Simulation Topology [1:49]
___________________________
From 	  To 		Length
___________________________
  0	 | 	1	 | 	3,00
  0	 | 	3	 | 	2,24
  1	 | 	2	 | 	2,24
  2	 | 	3	 | 	7,00
  2	 | 	4	 | 	5,10
  3	 | 	4	 | 	2,24
___________________________
Simulation Topology [1:50]
___________________________
From 	  To 		Length
___________________________
  0	 | 	1	 | 	3,00
  0	 | 	3	 | 	2,24
  1	 | 	2	 | 	2,24
  2	 | 	3	 | 	7,00
  2	 | 	4	 | 	5,10
  3	 | 	4	 | 	2,24
___________________________
Simulation Topology [1:51]
___________________________
From 	  To 		Length
___________________________
  0	 | 	1	 | 	3,00
  0	 | 	3	 | 	2,24
  1	 | 	2	 | 	2,24
  2	 | 	3	 | 	7,00
  2	 | 	4	 | 	5,10
  3	 | 	4	 | 	2,24
___________________________
Simulation Topology [1:52]
___________________________
From 	  To 		Length
___________________________
  0	 | 	1	 | 	3,00
  0	 | 	3	 | 	2,24
  1	 | 	2	 | 	2,24
  2	 | 	3	 | 	7,00
  2	 | 	4	 | 	5,10
  3	 | 	4	 | 	2,24
___________________________
Simulation Topology [1:53]
___________________________
From 	  To 		Length
___________________________
  0	 | 	1	 | 	3,00
  0	 | 	3	 | 	2,24
  1	 | 	2	 | 	2,24
  2	 | 	3	 | 	7,00
  2	 | 	4	 | 	5,10
  3	 | 	4	 | 	2,24
___________________________
Simulation Topology [1:54]
___________________________
From 	  To 		Length
___________________________
  0	 | 	1	 | 	3,00
  0	 | 	3	 | 	2,24
  1	 | 	2	 | 	2,24
  2	 | 	3	 | 	7,00
  2	 | 	4	 | 	5,10
  3	 | 	4	 | 	2,24
___________________________
Simulation Topology [1:55]
___________________________
From 	  To 		Length
___________________________
  0	 | 	1	 | 	3,00
  0	 | 	3	 | 	2,24
  1	 | 	2	 | 	2,24
  2	 | 	3	 | 	7,00
  2	 | 	4	 | 	5,10
  3	 | 	4	 | 	2,24
___________________________
Simulation Topology [1:56]
___________________________
From 	  To 		Length
___________________________
  0	 | 	1	 | 	3,00
  0	 | 	3	 | 	2,24
  1	 | 	2	 | 	2,24
  2	 | 	3	 | 	7,00
  2	 | 	4	 | 	5,10
  3	 | 	4	 | 	2,24
___________________________
Simulation Topology [1:57]
___________________________
From 	  To 		Length
___________________________
  0	 | 	1	 | 	3,00
  0	 | 	3	 | 	2,24
  1	 | 	2	 | 	2,24
  2	 | 	3	 | 	7,00
  2	 | 	4	 | 	5,10
  3	 | 	4	 | 	2,24
___________________________
Simulation Topology [1:58]
___________________________
From 	  To 		Length
___________________________
  0	 | 	1	 | 	3,00
  0	 | 	3	 | 	2,24
  1	 | 	2	 | 	2,24
  2	 | 	3	 | 	7,00
  2	 | 	4	 | 	5,10
  3	 | 	4	 | 	2,24
___________________________
Simulation Topology [1:59]
___________________________
From 	  To 		Length
___________________________
  0	 | 	1	 | 	3,00
  0	 | 	3	 | 	2,24
  1	 | 	2	 | 	2,24
  2	 | 	3	 | 	7,00
  2	 | 	4	 | 	5,10
  3	 | 	4	 | 	2,24
___________________________
Simulation Topology [1:60]
___________________________
From 	  To 		Length
___________________________
  0	 | 	1	 | 	3,00
  0	 | 	3	 | 	2,24
  1	 | 	2	 | 	2,24
  2	 | 	3	 | 	7,00
  2	 | 	4	 | 	5,10
  3	 | 	4	 | 	2,24
___________________________
Simulation Topology [1:61]
___________________________
From 	  To 		Length
___________________________
  0	 | 	1	 | 	3,00
  0	 | 	3	 | 	2,24
  1	 | 	2	 | 	2,24
  2	 | 	3	 | 	7,00
  2	 | 	4	 | 	5,10
  3	 | 	4	 | 	2,24
___________________________
Simulation Topology [1:62]
___________________________
From 	  To 		Length
___________________________
  0	 | 	1	 | 	3,00
  0	 | 	3	 | 	2,24
  1	 | 	2	 | 	2,24
  2	 | 	3	 | 	7,00
  2	 | 	4	 | 	5,10
  3	 | 	4	 | 	2,24
___________________________
Simulation Topology [1:63]
___________________________
From 	  To 		Length
___________________________
  0	 | 	1	 | 	3,00
  0	 | 	3	 | 	2,24
  1	 | 	2	 | 	2,24
  2	 | 	3	 | 	7,00
  2	 | 	4	 | 	5,10
  3	 | 	4	 | 	2,24
___________________________
Simulation Topology [1:64]
___________________________
From 	  To 		Length
___________________________
  0	 | 	1	 | 	3,00
  0	 | 	3	 | 	2,24
  1	 | 	2	 | 	2,24
  2	 | 	3	 | 	7,00
  2	 | 	4	 | 	5,10
  3	 | 	4	 | 	2,24
___________________________
Simulation Topology [1:65]
___________________________
From 	  To 		Length
___________________________
  0	 | 	1	 | 	3,00
  0	 | 	3	 | 	2,24
  1	 | 	2	 | 	2,24
  2	 | 	3	 | 	7,00
  2	 | 	4	 | 	5,10
  3	 | 	4	 | 	2,24
___________________________
Simulation Topology [1:66]
___________________________
From 	  To 		Length
___________________________
  0	 | 	1	 | 	3,00
  0	 | 	3	 | 	2,24
  1	 | 	2	 | 	2,24
  2	 | 	3	 | 	7,00
  2	 | 	4	 | 	5,10
  3	 | 	4	 | 	2,24
___________________________
Simulation Topology [1:67]
___________________________
From 	  To 		Length
___________________________
  0	 | 	1	 | 	3,00
  0	 | 	3	 | 	2,24
  1	 | 	2	 | 	2,24
  2	 | 	3	 | 	7,00
  2	 | 	4	 | 	5,10
  3	 | 	4	 | 	2,24
___________________________
Simulation Topology [1:68]
___________________________
From 	  To 		Length
___________________________
  0	 | 	1	 | 	3,00
  0	 | 	3	 | 	2,24
  1	 | 	2	 | 	2,24
  2	 | 	3	 | 	7,00
  2	 | 	4	 | 	5,10
  3	 | 	4	 | 	2,24
___________________________
Simulation Topology [1:69]
___________________________
From 	  To 		Length
___________________________
  0	 | 	1	 | 	3,00
  0	 | 	3	 | 	2,24
  1	 | 	2	 | 	2,24
  2	 | 	3	 | 	7,00
  2	 | 	4	 | 	5,10
  3	 | 	4	 | 	2,24
___________________________
Simulation Topology [1:70]
___________________________
From 	  To 		Length
___________________________
  0	 | 	1	 | 	3,00
  0	 | 	3	 | 	2,24
  1	 | 	2	 | 	2,24
  2	 | 	3	 | 	7,00
  2	 | 	4	 | 	5,10
  3	 | 	4	 | 	2,24
___________________________
Simulation Topology [1:71]
___________________________
From 	  To 		Length
___________________________
  0	 | 	1	 | 	3,00
  0	 | 	3	 | 	2,24
  1	 | 	2	 | 	2,24
  2	 | 	3	 | 	7,00
  2	 | 	4	 | 	5,10
  3	 | 	4	 | 	2,24
___________________________
Simulation Topology [1:72]
___________________________
From 	  To 		Length
___________________________
  0	 | 	1	 | 	3,00
  0	 | 	3	 | 	2,24
  1	 | 	2	 | 	2,24
  2	 | 	3	 | 	7,00
  2	 | 	4	 | 	5,10
  3	 | 	4	 | 	2,24
___________________________
Simulation Topology [1:73]
___________________________
From 	  To 		Length
___________________________
  0	 | 	1	 | 	3,00
  0	 | 	3	 | 	2,24
  1	 | 	2	 | 	2,24
  2	 | 	3	 | 	7,00
  2	 | 	4	 | 	5,10
  3	 | 	4	 | 	2,24
___________________________
Simulation Topology [1:74]
___________________________
From 	  To 		Length
___________________________
  0	 | 	1	 | 	3,00
  0	 | 	3	 | 	2,24
  1	 | 	2	 | 	2,24
  2	 | 	3	 | 	7,00
  2	 | 	4	 | 	5,10
  3	 | 	4	 | 	2,24
___________________________
Simulation Topology [1:75]
___________________________
From 	  To 		Length
___________________________
  0	 | 	1	 | 	3,00
  0	 | 	3	 | 	2,24
  1	 | 	2	 | 	2,24
  2	 | 	3	 | 	7,00
  2	 | 	4	 | 	5,10
  3	 | 	4	 | 	2,24
___________________________
Simulation Topology [1:76]
___________________________
From 	  To 		Length
___________________________
  0	 | 	1	 | 	3,00
  0	 | 	3	 | 	2,24
  1	 | 	2	 | 	2,24
  2	 | 	3	 | 	7,00
  2	 | 	4	 | 	5,10
  3	 | 	4	 | 	2,24
___________________________
Simulation Topology [1:77]
___________________________
From 	  To 		Length
___________________________
  0	 | 	1	 | 	3,00
  0	 | 	3	 | 	2,24
  1	 | 	2	 | 	2,24
  2	 | 	3	 | 	7,00
  2	 | 	4	 | 	5,10
  3	 | 	4	 | 	2,24
___________________________
Simulation Topology [1:78]
___________________________
From 	  To 		Length
___________________________
  0	 | 	1	 | 	3,00
  0	 | 	3	 | 	2,24
  1	 | 	2	 | 	2,24
  2	 | 	3	 | 	7,00
  2	 | 	4	 | 	5,10
  3	 | 	4	 | 	2,24
___________________________
Simulation Topology [1:79]
___________________________
From 	  To 		Length
___________________________
  0	 | 	1	 | 	3,00
  0	 | 	3	 | 	2,24
  1	 | 	2	 | 	2,24
  2	 | 	3	 | 	7,00
  2	 | 	4	 | 	5,10
  3	 | 	4	 | 	2,24
___________________________
Simulation Topology [1:80]
___________________________
From 	  To 		Length
___________________________
  0	 | 	1	 | 	3,00
  0	 | 	3	 | 	2,24
  1	 | 	2	 | 	2,24
  2	 | 	3	 | 	7,00
  2	 | 	4	 | 	5,10
  3	 | 	4	 | 	2,24
___________________________
Simulation Topology [1:81]
___________________________
From 	  To 		Length
___________________________
  0	 | 	1	 | 	3,00
  0	 | 	3	 | 	2,24
  1	 | 	2	 | 	2,24
  2	 | 	3	 | 	7,00
  2	 | 	4	 | 	5,10
  3	 | 	4	 | 	2,24
___________________________
Simulation Topology [1:82]
___________________________
From 	  To 		Length
___________________________
  0	 | 	1	 | 	3,00
  0	 | 	3	 | 	2,24
  1	 | 	2	 | 	2,24
  2	 | 	3	 | 	7,00
  2	 | 	4	 | 	5,10
  3	 | 	4	 | 	2,24
___________________________
Simulation Topology [1:83]
___________________________
From 	  To 		Length
___________________________
  0	 | 	1	 | 	3,00
  0	 | 	3	 | 	2,24
  1	 | 	2	 | 	2,24
  2	 | 	3	 | 	7,00
  2	 | 	4	 | 	5,10
  3	 | 	4	 | 	2,24
___________________________
Simulation Topology [1:84]
___________________________
From 	  To 		Length
___________________________
  0	 | 	1	 | 	3,00
  0	 | 	3	 | 	2,24
  1	 | 	2	 | 	2,24
  2	 | 	3	 | 	7,00
  2	 | 	4	 | 	5,10
  3	 | 	4	 | 	2,24
___________________________
Simulation Topology [1:85]
___________________________
From 	  To 		Length
___________________________
  0	 | 	1	 | 	3,00
  0	 | 	3	 | 	2,24
  1	 | 	2	 | 	2,24
  2	 | 	3	 | 	7,00
  2	 | 	4	 | 	5,10
  3	 | 	4	 | 	2,24
___________________________
Simulation Topology [1:86]
___________________________
From 	  To 		Length
___________________________
  0	 | 	1	 | 	3,00
  0	 | 	3	 | 	2,24
  1	 | 	2	 | 	2,24
  2	 | 	3	 | 	7,00
  2	 | 	4	 | 	5,10
  3	 | 	4	 | 	2,24
___________________________
Simulation Topology [1:87]
___________________________
From 	  To 		Length
___________________________
  0	 | 	1	 | 	3,00
  0	 | 	3	 | 	2,24
  1	 | 	2	 | 	2,24
  2	 | 	3	 | 	7,00
  2	 | 	4	 | 	5,10
  3	 | 	4	 | 	2,24
___________________________
Simulation Topology [1:88]
___________________________
From 	  To 		Length
___________________________
  0	 | 	1	 | 	3,00
  0	 | 	3	 | 	2,24
  1	 | 	2	 | 	2,24
  2	 | 	3	 | 	7,00
  2	 | 	4	 | 	5,10
  3	 | 	4	 | 	2,24
___________________________
Simulation Topology [1:89]
___________________________
From 	  To 		Length
___________________________
  0	 | 	1	 | 	3,00
  0	 | 	3	 | 	2,24
  1	 | 	2	 | 	2,24
  2	 | 	3	 | 	7,00
  2	 | 	4	 | 	5,10
  3	 | 	4	 | 	2,24
___________________________
Simulation Topology [1:90]
___________________________
From 	  To 		Length
___________________________
  0	 | 	1	 | 	3,00
  0	 | 	3	 | 	2,24
  1	 | 	2	 | 	2,24
  2	 | 	3	 | 	7,00
  2	 | 	4	 | 	5,10
  3	 | 	4	 | 	2,24
___________________________
Simulation Topology [1:91]
___________________________
From 	  To 		Length
___________________________
  0	 | 	1	 | 	3,00
  0	 | 	3	 | 	2,24
  1	 | 	2	 | 	2,24
  2	 | 	3	 | 	7,00
  2	 | 	4	 | 	5,10
  3	 | 	4	 | 	2,24
___________________________
Simulation Topology [1:92]
___________________________
From 	  To 		Length
___________________________
  0	 | 	1	 | 	3,00
  0	 | 	3	 | 	2,24
  1	 | 	2	 | 	2,24
  2	 | 	3	 | 	7,00
  2	 | 	4	 | 	5,10
  3	 | 	4	 | 	2,24
___________________________
Simulation Topology [1:93]
___________________________
From 	  To 		Length
___________________________
  0	 | 	1	 | 	3,00
  0	 | 	3	 | 	2,24
  1	 | 	2	 | 	2,24
  2	 | 	3	 | 	7,00
  2	 | 	4	 | 	5,10
  3	 | 	4	 | 	2,24
___________________________
Simulation Topology [1:94]
___________________________
From 	  To 		Length
___________________________
  0	 | 	1	 | 	3,00
  0	 | 	3	 | 	2,24
  1	 | 	2	 | 	2,24
  2	 | 	3	 | 	7,00
  2	 | 	4	 | 	5,10
  3	 | 	4	 | 	2,24
___________________________
Simulation Topology [1:95]
___________________________
From 	  To 		Length
___________________________
  0	 | 	1	 | 	3,00
  0	 | 	3	 | 	2,24
  1	 | 	2	 | 	2,24
  2	 | 	3	 | 	7,00
  2	 | 	4	 | 	5,10
  3	 | 	4	 | 	2,24
___________________________
Simulation Topology [1:96]
___________________________
From 	  To 		Length
___________________________
  0	 | 	1	 | 	3,00
  0	 | 	3	 | 	2,24
  1	 | 	2	 | 	2,24
  2	 | 	3	 | 	7,00
  2	 | 	4	 | 	5,10
  3	 | 	4	 | 	2,24
___________________________
Simulation Topology [1:97]
___________________________
From 	  To 		Length
___________________________
  0	 | 	1	 | 	3,00
  0	 | 	3	 | 	2,24
  1	 | 	2	 | 	2,24
  2	 | 	3	 | 	7,00
  2	 | 	4	 | 	5,10
  3	 | 	4	 | 	2,24
___________________________
Simulation Topology [1:98]
___________________________
From 	  To 		Length
___________________________
  0	 | 	1	 | 	3,00
  0	 | 	3	 | 	2,24
  1	 | 	2	 | 	2,24
  2	 | 	3	 | 	7,00
  2	 | 	4	 | 	5,10
  3	 | 	4	 | 	2,24
___________________________
Simulation Topology [1:99]
___________________________
From 	  To 		Length
___________________________
  0	 | 	1	 | 	3,00
  0	 | 	3	 | 	2,24
  1	 | 	2	 | 	2,24
  2	 | 	3	 | 	7,00
  2	 | 	4	 | 	5,10
  3	 | 	4	 | 	2,24
___________________________
Simulation Topology [1:100]
___________________________
From 	  To 		Length
___________________________
  0	 | 	1	 | 	3,00
  0	 | 	3	 | 	2,24
  1	 | 	2	 | 	2,24
  2	 | 	3	 | 	7,00
  2	 | 	4	 | 	5,10
  3	 | 	4	 | 	2,24
___________________________
Simulation Topology [1:101]
___________________________
From 	  To 		Length
___________________________
  0	 | 	1	 | 	3,00
  0	 | 	3	 | 	2,24
  1	 | 	2	 | 	2,24
  2	 | 	3	 | 	7,00
  2	 | 	4	 | 	5,10
  3	 | 	4	 | 	2,24
___________________________
Simulation Topology [1:102]
___________________________
From 	  To 		Length
___________________________
  0	 | 	1	 | 	3,00
  0	 | 	3	 | 	2,24
  1	 | 	2	 | 	2,24
  2	 | 	3	 | 	7,00
  2	 | 	4	 | 	5,10
  3	 | 	4	 | 	2,24
___________________________
Simulation Topology [1:103]
___________________________
From 	  To 		Length
___________________________
  0	 | 	1	 | 	3,00
  0	 | 	3	 | 	2,24
  1	 | 	2	 | 	2,24
  2	 | 	3	 | 	7,00
  2	 | 	4	 | 	5,10
  3	 | 	4	 | 	2,24
___________________________
Simulation Topology [1:104]
___________________________
From 	  To 		Length
___________________________
  0	 | 	1	 | 	3,00
  0	 | 	3	 | 	2,24
  1	 | 	2	 | 	2,24
  2	 | 	3	 | 	7,00
  2	 | 	4	 | 	5,10
  3	 | 	4	 | 	2,24
___________________________
Simulation Topology [1:105]
___________________________
From 	  To 		Length
___________________________
  0	 | 	1	 | 	3,00
  0	 | 	3	 | 	2,24
  1	 | 	2	 | 	2,24
  2	 | 	3	 | 	7,00
  2	 | 	4	 | 	5,10
  3	 | 	4	 | 	2,24
___________________________
Simulation Topology [1:106]
___________________________
From 	  To 		Length
___________________________
  0	 | 	1	 | 	3,00
  0	 | 	3	 | 	2,24
  1	 | 	2	 | 	2,24
  2	 | 	3	 | 	7,00
  2	 | 	4	 | 	5,10
  3	 | 	4	 | 	2,24
___________________________
Simulation Topology [1:107]
___________________________
From 	  To 		Length
___________________________
  0	 | 	1	 | 	3,00
  0	 | 	3	 | 	2,24
  1	 | 	2	 | 	2,24
  2	 | 	3	 | 	7,00
  2	 | 	4	 | 	5,10
  3	 | 	4	 | 	2,24
___________________________
Simulation Topology [1:108]
___________________________
From 	  To 		Length
___________________________
  0	 | 	1	 | 	3,00
  0	 | 	3	 | 	2,24
  1	 | 	2	 | 	2,24
  2	 | 	3	 | 	7,00
  2	 | 	4	 | 	5,10
  3	 | 	4	 | 	2,24
___________________________
Simulation Topology [1:109]
___________________________
From 	  To 		Length
___________________________
  0	 | 	1	 | 	3,00
  0	 | 	3	 | 	2,24
  1	 | 	2	 | 	2,24
  2	 | 	3	 | 	7,00
  2	 | 	4	 | 	5,10
  3	 | 	4	 | 	2,24
___________________________
Simulation Topology [1:110]
___________________________
From 	  To 		Length
___________________________
  0	 | 	1	 | 	3,00
  0	 | 	3	 | 	2,24
  1	 | 	2	 | 	2,24
  2	 | 	3	 | 	7,00
  2	 | 	4	 | 	5,10
  3	 | 	4	 | 	2,24
___________________________
Simulation Topology [1:111]
___________________________
From 	  To 		Length
___________________________
  0	 | 	1	 | 	3,00
  0	 | 	3	 | 	2,24
  1	 | 	2	 | 	2,24
  2	 | 	3	 | 	7,00
  2	 | 	4	 | 	5,10
  3	 | 	4	 | 	2,24
___________________________
Simulation Topology [1:112]
___________________________
From 	  To 		Length
___________________________
  0	 | 	1	 | 	3,00
  0	 | 	3	 | 	2,24
  1	 | 	2	 | 	2,24
  2	 | 	3	 | 	7,00
  2	 | 	4	 | 	5,10
  3	 | 	4	 | 	2,24
___________________________
Simulation Topology [1:113]
___________________________
From 	  To 		Length
___________________________
  0	 | 	1	 | 	3,00
  0	 | 	3	 | 	2,24
  1	 | 	2	 | 	2,24
  2	 | 	3	 | 	7,00
  2	 | 	4	 | 	5,10
  3	 | 	4	 | 	2,24
___________________________
Simulation Topology [1:114]
___________________________
From 	  To 		Length
___________________________
  0	 | 	1	 | 	3,00
  0	 | 	3	 | 	2,24
  1	 | 	2	 | 	2,24
  2	 | 	3	 | 	7,00
  2	 | 	4	 | 	5,10
  3	 | 	4	 | 	2,24
___________________________
Simulation Topology [1:115]
___________________________
From 	  To 		Length
___________________________
  0	 | 	1	 | 	3,00
  0	 | 	3	 | 	2,24
  1	 | 	2	 | 	2,24
  2	 | 	3	 | 	7,00
  2	 | 	4	 | 	5,10
  3	 | 	4	 | 	2,24
___________________________
Simulation Topology [1:116]
___________________________
From 	  To 		Length
___________________________
  0	 | 	1	 | 	3,00
  0	 | 	3	 | 	2,24
  1	 | 	2	 | 	2,24
  2	 | 	3	 | 	7,00
  2	 | 	4	 | 	5,10
  3	 | 	4	 | 	2,24
___________________________
Simulation Topology [1:117]
___________________________
From 	  To 		Length
___________________________
  0	 | 	1	 | 	3,00
  0	 | 	3	 | 	2,24
  1	 | 	2	 | 	2,24
  2	 | 	3	 | 	7,00
  2	 | 	4	 | 	5,10
  3	 | 	4	 | 	2,24
___________________________
Simulation Topology [1:118]
___________________________
From 	  To 		Length
___________________________
  0	 | 	1	 | 	3,00
  0	 | 	3	 | 	2,24
  1	 | 	2	 | 	2,24
  2	 | 	3	 | 	7,00
  2	 | 	4	 | 	5,10
  3	 | 	4	 | 	2,24
___________________________
Simulation Topology [1:119]
___________________________
From 	  To 		Length
___________________________
  0	 | 	1	 | 	3,00
  0	 | 	3	 | 	2,24
  1	 | 	2	 | 	2,24
  2	 | 	3	 | 	7,00
  2	 | 	4	 | 	5,10
  3	 | 	4	 | 	2,24
___________________________
Simulation Topology [1:120]
___________________________
From 	  To 		Length
___________________________
  0	 | 	1	 | 	3,00
  0	 | 	3	 | 	2,24
  1	 | 	2	 | 	2,24
  2	 | 	3	 | 	7,00
  2	 | 	4	 | 	5,10
  3	 | 	4	 | 	2,24
___________________________
Simulation Topology [1:121]
___________________________
From 	  To 		Length
___________________________
  0	 | 	1	 | 	3,00
  0	 | 	3	 | 	2,24
  1	 | 	2	 | 	2,24
  2	 | 	3	 | 	7,00
  2	 | 	4	 | 	5,10
  3	 | 	4	 | 	2,24
___________________________
Simulation Topology [1:122]
___________________________
From 	  To 		Length
___________________________
  0	 | 	1	 | 	3,00
  0	 | 	3	 | 	2,24
  1	 | 	2	 | 	2,24
  2	 | 	3	 | 	7,00
  2	 | 	4	 | 	5,10
  3	 | 	4	 | 	2,24
___________________________
Simulation Topology [1:123]
___________________________
From 	  To 		Length
___________________________
  0	 | 	1	 | 	3,00
  0	 | 	3	 | 	2,24
  1	 | 	2	 | 	2,24
  2	 | 	3	 | 	7,00
  2	 | 	4	 | 	5,10
  3	 | 	4	 | 	2,24
___________________________
Simulation Topology [1:124]
___________________________
From 	  To 		Length
___________________________
  0	 | 	1	 | 	3,00
  0	 | 	3	 | 	2,24
  1	 | 	2	 | 	2,24
  2	 | 	3	 | 	7,00
  2	 | 	4	 | 	5,10
  3	 | 	4	 | 	2,24
___________________________
Simulation Topology [1:125]
___________________________
From 	  To 		Length
___________________________
  0	 | 	1	 | 	3,00
  0	 | 	3	 | 	2,24
  1	 | 	2	 | 	2,24
  2	 | 	3	 | 	7,00
  2	 | 	4	 | 	5,10
  3	 | 	4	 | 	2,24
___________________________
Simulation Topology [1:126]
___________________________
From 	  To 		Length
___________________________
  0	 | 	1	 | 	3,00
  0	 | 	3	 | 	2,24
  1	 | 	2	 | 	2,24
  2	 | 	3	 | 	7,00
  2	 | 	4	 | 	5,10
  3	 | 	4	 | 	2,24
___________________________
Simulation Topology [1:127]
___________________________
From 	  To 		Length
___________________________
  0	 | 	1	 | 	3,00
  0	 | 	3	 | 	2,24
  1	 | 	2	 | 	2,24
  2	 | 	3	 | 	7,00
  2	 | 	4	 | 	5,10
  3	 | 	4	 | 	2,24
___________________________
Simulation Topology [1:128]
___________________________
From 	  To 		Length
___________________________
  0	 | 	1	 | 	3,00
  0	 | 	3	 | 	2,24
  1	 | 	2	 | 	2,24
  2	 | 	3	 | 	7,00
  2	 | 	4	 | 	5,10
  3	 | 	4	 | 	2,24
___________________________
Simulation Topology [1:129]
___________________________
From 	  To 		Length
___________________________
  0	 | 	1	 | 	3,00
  0	 | 	3	 | 	2,24
  1	 | 	2	 | 	2,24
  2	 | 	3	 | 	7,00
  2	 | 	4	 | 	5,10
  3	 | 	4	 | 	2,24
___________________________
Simulation Topology [1:130]
___________________________
From 	  To 		Length
___________________________
  0	 | 	1	 | 	3,00
  0	 | 	3	 | 	2,24
  1	 | 	2	 | 	2,24
  2	 | 	3	 | 	7,00
  2	 | 	4	 | 	5,10
  3	 | 	4	 | 	2,24
___________________________
Simulation Topology [1:131]
___________________________
From 	  To 		Length
___________________________
  0	 | 	1	 | 	3,00
  0	 | 	3	 | 	2,24
  1	 | 	2	 | 	2,24
  2	 | 	3	 | 	7,00
  2	 | 	4	 | 	5,10
  3	 | 	4	 | 	2,24
___________________________
Simulation Topology [1:132]
___________________________
From 	  To 		Length
___________________________
  0	 | 	1	 | 	3,00
  0	 | 	3	 | 	2,24
  1	 | 	2	 | 	2,24
  2	 | 	3	 | 	7,00
  2	 | 	4	 | 	5,10
  3	 | 	4	 | 	2,24
___________________________
Simulation Topology [1:133]
___________________________
From 	  To 		Length
___________________________
  0	 | 	1	 | 	3,00
  0	 | 	3	 | 	2,24
  1	 | 	2	 | 	2,24
  2	 | 	3	 | 	7,00
  2	 | 	4	 | 	5,10
  3	 | 	4	 | 	2,24
___________________________
Simulation Topology [1:134]
___________________________
From 	  To 		Length
___________________________
  0	 | 	1	 | 	3,00
  0	 | 	3	 | 	2,24
  1	 | 	2	 | 	2,24
  2	 | 	3	 | 	7,00
  2	 | 	4	 | 	5,10
  3	 | 	4	 | 	2,24
___________________________
Simulation Topology [1:135]
___________________________
From 	  To 		Length
___________________________
  0	 | 	1	 | 	3,00
  0	 | 	3	 | 	2,24
  1	 | 	2	 | 	2,24
  2	 | 	3	 | 	7,00
  2	 | 	4	 | 	5,10
  3	 | 	4	 | 	2,24
___________________________
Simulation Topology [1:136]
___________________________
From 	  To 		Length
___________________________
  0	 | 	1	 | 	3,00
  0	 | 	3	 | 	2,24
  1	 | 	2	 | 	2,24
  2	 | 	3	 | 	7,00
  2	 | 	4	 | 	5,10
  3	 | 	4	 | 	2,24
___________________________
Simulation Topology [1:137]
___________________________
From 	  To 		Length
___________________________
  0	 | 	1	 | 	3,00
  0	 | 	3	 | 	2,24
  1	 | 	2	 | 	2,24
  2	 | 	3	 | 	7,00
  2	 | 	4	 | 	5,10
  3	 | 	4	 | 	2,24
___________________________
Simulation Topology [1:138]
___________________________
From 	  To 		Length
___________________________
  0	 | 	1	 | 	3,00
  0	 | 	3	 | 	2,24
  1	 | 	2	 | 	2,24
  2	 | 	3	 | 	7,00
  2	 | 	4	 | 	5,10
  3	 | 	4	 | 	2,24
___________________________
Simulation Topology [1:139]
___________________________
From 	  To 		Length
___________________________
  0	 | 	1	 | 	3,00
  0	 | 	3	 | 	2,24
  1	 | 	2	 | 	2,24
  2	 | 	3	 | 	7,00
  2	 | 	4	 | 	5,10
  3	 | 	4	 | 	2,24
___________________________
Simulation Topology [1:140]
___________________________
From 	  To 		Length
___________________________
  0	 | 	1	 | 	3,00
  0	 | 	3	 | 	2,24
  1	 | 	2	 | 	2,24
  2	 | 	3	 | 	7,00
  2	 | 	4	 | 	5,10
  3	 | 	4	 | 	2,24
___________________________
Simulation Topology [1:141]
___________________________
From 	  To 		Length
___________________________
  0	 | 	1	 | 	3,00
  0	 | 	3	 | 	2,24
  1	 | 	2	 | 	2,24
  2	 | 	3	 | 	7,00
  2	 | 	4	 | 	5,10
  3	 | 	4	 | 	2,24
___________________________
Simulation Topology [1:142]
___________________________
From 	  To 		Length
___________________________
  0	 | 	1	 | 	3,00
  0	 | 	3	 | 	2,24
  1	 | 	2	 | 	2,24
  2	 | 	3	 | 	7,00
  2	 | 	4	 | 	5,10
  3	 | 	4	 | 	2,24
___________________________
Simulation Topology [1:143]
___________________________
From 	  To 		Length
___________________________
  0	 | 	1	 | 	3,00
  0	 | 	3	 | 	2,24
  1	 | 	2	 | 	2,24
  2	 | 	3	 | 	7,00
  2	 | 	4	 | 	5,10
  3	 | 	4	 | 	2,24
___________________________
Simulation Topology [1:144]
___________________________
From 	  To 		Length
___________________________
  0	 | 	1	 | 	3,00
  0	 | 	3	 | 	2,24
  1	 | 	2	 | 	2,24
  2	 | 	3	 | 	7,00
  2	 | 	4	 | 	5,10
  3	 | 	4	 | 	2,24
___________________________
Simulation Topology [1:145]
___________________________
From 	  To 		Length
___________________________
  0	 | 	1	 | 	3,00
  0	 | 	3	 | 	2,24
  1	 | 	2	 | 	2,24
  2	 | 	3	 | 	7,00
  2	 | 	4	 | 	5,10
  3	 | 	4	 | 	2,24
___________________________
Simulation Topology [1:146]
___________________________
From 	  To 		Length
___________________________
  0	 | 	1	 | 	3,00
  0	 | 	3	 | 	2,24
  1	 | 	2	 | 	2,24
  2	 | 	3	 | 	7,00
  2	 | 	4	 | 	5,10
  3	 | 	4	 | 	2,24
___________________________
Simulation Topology [1:147]
___________________________
From 	  To 		Length
___________________________
  0	 | 	1	 | 	3,00
  0	 | 	3	 | 	2,24
  1	 | 	2	 | 	2,24
  2	 | 	3	 | 	7,00
  2	 | 	4	 | 	5,10
  3	 | 	4	 | 	2,24
___________________________
Simulation Topology [1:148]
___________________________
From 	  To 		Length
___________________________
  0	 | 	1	 | 	3,00
  0	 | 	3	 | 	2,24
  1	 | 	2	 | 	2,24
  2	 | 	3	 | 	7,00
  2	 | 	4	 | 	5,10
  3	 | 	4	 | 	2,24
___________________________
Simulation Topology [1:149]
___________________________
From 	  To 		Length
___________________________
  0	 | 	1	 | 	3,00
  0	 | 	3	 | 	2,24
  1	 | 	2	 | 	2,24
  2	 | 	3	 | 	7,00
  2	 | 	4	 | 	5,10
  3	 | 	4	 | 	2,24
___________________________
Simulation Topology [1:150]
___________________________
From 	  To 		Length
___________________________
  0	 | 	1	 | 	3,00
  0	 | 	3	 | 	2,24
  1	 | 	2	 | 	2,24
  2	 | 	3	 | 	7,00
  2	 | 	4	 | 	5,10
  3	 | 	4	 | 	2,24
___________________________
Simulation Topology [1:151]
___________________________
From 	  To 		Length
___________________________
  0	 | 	1	 | 	3,00
  0	 | 	3	 | 	2,24
  1	 | 	2	 | 	2,24
  2	 | 	3	 | 	7,00
  2	 | 	4	 | 	5,10
  3	 | 	4	 | 	2,24
___________________________
Simulation Topology [1:152]
___________________________
From 	  To 		Length
___________________________
  0	 | 	1	 | 	3,00
  0	 | 	3	 | 	2,24
  1	 | 	2	 | 	2,24
  2	 | 	3	 | 	7,00
  2	 | 	4	 | 	5,10
  3	 | 	4	 | 	2,24
___________________________
Simulation Topology [1:153]
___________________________
From 	  To 		Length
___________________________
  0	 | 	1	 | 	3,00
  0	 | 	3	 | 	2,24
  1	 | 	2	 | 	2,24
  2	 | 	3	 | 	7,00
  2	 | 	4	 | 	5,10
  3	 | 	4	 | 	2,24
___________________________
Simulation Topology [1:154]
___________________________
From 	  To 		Length
___________________________
  0	 | 	1	 | 	3,00
  0	 | 	3	 | 	2,24
  1	 | 	2	 | 	2,24
  2	 | 	3	 | 	7,00
  2	 | 	4	 | 	5,10
  3	 | 	4	 | 	2,24
___________________________
Simulation Topology [1:155]
___________________________
From 	  To 		Length
___________________________
  0	 | 	1	 | 	3,00
  0	 | 	3	 | 	2,24
  1	 | 	2	 | 	2,24
  2	 | 	3	 | 	7,00
  2	 | 	4	 | 	5,10
  3	 | 	4	 | 	2,24
___________________________
Simulation Topology [1:156]
___________________________
From 	  To 		Length
___________________________
  0	 | 	1	 | 	3,00
  0	 | 	3	 | 	2,24
  1	 | 	2	 | 	2,24
  2	 | 	3	 | 	7,00
  2	 | 	4	 | 	5,10
  3	 | 	4	 | 	2,24
___________________________
Simulation Topology [1:157]
___________________________
From 	  To 		Length
___________________________
  0	 | 	1	 | 	3,00
  0	 | 	3	 | 	2,24
  1	 | 	2	 | 	2,24
  2	 | 	3	 | 	7,00
  2	 | 	4	 | 	5,10
  3	 | 	4	 | 	2,24
___________________________
Simulation Topology [1:158]
___________________________
From 	  To 		Length
___________________________
  0	 | 	1	 | 	3,00
  0	 | 	3	 | 	2,24
  1	 | 	2	 | 	2,24
  2	 | 	3	 | 	7,00
  2	 | 	4	 | 	5,10
  3	 | 	4	 | 	2,24
___________________________
Simulation Topology [1:159]
___________________________
From 	  To 		Length
___________________________
  0	 | 	1	 | 	3,00
  0	 | 	3	 | 	2,24
  1	 | 	2	 | 	2,24
  2	 | 	3	 | 	7,00
  2	 | 	4	 | 	5,10
  3	 | 	4	 | 	2,24
___________________________
Simulation Topology [1:160]
___________________________
From 	  To 		Length
___________________________
  0	 | 	1	 | 	3,00
  0	 | 	3	 | 	2,24
  1	 | 	2	 | 	2,24
  2	 | 	3	 | 	7,00
  2	 | 	4	 | 	5,10
  3	 | 	4	 | 	2,24
___________________________
Simulation Topology [1:161]
___________________________
From 	  To 		Length
___________________________
  0	 | 	1	 | 	3,00
  0	 | 	3	 | 	2,24
  1	 | 	2	 | 	2,24
  2	 | 	3	 | 	7,00
  2	 | 	4	 | 	5,10
  3	 | 	4	 | 	2,24
___________________________
Simulation Topology [1:162]
___________________________
From 	  To 		Length
___________________________
  0	 | 	1	 | 	3,00
  0	 | 	3	 | 	2,24
  1	 | 	2	 | 	2,24
  2	 | 	3	 | 	7,00
  2	 | 	4	 | 	5,10
  3	 | 	4	 | 	2,24
___________________________
Simulation Topology [1:163]
___________________________
From 	  To 		Length
___________________________
  0	 | 	1	 | 	3,00
  0	 | 	3	 | 	2,24
  1	 | 	2	 | 	2,24
  2	 | 	3	 | 	7,00
  2	 | 	4	 | 	5,10
  3	 | 	4	 | 	2,24
___________________________
Simulation Topology [1:164]
___________________________
From 	  To 		Length
___________________________
  0	 | 	1	 | 	3,00
  0	 | 	3	 | 	2,24
  1	 | 	2	 | 	2,24
  2	 | 	3	 | 	7,00
  2	 | 	4	 | 	5,10
  3	 | 	4	 | 	2,24
___________________________
Simulation Topology [1:165]
___________________________
From 	  To 		Length
___________________________
  0	 | 	1	 | 	3,00
  0	 | 	3	 | 	2,24
  1	 | 	2	 | 	2,24
  2	 | 	3	 | 	7,00
  2	 | 	4	 | 	5,10
  3	 | 	4	 | 	2,24
___________________________
Simulation Topology [1:166]
___________________________
From 	  To 		Length
___________________________
  0	 | 	1	 | 	3,00
  0	 | 	3	 | 	2,24
  1	 | 	2	 | 	2,24
  2	 | 	3	 | 	7,00
  2	 | 	4	 | 	5,10
  3	 | 	4	 | 	2,24
___________________________
Simulation Topology [1:167]
___________________________
From 	  To 		Length
___________________________
  0	 | 	1	 | 	3,00
  0	 | 	3	 | 	2,24
  1	 | 	2	 | 	2,24
  2	 | 	3	 | 	7,00
  2	 | 	4	 | 	5,10
  3	 | 	4	 | 	2,24
___________________________
Simulation Topology [1:168]
___________________________
From 	  To 		Length
___________________________
  0	 | 	1	 | 	3,00
  0	 | 	3	 | 	2,24
  1	 | 	2	 | 	2,24
  2	 | 	3	 | 	7,00
  2	 | 	4	 | 	5,10
  3	 | 	4	 | 	2,24
___________________________
Simulation Topology [1:169]
___________________________
From 	  To 		Length
___________________________
  0	 | 	1	 | 	3,00
  0	 | 	3	 | 	2,24
  1	 | 	2	 | 	2,24
  2	 | 	3	 | 	7,00
  2	 | 	4	 | 	5,10
  3	 | 	4	 | 	2,24
___________________________
Simulation Topology [1:170]
___________________________
From 	  To 		Length
___________________________
  0	 | 	1	 | 	3,00
  0	 | 	3	 | 	2,24
  1	 | 	2	 | 	2,24
  2	 | 	3	 | 	7,00
  2	 | 	4	 | 	5,10
  3	 | 	4	 | 	2,24
___________________________
Simulation Topology [1:171]
___________________________
From 	  To 		Length
___________________________
  0	 | 	1	 | 	3,00
  0	 | 	3	 | 	2,24
  1	 | 	2	 | 	2,24
  2	 | 	3	 | 	7,00
  2	 | 	4	 | 	5,10
  3	 | 	4	 | 	2,24
___________________________
Simulation Topology [1:172]
___________________________
From 	  To 		Length
___________________________
  0	 | 	1	 | 	3,00
  0	 | 	3	 | 	2,24
  1	 | 	2	 | 	2,24
  2	 | 	3	 | 	7,00
  2	 | 	4	 | 	5,10
  3	 | 	4	 | 	2,24
___________________________
Simulation Topology [1:173]
___________________________
From 	  To 		Length
___________________________
  0	 | 	1	 | 	3,00
  0	 | 	3	 | 	2,24
  1	 | 	2	 | 	2,24
  2	 | 	3	 | 	7,00
  2	 | 	4	 | 	5,10
  3	 | 	4	 | 	2,24
___________________________
Simulation Topology [1:174]
___________________________
From 	  To 		Length
___________________________
  0	 | 	1	 | 	3,00
  0	 | 	3	 | 	2,24
  1	 | 	2	 | 	2,24
  2	 | 	3	 | 	7,00
  2	 | 	4	 | 	5,10
  3	 | 	4	 | 	2,24
___________________________
Simulation Topology [1:175]
___________________________
From 	  To 		Length
___________________________
  0	 | 	1	 | 	3,00
  0	 | 	3	 | 	2,24
  1	 | 	2	 | 	2,24
  2	 | 	3	 | 	7,00
  2	 | 	4	 | 	5,10
  3	 | 	4	 | 	2,24
___________________________
Simulation Topology [1:176]
___________________________
From 	  To 		Length
___________________________
  0	 | 	1	 | 	3,00
  0	 | 	3	 | 	2,24
  1	 | 	2	 | 	2,24
  2	 | 	3	 | 	7,00
  2	 | 	4	 | 	5,10
  3	 | 	4	 | 	2,24
___________________________
Simulation Topology [1:177]
___________________________
From 	  To 		Length
___________________________
  0	 | 	1	 | 	3,00
  0	 | 	3	 | 	2,24
  1	 | 	2	 | 	2,24
  2	 | 	3	 | 	7,00
  2	 | 	4	 | 	5,10
  3	 | 	4	 | 	2,24
___________________________
Simulation Topology [1:178]
___________________________
From 	  To 		Length
___________________________
  0	 | 	1	 | 	3,00
  0	 | 	3	 | 	2,24
  1	 | 	2	 | 	2,24
  2	 | 	3	 | 	7,00
  2	 | 	4	 | 	5,10
  3	 | 	4	 | 	2,24
___________________________
Simulation Topology [1:179]
___________________________
From 	  To 		Length
___________________________
  0	 | 	1	 | 	3,00
  0	 | 	3	 | 	2,24
  1	 | 	2	 | 	2,24
  2	 | 	3	 | 	7,00
  2	 | 	4	 | 	5,10
  3	 | 	4	 | 	2,24
___________________________
Simulation Topology [1:180]
___________________________
From 	  To 		Length
___________________________
  0	 | 	1	 | 	3,00
  0	 | 	3	 | 	2,24
  1	 | 	2	 | 	2,24
  2	 | 	3	 | 	7,00
  2	 | 	4	 | 	5,10
  3	 | 	4	 | 	2,24
___________________________
Simulation Topology [1:181]
___________________________
From 	  To 		Length
___________________________
  0	 | 	1	 | 	3,00
  0	 | 	3	 | 	2,24
  1	 | 	2	 | 	2,24
  2	 | 	3	 | 	7,00
  2	 | 	4	 | 	5,10
  3	 | 	4	 | 	2,24
___________________________
Simulation Topology [1:182]
___________________________
From 	  To 		Length
___________________________
  0	 | 	1	 | 	3,00
  0	 | 	3	 | 	2,24
  1	 | 	2	 | 	2,24
  2	 | 	3	 | 	7,00
  2	 | 	4	 | 	5,10
  3	 | 	4	 | 	2,24
___________________________
Simulation Topology [1:183]
___________________________
From 	  To 		Length
___________________________
  0	 | 	1	 | 	3,00
  0	 | 	3	 | 	2,24
  1	 | 	2	 | 	2,24
  2	 | 	3	 | 	7,00
  2	 | 	4	 | 	5,10
  3	 | 	4	 | 	2,24
___________________________
Simulation Topology [1:184]
___________________________
From 	  To 		Length
___________________________
  0	 | 	1	 | 	3,00
  0	 | 	3	 | 	2,24
  1	 | 	2	 | 	2,24
  2	 | 	3	 | 	7,00
  2	 | 	4	 | 	5,10
  3	 | 	4	 | 	2,24
___________________________
Simulation Topology [1:185]
___________________________
From 	  To 		Length
___________________________
  0	 | 	1	 | 	3,00
  0	 | 	3	 | 	2,24
  1	 | 	2	 | 	2,24
  2	 | 	3	 | 	7,00
  2	 | 	4	 | 	5,10
  3	 | 	4	 | 	2,24
___________________________
Simulation Topology [1:186]
___________________________
From 	  To 		Length
___________________________
  0	 | 	1	 | 	3,00
  0	 | 	3	 | 	2,24
  1	 | 	2	 | 	2,24
  2	 | 	3	 | 	7,00
  2	 | 	4	 | 	5,10
  3	 | 	4	 | 	2,24
___________________________
Simulation Topology [1:187]
___________________________
From 	  To 		Length
___________________________
  0	 | 	1	 | 	3,00
  0	 | 	3	 | 	2,24
  1	 | 	2	 | 	2,24
  2	 | 	3	 | 	7,00
  2	 | 	4	 | 	5,10
  3	 | 	4	 | 	2,24
___________________________
Simulation Topology [1:188]
___________________________
From 	  To 		Length
___________________________
  0	 | 	1	 | 	3,00
  0	 | 	3	 | 	2,24
  1	 | 	2	 | 	2,24
  2	 | 	3	 | 	7,00
  2	 | 	4	 | 	5,10
  3	 | 	4	 | 	2,24
___________________________
Simulation Topology [1:189]
___________________________
From 	  To 		Length
___________________________
  0	 | 	1	 | 	3,00
  0	 | 	3	 | 	2,24
  1	 | 	2	 | 	2,24
  2	 | 	3	 | 	7,00
  2	 | 	4	 | 	5,10
  3	 | 	4	 | 	2,24
___________________________
Simulation Topology [1:190]
___________________________
From 	  To 		Length
___________________________
  0	 | 	1	 | 	3,00
  0	 | 	3	 | 	2,24
  1	 | 	2	 | 	2,24
  2	 | 	3	 | 	7,00
  2	 | 	4	 | 	5,10
  3	 | 	4	 | 	2,24
___________________________
Simulation Topology [1:191]
___________________________
From 	  To 		Length
___________________________
  0	 | 	1	 | 	3,00
  0	 | 	3	 | 	2,24
  1	 | 	2	 | 	2,24
  2	 | 	3	 | 	7,00
  2	 | 	4	 | 	5,10
  3	 | 	4	 | 	2,24
___________________________
Simulation Topology [1:192]
___________________________
From 	  To 		Length
___________________________
  0	 | 	1	 | 	3,00
  0	 | 	3	 | 	2,24
  1	 | 	2	 | 	2,24
  2	 | 	3	 | 	7,00
  2	 | 	4	 | 	5,10
  3	 | 	4	 | 	2,24
___________________________
Simulation Topology [1:193]
___________________________
From 	  To 		Length
___________________________
  0	 | 	1	 | 	3,00
  0	 | 	3	 | 	2,24
  1	 | 	2	 | 	2,24
  2	 | 	3	 | 	7,00
  2	 | 	4	 | 	5,10
  3	 | 	4	 | 	2,24
___________________________
Simulation Topology [1:194]
___________________________
From 	  To 		Length
___________________________
  0	 | 	1	 | 	3,00
  0	 | 	3	 | 	2,24
  1	 | 	2	 | 	2,24
  2	 | 	3	 | 	7,00
  2	 | 	4	 | 	5,10
  3	 | 	4	 | 	2,24
___________________________
Simulation Topology [1:195]
___________________________
From 	  To 		Length
___________________________
  0	 | 	1	 | 	3,00
  0	 | 	3	 | 	2,24
  1	 | 	2	 | 	2,24
  2	 | 	3	 | 	7,00
  2	 | 	4	 | 	5,10
  3	 | 	4	 | 	2,24
___________________________
Simulation Topology [1:196]
___________________________
From 	  To 		Length
___________________________
  0	 | 	1	 | 	3,00
  0	 | 	3	 | 	2,24
  1	 | 	2	 | 	2,24
  2	 | 	3	 | 	7,00
  2	 | 	4	 | 	5,10
  3	 | 	4	 | 	2,24
___________________________
Simulation Topology [1:197]
___________________________
From 	  To 		Length
___________________________
  0	 | 	1	 | 	3,00
  0	 | 	3	 | 	2,24
  1	 | 	2	 | 	2,24
  2	 | 	3	 | 	7,00
  2	 | 	4	 | 	5,10
  3	 | 	4	 | 	2,24
___________________________
Simulation Topology [1:198]
___________________________
From 	  To 		Length
___________________________
  0	 | 	1	 | 	3,00
  0	 | 	3	 | 	2,24
  1	 | 	2	 | 	2,24
  2	 | 	3	 | 	7,00
  2	 | 	4	 | 	5,10
  3	 | 	4	 | 	2,24
___________________________
Simulation Topology [1:199]
___________________________
From 	  To 		Length
___________________________
  0	 | 	1	 | 	3,00
  0	 | 	3	 | 	2,24
  1	 | 	2	 | 	2,24
  2	 | 	3	 | 	7,00
  2	 | 	4	 | 	5,10
  3	 | 	4	 | 	2,24
___________________________
Simulation Topology [1:200]
___________________________
From 	  To 		Length
___________________________
  0	 | 	1	 | 	3,00
  0	 | 	3	 | 	2,24
  1	 | 	2	 | 	2,24
  2	 | 	3	 | 	7,00
  2	 | 	4	 | 	5,10
  3	 | 	4	 | 	2,24
___________________________
Simulation Topology [1:201]
___________________________
From 	  To 		Length
___________________________
  0	 | 	1	 | 	3,00
  0	 | 	3	 | 	2,24
  1	 | 	2	 | 	2,24
  2	 | 	3	 | 	7,00
  2	 | 	4	 | 	5,10
  3	 | 	4	 | 	2,24
___________________________
Simulation Topology [1:202]
___________________________
From 	  To 		Length
___________________________
  0	 | 	1	 | 	3,00
  0	 | 	3	 | 	2,24
  1	 | 	2	 | 	2,24
  2	 | 	3	 | 	7,00
  2	 | 	4	 | 	5,10
  3	 | 	4	 | 	2,24
___________________________
Simulation Topology [1:203]
___________________________
From 	  To 		Length
___________________________
  0	 | 	1	 | 	3,00
  0	 | 	3	 | 	2,24
  1	 | 	2	 | 	2,24
  2	 | 	3	 | 	7,00
  2	 | 	4	 | 	5,10
  3	 | 	4	 | 	2,24
___________________________
Simulation Topology [1:204]
___________________________
From 	  To 		Length
___________________________
  0	 | 	1	 | 	3,00
  0	 | 	3	 | 	2,24
  1	 | 	2	 | 	2,24
  2	 | 	3	 | 	7,00
  2	 | 	4	 | 	5,10
  3	 | 	4	 | 	2,24
___________________________
Simulation Topology [1:205]
___________________________
From 	  To 		Length
___________________________
  0	 | 	1	 | 	3,00
  0	 | 	3	 | 	2,24
  1	 | 	2	 | 	2,24
  2	 | 	3	 | 	7,00
  2	 | 	4	 | 	5,10
  3	 | 	4	 | 	2,24
___________________________
Simulation Topology [1:206]
___________________________
From 	  To 		Length
___________________________
  0	 | 	1	 | 	3,00
  0	 | 	3	 | 	2,24
  1	 | 	2	 | 	2,24
  2	 | 	3	 | 	7,00
  2	 | 	4	 | 	5,10
  3	 | 	4	 | 	2,24
___________________________
Simulation Topology [1:207]
___________________________
From 	  To 		Length
___________________________
  0	 | 	1	 | 	3,00
  0	 | 	3	 | 	2,24
  1	 | 	2	 | 	2,24
  2	 | 	3	 | 	7,00
  2	 | 	4	 | 	5,10
  3	 | 	4	 | 	2,24
___________________________
Simulation Topology [1:208]
___________________________
From 	  To 		Length
___________________________
  0	 | 	1	 | 	3,00
  0	 | 	3	 | 	2,24
  1	 | 	2	 | 	2,24
  2	 | 	3	 | 	7,00
  2	 | 	4	 | 	5,10
  3	 | 	4	 | 	2,24
___________________________
Simulation Topology [1:209]
___________________________
From 	  To 		Length
___________________________
  0	 | 	1	 | 	3,00
  0	 | 	3	 | 	2,24
  1	 | 	2	 | 	2,24
  2	 | 	3	 | 	7,00
  2	 | 	4	 | 	5,10
  3	 | 	4	 | 	2,24
___________________________
Simulation Topology [1:210]
___________________________
From 	  To 		Length
___________________________
  0	 | 	1	 | 	3,00
  0	 | 	3	 | 	2,24
  1	 | 	2	 | 	2,24
  2	 | 	3	 | 	7,00
  2	 | 	4	 | 	5,10
  3	 | 	4	 | 	2,24
___________________________
Simulation Topology [1:211]
___________________________
From 	  To 		Length
___________________________
  0	 | 	1	 | 	3,00
  0	 | 	3	 | 	2,24
  1	 | 	2	 | 	2,24
  2	 | 	3	 | 	7,00
  2	 | 	4	 | 	5,10
  3	 | 	4	 | 	2,24
___________________________
Simulation Topology [1:212]
___________________________
From 	  To 		Length
___________________________
  0	 | 	1	 | 	3,00
  0	 | 	3	 | 	2,24
  1	 | 	2	 | 	2,24
  2	 | 	3	 | 	7,00
  2	 | 	4	 | 	5,10
  3	 | 	4	 | 	2,24
___________________________
Simulation Topology [1:213]
___________________________
From 	  To 		Length
___________________________
  0	 | 	1	 | 	3,00
  0	 | 	3	 | 	2,24
  1	 | 	2	 | 	2,24
  2	 | 	3	 | 	7,00
  2	 | 	4	 | 	5,10
  3	 | 	4	 | 	2,24
___________________________
Simulation Topology [1:214]
___________________________
From 	  To 		Length
___________________________
  0	 | 	1	 | 	3,00
  0	 | 	3	 | 	2,24
  1	 | 	2	 | 	2,24
  2	 | 	3	 | 	7,00
  2	 | 	4	 | 	5,10
  3	 | 	4	 | 	2,24
___________________________
Simulation Topology [1:215]
___________________________
From 	  To 		Length
___________________________
  0	 | 	1	 | 	3,00
  0	 | 	3	 | 	2,24
  1	 | 	2	 | 	2,24
  2	 | 	3	 | 	7,00
  2	 | 	4	 | 	5,10
  3	 | 	4	 | 	2,24
___________________________
Simulation Topology [1:216]
___________________________
From 	  To 		Length
___________________________
  0	 | 	1	 | 	3,00
  0	 | 	3	 | 	2,24
  1	 | 	2	 | 	2,24
  2	 | 	3	 | 	7,00
  2	 | 	4	 | 	5,10
  3	 | 	4	 | 	2,24
___________________________
Simulation Topology [1:217]
___________________________
From 	  To 		Length
___________________________
  0	 | 	1	 | 	3,00
  0	 | 	3	 | 	2,24
  1	 | 	2	 | 	2,24
  2	 | 	3	 | 	7,00
  2	 | 	4	 | 	5,10
  3	 | 	4	 | 	2,24
___________________________
Simulation Topology [1:218]
___________________________
From 	  To 		Length
___________________________
  0	 | 	1	 | 	3,00
  0	 | 	3	 | 	2,24
  1	 | 	2	 | 	2,24
  2	 | 	3	 | 	7,00
  2	 | 	4	 | 	5,10
  3	 | 	4	 | 	2,24
___________________________
Simulation Topology [1:219]
___________________________
From 	  To 		Length
___________________________
  0	 | 	1	 | 	3,00
  0	 | 	3	 | 	2,24
  1	 | 	2	 | 	2,24
  2	 | 	3	 | 	7,00
  2	 | 	4	 | 	5,10
  3	 | 	4	 | 	2,24
___________________________
Simulation Topology [1:220]
___________________________
From 	  To 		Length
___________________________
  0	 | 	1	 | 	3,00
  0	 | 	3	 | 	2,24
  1	 | 	2	 | 	2,24
  2	 | 	3	 | 	7,00
  2	 | 	4	 | 	5,10
  3	 | 	4	 | 	2,24
___________________________
Simulation Topology [1:221]
___________________________
From 	  To 		Length
___________________________
  0	 | 	1	 | 	3,00
  0	 | 	3	 | 	2,24
  1	 | 	2	 | 	2,24
  2	 | 	3	 | 	7,00
  2	 | 	4	 | 	5,10
  3	 | 	4	 | 	2,24
___________________________
Simulation Topology [1:222]
___________________________
From 	  To 		Length
___________________________
  0	 | 	1	 | 	3,00
  0	 | 	3	 | 	2,24
  1	 | 	2	 | 	2,24
  2	 | 	3	 | 	7,00
  2	 | 	4	 | 	5,10
  3	 | 	4	 | 	2,24
___________________________
Simulation Topology [1:223]
___________________________
From 	  To 		Length
___________________________
  0	 | 	1	 | 	3,00
  0	 | 	3	 | 	2,24
  1	 | 	2	 | 	2,24
  2	 | 	3	 | 	7,00
  2	 | 	4	 | 	5,10
  3	 | 	4	 | 	2,24
___________________________
Simulation Topology [1:224]
___________________________
From 	  To 		Length
___________________________
  0	 | 	1	 | 	3,00
  0	 | 	3	 | 	2,24
  1	 | 	2	 | 	2,24
  2	 | 	3	 | 	7,00
  2	 | 	4	 | 	5,10
  3	 | 	4	 | 	2,24
___________________________
Simulation Topology [1:225]
___________________________
From 	  To 		Length
___________________________
  0	 | 	1	 | 	3,00
  0	 | 	3	 | 	2,24
  1	 | 	2	 | 	2,24
  2	 | 	3	 | 	7,00
  2	 | 	4	 | 	5,10
  3	 | 	4	 | 	2,24
___________________________
Simulation Topology [1:226]
___________________________
From 	  To 		Length
___________________________
  0	 | 	1	 | 	3,00
  0	 | 	3	 | 	2,24
  1	 | 	2	 | 	2,24
  2	 | 	3	 | 	7,00
  2	 | 	4	 | 	5,10
  3	 | 	4	 | 	2,24
___________________________
Simulation Topology [1:227]
___________________________
From 	  To 		Length
___________________________
  0	 | 	1	 | 	3,00
  0	 | 	3	 | 	2,24
  1	 | 	2	 | 	2,24
  2	 | 	3	 | 	7,00
  2	 | 	4	 | 	5,10
  3	 | 	4	 | 	2,24
___________________________
Simulation Topology [1:228]
___________________________
From 	  To 		Length
___________________________
  0	 | 	1	 | 	3,00
  0	 | 	3	 | 	2,24
  1	 | 	2	 | 	2,24
  2	 | 	3	 | 	7,00
  2	 | 	4	 | 	5,10
  3	 | 	4	 | 	2,24
___________________________
Simulation Topology [1:229]
___________________________
From 	  To 		Length
___________________________
  0	 | 	1	 | 	3,00
  0	 | 	3	 | 	2,24
  1	 | 	2	 | 	2,24
  2	 | 	3	 | 	7,00
  2	 | 	4	 | 	5,10
  3	 | 	4	 | 	2,24
___________________________
Simulation Topology [1:230]
___________________________
From 	  To 		Length
___________________________
  0	 | 	1	 | 	3,00
  0	 | 	3	 | 	2,24
  1	 | 	2	 | 	2,24
  2	 | 	3	 | 	7,00
  2	 | 	4	 | 	5,10
  3	 | 	4	 | 	2,24
___________________________
Simulation Topology [1:231]
___________________________
From 	  To 		Length
___________________________
  0	 | 	1	 | 	3,00
  0	 | 	3	 | 	2,24
  1	 | 	2	 | 	2,24
  2	 | 	3	 | 	7,00
  2	 | 	4	 | 	5,10
  3	 | 	4	 | 	2,24
___________________________
Simulation Topology [1:232]
___________________________
From 	  To 		Length
___________________________
  0	 | 	1	 | 	3,00
  0	 | 	3	 | 	2,24
  1	 | 	2	 | 	2,24
  2	 | 	3	 | 	7,00
  2	 | 	4	 | 	5,10
  3	 | 	4	 | 	2,24
___________________________
Simulation Topology [1:233]
___________________________
From 	  To 		Length
___________________________
  0	 | 	1	 | 	3,00
  0	 | 	3	 | 	2,24
  1	 | 	2	 | 	2,24
  2	 | 	3	 | 	7,00
  2	 | 	4	 | 	5,10
  3	 | 	4	 | 	2,24
___________________________
Simulation Topology [1:234]
___________________________
From 	  To 		Length
___________________________
  0	 | 	1	 | 	3,00
  0	 | 	3	 | 	2,24
  1	 | 	2	 | 	2,24
  2	 | 	3	 | 	7,00
  2	 | 	4	 | 	5,10
  3	 | 	4	 | 	2,24
___________________________
Simulation Topology [1:235]
___________________________
From 	  To 		Length
___________________________
  0	 | 	1	 | 	3,00
  0	 | 	3	 | 	2,24
  1	 | 	2	 | 	2,24
  2	 | 	3	 | 	7,00
  2	 | 	4	 | 	5,10
  3	 | 	4	 | 	2,24
___________________________
Simulation Topology [1:236]
___________________________
From 	  To 		Length
___________________________
  0	 | 	1	 | 	3,00
  0	 | 	3	 | 	2,24
  1	 | 	2	 | 	2,24
  2	 | 	3	 | 	7,00
  2	 | 	4	 | 	5,10
  3	 | 	4	 | 	2,24
___________________________
Simulation Topology [1:237]
___________________________
From 	  To 		Length
___________________________
  0	 | 	1	 | 	3,00
  0	 | 	3	 | 	2,24
  1	 | 	2	 | 	2,24
  2	 | 	3	 | 	7,00
  2	 | 	4	 | 	5,10
  3	 | 	4	 | 	2,24
___________________________
Simulation Topology [1:238]
___________________________
From 	  To 		Length
___________________________
  0	 | 	1	 | 	3,00
  0	 | 	3	 | 	2,24
  1	 | 	2	 | 	2,24
  2	 | 	3	 | 	7,00
  2	 | 	4	 | 	5,10
  3	 | 	4	 | 	2,24
___________________________
Simulation Topology [1:239]
___________________________
From 	  To 		Length
___________________________
  0	 | 	1	 | 	3,00
  0	 | 	3	 | 	2,24
  1	 | 	2	 | 	2,24
  2	 | 	3	 | 	7,00
  2	 | 	4	 | 	5,10
  3	 | 	4	 | 	2,24
___________________________
Simulation Topology [1:240]
___________________________
From 	  To 		Length
___________________________
  0	 | 	1	 | 	3,00
  0	 | 	3	 | 	2,24
  1	 | 	2	 | 	2,24
  2	 | 	3	 | 	7,00
  2	 | 	4	 | 	5,10
  3	 | 	4	 | 	2,24
___________________________
Simulation Topology [1:241]
___________________________
From 	  To 		Length
___________________________
  0	 | 	1	 | 	3,00
  0	 | 	3	 | 	2,24
  1	 | 	2	 | 	2,24
  2	 | 	3	 | 	7,00
  2	 | 	4	 | 	5,10
  3	 | 	4	 | 	2,24
___________________________
Simulation Topology [1:242]
___________________________
From 	  To 		Length
___________________________
  0	 | 	1	 | 	3,00
  0	 | 	3	 | 	2,24
  1	 | 	2	 | 	2,24
  2	 | 	3	 | 	7,00
  2	 | 	4	 | 	5,10
  3	 | 	4	 | 	2,24
___________________________
Simulation Topology [1:243]
___________________________
From 	  To 		Length
___________________________
  0	 | 	1	 | 	3,00
  0	 | 	3	 | 	2,24
  1	 | 	2	 | 	2,24
  2	 | 	3	 | 	7,00
  2	 | 	4	 | 	5,10
  3	 | 	4	 | 	2,24
___________________________
Simulation Topology [1:244]
___________________________
From 	  To 		Length
___________________________
  0	 | 	1	 | 	3,00
  0	 | 	3	 | 	2,24
  1	 | 	2	 | 	2,24
  2	 | 	3	 | 	7,00
  2	 | 	4	 | 	5,10
  3	 | 	4	 | 	2,24
___________________________
Simulation Topology [1:245]
___________________________
From 	  To 		Length
___________________________
  0	 | 	1	 | 	3,00
  0	 | 	3	 | 	2,24
  1	 | 	2	 | 	2,24
  2	 | 	3	 | 	7,00
  2	 | 	4	 | 	5,10
  3	 | 	4	 | 	2,24
___________________________
Simulation Topology [1:246]
___________________________
From 	  To 		Length
___________________________
  0	 | 	1	 | 	3,00
  0	 | 	3	 | 	2,24
  1	 | 	2	 | 	2,24
  2	 | 	3	 | 	7,00
  2	 | 	4	 | 	5,10
  3	 | 	4	 | 	2,24
___________________________
Simulation Topology [1:247]
___________________________
From 	  To 		Length
___________________________
  0	 | 	1	 | 	3,00
  0	 | 	3	 | 	2,24
  1	 | 	2	 | 	2,24
  2	 | 	3	 | 	7,00
  2	 | 	4	 | 	5,10
  3	 | 	4	 | 	2,24
___________________________
Simulation Topology [1:248]
___________________________
From 	  To 		Length
___________________________
  0	 | 	1	 | 	3,00
  0	 | 	3	 | 	2,24
  1	 | 	2	 | 	2,24
  2	 | 	3	 | 	7,00
  2	 | 	4	 | 	5,10
  3	 | 	4	 | 	2,24
___________________________
Simulation Topology [1:249]
___________________________
From 	  To 		Length
___________________________
  0	 | 	1	 | 	3,00
  0	 | 	3	 | 	2,24
  1	 | 	2	 | 	2,24
  2	 | 	3	 | 	7,00
  2	 | 	4	 | 	5,10
  3	 | 	4	 | 	2,24
___________________________
Simulation Topology [1:250]
___________________________
From 	  To 		Length
___________________________
  0	 | 	1	 | 	3,00
  0	 | 	3	 | 	2,24
  1	 | 	2	 | 	2,24
  2	 | 	3	 | 	7,00
  2	 | 	4	 | 	5,10
  3	 | 	4	 | 	2,24
___________________________
Simulation Topology [1:251]
___________________________
From 	  To 		Length
___________________________
  0	 | 	1	 | 	3,00
  0	 | 	3	 | 	2,24
  1	 | 	2	 | 	2,24
  2	 | 	3	 | 	7,00
  2	 | 	4	 | 	5,10
  3	 | 	4	 | 	2,24
___________________________
Simulation Topology [1:252]
___________________________
From 	  To 		Length
___________________________
  0	 | 	1	 | 	3,00
  0	 | 	3	 | 	2,24
  1	 | 	2	 | 	2,24
  2	 | 	3	 | 	7,00
  2	 | 	4	 | 	5,10
  3	 | 	4	 | 	2,24
___________________________
Simulation Topology [1:253]
___________________________
From 	  To 		Length
___________________________
  0	 | 	1	 | 	3,00
  0	 | 	3	 | 	2,24
  1	 | 	2	 | 	2,24
  2	 | 	3	 | 	7,00
  2	 | 	4	 | 	5,10
  3	 | 	4	 | 	2,24
___________________________
Simulation Topology [1:254]
___________________________
From 	  To 		Length
___________________________
  0	 | 	1	 | 	3,00
  0	 | 	3	 | 	2,24
  1	 | 	2	 | 	2,24
  2	 | 	3	 | 	7,00
  2	 | 	4	 | 	5,10
  3	 | 	4	 | 	2,24
___________________________
Simulation Topology [1:255]
___________________________
From 	  To 		Length
___________________________
  0	 | 	1	 | 	3,00
  0	 | 	3	 | 	2,24
  1	 | 	2	 | 	2,24
  2	 | 	3	 | 	7,00
  2	 | 	4	 | 	5,10
  3	 | 	4	 | 	2,24
___________________________
Simulation Topology [1:256]
___________________________
From 	  To 		Length
___________________________
  0	 | 	1	 | 	3,00
  0	 | 	3	 | 	2,24
  1	 | 	2	 | 	2,24
  2	 | 	3	 | 	7,00
  2	 | 	4	 | 	5,10
  3	 | 	4	 | 	2,24
___________________________
Simulation Topology [1:257]
___________________________
From 	  To 		Length
___________________________
  0	 | 	1	 | 	3,00
  0	 | 	3	 | 	2,24
  1	 | 	2	 | 	2,24
  2	 | 	3	 | 	7,00
  2	 | 	4	 | 	5,10
  3	 | 	4	 | 	2,24
___________________________
Simulation Topology [1:258]
___________________________
From 	  To 		Length
___________________________
  0	 | 	1	 | 	3,00
  0	 | 	3	 | 	2,24
  1	 | 	2	 | 	2,24
  2	 | 	3	 | 	7,00
  2	 | 	4	 | 	5,10
  3	 | 	4	 | 	2,24
___________________________
Simulation Topology [1:259]
___________________________
From 	  To 		Length
___________________________
  0	 | 	1	 | 	3,00
  0	 | 	3	 | 	2,24
  1	 | 	2	 | 	2,24
  2	 | 	3	 | 	7,00
  2	 | 	4	 | 	5,10
  3	 | 	4	 | 	2,24
___________________________
Simulation Topology [1:260]
___________________________
From 	  To 		Length
___________________________
  0	 | 	1	 | 	3,00
  0	 | 	3	 | 	2,24
  1	 | 	2	 | 	2,24
  2	 | 	3	 | 	7,00
  2	 | 	4	 | 	5,10
  3	 | 	4	 | 	2,24
___________________________
Simulation Topology [1:261]
___________________________
From 	  To 		Length
___________________________
  0	 | 	1	 | 	3,00
  0	 | 	3	 | 	2,24
  1	 | 	2	 | 	2,24
  2	 | 	3	 | 	7,00
  2	 | 	4	 | 	5,10
  3	 | 	4	 | 	2,24
___________________________
Simulation Topology [1:262]
___________________________
From 	  To 		Length
___________________________
  0	 | 	1	 | 	3,00
  0	 | 	3	 | 	2,24
  1	 | 	2	 | 	2,24
  2	 | 	3	 | 	7,00
  2	 | 	4	 | 	5,10
  3	 | 	4	 | 	2,24
___________________________
Simulation Topology [1:263]
___________________________
From 	  To 		Length
___________________________
  0	 | 	1	 | 	3,00
  0	 | 	3	 | 	2,24
  1	 | 	2	 | 	2,24
  2	 | 	3	 | 	7,00
  2	 | 	4	 | 	5,10
  3	 | 	4	 | 	2,24
___________________________
