Simulation Topology 1
___________________________
[5]				[0]		
[1]				[0]		
[7]				[1]		
[3]				[1]		
[5]				[2]		
___________________________
Simulation Topology [1:0]
___________________________
From 	  To 		Length
___________________________
  0	 | 	1	 | 	4,00
  0	 | 	4	 | 	2,00
  1	 | 	2	 | 	6,08
  1	 | 	3	 | 	2,24
  2	 | 	3	 | 	4,00
  2	 | 	4	 | 	2,24
  3	 | 	4	 | 	2,24
___________________________
Simulation Topology [1:1]
___________________________
From 	  To 		Length
___________________________
  0	 | 	1	 | 	4,00
  0	 | 	4	 | 	2,00
  1	 | 	2	 | 	6,08
  1	 | 	3	 | 	2,24
  2	 | 	3	 | 	4,00
  2	 | 	4	 | 	2,24
  3	 | 	4	 | 	2,24
  0	 | 	3	 | 	2,24
___________________________
