Simulation Topology 1
___________________________
[6]				[6]		
[6]				[8]		
[6]				[10]		
[6]				[12]		
[6]				[14]		
[6]				[16]		
[6]				[18]		
[16]				[0]		
[16]				[2]		
[16]				[4]		
___________________________
Simulation Topology [1:0]
___________________________
From 	  To 		Length
___________________________
  0	 | 	6	 | 	12,00
  0	 | 	8	 | 	10,77
  1	 | 	2	 | 	2,00
  1	 | 	4	 | 	6,00
  1	 | 	7	 | 	12,81
  1	 | 	9	 | 	10,77
  2	 | 	5	 | 	6,00
  3	 | 	4	 | 	2,00
  3	 | 	7	 | 	15,62
  3	 | 	8	 | 	14,14
  4	 | 	7	 | 	17,20
  5	 | 	6	 | 	2,00
  6	 | 	9	 | 	17,20
___________________________
Simulation Topology [1:1]
___________________________
From 	  To 		Length
___________________________
  0	 | 	6	 | 	12,00
  0	 | 	8	 | 	10,77
  1	 | 	2	 | 	2,00
  1	 | 	4	 | 	6,00
  1	 | 	7	 | 	12,81
  1	 | 	9	 | 	10,77
  2	 | 	5	 | 	6,00
  3	 | 	4	 | 	2,00
  3	 | 	7	 | 	15,62
  3	 | 	8	 | 	14,14
  4	 | 	7	 | 	17,20
  5	 | 	6	 | 	2,00
  6	 | 	9	 | 	17,20
  2	 | 	6	 | 	8,00
___________________________
Simulation Topology [1:2]
___________________________
From 	  To 		Length
___________________________
  0	 | 	6	 | 	12,00
  0	 | 	8	 | 	10,77
  1	 | 	2	 | 	2,00
  1	 | 	4	 | 	6,00
  1	 | 	7	 | 	12,81
  1	 | 	9	 | 	10,77
  2	 | 	5	 | 	6,00
  3	 | 	4	 | 	2,00
  3	 | 	7	 | 	15,62
  3	 | 	8	 | 	14,14
  4	 | 	7	 | 	17,20
  5	 | 	6	 | 	2,00
  6	 | 	9	 | 	17,20
  2	 | 	6	 | 	8,00
  4	 | 	5	 | 	2,00
___________________________
Simulation Topology [1:3]
___________________________
From 	  To 		Length
___________________________
  0	 | 	6	 | 	12,00
  0	 | 	8	 | 	10,77
  1	 | 	2	 | 	2,00
  1	 | 	4	 | 	6,00
  1	 | 	7	 | 	12,81
  1	 | 	9	 | 	10,77
  2	 | 	5	 | 	6,00
  3	 | 	4	 | 	2,00
  3	 | 	7	 | 	15,62
  3	 | 	8	 | 	14,14
  4	 | 	7	 | 	17,20
  5	 | 	6	 | 	2,00
  6	 | 	9	 | 	17,20
  2	 | 	6	 | 	8,00
  4	 | 	5	 | 	2,00
  2	 | 	3	 | 	2,00
___________________________
Simulation Topology [1:4]
___________________________
From 	  To 		Length
___________________________
  0	 | 	6	 | 	12,00
  0	 | 	8	 | 	10,77
  1	 | 	2	 | 	2,00
  1	 | 	4	 | 	6,00
  1	 | 	7	 | 	12,81
  1	 | 	9	 | 	10,77
  2	 | 	5	 | 	6,00
  3	 | 	4	 | 	2,00
  3	 | 	7	 | 	15,62
  3	 | 	8	 | 	14,14
  4	 | 	7	 | 	17,20
  5	 | 	6	 | 	2,00
  6	 | 	9	 | 	17,20
  2	 | 	6	 | 	8,00
  4	 | 	5	 | 	2,00
  2	 | 	3	 | 	2,00
  8	 | 	9	 | 	2,00
___________________________
Simulation Topology [1:5]
___________________________
From 	  To 		Length
___________________________
  0	 | 	6	 | 	12,00
  0	 | 	8	 | 	10,77
  1	 | 	2	 | 	2,00
  1	 | 	4	 | 	6,00
  1	 | 	7	 | 	12,81
  1	 | 	9	 | 	10,77
  2	 | 	5	 | 	6,00
  3	 | 	4	 | 	2,00
  3	 | 	7	 | 	15,62
  3	 | 	8	 | 	14,14
  4	 | 	7	 | 	17,20
  5	 | 	6	 | 	2,00
  6	 | 	9	 | 	17,20
  2	 | 	6	 | 	8,00
  4	 | 	5	 | 	2,00
  2	 | 	3	 | 	2,00
  8	 | 	9	 | 	2,00
  7	 | 	8	 | 	2,00
___________________________
Simulation Topology [1:6]
___________________________
From 	  To 		Length
___________________________
  0	 | 	6	 | 	12,00
  0	 | 	8	 | 	10,77
  1	 | 	2	 | 	2,00
  1	 | 	4	 | 	6,00
  1	 | 	7	 | 	12,81
  1	 | 	9	 | 	10,77
  2	 | 	5	 | 	6,00
  3	 | 	4	 | 	2,00
  3	 | 	7	 | 	15,62
  3	 | 	8	 | 	14,14
  4	 | 	7	 | 	17,20
  5	 | 	6	 | 	2,00
  6	 | 	9	 | 	17,20
  2	 | 	6	 | 	8,00
  4	 | 	5	 | 	2,00
  2	 | 	3	 | 	2,00
  8	 | 	9	 | 	2,00
  7	 | 	8	 | 	2,00
  0	 | 	9	 | 	10,20
___________________________
Simulation Topology [1:7]
___________________________
From 	  To 		Length
___________________________
  0	 | 	6	 | 	12,00
  0	 | 	8	 | 	10,77
  1	 | 	2	 | 	2,00
  1	 | 	4	 | 	6,00
  1	 | 	7	 | 	12,81
  1	 | 	9	 | 	10,77
  2	 | 	5	 | 	6,00
  3	 | 	4	 | 	2,00
  3	 | 	7	 | 	15,62
  3	 | 	8	 | 	14,14
  4	 | 	7	 | 	17,20
  5	 | 	6	 | 	2,00
  6	 | 	9	 | 	17,20
  2	 | 	6	 | 	8,00
  4	 | 	5	 | 	2,00
  2	 | 	3	 | 	2,00
  8	 | 	9	 | 	2,00
  7	 | 	8	 | 	2,00
  0	 | 	9	 | 	10,20
  0	 | 	5	 | 	10,00
___________________________
