Simulation Topology 1
___________________________
[4]				[1]		
[7]				[3]		
[4]				[5]		
[4]				[7]		
[4]				[9]		
[4]				[11]		
[14]				[13]		
[18]				[14]		
[18]				[16]		
[18]				[18]		
___________________________
Simulation Topology [1:0]
___________________________
From 	  To 		Length
___________________________
  0	 | 	4	 | 	8,00
  0	 | 	7	 | 	19,10
  1	 | 	4	 | 	6,71
  1	 | 	5	 | 	8,54
  2	 | 	3	 | 	2,00
  2	 | 	5	 | 	6,00
  2	 | 	6	 | 	12,81
  2	 | 	8	 | 	17,80
  3	 | 	7	 | 	15,65
  3	 | 	9	 | 	17,80
  5	 | 	6	 | 	10,20
  5	 | 	7	 | 	14,32
  8	 | 	9	 | 	2,00
___________________________
Simulation Topology [1:1]
___________________________
From 	  To 		Length
___________________________
  0	 | 	4	 | 	8,00
  0	 | 	7	 | 	19,10
  1	 | 	4	 | 	6,71
  1	 | 	5	 | 	8,54
  2	 | 	3	 | 	2,00
  2	 | 	5	 | 	6,00
  2	 | 	6	 | 	12,81
  2	 | 	8	 | 	17,80
  3	 | 	7	 | 	15,65
  3	 | 	9	 | 	17,80
  5	 | 	6	 | 	10,20
  5	 | 	7	 | 	14,32
  8	 | 	9	 | 	2,00
  7	 | 	9	 | 	4,00
___________________________
Simulation Topology [1:2]
___________________________
From 	  To 		Length
___________________________
  0	 | 	4	 | 	8,00
  0	 | 	7	 | 	19,10
  1	 | 	4	 | 	6,71
  1	 | 	5	 | 	8,54
  2	 | 	3	 | 	2,00
  2	 | 	5	 | 	6,00
  2	 | 	6	 | 	12,81
  2	 | 	8	 | 	17,80
  3	 | 	7	 | 	15,65
  3	 | 	9	 | 	17,80
  5	 | 	6	 | 	10,20
  5	 | 	7	 | 	14,32
  8	 | 	9	 | 	2,00
  7	 | 	9	 | 	4,00
  0	 | 	3	 | 	6,00
___________________________
Simulation Topology [1:3]
___________________________
From 	  To 		Length
___________________________
  0	 | 	4	 | 	8,00
  0	 | 	7	 | 	19,10
  1	 | 	4	 | 	6,71
  1	 | 	5	 | 	8,54
  2	 | 	3	 | 	2,00
  2	 | 	5	 | 	6,00
  2	 | 	6	 | 	12,81
  2	 | 	8	 | 	17,80
  3	 | 	7	 | 	15,65
  3	 | 	9	 | 	17,80
  5	 | 	6	 | 	10,20
  5	 | 	7	 | 	14,32
  8	 | 	9	 | 	2,00
  7	 | 	9	 | 	4,00
  0	 | 	3	 | 	6,00
  6	 | 	9	 | 	6,40
___________________________
Simulation Topology [1:4]
___________________________
From 	  To 		Length
___________________________
  0	 | 	4	 | 	8,00
  0	 | 	7	 | 	19,10
  1	 | 	4	 | 	6,71
  1	 | 	5	 | 	8,54
  2	 | 	3	 | 	2,00
  2	 | 	5	 | 	6,00
  2	 | 	6	 | 	12,81
  2	 | 	8	 | 	17,80
  3	 | 	7	 | 	15,65
  3	 | 	9	 | 	17,80
  5	 | 	6	 | 	10,20
  5	 | 	7	 | 	14,32
  8	 | 	9	 | 	2,00
  7	 | 	9	 | 	4,00
  0	 | 	3	 | 	6,00
  6	 | 	9	 | 	6,40
  0	 | 	1	 | 	3,61
___________________________
Simulation Topology [1:5]
___________________________
From 	  To 		Length
___________________________
  0	 | 	4	 | 	8,00
  0	 | 	7	 | 	19,10
  1	 | 	4	 | 	6,71
  1	 | 	5	 | 	8,54
  2	 | 	3	 | 	2,00
  2	 | 	5	 | 	6,00
  2	 | 	6	 | 	12,81
  2	 | 	8	 | 	17,80
  3	 | 	7	 | 	15,65
  3	 | 	9	 | 	17,80
  5	 | 	6	 | 	10,20
  5	 | 	7	 | 	14,32
  8	 | 	9	 | 	2,00
  7	 | 	9	 | 	4,00
  0	 | 	3	 | 	6,00
  6	 | 	9	 | 	6,40
  0	 | 	1	 | 	3,61
  6	 | 	8	 | 	5,00
___________________________
Simulation Topology [1:6]
___________________________
From 	  To 		Length
___________________________
  0	 | 	4	 | 	8,00
  0	 | 	7	 | 	19,10
  1	 | 	4	 | 	6,71
  1	 | 	5	 | 	8,54
  2	 | 	3	 | 	2,00
  2	 | 	5	 | 	6,00
  2	 | 	6	 | 	12,81
  2	 | 	8	 | 	17,80
  3	 | 	7	 | 	15,65
  3	 | 	9	 | 	17,80
  5	 | 	6	 | 	10,20
  5	 | 	7	 | 	14,32
  8	 | 	9	 | 	2,00
  7	 | 	9	 | 	4,00
  0	 | 	3	 | 	6,00
  6	 | 	9	 | 	6,40
  0	 | 	1	 | 	3,61
  6	 | 	8	 | 	5,00
  4	 | 	8	 | 	15,65
___________________________
Simulation Topology [1:7]
___________________________
From 	  To 		Length
___________________________
  0	 | 	4	 | 	8,00
  0	 | 	7	 | 	19,10
  1	 | 	4	 | 	6,71
  1	 | 	5	 | 	8,54
  2	 | 	3	 | 	2,00
  2	 | 	5	 | 	6,00
  2	 | 	6	 | 	12,81
  2	 | 	8	 | 	17,80
  3	 | 	7	 | 	15,65
  3	 | 	9	 | 	17,80
  5	 | 	6	 | 	10,20
  5	 | 	7	 | 	14,32
  8	 | 	9	 | 	2,00
  7	 | 	9	 | 	4,00
  0	 | 	3	 | 	6,00
  6	 | 	9	 | 	6,40
  0	 | 	1	 | 	3,61
  6	 | 	8	 | 	5,00
  4	 | 	8	 | 	15,65
  1	 | 	3	 | 	5,00
___________________________
