[1]				[0]		
[9]				[0]		
[1]				[2]		
[9]				[2]		
[1]				[4]		
[9]				[5]		
[7]				[7]		
[3]				[6]		
[3]				[8]		
[8]				[9]		
___________________________
Simulation Topology [1:1]
___________________________
From 	  To 		Length
___________________________
  0	 | 	1	 | 	8,00
  0	 | 	3	 | 	8,25
  0	 | 	5	 | 	9,43
  0	 | 	7	 | 	6,32
  1	 | 	4	 | 	8,94
  2	 | 	3	 | 	8,00
  2	 | 	7	 | 	4,47
  3	 | 	9	 | 	7,07
  4	 | 	5	 | 	8,06
  6	 | 	7	 | 	4,12
  6	 | 	8	 | 	4,12
  7	 | 	9	 | 	5,83
  8	 | 	9	 | 	5,10
___________________________
Simulation Topology [1:2]
___________________________
From 	  To 		Length
___________________________
  0	 | 	1	 | 	8,00
  0	 | 	3	 | 	8,25
  0	 | 	5	 | 	9,43
  0	 | 	7	 | 	6,32
  1	 | 	4	 | 	8,94
  2	 | 	3	 | 	8,00
  2	 | 	7	 | 	4,47
  3	 | 	9	 | 	7,07
  4	 | 	5	 | 	8,06
  6	 | 	7	 | 	4,12
  6	 | 	8	 | 	4,12
  7	 | 	9	 | 	5,83
  8	 | 	9	 | 	5,10
  2	 | 	4	 | 	2,00
___________________________
Simulation Topology [1:3]
___________________________
From 	  To 		Length
___________________________
  0	 | 	1	 | 	8,00
  0	 | 	3	 | 	8,25
  0	 | 	5	 | 	9,43
  0	 | 	7	 | 	6,32
  1	 | 	4	 | 	8,94
  2	 | 	3	 | 	8,00
  2	 | 	7	 | 	4,47
  3	 | 	9	 | 	7,07
  4	 | 	5	 | 	8,06
  6	 | 	7	 | 	4,12
  6	 | 	8	 | 	4,12
  7	 | 	9	 | 	5,83
  8	 | 	9	 | 	5,10
  2	 | 	4	 | 	2,00
  3	 | 	6	 | 	5,39
___________________________
Simulation Topology [1:4]
___________________________
From 	  To 		Length
___________________________
  0	 | 	1	 | 	8,00
  0	 | 	3	 | 	8,25
  0	 | 	5	 | 	9,43
  0	 | 	7	 | 	6,32
  1	 | 	4	 | 	8,94
  2	 | 	3	 | 	8,00
  2	 | 	7	 | 	4,47
  3	 | 	9	 | 	7,07
  4	 | 	5	 | 	8,06
  6	 | 	7	 | 	4,12
  6	 | 	8	 | 	4,12
  7	 | 	9	 | 	5,83
  8	 | 	9	 | 	5,10
  2	 | 	4	 | 	2,00
  3	 | 	6	 | 	5,39
  5	 | 	6	 | 	2,83
___________________________
Simulation Topology [1:5]
___________________________
From 	  To 		Length
___________________________
  0	 | 	1	 | 	8,00
  0	 | 	3	 | 	8,25
  0	 | 	5	 | 	9,43
  0	 | 	7	 | 	6,32
  1	 | 	4	 | 	8,94
  2	 | 	3	 | 	8,00
  2	 | 	7	 | 	4,47
  3	 | 	9	 | 	7,07
  4	 | 	5	 | 	8,06
  6	 | 	7	 | 	4,12
  6	 | 	8	 | 	4,12
  7	 | 	9	 | 	5,83
  8	 | 	9	 | 	5,10
  2	 | 	4	 | 	2,00
  3	 | 	6	 | 	5,39
  5	 | 	6	 | 	2,83
  4	 | 	9	 | 	8,60
___________________________
Simulation Topology [1:6]
___________________________
From 	  To 		Length
___________________________
  0	 | 	1	 | 	8,00
  0	 | 	3	 | 	8,25
  0	 | 	5	 | 	9,43
  0	 | 	7	 | 	6,32
  1	 | 	4	 | 	8,94
  2	 | 	3	 | 	8,00
  2	 | 	7	 | 	4,47
  3	 | 	9	 | 	7,07
  4	 | 	5	 | 	8,06
  6	 | 	7	 | 	4,12
  6	 | 	8	 | 	4,12
  7	 | 	9	 | 	5,83
  8	 | 	9	 | 	5,10
  2	 | 	4	 | 	2,00
  3	 | 	6	 | 	5,39
  5	 | 	6	 | 	2,83
  4	 | 	9	 | 	8,60
  5	 | 	8	 | 	6,71
___________________________
Simulation Topology [1:7]
___________________________
From 	  To 		Length
___________________________
  0	 | 	1	 | 	8,00
  0	 | 	3	 | 	8,25
  0	 | 	5	 | 	9,43
  0	 | 	7	 | 	6,32
  1	 | 	4	 | 	8,94
  2	 | 	3	 | 	8,00
  2	 | 	7	 | 	4,47
  3	 | 	9	 | 	7,07
  4	 | 	5	 | 	8,06
  6	 | 	7	 | 	4,12
  6	 | 	8	 | 	4,12
  7	 | 	9	 | 	5,83
  8	 | 	9	 | 	5,10
  2	 | 	4	 | 	2,00
  3	 | 	6	 | 	5,39
  5	 | 	6	 | 	2,83
  4	 | 	9	 | 	8,60
  5	 | 	8	 | 	6,71
  1	 | 	8	 | 	10,00
___________________________
Simulation Topology [1:8]
___________________________
From 	  To 		Length
___________________________
  0	 | 	1	 | 	8,00
  0	 | 	3	 | 	8,25
  0	 | 	5	 | 	9,43
  0	 | 	7	 | 	6,32
  1	 | 	4	 | 	8,94
  2	 | 	3	 | 	8,00
  2	 | 	7	 | 	4,47
  3	 | 	9	 | 	7,07
  4	 | 	5	 | 	8,06
  6	 | 	7	 | 	4,12
  6	 | 	8	 | 	4,12
  7	 | 	9	 | 	5,83
  8	 | 	9	 | 	5,10
  2	 | 	4	 | 	2,00
  3	 | 	6	 | 	5,39
  5	 | 	6	 | 	2,83
  4	 | 	9	 | 	8,60
  5	 | 	8	 | 	6,71
  1	 | 	8	 | 	10,00
  1	 | 	2	 | 	8,25
___________________________
