[1]				[1]		
[8]				[1]		
[7]				[3]		
[3]				[2]		
[1]				[5]		
[8]				[5]		
[1]				[7]		
[8]				[7]		
[1]				[9]		
[8]				[9]		
___________________________
Simulation Topology [1:2]
___________________________
From 	  To 		Length
___________________________
  0	 | 	1	 | 	7,00
  0	 | 	5	 | 	8,06
  0	 | 	6	 | 	6,00
  1	 | 	2	 | 	2,24
  1	 | 	5	 | 	4,00
  1	 | 	6	 | 	9,22
  2	 | 	3	 | 	4,12
  2	 | 	8	 | 	8,49
  3	 | 	5	 | 	5,83
  3	 | 	9	 | 	8,60
  4	 | 	5	 | 	7,00
  4	 | 	7	 | 	7,28
  6	 | 	7	 | 	7,00
  8	 | 	9	 | 	7,00
___________________________
Simulation Topology [1:3]
___________________________
From 	  To 		Length
___________________________
  0	 | 	1	 | 	7,00
  0	 | 	5	 | 	8,06
  0	 | 	6	 | 	6,00
  1	 | 	2	 | 	2,24
  1	 | 	5	 | 	4,00
  1	 | 	6	 | 	9,22
  2	 | 	3	 | 	4,12
  2	 | 	8	 | 	8,49
  3	 | 	5	 | 	5,83
  3	 | 	9	 | 	8,60
  4	 | 	5	 | 	7,00
  4	 | 	7	 | 	7,28
  6	 | 	7	 | 	7,00
  8	 | 	9	 | 	7,00
  7	 | 	9	 | 	2,00
___________________________
Simulation Topology [1:4]
___________________________
From 	  To 		Length
___________________________
  0	 | 	1	 | 	7,00
  0	 | 	5	 | 	8,06
  0	 | 	6	 | 	6,00
  1	 | 	2	 | 	2,24
  1	 | 	5	 | 	4,00
  1	 | 	6	 | 	9,22
  2	 | 	3	 | 	4,12
  2	 | 	8	 | 	8,49
  3	 | 	5	 | 	5,83
  3	 | 	9	 | 	8,60
  4	 | 	5	 | 	7,00
  4	 | 	7	 | 	7,28
  6	 | 	7	 | 	7,00
  8	 | 	9	 | 	7,00
  7	 | 	9	 | 	2,00
  2	 | 	9	 | 	6,08
___________________________
Simulation Topology [1:5]
___________________________
From 	  To 		Length
___________________________
  0	 | 	1	 | 	7,00
  0	 | 	5	 | 	8,06
  0	 | 	6	 | 	6,00
  1	 | 	2	 | 	2,24
  1	 | 	5	 | 	4,00
  1	 | 	6	 | 	9,22
  2	 | 	3	 | 	4,12
  2	 | 	8	 | 	8,49
  3	 | 	5	 | 	5,83
  3	 | 	9	 | 	8,60
  4	 | 	5	 | 	7,00
  4	 | 	7	 | 	7,28
  6	 | 	7	 | 	7,00
  8	 | 	9	 | 	7,00
  7	 | 	9	 | 	2,00
  2	 | 	9	 | 	6,08
  4	 | 	6	 | 	2,00
___________________________
Simulation Topology [1:6]
___________________________
From 	  To 		Length
___________________________
  0	 | 	1	 | 	7,00
  0	 | 	5	 | 	8,06
  0	 | 	6	 | 	6,00
  1	 | 	2	 | 	2,24
  1	 | 	5	 | 	4,00
  1	 | 	6	 | 	9,22
  2	 | 	3	 | 	4,12
  2	 | 	8	 | 	8,49
  3	 | 	5	 | 	5,83
  3	 | 	9	 | 	8,60
  4	 | 	5	 | 	7,00
  4	 | 	7	 | 	7,28
  6	 | 	7	 | 	7,00
  8	 | 	9	 | 	7,00
  7	 | 	9	 | 	2,00
  2	 | 	9	 | 	6,08
  4	 | 	6	 | 	2,00
  0	 | 	4	 | 	4,00
___________________________
Simulation Topology [1:7]
___________________________
From 	  To 		Length
___________________________
  0	 | 	1	 | 	7,00
  0	 | 	5	 | 	8,06
  0	 | 	6	 | 	6,00
  1	 | 	2	 | 	2,24
  1	 | 	5	 | 	4,00
  1	 | 	6	 | 	9,22
  2	 | 	3	 | 	4,12
  2	 | 	8	 | 	8,49
  3	 | 	5	 | 	5,83
  3	 | 	9	 | 	8,60
  4	 | 	5	 | 	7,00
  4	 | 	7	 | 	7,28
  6	 | 	7	 | 	7,00
  8	 | 	9	 | 	7,00
  7	 | 	9	 | 	2,00
  2	 | 	9	 | 	6,08
  4	 | 	6	 | 	2,00
  0	 | 	4	 | 	4,00
  3	 | 	7	 | 	7,07
___________________________
Simulation Topology [1:8]
___________________________
From 	  To 		Length
___________________________
  0	 | 	1	 | 	7,00
  0	 | 	5	 | 	8,06
  0	 | 	6	 | 	6,00
  1	 | 	2	 | 	2,24
  1	 | 	5	 | 	4,00
  1	 | 	6	 | 	9,22
  2	 | 	3	 | 	4,12
  2	 | 	8	 | 	8,49
  3	 | 	5	 | 	5,83
  3	 | 	9	 | 	8,60
  4	 | 	5	 | 	7,00
  4	 | 	7	 | 	7,28
  6	 | 	7	 | 	7,00
  8	 | 	9	 | 	7,00
  7	 | 	9	 | 	2,00
  2	 | 	9	 | 	6,08
  4	 | 	6	 | 	2,00
  0	 | 	4	 | 	4,00
  3	 | 	7	 | 	7,07
  4	 | 	8	 | 	4,00
___________________________
