[5]				[2]		
[3]				[5]		
[5]				[8]		
[5]				[11]		
[5]				[14]		
[5]				[17]		
[5]				[20]		
[5]				[23]		
[5]				[26]		
[5]				[29]		
[15]				[2]		
[15]				[5]		
[15]				[8]		
[15]				[11]		
[15]				[14]		
___________________________
Simulation Topology [1:8]
___________________________
From 	  To 		Length
___________________________
  0	 | 	1	 | 	3,61
  0	 | 	10	 | 	10,00
  0	 | 	14	 | 	15,62
  1	 | 	13	 | 	13,42
  2	 | 	3	 | 	3,00
  2	 | 	4	 | 	6,00
  2	 | 	5	 | 	9,00
  2	 | 	14	 | 	11,66
  3	 | 	5	 | 	6,00
  3	 | 	6	 | 	9,00
  3	 | 	14	 | 	10,44
  4	 | 	12	 | 	11,66
  5	 | 	8	 | 	9,00
  5	 | 	9	 | 	12,00
  6	 | 	11	 | 	18,03
  7	 | 	9	 | 	6,00
  7	 | 	12	 | 	18,03
  8	 | 	13	 | 	18,03
  9	 | 	10	 | 	28,79
  10	 | 	11	 | 	3,00
___________________________
Simulation Topology [1:9]
___________________________
From 	  To 		Length
___________________________
  0	 | 	1	 | 	3,61
  0	 | 	10	 | 	10,00
  0	 | 	14	 | 	15,62
  1	 | 	13	 | 	13,42
  2	 | 	3	 | 	3,00
  2	 | 	4	 | 	6,00
  2	 | 	5	 | 	9,00
  2	 | 	14	 | 	11,66
  3	 | 	5	 | 	6,00
  3	 | 	6	 | 	9,00
  3	 | 	14	 | 	10,44
  4	 | 	12	 | 	11,66
  5	 | 	8	 | 	9,00
  5	 | 	9	 | 	12,00
  6	 | 	11	 | 	18,03
  7	 | 	9	 | 	6,00
  7	 | 	12	 | 	18,03
  8	 | 	13	 | 	18,03
  9	 | 	10	 | 	28,79
  10	 | 	11	 | 	3,00
___________________________
Simulation Topology [1:10]
___________________________
From 	  To 		Length
___________________________
  0	 | 	1	 | 	3,61
  0	 | 	10	 | 	10,00
  0	 | 	14	 | 	15,62
  1	 | 	13	 | 	13,42
  2	 | 	3	 | 	3,00
  2	 | 	4	 | 	6,00
  2	 | 	5	 | 	9,00
  2	 | 	14	 | 	11,66
  3	 | 	5	 | 	6,00
  3	 | 	6	 | 	9,00
  3	 | 	14	 | 	10,44
  4	 | 	12	 | 	11,66
  5	 | 	8	 | 	9,00
  5	 | 	9	 | 	12,00
  6	 | 	11	 | 	18,03
  7	 | 	9	 | 	6,00
  7	 | 	12	 | 	18,03
  8	 | 	13	 | 	18,03
  9	 | 	10	 | 	28,79
  10	 | 	11	 | 	3,00
___________________________
Simulation Topology [1:11]
___________________________
From 	  To 		Length
___________________________
  0	 | 	1	 | 	3,61
  0	 | 	10	 | 	10,00
  0	 | 	14	 | 	15,62
  1	 | 	13	 | 	13,42
  2	 | 	3	 | 	3,00
  2	 | 	4	 | 	6,00
  2	 | 	5	 | 	9,00
  2	 | 	14	 | 	11,66
  3	 | 	5	 | 	6,00
  3	 | 	6	 | 	9,00
  3	 | 	14	 | 	10,44
  4	 | 	12	 | 	11,66
  5	 | 	8	 | 	9,00
  5	 | 	9	 | 	12,00
  6	 | 	11	 | 	18,03
  7	 | 	9	 | 	6,00
  7	 | 	12	 | 	18,03
  8	 | 	13	 | 	18,03
  9	 | 	10	 | 	28,79
  10	 | 	11	 | 	3,00
___________________________
Simulation Topology [1:12]
___________________________
From 	  To 		Length
___________________________
  0	 | 	1	 | 	3,61
  0	 | 	10	 | 	10,00
  0	 | 	14	 | 	15,62
  1	 | 	13	 | 	13,42
  2	 | 	3	 | 	3,00
  2	 | 	4	 | 	6,00
  2	 | 	5	 | 	9,00
  2	 | 	14	 | 	11,66
  3	 | 	5	 | 	6,00
  3	 | 	6	 | 	9,00
  3	 | 	14	 | 	10,44
  4	 | 	12	 | 	11,66
  5	 | 	8	 | 	9,00
  5	 | 	9	 | 	12,00
  6	 | 	11	 | 	18,03
  7	 | 	9	 | 	6,00
  7	 | 	12	 | 	18,03
  8	 | 	13	 | 	18,03
  9	 | 	10	 | 	28,79
  10	 | 	11	 | 	3,00
___________________________
Simulation Topology [1:13]
___________________________
From 	  To 		Length
___________________________
  0	 | 	1	 | 	3,61
  0	 | 	10	 | 	10,00
  0	 | 	14	 | 	15,62
  1	 | 	13	 | 	13,42
  2	 | 	3	 | 	3,00
  2	 | 	4	 | 	6,00
  2	 | 	5	 | 	9,00
  2	 | 	14	 | 	11,66
  3	 | 	5	 | 	6,00
  3	 | 	6	 | 	9,00
  3	 | 	14	 | 	10,44
  4	 | 	12	 | 	11,66
  5	 | 	8	 | 	9,00
  5	 | 	9	 | 	12,00
  6	 | 	11	 | 	18,03
  7	 | 	9	 | 	6,00
  7	 | 	12	 | 	18,03
  8	 | 	13	 | 	18,03
  9	 | 	10	 | 	28,79
  10	 | 	11	 | 	3,00
___________________________
Simulation Topology [1:14]
___________________________
From 	  To 		Length
___________________________
  0	 | 	1	 | 	3,61
  0	 | 	10	 | 	10,00
  0	 | 	14	 | 	15,62
  1	 | 	13	 | 	13,42
  2	 | 	3	 | 	3,00
  2	 | 	4	 | 	6,00
  2	 | 	5	 | 	9,00
  2	 | 	14	 | 	11,66
  3	 | 	5	 | 	6,00
  3	 | 	6	 | 	9,00
  3	 | 	14	 | 	10,44
  4	 | 	12	 | 	11,66
  5	 | 	8	 | 	9,00
  5	 | 	9	 | 	12,00
  6	 | 	11	 | 	18,03
  7	 | 	9	 | 	6,00
  7	 | 	12	 | 	18,03
  8	 | 	13	 | 	18,03
  9	 | 	10	 | 	28,79
  10	 | 	11	 | 	3,00
___________________________
Simulation Topology [1:15]
___________________________
From 	  To 		Length
___________________________
  0	 | 	1	 | 	3,61
  0	 | 	10	 | 	10,00
  0	 | 	14	 | 	15,62
  1	 | 	13	 | 	13,42
  2	 | 	3	 | 	3,00
  2	 | 	4	 | 	6,00
  2	 | 	5	 | 	9,00
  2	 | 	14	 | 	11,66
  3	 | 	5	 | 	6,00
  3	 | 	6	 | 	9,00
  3	 | 	14	 | 	10,44
  4	 | 	12	 | 	11,66
  5	 | 	8	 | 	9,00
  5	 | 	9	 | 	12,00
  6	 | 	11	 | 	18,03
  7	 | 	9	 | 	6,00
  7	 | 	12	 | 	18,03
  8	 | 	13	 | 	18,03
  9	 | 	10	 | 	28,79
  10	 | 	11	 | 	3,00
___________________________
