Simulation Topology 1
___________________________
[4]				[0]		
[4]				[2]		
[5]				[5]		
[3]				[6]		
[5]				[9]		
[3]				[10]		
[5]				[13]		
[3]				[14]		
[5]				[17]		
[3]				[18]		
___________________________
Simulation Topology [1:0]
___________________________
From 	  To 		Length
___________________________
  0	 | 	3	 | 	6,08
  0	 | 	6	 | 	13,04
  0	 | 	9	 | 	18,03
  1	 | 	2	 | 	3,16
  1	 | 	3	 | 	4,12
  1	 | 	5	 | 	8,06
  1	 | 	8	 | 	15,03
  2	 | 	3	 | 	2,24
  2	 | 	5	 | 	5,39
  2	 | 	9	 | 	13,15
  3	 | 	4	 | 	3,61
  3	 | 	7	 | 	8,00
  4	 | 	5	 | 	2,24
  4	 | 	6	 | 	4,00
  4	 | 	8	 | 	8,00
  5	 | 	9	 | 	8,00
  7	 | 	8	 | 	3,61
___________________________
Simulation Topology [1:1]
___________________________
From 	  To 		Length
___________________________
  0	 | 	3	 | 	6,08
  0	 | 	6	 | 	13,04
  0	 | 	9	 | 	18,03
  1	 | 	2	 | 	3,16
  1	 | 	3	 | 	4,12
  1	 | 	5	 | 	8,06
  1	 | 	8	 | 	15,03
  2	 | 	3	 | 	2,24
  2	 | 	5	 | 	5,39
  2	 | 	9	 | 	13,15
  3	 | 	4	 | 	3,61
  3	 | 	7	 | 	8,00
  4	 | 	5	 | 	2,24
  4	 | 	6	 | 	4,00
  4	 | 	8	 | 	8,00
  5	 | 	9	 | 	8,00
  7	 | 	8	 | 	3,61
  7	 | 	9	 | 	4,00
___________________________
Simulation Topology [1:2]
___________________________
From 	  To 		Length
___________________________
  0	 | 	3	 | 	6,08
  0	 | 	6	 | 	13,04
  0	 | 	9	 | 	18,03
  1	 | 	2	 | 	3,16
  1	 | 	3	 | 	4,12
  1	 | 	5	 | 	8,06
  1	 | 	8	 | 	15,03
  2	 | 	3	 | 	2,24
  2	 | 	5	 | 	5,39
  2	 | 	9	 | 	13,15
  3	 | 	4	 | 	3,61
  3	 | 	7	 | 	8,00
  4	 | 	5	 | 	2,24
  4	 | 	6	 | 	4,00
  4	 | 	8	 | 	8,00
  5	 | 	9	 | 	8,00
  7	 | 	8	 | 	3,61
  7	 | 	9	 | 	4,00
  6	 | 	7	 | 	2,24
___________________________
Simulation Topology [1:3]
___________________________
From 	  To 		Length
___________________________
  0	 | 	3	 | 	6,08
  0	 | 	6	 | 	13,04
  0	 | 	9	 | 	18,03
  1	 | 	2	 | 	3,16
  1	 | 	3	 | 	4,12
  1	 | 	5	 | 	8,06
  1	 | 	8	 | 	15,03
  2	 | 	3	 | 	2,24
  2	 | 	5	 | 	5,39
  2	 | 	9	 | 	13,15
  3	 | 	4	 | 	3,61
  3	 | 	7	 | 	8,00
  4	 | 	5	 | 	2,24
  4	 | 	6	 | 	4,00
  4	 | 	8	 | 	8,00
  5	 | 	9	 | 	8,00
  7	 | 	8	 | 	3,61
  7	 | 	9	 | 	4,00
  6	 | 	7	 | 	2,24
  6	 | 	8	 | 	4,00
___________________________
