Simulation Topology 1
___________________________
[9]				[1]		
[6]				[3]		
[9]				[7]		
[6]				[6]		
[4]				[9]		
[1]				[10]		
[9]				[13]		
[6]				[15]		
[9]				[19]		
[6]				[18]		
[4]				[21]		
[1]				[22]		
[9]				[25]		
[6]				[27]		
[9]				[31]		
[6]				[30]		
[4]				[33]		
[1]				[34]		
[9]				[37]		
[6]				[39]		
___________________________
Simulation Topology [1:0]
___________________________
From 	  To 		Length
___________________________
  0	 | 	1	 | 	3,61
  0	 | 	10	 | 	20,62
  0	 | 	16	 | 	32,39
  0	 | 	19	 | 	38,12
  1	 | 	15	 | 	27,00
  2	 | 	3	 | 	3,16
  2	 | 	9	 | 	11,40
  3	 | 	14	 | 	25,18
  4	 | 	5	 | 	3,16
  4	 | 	18	 | 	28,44
  5	 | 	8	 | 	12,04
  6	 | 	7	 | 	3,61
  6	 | 	11	 | 	12,04
  7	 | 	13	 | 	12,00
  8	 | 	9	 | 	3,16
  10	 | 	11	 | 	3,16
  12	 | 	13	 | 	3,61
  12	 | 	17	 | 	12,04
  14	 | 	15	 | 	3,16
  16	 | 	17	 | 	3,16
  18	 | 	19	 | 	3,61
___________________________
Simulation Topology [1:1]
___________________________
From 	  To 		Length
___________________________
  0	 | 	1	 | 	3,61
  0	 | 	10	 | 	20,62
  0	 | 	16	 | 	32,39
  0	 | 	19	 | 	38,12
  1	 | 	15	 | 	27,00
  2	 | 	3	 | 	3,16
  2	 | 	9	 | 	11,40
  3	 | 	14	 | 	25,18
  4	 | 	5	 | 	3,16
  4	 | 	18	 | 	28,44
  5	 | 	8	 | 	12,04
  6	 | 	7	 | 	3,61
  6	 | 	11	 | 	12,04
  7	 | 	13	 | 	12,00
  8	 | 	9	 | 	3,16
  10	 | 	11	 | 	3,16
  12	 | 	13	 | 	3,61
  12	 | 	17	 | 	12,04
  14	 | 	15	 | 	3,16
  16	 | 	17	 | 	3,16
  18	 | 	19	 | 	3,61
___________________________
Simulation Topology [1:2]
___________________________
From 	  To 		Length
___________________________
  0	 | 	1	 | 	3,61
  0	 | 	10	 | 	20,62
  0	 | 	16	 | 	32,39
  0	 | 	19	 | 	38,12
  1	 | 	15	 | 	27,00
  2	 | 	3	 | 	3,16
  2	 | 	9	 | 	11,40
  3	 | 	14	 | 	25,18
  4	 | 	5	 | 	3,16
  4	 | 	18	 | 	28,44
  5	 | 	8	 | 	12,04
  6	 | 	7	 | 	3,61
  6	 | 	11	 | 	12,04
  7	 | 	13	 | 	12,00
  8	 | 	9	 | 	3,16
  10	 | 	11	 | 	3,16
  12	 | 	13	 | 	3,61
  12	 | 	17	 | 	12,04
  14	 | 	15	 | 	3,16
  16	 | 	17	 | 	3,16
  18	 | 	19	 | 	3,61
___________________________
Simulation Topology [1:3]
___________________________
From 	  To 		Length
___________________________
  0	 | 	1	 | 	3,61
  0	 | 	10	 | 	20,62
  0	 | 	16	 | 	32,39
  0	 | 	19	 | 	38,12
  1	 | 	15	 | 	27,00
  2	 | 	3	 | 	3,16
  2	 | 	9	 | 	11,40
  3	 | 	14	 | 	25,18
  4	 | 	5	 | 	3,16
  4	 | 	18	 | 	28,44
  5	 | 	8	 | 	12,04
  6	 | 	7	 | 	3,61
  6	 | 	11	 | 	12,04
  7	 | 	13	 | 	12,00
  8	 | 	9	 | 	3,16
  10	 | 	11	 | 	3,16
  12	 | 	13	 | 	3,61
  12	 | 	17	 | 	12,04
  14	 | 	15	 | 	3,16
  16	 | 	17	 | 	3,16
  18	 | 	19	 | 	3,61
___________________________
Simulation Topology [1:4]
___________________________
From 	  To 		Length
___________________________
  0	 | 	1	 | 	3,61
  0	 | 	10	 | 	20,62
  0	 | 	16	 | 	32,39
  0	 | 	19	 | 	38,12
  1	 | 	15	 | 	27,00
  2	 | 	3	 | 	3,16
  2	 | 	9	 | 	11,40
  3	 | 	14	 | 	25,18
  4	 | 	5	 | 	3,16
  4	 | 	18	 | 	28,44
  5	 | 	8	 | 	12,04
  6	 | 	7	 | 	3,61
  6	 | 	11	 | 	12,04
  7	 | 	13	 | 	12,00
  8	 | 	9	 | 	3,16
  10	 | 	11	 | 	3,16
  12	 | 	13	 | 	3,61
  12	 | 	17	 | 	12,04
  14	 | 	15	 | 	3,16
  16	 | 	17	 | 	3,16
  18	 | 	19	 | 	3,61
___________________________
Simulation Topology [1:5]
___________________________
From 	  To 		Length
___________________________
  0	 | 	1	 | 	3,61
  0	 | 	10	 | 	20,62
  0	 | 	16	 | 	32,39
  0	 | 	19	 | 	38,12
  1	 | 	15	 | 	27,00
  2	 | 	3	 | 	3,16
  2	 | 	9	 | 	11,40
  3	 | 	14	 | 	25,18
  4	 | 	5	 | 	3,16
  4	 | 	18	 | 	28,44
  5	 | 	8	 | 	12,04
  6	 | 	7	 | 	3,61
  6	 | 	11	 | 	12,04
  7	 | 	13	 | 	12,00
  8	 | 	9	 | 	3,16
  10	 | 	11	 | 	3,16
  12	 | 	13	 | 	3,61
  12	 | 	17	 | 	12,04
  14	 | 	15	 | 	3,16
  16	 | 	17	 | 	3,16
  18	 | 	19	 | 	3,61
___________________________
Simulation Topology [1:6]
___________________________
From 	  To 		Length
___________________________
  0	 | 	1	 | 	3,61
  0	 | 	10	 | 	20,62
  0	 | 	16	 | 	32,39
  0	 | 	19	 | 	38,12
  1	 | 	15	 | 	27,00
  2	 | 	3	 | 	3,16
  2	 | 	9	 | 	11,40
  3	 | 	14	 | 	25,18
  4	 | 	5	 | 	3,16
  4	 | 	18	 | 	28,44
  5	 | 	8	 | 	12,04
  6	 | 	7	 | 	3,61
  6	 | 	11	 | 	12,04
  7	 | 	13	 | 	12,00
  8	 | 	9	 | 	3,16
  10	 | 	11	 | 	3,16
  12	 | 	13	 | 	3,61
  12	 | 	17	 | 	12,04
  14	 | 	15	 | 	3,16
  16	 | 	17	 | 	3,16
  18	 | 	19	 | 	3,61
___________________________
Simulation Topology [1:7]
___________________________
From 	  To 		Length
___________________________
  0	 | 	1	 | 	3,61
  0	 | 	10	 | 	20,62
  0	 | 	16	 | 	32,39
  0	 | 	19	 | 	38,12
  1	 | 	15	 | 	27,00
  2	 | 	3	 | 	3,16
  2	 | 	9	 | 	11,40
  3	 | 	14	 | 	25,18
  4	 | 	5	 | 	3,16
  4	 | 	18	 | 	28,44
  5	 | 	8	 | 	12,04
  6	 | 	7	 | 	3,61
  6	 | 	11	 | 	12,04
  7	 | 	13	 | 	12,00
  8	 | 	9	 | 	3,16
  10	 | 	11	 | 	3,16
  12	 | 	13	 | 	3,61
  12	 | 	17	 | 	12,04
  14	 | 	15	 | 	3,16
  16	 | 	17	 | 	3,16
  18	 | 	19	 | 	3,61
___________________________
Simulation Topology [1:8]
___________________________
From 	  To 		Length
___________________________
  0	 | 	1	 | 	3,61
  0	 | 	10	 | 	20,62
  0	 | 	16	 | 	32,39
  0	 | 	19	 | 	38,12
  1	 | 	15	 | 	27,00
  2	 | 	3	 | 	3,16
  2	 | 	9	 | 	11,40
  3	 | 	14	 | 	25,18
  4	 | 	5	 | 	3,16
  4	 | 	18	 | 	28,44
  5	 | 	8	 | 	12,04
  6	 | 	7	 | 	3,61
  6	 | 	11	 | 	12,04
  7	 | 	13	 | 	12,00
  8	 | 	9	 | 	3,16
  10	 | 	11	 | 	3,16
  12	 | 	13	 | 	3,61
  12	 | 	17	 | 	12,04
  14	 | 	15	 | 	3,16
  16	 | 	17	 | 	3,16
  18	 | 	19	 | 	3,61
___________________________
Simulation Topology [1:9]
___________________________
From 	  To 		Length
___________________________
  0	 | 	1	 | 	3,61
  0	 | 	10	 | 	20,62
  0	 | 	16	 | 	32,39
  0	 | 	19	 | 	38,12
  1	 | 	15	 | 	27,00
  2	 | 	3	 | 	3,16
  2	 | 	9	 | 	11,40
  3	 | 	14	 | 	25,18
  4	 | 	5	 | 	3,16
  4	 | 	18	 | 	28,44
  5	 | 	8	 | 	12,04
  6	 | 	7	 | 	3,61
  6	 | 	11	 | 	12,04
  7	 | 	13	 | 	12,00
  8	 | 	9	 | 	3,16
  10	 | 	11	 | 	3,16
  12	 | 	13	 | 	3,61
  12	 | 	17	 | 	12,04
  14	 | 	15	 | 	3,16
  16	 | 	17	 | 	3,16
  18	 | 	19	 | 	3,61
___________________________
Simulation Topology [1:10]
___________________________
From 	  To 		Length
___________________________
  0	 | 	1	 | 	3,61
  0	 | 	10	 | 	20,62
  0	 | 	16	 | 	32,39
  0	 | 	19	 | 	38,12
  1	 | 	15	 | 	27,00
  2	 | 	3	 | 	3,16
  2	 | 	9	 | 	11,40
  3	 | 	14	 | 	25,18
  4	 | 	5	 | 	3,16
  4	 | 	18	 | 	28,44
  5	 | 	8	 | 	12,04
  6	 | 	7	 | 	3,61
  6	 | 	11	 | 	12,04
  7	 | 	13	 | 	12,00
  8	 | 	9	 | 	3,16
  10	 | 	11	 | 	3,16
  12	 | 	13	 | 	3,61
  12	 | 	17	 | 	12,04
  14	 | 	15	 | 	3,16
  16	 | 	17	 | 	3,16
  18	 | 	19	 | 	3,61
___________________________
Simulation Topology [1:11]
___________________________
From 	  To 		Length
___________________________
  0	 | 	1	 | 	3,61
  0	 | 	10	 | 	20,62
  0	 | 	16	 | 	32,39
  0	 | 	19	 | 	38,12
  1	 | 	15	 | 	27,00
  2	 | 	3	 | 	3,16
  2	 | 	9	 | 	11,40
  3	 | 	14	 | 	25,18
  4	 | 	5	 | 	3,16
  4	 | 	18	 | 	28,44
  5	 | 	8	 | 	12,04
  6	 | 	7	 | 	3,61
  6	 | 	11	 | 	12,04
  7	 | 	13	 | 	12,00
  8	 | 	9	 | 	3,16
  10	 | 	11	 | 	3,16
  12	 | 	13	 | 	3,61
  12	 | 	17	 | 	12,04
  14	 | 	15	 | 	3,16
  16	 | 	17	 | 	3,16
  18	 | 	19	 | 	3,61
___________________________
Simulation Topology [1:12]
___________________________
From 	  To 		Length
___________________________
  0	 | 	1	 | 	3,61
  0	 | 	10	 | 	20,62
  0	 | 	16	 | 	32,39
  0	 | 	19	 | 	38,12
  1	 | 	15	 | 	27,00
  2	 | 	3	 | 	3,16
  2	 | 	9	 | 	11,40
  3	 | 	14	 | 	25,18
  4	 | 	5	 | 	3,16
  4	 | 	18	 | 	28,44
  5	 | 	8	 | 	12,04
  6	 | 	7	 | 	3,61
  6	 | 	11	 | 	12,04
  7	 | 	13	 | 	12,00
  8	 | 	9	 | 	3,16
  10	 | 	11	 | 	3,16
  12	 | 	13	 | 	3,61
  12	 | 	17	 | 	12,04
  14	 | 	15	 | 	3,16
  16	 | 	17	 | 	3,16
  18	 | 	19	 | 	3,61
___________________________
Simulation Topology [1:13]
___________________________
From 	  To 		Length
___________________________
  0	 | 	1	 | 	3,61
  0	 | 	10	 | 	20,62
  0	 | 	16	 | 	32,39
  0	 | 	19	 | 	38,12
  1	 | 	15	 | 	27,00
  2	 | 	3	 | 	3,16
  2	 | 	9	 | 	11,40
  3	 | 	14	 | 	25,18
  4	 | 	5	 | 	3,16
  4	 | 	18	 | 	28,44
  5	 | 	8	 | 	12,04
  6	 | 	7	 | 	3,61
  6	 | 	11	 | 	12,04
  7	 | 	13	 | 	12,00
  8	 | 	9	 | 	3,16
  10	 | 	11	 | 	3,16
  12	 | 	13	 | 	3,61
  12	 | 	17	 | 	12,04
  14	 | 	15	 | 	3,16
  16	 | 	17	 | 	3,16
  18	 | 	19	 | 	3,61
___________________________
Simulation Topology [1:14]
___________________________
From 	  To 		Length
___________________________
  0	 | 	1	 | 	3,61
  0	 | 	10	 | 	20,62
  0	 | 	16	 | 	32,39
  0	 | 	19	 | 	38,12
  1	 | 	15	 | 	27,00
  2	 | 	3	 | 	3,16
  2	 | 	9	 | 	11,40
  3	 | 	14	 | 	25,18
  4	 | 	5	 | 	3,16
  4	 | 	18	 | 	28,44
  5	 | 	8	 | 	12,04
  6	 | 	7	 | 	3,61
  6	 | 	11	 | 	12,04
  7	 | 	13	 | 	12,00
  8	 | 	9	 | 	3,16
  10	 | 	11	 | 	3,16
  12	 | 	13	 | 	3,61
  12	 | 	17	 | 	12,04
  14	 | 	15	 | 	3,16
  16	 | 	17	 | 	3,16
  18	 | 	19	 | 	3,61
___________________________
Simulation Topology [1:15]
___________________________
From 	  To 		Length
___________________________
  0	 | 	1	 | 	3,61
  0	 | 	10	 | 	20,62
  0	 | 	16	 | 	32,39
  0	 | 	19	 | 	38,12
  1	 | 	15	 | 	27,00
  2	 | 	3	 | 	3,16
  2	 | 	9	 | 	11,40
  3	 | 	14	 | 	25,18
  4	 | 	5	 | 	3,16
  4	 | 	18	 | 	28,44
  5	 | 	8	 | 	12,04
  6	 | 	7	 | 	3,61
  6	 | 	11	 | 	12,04
  7	 | 	13	 | 	12,00
  8	 | 	9	 | 	3,16
  10	 | 	11	 | 	3,16
  12	 | 	13	 | 	3,61
  12	 | 	17	 | 	12,04
  14	 | 	15	 | 	3,16
  16	 | 	17	 | 	3,16
  18	 | 	19	 | 	3,61
___________________________
Simulation Topology [1:16]
___________________________
From 	  To 		Length
___________________________
  0	 | 	1	 | 	3,61
  0	 | 	10	 | 	20,62
  0	 | 	16	 | 	32,39
  0	 | 	19	 | 	38,12
  1	 | 	15	 | 	27,00
  2	 | 	3	 | 	3,16
  2	 | 	9	 | 	11,40
  3	 | 	14	 | 	25,18
  4	 | 	5	 | 	3,16
  4	 | 	18	 | 	28,44
  5	 | 	8	 | 	12,04
  6	 | 	7	 | 	3,61
  6	 | 	11	 | 	12,04
  7	 | 	13	 | 	12,00
  8	 | 	9	 | 	3,16
  10	 | 	11	 | 	3,16
  12	 | 	13	 | 	3,61
  12	 | 	17	 | 	12,04
  14	 | 	15	 | 	3,16
  16	 | 	17	 | 	3,16
  18	 | 	19	 | 	3,61
___________________________
Simulation Topology [1:17]
___________________________
From 	  To 		Length
___________________________
  0	 | 	1	 | 	3,61
  0	 | 	10	 | 	20,62
  0	 | 	16	 | 	32,39
  0	 | 	19	 | 	38,12
  1	 | 	15	 | 	27,00
  2	 | 	3	 | 	3,16
  2	 | 	9	 | 	11,40
  3	 | 	14	 | 	25,18
  4	 | 	5	 | 	3,16
  4	 | 	18	 | 	28,44
  5	 | 	8	 | 	12,04
  6	 | 	7	 | 	3,61
  6	 | 	11	 | 	12,04
  7	 | 	13	 | 	12,00
  8	 | 	9	 | 	3,16
  10	 | 	11	 | 	3,16
  12	 | 	13	 | 	3,61
  12	 | 	17	 | 	12,04
  14	 | 	15	 | 	3,16
  16	 | 	17	 | 	3,16
  18	 | 	19	 | 	3,61
___________________________
Simulation Topology [1:18]
___________________________
From 	  To 		Length
___________________________
  0	 | 	1	 | 	3,61
  0	 | 	10	 | 	20,62
  0	 | 	16	 | 	32,39
  0	 | 	19	 | 	38,12
  1	 | 	15	 | 	27,00
  2	 | 	3	 | 	3,16
  2	 | 	9	 | 	11,40
  3	 | 	14	 | 	25,18
  4	 | 	5	 | 	3,16
  4	 | 	18	 | 	28,44
  5	 | 	8	 | 	12,04
  6	 | 	7	 | 	3,61
  6	 | 	11	 | 	12,04
  7	 | 	13	 | 	12,00
  8	 | 	9	 | 	3,16
  10	 | 	11	 | 	3,16
  12	 | 	13	 | 	3,61
  12	 | 	17	 | 	12,04
  14	 | 	15	 | 	3,16
  16	 | 	17	 | 	3,16
  18	 | 	19	 | 	3,61
___________________________
Simulation Topology [1:19]
___________________________
From 	  To 		Length
___________________________
  0	 | 	1	 | 	3,61
  0	 | 	10	 | 	20,62
  0	 | 	16	 | 	32,39
  0	 | 	19	 | 	38,12
  1	 | 	15	 | 	27,00
  2	 | 	3	 | 	3,16
  2	 | 	9	 | 	11,40
  3	 | 	14	 | 	25,18
  4	 | 	5	 | 	3,16
  4	 | 	18	 | 	28,44
  5	 | 	8	 | 	12,04
  6	 | 	7	 | 	3,61
  6	 | 	11	 | 	12,04
  7	 | 	13	 | 	12,00
  8	 | 	9	 | 	3,16
  10	 | 	11	 | 	3,16
  12	 | 	13	 | 	3,61
  12	 | 	17	 | 	12,04
  14	 | 	15	 | 	3,16
  16	 | 	17	 | 	3,16
  18	 | 	19	 | 	3,61
___________________________
Simulation Topology [1:20]
___________________________
From 	  To 		Length
___________________________
  0	 | 	1	 | 	3,61
  0	 | 	10	 | 	20,62
  0	 | 	16	 | 	32,39
  0	 | 	19	 | 	38,12
  1	 | 	15	 | 	27,00
  2	 | 	3	 | 	3,16
  2	 | 	9	 | 	11,40
  3	 | 	14	 | 	25,18
  4	 | 	5	 | 	3,16
  4	 | 	18	 | 	28,44
  5	 | 	8	 | 	12,04
  6	 | 	7	 | 	3,61
  6	 | 	11	 | 	12,04
  7	 | 	13	 | 	12,00
  8	 | 	9	 | 	3,16
  10	 | 	11	 | 	3,16
  12	 | 	13	 | 	3,61
  12	 | 	17	 | 	12,04
  14	 | 	15	 | 	3,16
  16	 | 	17	 | 	3,16
  18	 | 	19	 | 	3,61
___________________________
