[19]				[4]		
[15]				[5]		
[11]				[7]		
[13]				[7]		
[16]				[9]		
[12]				[9]		
[14]				[11]		
[19]				[10]		
[11]				[13]		
[14]				[13]		
___________________________
Simulation Topology [1:28]
___________________________
From 	  To 		Length
___________________________
  0	 | 	1	 | 	4,12
  0	 | 	4	 | 	5,83
  1	 | 	3	 | 	2,83
  1	 | 	6	 | 	6,08
  2	 | 	3	 | 	2,00
  2	 | 	8	 | 	6,00
  2	 | 	9	 | 	6,71
  3	 | 	9	 | 	6,08
  4	 | 	5	 | 	4,00
  4	 | 	6	 | 	2,83
  5	 | 	7	 | 	7,07
  6	 | 	7	 | 	5,10
  6	 | 	8	 | 	3,61
  8	 | 	9	 | 	3,00
___________________________
Simulation Topology [1:29]
___________________________
From 	  To 		Length
___________________________
  0	 | 	1	 | 	4,12
  0	 | 	4	 | 	5,83
  1	 | 	3	 | 	2,83
  1	 | 	6	 | 	6,08
  2	 | 	3	 | 	2,00
  2	 | 	8	 | 	6,00
  2	 | 	9	 | 	6,71
  3	 | 	9	 | 	6,08
  4	 | 	5	 | 	4,00
  4	 | 	6	 | 	2,83
  5	 | 	7	 | 	7,07
  6	 | 	7	 | 	5,10
  6	 | 	8	 | 	3,61
  8	 | 	9	 | 	3,00
___________________________
Simulation Topology [1:30]
___________________________
From 	  To 		Length
___________________________
  0	 | 	1	 | 	4,12
  0	 | 	4	 | 	5,83
  1	 | 	3	 | 	2,83
  1	 | 	6	 | 	6,08
  2	 | 	3	 | 	2,00
  2	 | 	8	 | 	6,00
  2	 | 	9	 | 	6,71
  3	 | 	9	 | 	6,08
  4	 | 	5	 | 	4,00
  4	 | 	6	 | 	2,83
  5	 | 	7	 | 	7,07
  6	 | 	7	 | 	5,10
  6	 | 	8	 | 	3,61
  8	 | 	9	 | 	3,00
___________________________
Simulation Topology [1:31]
___________________________
From 	  To 		Length
___________________________
  0	 | 	1	 | 	4,12
  0	 | 	4	 | 	5,83
  1	 | 	3	 | 	2,83
  1	 | 	6	 | 	6,08
  2	 | 	3	 | 	2,00
  2	 | 	8	 | 	6,00
  2	 | 	9	 | 	6,71
  3	 | 	9	 | 	6,08
  4	 | 	5	 | 	4,00
  4	 | 	6	 | 	2,83
  5	 | 	7	 | 	7,07
  6	 | 	7	 | 	5,10
  6	 | 	8	 | 	3,61
  8	 | 	9	 | 	3,00
___________________________
Simulation Topology [1:32]
___________________________
From 	  To 		Length
___________________________
  0	 | 	1	 | 	4,12
  0	 | 	4	 | 	5,83
  1	 | 	3	 | 	2,83
  1	 | 	6	 | 	6,08
  2	 | 	3	 | 	2,00
  2	 | 	8	 | 	6,00
  2	 | 	9	 | 	6,71
  3	 | 	9	 | 	6,08
  4	 | 	5	 | 	4,00
  4	 | 	6	 | 	2,83
  5	 | 	7	 | 	7,07
  6	 | 	7	 | 	5,10
  6	 | 	8	 | 	3,61
  8	 | 	9	 | 	3,00
___________________________
Simulation Topology [1:33]
___________________________
From 	  To 		Length
___________________________
  0	 | 	1	 | 	4,12
  0	 | 	4	 | 	5,83
  1	 | 	3	 | 	2,83
  1	 | 	6	 | 	6,08
  2	 | 	3	 | 	2,00
  2	 | 	8	 | 	6,00
  2	 | 	9	 | 	6,71
  3	 | 	9	 | 	6,08
  4	 | 	5	 | 	4,00
  4	 | 	6	 | 	2,83
  5	 | 	7	 | 	7,07
  6	 | 	7	 | 	5,10
  6	 | 	8	 | 	3,61
  8	 | 	9	 | 	3,00
___________________________
Simulation Topology [1:34]
___________________________
From 	  To 		Length
___________________________
  0	 | 	1	 | 	4,12
  0	 | 	4	 | 	5,83
  1	 | 	3	 | 	2,83
  1	 | 	6	 | 	6,08
  2	 | 	3	 | 	2,00
  2	 | 	8	 | 	6,00
  2	 | 	9	 | 	6,71
  3	 | 	9	 | 	6,08
  4	 | 	5	 | 	4,00
  4	 | 	6	 | 	2,83
  5	 | 	7	 | 	7,07
  6	 | 	7	 | 	5,10
  6	 | 	8	 | 	3,61
  8	 | 	9	 | 	3,00
___________________________
Simulation Topology [1:35]
___________________________
From 	  To 		Length
___________________________
  0	 | 	1	 | 	4,12
  0	 | 	4	 | 	5,83
  1	 | 	3	 | 	2,83
  1	 | 	6	 | 	6,08
  2	 | 	3	 | 	2,00
  2	 | 	8	 | 	6,00
  2	 | 	9	 | 	6,71
  3	 | 	9	 | 	6,08
  4	 | 	5	 | 	4,00
  4	 | 	6	 | 	2,83
  5	 | 	7	 | 	7,07
  6	 | 	7	 | 	5,10
  6	 | 	8	 | 	3,61
  8	 | 	9	 | 	3,00
___________________________
Simulation Topology [1:36]
___________________________
From 	  To 		Length
___________________________
  0	 | 	1	 | 	4,12
  0	 | 	4	 | 	5,83
  1	 | 	3	 | 	2,83
  1	 | 	6	 | 	6,08
  2	 | 	3	 | 	2,00
  2	 | 	8	 | 	6,00
  2	 | 	9	 | 	6,71
  3	 | 	9	 | 	6,08
  4	 | 	5	 | 	4,00
  4	 | 	6	 | 	2,83
  5	 | 	7	 | 	7,07
  6	 | 	7	 | 	5,10
  6	 | 	8	 | 	3,61
  8	 | 	9	 | 	3,00
___________________________
Simulation Topology [1:37]
___________________________
From 	  To 		Length
___________________________
  0	 | 	1	 | 	4,12
  0	 | 	4	 | 	5,83
  1	 | 	3	 | 	2,83
  1	 | 	6	 | 	6,08
  2	 | 	3	 | 	2,00
  2	 | 	8	 | 	6,00
  2	 | 	9	 | 	6,71
  3	 | 	9	 | 	6,08
  4	 | 	5	 | 	4,00
  4	 | 	6	 | 	2,83
  5	 | 	7	 | 	7,07
  6	 | 	7	 | 	5,10
  6	 | 	8	 | 	3,61
  8	 | 	9	 | 	3,00
  1	 | 	4	 | 	4,12
___________________________
