Simulation Topology 1
___________________________
[0]				[1]		
[7]				[3]		
[0]				[5]		
[0]				[7]		
[0]				[9]		
[0]				[11]		
[0]				[13]		
[0]				[15]		
[0]				[17]		
[0]				[19]		
___________________________
Simulation Topology [1:0]
___________________________
From 	  To 		Length
___________________________
  0	 | 	1	 | 	7,28
  0	 | 	3	 | 	6,00
  0	 | 	5	 | 	10,00
  0	 | 	7	 | 	14,00
  1	 | 	7	 | 	13,89
  2	 | 	3	 | 	2,00
  2	 | 	6	 | 	8,00
  2	 | 	8	 | 	12,00
  2	 | 	9	 | 	14,00
  3	 | 	9	 | 	12,00
  4	 | 	5	 | 	2,00
  4	 | 	7	 | 	6,00
  6	 | 	8	 | 	4,00
  7	 | 	9	 | 	4,00
___________________________
Simulation Topology [1:1]
___________________________
From 	  To 		Length
___________________________
  0	 | 	1	 | 	7,28
  0	 | 	3	 | 	6,00
  0	 | 	5	 | 	10,00
  0	 | 	7	 | 	14,00
  1	 | 	7	 | 	13,89
  2	 | 	3	 | 	2,00
  2	 | 	6	 | 	8,00
  2	 | 	8	 | 	12,00
  2	 | 	9	 | 	14,00
  3	 | 	9	 | 	12,00
  4	 | 	5	 | 	2,00
  4	 | 	7	 | 	6,00
  6	 | 	8	 | 	4,00
  7	 | 	9	 | 	4,00
  5	 | 	6	 | 	2,00
___________________________
Simulation Topology [1:2]
___________________________
From 	  To 		Length
___________________________
  0	 | 	1	 | 	7,28
  0	 | 	3	 | 	6,00
  0	 | 	5	 | 	10,00
  0	 | 	7	 | 	14,00
  1	 | 	7	 | 	13,89
  2	 | 	3	 | 	2,00
  2	 | 	6	 | 	8,00
  2	 | 	8	 | 	12,00
  2	 | 	9	 | 	14,00
  3	 | 	9	 | 	12,00
  4	 | 	5	 | 	2,00
  4	 | 	7	 | 	6,00
  6	 | 	8	 | 	4,00
  7	 | 	9	 | 	4,00
  5	 | 	6	 | 	2,00
  4	 | 	6	 | 	4,00
___________________________
Simulation Topology [1:3]
___________________________
From 	  To 		Length
___________________________
  0	 | 	1	 | 	7,28
  0	 | 	3	 | 	6,00
  0	 | 	5	 | 	10,00
  0	 | 	7	 | 	14,00
  1	 | 	7	 | 	13,89
  2	 | 	3	 | 	2,00
  2	 | 	6	 | 	8,00
  2	 | 	8	 | 	12,00
  2	 | 	9	 | 	14,00
  3	 | 	9	 | 	12,00
  4	 | 	5	 | 	2,00
  4	 | 	7	 | 	6,00
  6	 | 	8	 | 	4,00
  7	 | 	9	 | 	4,00
  5	 | 	6	 | 	2,00
  4	 | 	6	 | 	4,00
  5	 | 	8	 | 	6,00
___________________________
Simulation Topology [1:4]
___________________________
From 	  To 		Length
___________________________
  0	 | 	1	 | 	7,28
  0	 | 	3	 | 	6,00
  0	 | 	5	 | 	10,00
  0	 | 	7	 | 	14,00
  1	 | 	7	 | 	13,89
  2	 | 	3	 | 	2,00
  2	 | 	6	 | 	8,00
  2	 | 	8	 | 	12,00
  2	 | 	9	 | 	14,00
  3	 | 	9	 | 	12,00
  4	 | 	5	 | 	2,00
  4	 | 	7	 | 	6,00
  6	 | 	8	 | 	4,00
  7	 | 	9	 | 	4,00
  5	 | 	6	 | 	2,00
  4	 | 	6	 | 	4,00
  5	 | 	8	 | 	6,00
  8	 | 	9	 | 	2,00
___________________________
Simulation Topology [1:5]
___________________________
From 	  To 		Length
___________________________
  0	 | 	1	 | 	7,28
  0	 | 	3	 | 	6,00
  0	 | 	5	 | 	10,00
  0	 | 	7	 | 	14,00
  1	 | 	7	 | 	13,89
  2	 | 	3	 | 	2,00
  2	 | 	6	 | 	8,00
  2	 | 	8	 | 	12,00
  2	 | 	9	 | 	14,00
  3	 | 	9	 | 	12,00
  4	 | 	5	 | 	2,00
  4	 | 	7	 | 	6,00
  6	 | 	8	 | 	4,00
  7	 | 	9	 | 	4,00
  5	 | 	6	 | 	2,00
  4	 | 	6	 | 	4,00
  5	 | 	8	 | 	6,00
  8	 | 	9	 | 	2,00
  3	 | 	4	 | 	2,00
___________________________
Simulation Topology [1:6]
___________________________
From 	  To 		Length
___________________________
  0	 | 	1	 | 	7,28
  0	 | 	3	 | 	6,00
  0	 | 	5	 | 	10,00
  0	 | 	7	 | 	14,00
  1	 | 	7	 | 	13,89
  2	 | 	3	 | 	2,00
  2	 | 	6	 | 	8,00
  2	 | 	8	 | 	12,00
  2	 | 	9	 | 	14,00
  3	 | 	9	 | 	12,00
  4	 | 	5	 | 	2,00
  4	 | 	7	 | 	6,00
  6	 | 	8	 | 	4,00
  7	 | 	9	 | 	4,00
  5	 | 	6	 | 	2,00
  4	 | 	6	 | 	4,00
  5	 | 	8	 | 	6,00
  8	 | 	9	 | 	2,00
  3	 | 	4	 | 	2,00
  1	 | 	2	 | 	7,28
___________________________
