Simulation Topology 1
___________________________
[9]				[0]		
[6]				[0]		
[4]				[1]		
[1]				[1]		
[9]				[2]		
___________________________
Simulation Topology [1:0]
___________________________
From 	  To 		Length
___________________________
  0	 | 	1	 | 	3,00
  0	 | 	2	 | 	5,10
  1	 | 	2	 | 	2,24
  2	 | 	3	 | 	3,00
  2	 | 	4	 | 	5,10
  3	 | 	4	 | 	8,06
___________________________
Simulation Topology [1:1]
___________________________
From 	  To 		Length
___________________________
  0	 | 	1	 | 	3,00
  0	 | 	2	 | 	5,10
  1	 | 	2	 | 	2,24
  2	 | 	3	 | 	3,00
  2	 | 	4	 | 	5,10
  3	 | 	4	 | 	8,06
  0	 | 	4	 | 	2,00
___________________________
Simulation Topology [1:2]
___________________________
From 	  To 		Length
___________________________
  0	 | 	1	 | 	3,00
  0	 | 	2	 | 	5,10
  1	 | 	2	 | 	2,24
  2	 | 	3	 | 	3,00
  2	 | 	4	 | 	5,10
  3	 | 	4	 | 	8,06
  0	 | 	4	 | 	2,00
  0	 | 	3	 | 	8,06
___________________________
Simulation Topology [1:3]
___________________________
From 	  To 		Length
___________________________
  0	 | 	1	 | 	3,00
  0	 | 	2	 | 	5,10
  1	 | 	2	 | 	2,24
  2	 | 	3	 | 	3,00
  2	 | 	4	 | 	5,10
  3	 | 	4	 | 	8,06
  0	 | 	4	 | 	2,00
  0	 | 	3	 | 	8,06
  1	 | 	3	 | 	5,10
___________________________
Simulation Topology [1:4]
___________________________
From 	  To 		Length
___________________________
  0	 | 	1	 | 	3,00
  0	 | 	2	 | 	5,10
  1	 | 	2	 | 	2,24
  2	 | 	3	 | 	3,00
  2	 | 	4	 | 	5,10
  3	 | 	4	 | 	8,06
  0	 | 	4	 | 	2,00
  0	 | 	3	 | 	8,06
  1	 | 	3	 | 	5,10
  1	 | 	4	 | 	3,61
___________________________
