[2]				[19]		
[7]				[19]		
[12]				[1]		
[17]				[1]		
[16]				[3]		
[14]				[2]		
[12]				[5]		
[17]				[5]		
[12]				[7]		
[17]				[7]		
___________________________
Simulation Topology [1:3]
___________________________
From 	  To 		Length
___________________________
  0	 | 	1	 | 	5,00
  0	 | 	6	 | 	17,20
  1	 | 	2	 | 	18,68
  2	 | 	3	 | 	5,00
  3	 | 	5	 | 	3,16
  3	 | 	8	 | 	7,81
  4	 | 	5	 | 	2,24
  4	 | 	7	 | 	2,24
  5	 | 	9	 | 	5,83
  6	 | 	7	 | 	5,00
  6	 | 	9	 | 	5,39
  8	 | 	9	 | 	5,00
___________________________
Simulation Topology [1:4]
___________________________
From 	  To 		Length
___________________________
  0	 | 	1	 | 	5,00
  0	 | 	6	 | 	17,20
  1	 | 	2	 | 	18,68
  2	 | 	3	 | 	5,00
  3	 | 	5	 | 	3,16
  3	 | 	8	 | 	7,81
  4	 | 	5	 | 	2,24
  4	 | 	7	 | 	2,24
  5	 | 	9	 | 	5,83
  6	 | 	7	 | 	5,00
  6	 | 	9	 | 	5,39
  8	 | 	9	 | 	5,00
___________________________
Simulation Topology [1:5]
___________________________
From 	  To 		Length
___________________________
  0	 | 	1	 | 	5,00
  0	 | 	6	 | 	17,20
  1	 | 	2	 | 	18,68
  2	 | 	3	 | 	5,00
  3	 | 	5	 | 	3,16
  3	 | 	8	 | 	7,81
  4	 | 	5	 | 	2,24
  4	 | 	7	 | 	2,24
  5	 | 	9	 | 	5,83
  6	 | 	7	 | 	5,00
  6	 | 	9	 | 	5,39
  8	 | 	9	 | 	5,00
___________________________
Simulation Topology [1:6]
___________________________
From 	  To 		Length
___________________________
  0	 | 	1	 | 	5,00
  0	 | 	6	 | 	17,20
  1	 | 	2	 | 	18,68
  2	 | 	3	 | 	5,00
  3	 | 	5	 | 	3,16
  3	 | 	8	 | 	7,81
  4	 | 	5	 | 	2,24
  4	 | 	7	 | 	2,24
  5	 | 	9	 | 	5,83
  6	 | 	7	 | 	5,00
  6	 | 	9	 | 	5,39
  8	 | 	9	 | 	5,00
___________________________
Simulation Topology [1:7]
___________________________
From 	  To 		Length
___________________________
  0	 | 	1	 | 	5,00
  0	 | 	6	 | 	17,20
  1	 | 	2	 | 	18,68
  2	 | 	3	 | 	5,00
  3	 | 	5	 | 	3,16
  3	 | 	8	 | 	7,81
  4	 | 	5	 | 	2,24
  4	 | 	7	 | 	2,24
  5	 | 	9	 | 	5,83
  6	 | 	7	 | 	5,00
  6	 | 	9	 | 	5,39
  8	 | 	9	 | 	5,00
___________________________
Simulation Topology [1:8]
___________________________
From 	  To 		Length
___________________________
  0	 | 	1	 | 	5,00
  0	 | 	6	 | 	17,20
  1	 | 	2	 | 	18,68
  2	 | 	3	 | 	5,00
  3	 | 	5	 | 	3,16
  3	 | 	8	 | 	7,81
  4	 | 	5	 | 	2,24
  4	 | 	7	 | 	2,24
  5	 | 	9	 | 	5,83
  6	 | 	7	 | 	5,00
  6	 | 	9	 | 	5,39
  8	 | 	9	 | 	5,00
___________________________
Simulation Topology [1:9]
___________________________
From 	  To 		Length
___________________________
  0	 | 	1	 | 	5,00
  0	 | 	6	 | 	17,20
  1	 | 	2	 | 	18,68
  2	 | 	3	 | 	5,00
  3	 | 	5	 | 	3,16
  3	 | 	8	 | 	7,81
  4	 | 	5	 | 	2,24
  4	 | 	7	 | 	2,24
  5	 | 	9	 | 	5,83
  6	 | 	7	 | 	5,00
  6	 | 	9	 | 	5,39
  8	 | 	9	 | 	5,00
___________________________
Simulation Topology [1:10]
___________________________
From 	  To 		Length
___________________________
  0	 | 	1	 | 	5,00
  0	 | 	6	 | 	17,20
  1	 | 	2	 | 	18,68
  2	 | 	3	 | 	5,00
  3	 | 	5	 | 	3,16
  3	 | 	8	 | 	7,81
  4	 | 	5	 | 	2,24
  4	 | 	7	 | 	2,24
  5	 | 	9	 | 	5,83
  6	 | 	7	 | 	5,00
  6	 | 	9	 | 	5,39
  8	 | 	9	 | 	5,00
___________________________
Simulation Topology [1:11]
___________________________
From 	  To 		Length
___________________________
  0	 | 	1	 | 	5,00
  0	 | 	6	 | 	17,20
  1	 | 	2	 | 	18,68
  2	 | 	3	 | 	5,00
  3	 | 	5	 | 	3,16
  3	 | 	8	 | 	7,81
  4	 | 	5	 | 	2,24
  4	 | 	7	 | 	2,24
  5	 | 	9	 | 	5,83
  6	 | 	7	 | 	5,00
  6	 | 	9	 | 	5,39
  8	 | 	9	 | 	5,00
___________________________
Simulation Topology [1:12]
___________________________
From 	  To 		Length
___________________________
  0	 | 	1	 | 	5,00
  0	 | 	6	 | 	17,20
  1	 | 	2	 | 	18,68
  2	 | 	3	 | 	5,00
  3	 | 	5	 | 	3,16
  3	 | 	8	 | 	7,81
  4	 | 	5	 | 	2,24
  4	 | 	7	 | 	2,24
  5	 | 	9	 | 	5,83
  6	 | 	7	 | 	5,00
  6	 | 	9	 | 	5,39
  8	 | 	9	 | 	5,00
___________________________
Simulation Topology [1:13]
___________________________
From 	  To 		Length
___________________________
  0	 | 	1	 | 	5,00
  0	 | 	6	 | 	17,20
  1	 | 	2	 | 	18,68
  2	 | 	3	 | 	5,00
  3	 | 	5	 | 	3,16
  3	 | 	8	 | 	7,81
  4	 | 	5	 | 	2,24
  4	 | 	7	 | 	2,24
  5	 | 	9	 | 	5,83
  6	 | 	7	 | 	5,00
  6	 | 	9	 | 	5,39
  8	 | 	9	 | 	5,00
___________________________
