Simulation Topology 1
___________________________
[4]				[0]		
[1]				[0]		
[9]				[1]		
[7]				[1]		
[4]				[2]		
___________________________
Simulation Topology [1:0]
___________________________
From 	  To 		Length
___________________________
  0	 | 	1	 | 	3,00
  0	 | 	4	 | 	2,00
  1	 | 	3	 | 	6,08
  2	 | 	3	 | 	2,00
  2	 | 	4	 | 	5,10
  3	 | 	4	 | 	3,16
___________________________
Simulation Topology [1:1]
___________________________
From 	  To 		Length
___________________________
  0	 | 	1	 | 	3,00
  0	 | 	4	 | 	2,00
  1	 | 	3	 | 	6,08
  2	 | 	3	 | 	2,00
  2	 | 	4	 | 	5,10
  3	 | 	4	 | 	3,16
  0	 | 	2	 | 	5,10
___________________________
Simulation Topology [1:2]
___________________________
From 	  To 		Length
___________________________
  0	 | 	1	 | 	3,00
  0	 | 	4	 | 	2,00
  1	 | 	3	 | 	6,08
  2	 | 	3	 | 	2,00
  2	 | 	4	 | 	5,10
  3	 | 	4	 | 	3,16
  0	 | 	2	 | 	5,10
  1	 | 	2	 | 	8,06
___________________________
