Simulation Topology 1
___________________________
[13]				[5]		
[15]				[5]		
[11]				[6]		
[18]				[7]		
[14]				[9]		
[11]				[9]		
[15]				[11]		
[18]				[11]		
[12]				[13]		
[16]				[13]		
___________________________
Simulation Topology [1:0]
___________________________
From 	  To 		Length
___________________________
  0	 | 	1	 | 	2,00
  0	 | 	2	 | 	2,24
  0	 | 	5	 | 	4,47
  1	 | 	6	 | 	6,00
  2	 | 	3	 | 	7,07
  2	 | 	7	 | 	8,60
  3	 | 	8	 | 	8,49
  4	 | 	5	 | 	3,00
  4	 | 	9	 | 	4,47
  5	 | 	9	 | 	6,40
  6	 | 	7	 | 	3,00
  8	 | 	9	 | 	4,00
___________________________
Simulation Topology [1:1]
___________________________
From 	  To 		Length
___________________________
  0	 | 	1	 | 	2,00
  0	 | 	2	 | 	2,24
  0	 | 	5	 | 	4,47
  1	 | 	6	 | 	6,00
  2	 | 	3	 | 	7,07
  2	 | 	7	 | 	8,60
  3	 | 	8	 | 	8,49
  4	 | 	5	 | 	3,00
  4	 | 	9	 | 	4,47
  5	 | 	9	 | 	6,40
  6	 | 	7	 | 	3,00
  8	 | 	9	 | 	4,00
  7	 | 	9	 | 	2,83
___________________________
Simulation Topology [1:2]
___________________________
From 	  To 		Length
___________________________
  0	 | 	1	 | 	2,00
  0	 | 	2	 | 	2,24
  0	 | 	5	 | 	4,47
  1	 | 	6	 | 	6,00
  2	 | 	3	 | 	7,07
  2	 | 	7	 | 	8,60
  3	 | 	8	 | 	8,49
  4	 | 	5	 | 	3,00
  4	 | 	9	 | 	4,47
  5	 | 	9	 | 	6,40
  6	 | 	7	 | 	3,00
  8	 | 	9	 | 	4,00
  7	 | 	9	 | 	2,83
  3	 | 	4	 | 	4,47
___________________________
Simulation Topology [1:3]
___________________________
From 	  To 		Length
___________________________
  0	 | 	1	 | 	2,00
  0	 | 	2	 | 	2,24
  0	 | 	5	 | 	4,47
  1	 | 	6	 | 	6,00
  2	 | 	3	 | 	7,07
  2	 | 	7	 | 	8,60
  3	 | 	8	 | 	8,49
  4	 | 	5	 | 	3,00
  4	 | 	9	 | 	4,47
  5	 | 	9	 | 	6,40
  6	 | 	7	 | 	3,00
  8	 | 	9	 | 	4,00
  7	 | 	9	 | 	2,83
  3	 | 	4	 | 	4,47
  2	 | 	5	 | 	3,00
___________________________
Simulation Topology [1:4]
___________________________
From 	  To 		Length
___________________________
  0	 | 	1	 | 	2,00
  0	 | 	2	 | 	2,24
  0	 | 	5	 | 	4,47
  1	 | 	6	 | 	6,00
  2	 | 	3	 | 	7,07
  2	 | 	7	 | 	8,60
  3	 | 	8	 | 	8,49
  4	 | 	5	 | 	3,00
  4	 | 	9	 | 	4,47
  5	 | 	9	 | 	6,40
  6	 | 	7	 | 	3,00
  8	 | 	9	 | 	4,00
  7	 | 	9	 | 	2,83
  3	 | 	4	 | 	4,47
  2	 | 	5	 | 	3,00
  4	 | 	7	 | 	4,47
___________________________
Simulation Topology [1:5]
___________________________
From 	  To 		Length
___________________________
  0	 | 	1	 | 	2,00
  0	 | 	2	 | 	2,24
  0	 | 	5	 | 	4,47
  1	 | 	6	 | 	6,00
  2	 | 	3	 | 	7,07
  2	 | 	7	 | 	8,60
  3	 | 	8	 | 	8,49
  4	 | 	5	 | 	3,00
  4	 | 	9	 | 	4,47
  5	 | 	9	 | 	6,40
  6	 | 	7	 | 	3,00
  8	 | 	9	 | 	4,00
  7	 | 	9	 | 	2,83
  3	 | 	4	 | 	4,47
  2	 | 	5	 | 	3,00
  4	 | 	7	 | 	4,47
  6	 | 	8	 | 	3,61
___________________________
Simulation Topology [1:6]
___________________________
From 	  To 		Length
___________________________
  0	 | 	1	 | 	2,00
  0	 | 	2	 | 	2,24
  0	 | 	5	 | 	4,47
  1	 | 	6	 | 	6,00
  2	 | 	3	 | 	7,07
  2	 | 	7	 | 	8,60
  3	 | 	8	 | 	8,49
  4	 | 	5	 | 	3,00
  4	 | 	9	 | 	4,47
  5	 | 	9	 | 	6,40
  6	 | 	7	 | 	3,00
  8	 | 	9	 | 	4,00
  7	 | 	9	 | 	2,83
  3	 | 	4	 | 	4,47
  2	 | 	5	 | 	3,00
  4	 | 	7	 | 	4,47
  6	 | 	8	 | 	3,61
  3	 | 	6	 | 	5,00
___________________________
Simulation Topology [1:7]
___________________________
From 	  To 		Length
___________________________
  0	 | 	1	 | 	2,00
  0	 | 	2	 | 	2,24
  0	 | 	5	 | 	4,47
  1	 | 	6	 | 	6,00
  2	 | 	3	 | 	7,07
  2	 | 	7	 | 	8,60
  3	 | 	8	 | 	8,49
  4	 | 	5	 | 	3,00
  4	 | 	9	 | 	4,47
  5	 | 	9	 | 	6,40
  6	 | 	7	 | 	3,00
  8	 | 	9	 | 	4,00
  7	 | 	9	 | 	2,83
  3	 | 	4	 | 	4,47
  2	 | 	5	 | 	3,00
  4	 | 	7	 | 	4,47
  6	 | 	8	 | 	3,61
  3	 | 	6	 | 	5,00
  0	 | 	8	 | 	8,06
___________________________
Simulation Topology [1:8]
___________________________
From 	  To 		Length
___________________________
  0	 | 	1	 | 	2,00
  0	 | 	2	 | 	2,24
  0	 | 	5	 | 	4,47
  1	 | 	6	 | 	6,00
  2	 | 	3	 | 	7,07
  2	 | 	7	 | 	8,60
  3	 | 	8	 | 	8,49
  4	 | 	5	 | 	3,00
  4	 | 	9	 | 	4,47
  5	 | 	9	 | 	6,40
  6	 | 	7	 | 	3,00
  8	 | 	9	 | 	4,00
  7	 | 	9	 | 	2,83
  3	 | 	4	 | 	4,47
  2	 | 	5	 | 	3,00
  4	 | 	7	 | 	4,47
  6	 | 	8	 | 	3,61
  3	 | 	6	 | 	5,00
  0	 | 	8	 | 	8,06
  1	 | 	8	 | 	8,54
___________________________
