Simulation Topology 1
___________________________
[2]				[0]		
[6]				[0]		
[8]				[1]		
[4]				[1]		
[2]				[2]		
___________________________
Simulation Topology [1:0]
___________________________
From 	  To 		Length
___________________________
  0	 | 	1	 | 	4,00
  0	 | 	4	 | 	2,00
  1	 | 	2	 | 	2,24
  1	 | 	3	 | 	2,24
  2	 | 	3	 | 	4,00
  3	 | 	4	 | 	2,24
___________________________
Simulation Topology [1:1]
___________________________
From 	  To 		Length
___________________________
  0	 | 	1	 | 	4,00
  0	 | 	4	 | 	2,00
  1	 | 	2	 | 	2,24
  1	 | 	3	 | 	2,24
  2	 | 	3	 | 	4,00
  3	 | 	4	 | 	2,24
  2	 | 	4	 | 	6,08
___________________________
Simulation Topology [1:2]
___________________________
From 	  To 		Length
___________________________
  0	 | 	1	 | 	4,00
  0	 | 	4	 | 	2,00
  1	 | 	2	 | 	2,24
  1	 | 	3	 | 	2,24
  2	 | 	3	 | 	4,00
  3	 | 	4	 | 	2,24
  2	 | 	4	 | 	6,08
  1	 | 	4	 | 	4,47
___________________________
