Simulation Topology 1
___________________________
[1]				[3]		
[7]				[1]		
[9]				[7]		
[5]				[5]		
[1]				[11]		
[7]				[9]		
[1]				[15]		
[7]				[13]		
[1]				[19]		
[7]				[17]		
[1]				[23]		
[7]				[21]		
[1]				[27]		
[7]				[25]		
[8]				[29]		
[2]				[31]		
[8]				[33]		
[2]				[35]		
[8]				[37]		
[2]				[39]		
___________________________
Simulation Topology [1:0]
___________________________
From 	  To 		Length
___________________________
  0	 | 	9	 | 	15,23
  0	 | 	11	 | 	18,97
  0	 | 	15	 | 	28,02
  0	 | 	18	 | 	34,71
  1	 | 	4	 | 	11,66
  1	 | 	7	 | 	12,00
  2	 | 	3	 | 	4,47
  2	 | 	4	 | 	8,94
  3	 | 	5	 | 	4,47
  5	 | 	6	 | 	8,49
  6	 | 	8	 | 	4,00
  7	 | 	13	 | 	12,00
  8	 | 	16	 | 	15,65
  9	 | 	19	 | 	22,56
  10	 | 	11	 | 	6,32
  10	 | 	17	 | 	12,04
  12	 | 	13	 | 	6,32
  12	 | 	14	 | 	7,28
  14	 | 	15	 | 	6,32
  16	 | 	17	 | 	6,32
  18	 | 	19	 | 	6,32
___________________________
Simulation Topology [1:1]
___________________________
From 	  To 		Length
___________________________
  0	 | 	9	 | 	15,23
  0	 | 	11	 | 	18,97
  0	 | 	15	 | 	28,02
  0	 | 	18	 | 	34,71
  1	 | 	4	 | 	11,66
  1	 | 	7	 | 	12,00
  2	 | 	3	 | 	4,47
  2	 | 	4	 | 	8,94
  3	 | 	5	 | 	4,47
  5	 | 	6	 | 	8,49
  6	 | 	8	 | 	4,00
  7	 | 	13	 | 	12,00
  8	 | 	16	 | 	15,65
  9	 | 	19	 | 	22,56
  10	 | 	11	 | 	6,32
  10	 | 	17	 | 	12,04
  12	 | 	13	 | 	6,32
  12	 | 	14	 | 	7,28
  14	 | 	15	 | 	6,32
  16	 | 	17	 | 	6,32
  18	 | 	19	 | 	6,32
  10	 | 	15	 | 	8,06
___________________________
Simulation Topology [1:2]
___________________________
From 	  To 		Length
___________________________
  0	 | 	9	 | 	15,23
  0	 | 	11	 | 	18,97
  0	 | 	15	 | 	28,02
  0	 | 	18	 | 	34,71
  1	 | 	4	 | 	11,66
  1	 | 	7	 | 	12,00
  2	 | 	3	 | 	4,47
  2	 | 	4	 | 	8,94
  3	 | 	5	 | 	4,47
  5	 | 	6	 | 	8,49
  6	 | 	8	 | 	4,00
  7	 | 	13	 | 	12,00
  8	 | 	16	 | 	15,65
  9	 | 	19	 | 	22,56
  10	 | 	11	 | 	6,32
  10	 | 	17	 | 	12,04
  12	 | 	13	 | 	6,32
  12	 | 	14	 | 	7,28
  14	 | 	15	 | 	6,32
  16	 | 	17	 | 	6,32
  18	 | 	19	 | 	6,32
  10	 | 	15	 | 	8,06
  2	 | 	7	 | 	6,32
___________________________
Simulation Topology [1:3]
___________________________
From 	  To 		Length
___________________________
  0	 | 	9	 | 	15,23
  0	 | 	11	 | 	18,97
  0	 | 	15	 | 	28,02
  0	 | 	18	 | 	34,71
  1	 | 	4	 | 	11,66
  1	 | 	7	 | 	12,00
  2	 | 	3	 | 	4,47
  2	 | 	4	 | 	8,94
  3	 | 	5	 | 	4,47
  5	 | 	6	 | 	8,49
  6	 | 	8	 | 	4,00
  7	 | 	13	 | 	12,00
  8	 | 	16	 | 	15,65
  9	 | 	19	 | 	22,56
  10	 | 	11	 | 	6,32
  10	 | 	17	 | 	12,04
  12	 | 	13	 | 	6,32
  12	 | 	14	 | 	7,28
  14	 | 	15	 | 	6,32
  16	 | 	17	 | 	6,32
  18	 | 	19	 | 	6,32
  10	 | 	15	 | 	8,06
  2	 | 	7	 | 	6,32
  16	 | 	18	 | 	4,00
___________________________
Simulation Topology [1:4]
___________________________
From 	  To 		Length
___________________________
  0	 | 	9	 | 	15,23
  0	 | 	11	 | 	18,97
  0	 | 	15	 | 	28,02
  0	 | 	18	 | 	34,71
  1	 | 	4	 | 	11,66
  1	 | 	7	 | 	12,00
  2	 | 	3	 | 	4,47
  2	 | 	4	 | 	8,94
  3	 | 	5	 | 	4,47
  5	 | 	6	 | 	8,49
  6	 | 	8	 | 	4,00
  7	 | 	13	 | 	12,00
  8	 | 	16	 | 	15,65
  9	 | 	19	 | 	22,56
  10	 | 	11	 | 	6,32
  10	 | 	17	 | 	12,04
  12	 | 	13	 | 	6,32
  12	 | 	14	 | 	7,28
  14	 | 	15	 | 	6,32
  16	 | 	17	 | 	6,32
  18	 | 	19	 | 	6,32
  10	 | 	15	 | 	8,06
  2	 | 	7	 | 	6,32
  16	 | 	18	 | 	4,00
  8	 | 	10	 | 	4,00
___________________________
Simulation Topology [1:5]
___________________________
From 	  To 		Length
___________________________
  0	 | 	9	 | 	15,23
  0	 | 	11	 | 	18,97
  0	 | 	15	 | 	28,02
  0	 | 	18	 | 	34,71
  1	 | 	4	 | 	11,66
  1	 | 	7	 | 	12,00
  2	 | 	3	 | 	4,47
  2	 | 	4	 | 	8,94
  3	 | 	5	 | 	4,47
  5	 | 	6	 | 	8,49
  6	 | 	8	 | 	4,00
  7	 | 	13	 | 	12,00
  8	 | 	16	 | 	15,65
  9	 | 	19	 | 	22,56
  10	 | 	11	 | 	6,32
  10	 | 	17	 | 	12,04
  12	 | 	13	 | 	6,32
  12	 | 	14	 | 	7,28
  14	 | 	15	 | 	6,32
  16	 | 	17	 | 	6,32
  18	 | 	19	 | 	6,32
  10	 | 	15	 | 	8,06
  2	 | 	7	 | 	6,32
  16	 | 	18	 | 	4,00
  8	 | 	10	 | 	4,00
  4	 | 	7	 | 	6,32
___________________________
Simulation Topology [1:6]
___________________________
From 	  To 		Length
___________________________
  0	 | 	9	 | 	15,23
  0	 | 	11	 | 	18,97
  0	 | 	15	 | 	28,02
  0	 | 	18	 | 	34,71
  1	 | 	4	 | 	11,66
  1	 | 	7	 | 	12,00
  2	 | 	3	 | 	4,47
  2	 | 	4	 | 	8,94
  3	 | 	5	 | 	4,47
  5	 | 	6	 | 	8,49
  6	 | 	8	 | 	4,00
  7	 | 	13	 | 	12,00
  8	 | 	16	 | 	15,65
  9	 | 	19	 | 	22,56
  10	 | 	11	 | 	6,32
  10	 | 	17	 | 	12,04
  12	 | 	13	 | 	6,32
  12	 | 	14	 | 	7,28
  14	 | 	15	 | 	6,32
  16	 | 	17	 | 	6,32
  18	 | 	19	 | 	6,32
  10	 | 	15	 | 	8,06
  2	 | 	7	 | 	6,32
  16	 | 	18	 | 	4,00
  8	 | 	10	 | 	4,00
  4	 | 	7	 | 	6,32
  4	 | 	9	 | 	8,49
___________________________
Simulation Topology [1:7]
___________________________
From 	  To 		Length
___________________________
  0	 | 	9	 | 	15,23
  0	 | 	11	 | 	18,97
  0	 | 	15	 | 	28,02
  0	 | 	18	 | 	34,71
  1	 | 	4	 | 	11,66
  1	 | 	7	 | 	12,00
  2	 | 	3	 | 	4,47
  2	 | 	4	 | 	8,94
  3	 | 	5	 | 	4,47
  5	 | 	6	 | 	8,49
  6	 | 	8	 | 	4,00
  7	 | 	13	 | 	12,00
  8	 | 	16	 | 	15,65
  9	 | 	19	 | 	22,56
  10	 | 	11	 | 	6,32
  10	 | 	17	 | 	12,04
  12	 | 	13	 | 	6,32
  12	 | 	14	 | 	7,28
  14	 | 	15	 | 	6,32
  16	 | 	17	 | 	6,32
  18	 | 	19	 | 	6,32
  10	 | 	15	 | 	8,06
  2	 | 	7	 | 	6,32
  16	 | 	18	 | 	4,00
  8	 | 	10	 | 	4,00
  4	 | 	7	 | 	6,32
  4	 | 	9	 | 	8,49
  17	 | 	18	 | 	6,32
___________________________
Simulation Topology [1:8]
___________________________
From 	  To 		Length
___________________________
  0	 | 	9	 | 	15,23
  0	 | 	11	 | 	18,97
  0	 | 	15	 | 	28,02
  0	 | 	18	 | 	34,71
  1	 | 	4	 | 	11,66
  1	 | 	7	 | 	12,00
  2	 | 	3	 | 	4,47
  2	 | 	4	 | 	8,94
  3	 | 	5	 | 	4,47
  5	 | 	6	 | 	8,49
  6	 | 	8	 | 	4,00
  7	 | 	13	 | 	12,00
  8	 | 	16	 | 	15,65
  9	 | 	19	 | 	22,56
  10	 | 	11	 | 	6,32
  10	 | 	17	 | 	12,04
  12	 | 	13	 | 	6,32
  12	 | 	14	 | 	7,28
  14	 | 	15	 | 	6,32
  16	 | 	17	 | 	6,32
  18	 | 	19	 | 	6,32
  10	 | 	15	 | 	8,06
  2	 | 	7	 | 	6,32
  16	 | 	18	 | 	4,00
  8	 | 	10	 | 	4,00
  4	 | 	7	 | 	6,32
  4	 | 	9	 | 	8,49
  17	 | 	18	 | 	6,32
  5	 | 	9	 | 	8,00
___________________________
Simulation Topology [1:9]
___________________________
From 	  To 		Length
___________________________
  0	 | 	9	 | 	15,23
  0	 | 	11	 | 	18,97
  0	 | 	15	 | 	28,02
  0	 | 	18	 | 	34,71
  1	 | 	4	 | 	11,66
  1	 | 	7	 | 	12,00
  2	 | 	3	 | 	4,47
  2	 | 	4	 | 	8,94
  3	 | 	5	 | 	4,47
  5	 | 	6	 | 	8,49
  6	 | 	8	 | 	4,00
  7	 | 	13	 | 	12,00
  8	 | 	16	 | 	15,65
  9	 | 	19	 | 	22,56
  10	 | 	11	 | 	6,32
  10	 | 	17	 | 	12,04
  12	 | 	13	 | 	6,32
  12	 | 	14	 | 	7,28
  14	 | 	15	 | 	6,32
  16	 | 	17	 | 	6,32
  18	 | 	19	 | 	6,32
  10	 | 	15	 | 	8,06
  2	 | 	7	 | 	6,32
  16	 | 	18	 | 	4,00
  8	 | 	10	 | 	4,00
  4	 | 	7	 | 	6,32
  4	 | 	9	 | 	8,49
  17	 | 	18	 | 	6,32
  5	 | 	9	 | 	8,00
  12	 | 	17	 | 	8,06
___________________________
