[7]				[3]		
[5]				[7]		
[7]				[11]		
[7]				[15]		
[7]				[19]		
[7]				[23]		
[7]				[27]		
[7]				[31]		
[9]				[35]		
[9]				[39]		
[19]				[3]		
[19]				[7]		
[19]				[11]		
[16]				[12]		
[16]				[16]		
[16]				[20]		
[17]				[24]		
[17]				[28]		
[17]				[32]		
[17]				[36]		
___________________________
Simulation Topology [1:1]
___________________________
From 	  To 		Length
___________________________
  0	 | 	1	 | 	4,47
  0	 | 	6	 | 	24,00
  0	 | 	10	 | 	12,00
  0	 | 	15	 | 	19,24
  1	 | 	17	 | 	24,19
  2	 | 	6	 | 	16,00
  2	 | 	19	 | 	26,93
  3	 | 	8	 | 	20,10
  3	 | 	14	 | 	9,06
  3	 | 	15	 | 	10,30
  4	 | 	7	 | 	12,00
  4	 | 	11	 | 	16,97
  5	 | 	17	 | 	11,18
  5	 | 	18	 | 	13,45
  7	 | 	16	 | 	12,21
  8	 | 	12	 | 	26,00
  9	 | 	10	 | 	37,36
  9	 | 	13	 | 	27,89
  11	 | 	19	 | 	29,07
  12	 | 	14	 | 	5,83
  12	 | 	18	 | 	21,10
  13	 | 	16	 | 	12,04
___________________________
Simulation Topology [1:2]
___________________________
From 	  To 		Length
___________________________
  0	 | 	1	 | 	4,47
  0	 | 	6	 | 	24,00
  0	 | 	10	 | 	12,00
  0	 | 	15	 | 	19,24
  1	 | 	17	 | 	24,19
  2	 | 	6	 | 	16,00
  2	 | 	19	 | 	26,93
  3	 | 	8	 | 	20,10
  3	 | 	14	 | 	9,06
  3	 | 	15	 | 	10,30
  4	 | 	7	 | 	12,00
  4	 | 	11	 | 	16,97
  5	 | 	17	 | 	11,18
  5	 | 	18	 | 	13,45
  7	 | 	16	 | 	12,21
  8	 | 	12	 | 	26,00
  9	 | 	10	 | 	37,36
  9	 | 	13	 | 	27,89
  11	 | 	19	 | 	29,07
  12	 | 	14	 | 	5,83
  12	 | 	18	 | 	21,10
  13	 | 	16	 | 	12,04
___________________________
Simulation Topology [1:3]
___________________________
From 	  To 		Length
___________________________
  0	 | 	1	 | 	4,47
  0	 | 	6	 | 	24,00
  0	 | 	10	 | 	12,00
  0	 | 	15	 | 	19,24
  1	 | 	17	 | 	24,19
  2	 | 	6	 | 	16,00
  2	 | 	19	 | 	26,93
  3	 | 	8	 | 	20,10
  3	 | 	14	 | 	9,06
  3	 | 	15	 | 	10,30
  4	 | 	7	 | 	12,00
  4	 | 	11	 | 	16,97
  5	 | 	17	 | 	11,18
  5	 | 	18	 | 	13,45
  7	 | 	16	 | 	12,21
  8	 | 	12	 | 	26,00
  9	 | 	10	 | 	37,36
  9	 | 	13	 | 	27,89
  11	 | 	19	 | 	29,07
  12	 | 	14	 | 	5,83
  12	 | 	18	 | 	21,10
  13	 | 	16	 | 	12,04
___________________________
Simulation Topology [1:4]
___________________________
From 	  To 		Length
___________________________
  0	 | 	1	 | 	4,47
  0	 | 	6	 | 	24,00
  0	 | 	10	 | 	12,00
  0	 | 	15	 | 	19,24
  1	 | 	17	 | 	24,19
  2	 | 	6	 | 	16,00
  2	 | 	19	 | 	26,93
  3	 | 	8	 | 	20,10
  3	 | 	14	 | 	9,06
  3	 | 	15	 | 	10,30
  4	 | 	7	 | 	12,00
  4	 | 	11	 | 	16,97
  5	 | 	17	 | 	11,18
  5	 | 	18	 | 	13,45
  7	 | 	16	 | 	12,21
  8	 | 	12	 | 	26,00
  9	 | 	10	 | 	37,36
  9	 | 	13	 | 	27,89
  11	 | 	19	 | 	29,07
  12	 | 	14	 | 	5,83
  12	 | 	18	 | 	21,10
  13	 | 	16	 | 	12,04
___________________________
Simulation Topology [1:5]
___________________________
From 	  To 		Length
___________________________
  0	 | 	1	 | 	4,47
  0	 | 	6	 | 	24,00
  0	 | 	10	 | 	12,00
  0	 | 	15	 | 	19,24
  1	 | 	17	 | 	24,19
  2	 | 	6	 | 	16,00
  2	 | 	19	 | 	26,93
  3	 | 	8	 | 	20,10
  3	 | 	14	 | 	9,06
  3	 | 	15	 | 	10,30
  4	 | 	7	 | 	12,00
  4	 | 	11	 | 	16,97
  5	 | 	17	 | 	11,18
  5	 | 	18	 | 	13,45
  7	 | 	16	 | 	12,21
  8	 | 	12	 | 	26,00
  9	 | 	10	 | 	37,36
  9	 | 	13	 | 	27,89
  11	 | 	19	 | 	29,07
  12	 | 	14	 | 	5,83
  12	 | 	18	 | 	21,10
  13	 | 	16	 | 	12,04
___________________________
Simulation Topology [1:6]
___________________________
From 	  To 		Length
___________________________
  0	 | 	1	 | 	4,47
  0	 | 	6	 | 	24,00
  0	 | 	10	 | 	12,00
  0	 | 	15	 | 	19,24
  1	 | 	17	 | 	24,19
  2	 | 	6	 | 	16,00
  2	 | 	19	 | 	26,93
  3	 | 	8	 | 	20,10
  3	 | 	14	 | 	9,06
  3	 | 	15	 | 	10,30
  4	 | 	7	 | 	12,00
  4	 | 	11	 | 	16,97
  5	 | 	17	 | 	11,18
  5	 | 	18	 | 	13,45
  7	 | 	16	 | 	12,21
  8	 | 	12	 | 	26,00
  9	 | 	10	 | 	37,36
  9	 | 	13	 | 	27,89
  11	 | 	19	 | 	29,07
  12	 | 	14	 | 	5,83
  12	 | 	18	 | 	21,10
  13	 | 	16	 | 	12,04
___________________________
Simulation Topology [1:7]
___________________________
From 	  To 		Length
___________________________
  0	 | 	1	 | 	4,47
  0	 | 	6	 | 	24,00
  0	 | 	10	 | 	12,00
  0	 | 	15	 | 	19,24
  1	 | 	17	 | 	24,19
  2	 | 	6	 | 	16,00
  2	 | 	19	 | 	26,93
  3	 | 	8	 | 	20,10
  3	 | 	14	 | 	9,06
  3	 | 	15	 | 	10,30
  4	 | 	7	 | 	12,00
  4	 | 	11	 | 	16,97
  5	 | 	17	 | 	11,18
  5	 | 	18	 | 	13,45
  7	 | 	16	 | 	12,21
  8	 | 	12	 | 	26,00
  9	 | 	10	 | 	37,36
  9	 | 	13	 | 	27,89
  11	 | 	19	 | 	29,07
  12	 | 	14	 | 	5,83
  12	 | 	18	 | 	21,10
  13	 | 	16	 | 	12,04
___________________________
Simulation Topology [1:8]
___________________________
From 	  To 		Length
___________________________
  0	 | 	1	 | 	4,47
  0	 | 	6	 | 	24,00
  0	 | 	10	 | 	12,00
  0	 | 	15	 | 	19,24
  1	 | 	17	 | 	24,19
  2	 | 	6	 | 	16,00
  2	 | 	19	 | 	26,93
  3	 | 	8	 | 	20,10
  3	 | 	14	 | 	9,06
  3	 | 	15	 | 	10,30
  4	 | 	7	 | 	12,00
  4	 | 	11	 | 	16,97
  5	 | 	17	 | 	11,18
  5	 | 	18	 | 	13,45
  7	 | 	16	 | 	12,21
  8	 | 	12	 | 	26,00
  9	 | 	10	 | 	37,36
  9	 | 	13	 | 	27,89
  11	 | 	19	 | 	29,07
  12	 | 	14	 | 	5,83
  12	 | 	18	 | 	21,10
  13	 | 	16	 | 	12,04
___________________________
Simulation Topology [1:9]
___________________________
From 	  To 		Length
___________________________
  0	 | 	1	 | 	4,47
  0	 | 	6	 | 	24,00
  0	 | 	10	 | 	12,00
  0	 | 	15	 | 	19,24
  1	 | 	17	 | 	24,19
  2	 | 	6	 | 	16,00
  2	 | 	19	 | 	26,93
  3	 | 	8	 | 	20,10
  3	 | 	14	 | 	9,06
  3	 | 	15	 | 	10,30
  4	 | 	7	 | 	12,00
  4	 | 	11	 | 	16,97
  5	 | 	17	 | 	11,18
  5	 | 	18	 | 	13,45
  7	 | 	16	 | 	12,21
  8	 | 	12	 | 	26,00
  9	 | 	10	 | 	37,36
  9	 | 	13	 | 	27,89
  11	 | 	19	 | 	29,07
  12	 | 	14	 | 	5,83
  12	 | 	18	 | 	21,10
  13	 | 	16	 | 	12,04
___________________________
Simulation Topology [1:10]
___________________________
From 	  To 		Length
___________________________
  0	 | 	1	 | 	4,47
  0	 | 	6	 | 	24,00
  0	 | 	10	 | 	12,00
  0	 | 	15	 | 	19,24
  1	 | 	17	 | 	24,19
  2	 | 	6	 | 	16,00
  2	 | 	19	 | 	26,93
  3	 | 	8	 | 	20,10
  3	 | 	14	 | 	9,06
  3	 | 	15	 | 	10,30
  4	 | 	7	 | 	12,00
  4	 | 	11	 | 	16,97
  5	 | 	17	 | 	11,18
  5	 | 	18	 | 	13,45
  7	 | 	16	 | 	12,21
  8	 | 	12	 | 	26,00
  9	 | 	10	 | 	37,36
  9	 | 	13	 | 	27,89
  11	 | 	19	 | 	29,07
  12	 | 	14	 | 	5,83
  12	 | 	18	 | 	21,10
  13	 | 	16	 | 	12,04
___________________________
Simulation Topology [1:11]
___________________________
From 	  To 		Length
___________________________
  0	 | 	1	 | 	4,47
  0	 | 	6	 | 	24,00
  0	 | 	10	 | 	12,00
  0	 | 	15	 | 	19,24
  1	 | 	17	 | 	24,19
  2	 | 	6	 | 	16,00
  2	 | 	19	 | 	26,93
  3	 | 	8	 | 	20,10
  3	 | 	14	 | 	9,06
  3	 | 	15	 | 	10,30
  4	 | 	7	 | 	12,00
  4	 | 	11	 | 	16,97
  5	 | 	17	 | 	11,18
  5	 | 	18	 | 	13,45
  7	 | 	16	 | 	12,21
  8	 | 	12	 | 	26,00
  9	 | 	10	 | 	37,36
  9	 | 	13	 | 	27,89
  11	 | 	19	 | 	29,07
  12	 | 	14	 | 	5,83
  12	 | 	18	 | 	21,10
  13	 | 	16	 | 	12,04
___________________________
Simulation Topology [1:12]
___________________________
From 	  To 		Length
___________________________
  0	 | 	1	 | 	4,47
  0	 | 	6	 | 	24,00
  0	 | 	10	 | 	12,00
  0	 | 	15	 | 	19,24
  1	 | 	17	 | 	24,19
  2	 | 	6	 | 	16,00
  2	 | 	19	 | 	26,93
  3	 | 	8	 | 	20,10
  3	 | 	14	 | 	9,06
  3	 | 	15	 | 	10,30
  4	 | 	7	 | 	12,00
  4	 | 	11	 | 	16,97
  5	 | 	17	 | 	11,18
  5	 | 	18	 | 	13,45
  7	 | 	16	 | 	12,21
  8	 | 	12	 | 	26,00
  9	 | 	10	 | 	37,36
  9	 | 	13	 | 	27,89
  11	 | 	19	 | 	29,07
  12	 | 	14	 | 	5,83
  12	 | 	18	 | 	21,10
  13	 | 	16	 | 	12,04
___________________________
Simulation Topology [1:13]
___________________________
From 	  To 		Length
___________________________
  0	 | 	1	 | 	4,47
  0	 | 	6	 | 	24,00
  0	 | 	10	 | 	12,00
  0	 | 	15	 | 	19,24
  1	 | 	17	 | 	24,19
  2	 | 	6	 | 	16,00
  2	 | 	19	 | 	26,93
  3	 | 	8	 | 	20,10
  3	 | 	14	 | 	9,06
  3	 | 	15	 | 	10,30
  4	 | 	7	 | 	12,00
  4	 | 	11	 | 	16,97
  5	 | 	17	 | 	11,18
  5	 | 	18	 | 	13,45
  7	 | 	16	 | 	12,21
  8	 | 	12	 | 	26,00
  9	 | 	10	 | 	37,36
  9	 | 	13	 | 	27,89
  11	 | 	19	 | 	29,07
  12	 | 	14	 | 	5,83
  12	 | 	18	 | 	21,10
  13	 | 	16	 | 	12,04
___________________________
Simulation Topology [1:14]
___________________________
From 	  To 		Length
___________________________
  0	 | 	1	 | 	4,47
  0	 | 	6	 | 	24,00
  0	 | 	10	 | 	12,00
  0	 | 	15	 | 	19,24
  1	 | 	17	 | 	24,19
  2	 | 	6	 | 	16,00
  2	 | 	19	 | 	26,93
  3	 | 	8	 | 	20,10
  3	 | 	14	 | 	9,06
  3	 | 	15	 | 	10,30
  4	 | 	7	 | 	12,00
  4	 | 	11	 | 	16,97
  5	 | 	17	 | 	11,18
  5	 | 	18	 | 	13,45
  7	 | 	16	 | 	12,21
  8	 | 	12	 | 	26,00
  9	 | 	10	 | 	37,36
  9	 | 	13	 | 	27,89
  11	 | 	19	 | 	29,07
  12	 | 	14	 | 	5,83
  12	 | 	18	 | 	21,10
  13	 | 	16	 | 	12,04
___________________________
Simulation Topology [1:15]
___________________________
From 	  To 		Length
___________________________
  0	 | 	1	 | 	4,47
  0	 | 	6	 | 	24,00
  0	 | 	10	 | 	12,00
  0	 | 	15	 | 	19,24
  1	 | 	17	 | 	24,19
  2	 | 	6	 | 	16,00
  2	 | 	19	 | 	26,93
  3	 | 	8	 | 	20,10
  3	 | 	14	 | 	9,06
  3	 | 	15	 | 	10,30
  4	 | 	7	 | 	12,00
  4	 | 	11	 | 	16,97
  5	 | 	17	 | 	11,18
  5	 | 	18	 | 	13,45
  7	 | 	16	 | 	12,21
  8	 | 	12	 | 	26,00
  9	 | 	10	 | 	37,36
  9	 | 	13	 | 	27,89
  11	 | 	19	 | 	29,07
  12	 | 	14	 | 	5,83
  12	 | 	18	 | 	21,10
  13	 | 	16	 | 	12,04
___________________________
Simulation Topology [1:16]
___________________________
From 	  To 		Length
___________________________
  0	 | 	1	 | 	4,47
  0	 | 	6	 | 	24,00
  0	 | 	10	 | 	12,00
  0	 | 	15	 | 	19,24
  1	 | 	17	 | 	24,19
  2	 | 	6	 | 	16,00
  2	 | 	19	 | 	26,93
  3	 | 	8	 | 	20,10
  3	 | 	14	 | 	9,06
  3	 | 	15	 | 	10,30
  4	 | 	7	 | 	12,00
  4	 | 	11	 | 	16,97
  5	 | 	17	 | 	11,18
  5	 | 	18	 | 	13,45
  7	 | 	16	 | 	12,21
  8	 | 	12	 | 	26,00
  9	 | 	10	 | 	37,36
  9	 | 	13	 | 	27,89
  11	 | 	19	 | 	29,07
  12	 | 	14	 | 	5,83
  12	 | 	18	 | 	21,10
  13	 | 	16	 | 	12,04
___________________________
Simulation Topology [1:17]
___________________________
From 	  To 		Length
___________________________
  0	 | 	1	 | 	4,47
  0	 | 	6	 | 	24,00
  0	 | 	10	 | 	12,00
  0	 | 	15	 | 	19,24
  1	 | 	17	 | 	24,19
  2	 | 	6	 | 	16,00
  2	 | 	19	 | 	26,93
  3	 | 	8	 | 	20,10
  3	 | 	14	 | 	9,06
  3	 | 	15	 | 	10,30
  4	 | 	7	 | 	12,00
  4	 | 	11	 | 	16,97
  5	 | 	17	 | 	11,18
  5	 | 	18	 | 	13,45
  7	 | 	16	 | 	12,21
  8	 | 	12	 | 	26,00
  9	 | 	10	 | 	37,36
  9	 | 	13	 | 	27,89
  11	 | 	19	 | 	29,07
  12	 | 	14	 | 	5,83
  12	 | 	18	 | 	21,10
  13	 | 	16	 | 	12,04
___________________________
Simulation Topology [1:18]
___________________________
From 	  To 		Length
___________________________
  0	 | 	1	 | 	4,47
  0	 | 	6	 | 	24,00
  0	 | 	10	 | 	12,00
  0	 | 	15	 | 	19,24
  1	 | 	17	 | 	24,19
  2	 | 	6	 | 	16,00
  2	 | 	19	 | 	26,93
  3	 | 	8	 | 	20,10
  3	 | 	14	 | 	9,06
  3	 | 	15	 | 	10,30
  4	 | 	7	 | 	12,00
  4	 | 	11	 | 	16,97
  5	 | 	17	 | 	11,18
  5	 | 	18	 | 	13,45
  7	 | 	16	 | 	12,21
  8	 | 	12	 | 	26,00
  9	 | 	10	 | 	37,36
  9	 | 	13	 | 	27,89
  11	 | 	19	 | 	29,07
  12	 | 	14	 | 	5,83
  12	 | 	18	 | 	21,10
  13	 | 	16	 | 	12,04
___________________________
Simulation Topology [1:19]
___________________________
From 	  To 		Length
___________________________
  0	 | 	1	 | 	4,47
  0	 | 	6	 | 	24,00
  0	 | 	10	 | 	12,00
  0	 | 	15	 | 	19,24
  1	 | 	17	 | 	24,19
  2	 | 	6	 | 	16,00
  2	 | 	19	 | 	26,93
  3	 | 	8	 | 	20,10
  3	 | 	14	 | 	9,06
  3	 | 	15	 | 	10,30
  4	 | 	7	 | 	12,00
  4	 | 	11	 | 	16,97
  5	 | 	17	 | 	11,18
  5	 | 	18	 | 	13,45
  7	 | 	16	 | 	12,21
  8	 | 	12	 | 	26,00
  9	 | 	10	 | 	37,36
  9	 | 	13	 | 	27,89
  11	 | 	19	 | 	29,07
  12	 | 	14	 | 	5,83
  12	 | 	18	 | 	21,10
  13	 | 	16	 | 	12,04
___________________________
Simulation Topology [1:20]
___________________________
From 	  To 		Length
___________________________
  0	 | 	1	 | 	4,47
  0	 | 	6	 | 	24,00
  0	 | 	10	 | 	12,00
  0	 | 	15	 | 	19,24
  1	 | 	17	 | 	24,19
  2	 | 	6	 | 	16,00
  2	 | 	19	 | 	26,93
  3	 | 	8	 | 	20,10
  3	 | 	14	 | 	9,06
  3	 | 	15	 | 	10,30
  4	 | 	7	 | 	12,00
  4	 | 	11	 | 	16,97
  5	 | 	17	 | 	11,18
  5	 | 	18	 | 	13,45
  7	 | 	16	 | 	12,21
  8	 | 	12	 | 	26,00
  9	 | 	10	 | 	37,36
  9	 | 	13	 | 	27,89
  11	 | 	19	 | 	29,07
  12	 | 	14	 | 	5,83
  12	 | 	18	 | 	21,10
  13	 | 	16	 | 	12,04
___________________________
