[17]				[0]		
[17]				[2]		
[17]				[4]		
[17]				[6]		
[17]				[8]		
[17]				[10]		
[17]				[12]		
[17]				[14]		
[18]				[17]		
[11]				[18]		
___________________________
Simulation Topology [1:2]
___________________________
From 	  To 		Length
___________________________
  0	 | 	1	 | 	2,00
  0	 | 	5	 | 	10,00
  0	 | 	6	 | 	12,00
  0	 | 	7	 | 	14,00
  1	 | 	6	 | 	10,00
  1	 | 	7	 | 	12,00
  2	 | 	4	 | 	4,00
  2	 | 	8	 | 	13,04
  3	 | 	5	 | 	4,00
  3	 | 	7	 | 	8,00
  4	 | 	9	 | 	11,66
  5	 | 	6	 | 	2,00
  5	 | 	8	 | 	7,07
  6	 | 	9	 | 	8,49
  7	 | 	8	 | 	3,16
___________________________
Simulation Topology [1:3]
___________________________
From 	  To 		Length
___________________________
  0	 | 	1	 | 	2,00
  0	 | 	5	 | 	10,00
  0	 | 	6	 | 	12,00
  0	 | 	7	 | 	14,00
  1	 | 	6	 | 	10,00
  1	 | 	7	 | 	12,00
  2	 | 	4	 | 	4,00
  2	 | 	8	 | 	13,04
  3	 | 	5	 | 	4,00
  3	 | 	7	 | 	8,00
  4	 | 	9	 | 	11,66
  5	 | 	6	 | 	2,00
  5	 | 	8	 | 	7,07
  6	 | 	9	 | 	8,49
  7	 | 	8	 | 	3,16
___________________________
Simulation Topology [1:4]
___________________________
From 	  To 		Length
___________________________
  0	 | 	1	 | 	2,00
  0	 | 	5	 | 	10,00
  0	 | 	6	 | 	12,00
  0	 | 	7	 | 	14,00
  1	 | 	6	 | 	10,00
  1	 | 	7	 | 	12,00
  2	 | 	4	 | 	4,00
  2	 | 	8	 | 	13,04
  3	 | 	5	 | 	4,00
  3	 | 	7	 | 	8,00
  4	 | 	9	 | 	11,66
  5	 | 	6	 | 	2,00
  5	 | 	8	 | 	7,07
  6	 | 	9	 | 	8,49
  7	 | 	8	 | 	3,16
___________________________
Simulation Topology [1:5]
___________________________
From 	  To 		Length
___________________________
  0	 | 	1	 | 	2,00
  0	 | 	5	 | 	10,00
  0	 | 	6	 | 	12,00
  0	 | 	7	 | 	14,00
  1	 | 	6	 | 	10,00
  1	 | 	7	 | 	12,00
  2	 | 	4	 | 	4,00
  2	 | 	8	 | 	13,04
  3	 | 	5	 | 	4,00
  3	 | 	7	 | 	8,00
  4	 | 	9	 | 	11,66
  5	 | 	6	 | 	2,00
  5	 | 	8	 | 	7,07
  6	 | 	9	 | 	8,49
  7	 | 	8	 | 	3,16
___________________________
Simulation Topology [1:6]
___________________________
From 	  To 		Length
___________________________
  0	 | 	1	 | 	2,00
  0	 | 	5	 | 	10,00
  0	 | 	6	 | 	12,00
  0	 | 	7	 | 	14,00
  1	 | 	6	 | 	10,00
  1	 | 	7	 | 	12,00
  2	 | 	4	 | 	4,00
  2	 | 	8	 | 	13,04
  3	 | 	5	 | 	4,00
  3	 | 	7	 | 	8,00
  4	 | 	9	 | 	11,66
  5	 | 	6	 | 	2,00
  5	 | 	8	 | 	7,07
  6	 | 	9	 | 	8,49
  7	 | 	8	 | 	3,16
___________________________
Simulation Topology [1:7]
___________________________
From 	  To 		Length
___________________________
  0	 | 	1	 | 	2,00
  0	 | 	5	 | 	10,00
  0	 | 	6	 | 	12,00
  0	 | 	7	 | 	14,00
  1	 | 	6	 | 	10,00
  1	 | 	7	 | 	12,00
  2	 | 	4	 | 	4,00
  2	 | 	8	 | 	13,04
  3	 | 	5	 | 	4,00
  3	 | 	7	 | 	8,00
  4	 | 	9	 | 	11,66
  5	 | 	6	 | 	2,00
  5	 | 	8	 | 	7,07
  6	 | 	9	 | 	8,49
  7	 | 	8	 | 	3,16
___________________________
Simulation Topology [1:8]
___________________________
From 	  To 		Length
___________________________
  0	 | 	1	 | 	2,00
  0	 | 	5	 | 	10,00
  0	 | 	6	 | 	12,00
  0	 | 	7	 | 	14,00
  1	 | 	6	 | 	10,00
  1	 | 	7	 | 	12,00
  2	 | 	4	 | 	4,00
  2	 | 	8	 | 	13,04
  3	 | 	5	 | 	4,00
  3	 | 	7	 | 	8,00
  4	 | 	9	 | 	11,66
  5	 | 	6	 | 	2,00
  5	 | 	8	 | 	7,07
  6	 | 	9	 | 	8,49
  7	 | 	8	 | 	3,16
___________________________
Simulation Topology [1:9]
___________________________
From 	  To 		Length
___________________________
  0	 | 	1	 | 	2,00
  0	 | 	5	 | 	10,00
  0	 | 	6	 | 	12,00
  0	 | 	7	 | 	14,00
  1	 | 	6	 | 	10,00
  1	 | 	7	 | 	12,00
  2	 | 	4	 | 	4,00
  2	 | 	8	 | 	13,04
  3	 | 	5	 | 	4,00
  3	 | 	7	 | 	8,00
  4	 | 	9	 | 	11,66
  5	 | 	6	 | 	2,00
  5	 | 	8	 | 	7,07
  6	 | 	9	 | 	8,49
  7	 | 	8	 | 	3,16
___________________________
Simulation Topology [1:10]
___________________________
From 	  To 		Length
___________________________
  0	 | 	1	 | 	2,00
  0	 | 	5	 | 	10,00
  0	 | 	6	 | 	12,00
  0	 | 	7	 | 	14,00
  1	 | 	6	 | 	10,00
  1	 | 	7	 | 	12,00
  2	 | 	4	 | 	4,00
  2	 | 	8	 | 	13,04
  3	 | 	5	 | 	4,00
  3	 | 	7	 | 	8,00
  4	 | 	9	 | 	11,66
  5	 | 	6	 | 	2,00
  5	 | 	8	 | 	7,07
  6	 | 	9	 | 	8,49
  7	 | 	8	 | 	3,16
  2	 | 	3	 | 	2,00
___________________________
Simulation Topology [1:11]
___________________________
From 	  To 		Length
___________________________
  0	 | 	1	 | 	2,00
  0	 | 	5	 | 	10,00
  0	 | 	6	 | 	12,00
  0	 | 	7	 | 	14,00
  1	 | 	6	 | 	10,00
  1	 | 	7	 | 	12,00
  2	 | 	4	 | 	4,00
  2	 | 	8	 | 	13,04
  3	 | 	5	 | 	4,00
  3	 | 	7	 | 	8,00
  4	 | 	9	 | 	11,66
  5	 | 	6	 | 	2,00
  5	 | 	8	 | 	7,07
  6	 | 	9	 | 	8,49
  7	 | 	8	 | 	3,16
  2	 | 	3	 | 	2,00
___________________________
