Simulation Topology 1
___________________________
[4]				[1]		
[1]				[1]		
[3]				[3]		
[9]				[2]		
[4]				[5]		
[1]				[5]		
[4]				[7]		
[1]				[7]		
[4]				[9]		
[1]				[9]		
___________________________
Simulation Topology [1:0]
___________________________
From 	  To 		Length
___________________________
  0	 | 	1	 | 	3,00
  0	 | 	3	 | 	5,10
  1	 | 	5	 | 	4,00
  1	 | 	8	 | 	8,54
  2	 | 	3	 | 	6,08
  2	 | 	5	 | 	2,83
  2	 | 	6	 | 	4,12
  4	 | 	5	 | 	3,00
  4	 | 	8	 | 	4,00
  6	 | 	7	 | 	3,00
  7	 | 	9	 | 	2,00
  8	 | 	9	 | 	3,00
___________________________
Simulation Topology [1:1]
___________________________
From 	  To 		Length
___________________________
  0	 | 	1	 | 	3,00
  0	 | 	3	 | 	5,10
  1	 | 	5	 | 	4,00
  1	 | 	8	 | 	8,54
  2	 | 	3	 | 	6,08
  2	 | 	5	 | 	2,83
  2	 | 	6	 | 	4,12
  4	 | 	5	 | 	3,00
  4	 | 	8	 | 	4,00
  6	 | 	7	 | 	3,00
  7	 | 	9	 | 	2,00
  8	 | 	9	 | 	3,00
  4	 | 	7	 | 	3,61
___________________________
Simulation Topology [1:2]
___________________________
From 	  To 		Length
___________________________
  0	 | 	1	 | 	3,00
  0	 | 	3	 | 	5,10
  1	 | 	5	 | 	4,00
  1	 | 	8	 | 	8,54
  2	 | 	3	 | 	6,08
  2	 | 	5	 | 	2,83
  2	 | 	6	 | 	4,12
  4	 | 	5	 | 	3,00
  4	 | 	8	 | 	4,00
  6	 | 	7	 | 	3,00
  7	 | 	9	 | 	2,00
  8	 | 	9	 | 	3,00
  4	 | 	7	 | 	3,61
  6	 | 	9	 | 	3,61
___________________________
Simulation Topology [1:3]
___________________________
From 	  To 		Length
___________________________
  0	 | 	1	 | 	3,00
  0	 | 	3	 | 	5,10
  1	 | 	5	 | 	4,00
  1	 | 	8	 | 	8,54
  2	 | 	3	 | 	6,08
  2	 | 	5	 | 	2,83
  2	 | 	6	 | 	4,12
  4	 | 	5	 | 	3,00
  4	 | 	8	 | 	4,00
  6	 | 	7	 | 	3,00
  7	 | 	9	 | 	2,00
  8	 | 	9	 | 	3,00
  4	 | 	7	 | 	3,61
  6	 | 	9	 | 	3,61
  0	 | 	2	 | 	2,24
___________________________
Simulation Topology [1:4]
___________________________
From 	  To 		Length
___________________________
  0	 | 	1	 | 	3,00
  0	 | 	3	 | 	5,10
  1	 | 	5	 | 	4,00
  1	 | 	8	 | 	8,54
  2	 | 	3	 | 	6,08
  2	 | 	5	 | 	2,83
  2	 | 	6	 | 	4,12
  4	 | 	5	 | 	3,00
  4	 | 	8	 | 	4,00
  6	 | 	7	 | 	3,00
  7	 | 	9	 | 	2,00
  8	 | 	9	 | 	3,00
  4	 | 	7	 | 	3,61
  6	 | 	9	 | 	3,61
  0	 | 	2	 | 	2,24
  1	 | 	4	 | 	5,00
___________________________
Simulation Topology [1:5]
___________________________
From 	  To 		Length
___________________________
  0	 | 	1	 | 	3,00
  0	 | 	3	 | 	5,10
  1	 | 	5	 | 	4,00
  1	 | 	8	 | 	8,54
  2	 | 	3	 | 	6,08
  2	 | 	5	 | 	2,83
  2	 | 	6	 | 	4,12
  4	 | 	5	 | 	3,00
  4	 | 	8	 | 	4,00
  6	 | 	7	 | 	3,00
  7	 | 	9	 | 	2,00
  8	 | 	9	 | 	3,00
  4	 | 	7	 | 	3,61
  6	 | 	9	 | 	3,61
  0	 | 	2	 | 	2,24
  1	 | 	4	 | 	5,00
  3	 | 	6	 | 	7,07
___________________________
Simulation Topology [1:6]
___________________________
From 	  To 		Length
___________________________
  0	 | 	1	 | 	3,00
  0	 | 	3	 | 	5,10
  1	 | 	5	 | 	4,00
  1	 | 	8	 | 	8,54
  2	 | 	3	 | 	6,08
  2	 | 	5	 | 	2,83
  2	 | 	6	 | 	4,12
  4	 | 	5	 | 	3,00
  4	 | 	8	 | 	4,00
  6	 | 	7	 | 	3,00
  7	 | 	9	 | 	2,00
  8	 | 	9	 | 	3,00
  4	 | 	7	 | 	3,61
  6	 | 	9	 | 	3,61
  0	 | 	2	 | 	2,24
  1	 | 	4	 | 	5,00
  3	 | 	6	 | 	7,07
  5	 | 	7	 | 	2,00
___________________________
Simulation Topology [1:7]
___________________________
From 	  To 		Length
___________________________
  0	 | 	1	 | 	3,00
  0	 | 	3	 | 	5,10
  1	 | 	5	 | 	4,00
  1	 | 	8	 | 	8,54
  2	 | 	3	 | 	6,08
  2	 | 	5	 | 	2,83
  2	 | 	6	 | 	4,12
  4	 | 	5	 | 	3,00
  4	 | 	8	 | 	4,00
  6	 | 	7	 | 	3,00
  7	 | 	9	 | 	2,00
  8	 | 	9	 | 	3,00
  4	 | 	7	 | 	3,61
  6	 | 	9	 | 	3,61
  0	 | 	2	 | 	2,24
  1	 | 	4	 | 	5,00
  3	 | 	6	 | 	7,07
  5	 | 	7	 | 	2,00
  0	 | 	8	 | 	8,00
___________________________
Simulation Topology [1:8]
___________________________
From 	  To 		Length
___________________________
  0	 | 	1	 | 	3,00
  0	 | 	3	 | 	5,10
  1	 | 	5	 | 	4,00
  1	 | 	8	 | 	8,54
  2	 | 	3	 | 	6,08
  2	 | 	5	 | 	2,83
  2	 | 	6	 | 	4,12
  4	 | 	5	 | 	3,00
  4	 | 	8	 | 	4,00
  6	 | 	7	 | 	3,00
  7	 | 	9	 | 	2,00
  8	 | 	9	 | 	3,00
  4	 | 	7	 | 	3,61
  6	 | 	9	 | 	3,61
  0	 | 	2	 | 	2,24
  1	 | 	4	 | 	5,00
  3	 | 	6	 | 	7,07
  5	 | 	7	 | 	2,00
  0	 | 	8	 | 	8,00
  3	 | 	9	 | 	10,63
___________________________
