Simulation Topology 1
___________________________
[2]				[3]		
[2]				[7]		
[9]				[9]		
[9]				[13]		
[9]				[17]		
[9]				[21]		
[9]				[25]		
[1]				[29]		
[1]				[33]		
[7]				[38]		
[18]				[2]		
[18]				[6]		
[18]				[10]		
[18]				[14]		
[18]				[18]		
[18]				[22]		
[18]				[26]		
[18]				[30]		
[18]				[34]		
[18]				[38]		
___________________________
Simulation Topology [1:0]
___________________________
From 	  To 		Length
___________________________
  0	 | 	4	 | 	15,65
  0	 | 	7	 | 	26,02
  0	 | 	8	 | 	30,02
  0	 | 	12	 | 	17,46
  1	 | 	3	 | 	9,22
  1	 | 	10	 | 	16,76
  2	 | 	7	 | 	21,54
  2	 | 	17	 | 	22,85
  3	 | 	19	 | 	26,57
  4	 | 	17	 | 	15,81
  5	 | 	9	 | 	17,12
  5	 | 	18	 | 	15,81
  6	 | 	9	 | 	13,15
  6	 | 	16	 | 	9,06
  8	 | 	13	 | 	25,50
  10	 | 	16	 | 	24,00
  11	 | 	12	 | 	4,00
  11	 | 	18	 | 	28,00
  13	 | 	14	 | 	4,00
  14	 | 	15	 | 	4,00
  15	 | 	19	 | 	16,00
___________________________
Simulation Topology [1:1]
___________________________
From 	  To 		Length
___________________________
  0	 | 	4	 | 	15,65
  0	 | 	7	 | 	26,02
  0	 | 	8	 | 	30,02
  0	 | 	12	 | 	17,46
  1	 | 	3	 | 	9,22
  1	 | 	10	 | 	16,76
  2	 | 	7	 | 	21,54
  2	 | 	17	 | 	22,85
  3	 | 	19	 | 	26,57
  4	 | 	17	 | 	15,81
  5	 | 	9	 | 	17,12
  5	 | 	18	 | 	15,81
  6	 | 	9	 | 	13,15
  6	 | 	16	 | 	9,06
  8	 | 	13	 | 	25,50
  10	 | 	16	 | 	24,00
  11	 | 	12	 | 	4,00
  11	 | 	18	 | 	28,00
  13	 | 	14	 | 	4,00
  14	 | 	15	 | 	4,00
  15	 | 	19	 | 	16,00
  14	 | 	16	 | 	8,00
___________________________
Simulation Topology [1:2]
___________________________
From 	  To 		Length
___________________________
  0	 | 	4	 | 	15,65
  0	 | 	7	 | 	26,02
  0	 | 	8	 | 	30,02
  0	 | 	12	 | 	17,46
  1	 | 	3	 | 	9,22
  1	 | 	10	 | 	16,76
  2	 | 	7	 | 	21,54
  2	 | 	17	 | 	22,85
  3	 | 	19	 | 	26,57
  4	 | 	17	 | 	15,81
  5	 | 	9	 | 	17,12
  5	 | 	18	 | 	15,81
  6	 | 	9	 | 	13,15
  6	 | 	16	 | 	9,06
  8	 | 	13	 | 	25,50
  10	 | 	16	 | 	24,00
  11	 | 	12	 | 	4,00
  11	 | 	18	 | 	28,00
  13	 | 	14	 | 	4,00
  14	 | 	15	 | 	4,00
  15	 | 	19	 | 	16,00
  14	 | 	16	 | 	8,00
  5	 | 	6	 | 	4,00
___________________________
Simulation Topology [1:3]
___________________________
From 	  To 		Length
___________________________
  0	 | 	4	 | 	15,65
  0	 | 	7	 | 	26,02
  0	 | 	8	 | 	30,02
  0	 | 	12	 | 	17,46
  1	 | 	3	 | 	9,22
  1	 | 	10	 | 	16,76
  2	 | 	7	 | 	21,54
  2	 | 	17	 | 	22,85
  3	 | 	19	 | 	26,57
  4	 | 	17	 | 	15,81
  5	 | 	9	 | 	17,12
  5	 | 	18	 | 	15,81
  6	 | 	9	 | 	13,15
  6	 | 	16	 | 	9,06
  8	 | 	13	 | 	25,50
  10	 | 	16	 | 	24,00
  11	 | 	12	 | 	4,00
  11	 | 	18	 | 	28,00
  13	 | 	14	 | 	4,00
  14	 | 	15	 | 	4,00
  15	 | 	19	 | 	16,00
  14	 | 	16	 | 	8,00
  5	 | 	6	 | 	4,00
  16	 | 	17	 | 	4,00
___________________________
Simulation Topology [1:4]
___________________________
From 	  To 		Length
___________________________
  0	 | 	4	 | 	15,65
  0	 | 	7	 | 	26,02
  0	 | 	8	 | 	30,02
  0	 | 	12	 | 	17,46
  1	 | 	3	 | 	9,22
  1	 | 	10	 | 	16,76
  2	 | 	7	 | 	21,54
  2	 | 	17	 | 	22,85
  3	 | 	19	 | 	26,57
  4	 | 	17	 | 	15,81
  5	 | 	9	 | 	17,12
  5	 | 	18	 | 	15,81
  6	 | 	9	 | 	13,15
  6	 | 	16	 | 	9,06
  8	 | 	13	 | 	25,50
  10	 | 	16	 | 	24,00
  11	 | 	12	 | 	4,00
  11	 | 	18	 | 	28,00
  13	 | 	14	 | 	4,00
  14	 | 	15	 | 	4,00
  15	 | 	19	 | 	16,00
  14	 | 	16	 | 	8,00
  5	 | 	6	 | 	4,00
  16	 | 	17	 | 	4,00
  12	 | 	15	 | 	12,00
___________________________
Simulation Topology [1:5]
___________________________
From 	  To 		Length
___________________________
  0	 | 	4	 | 	15,65
  0	 | 	7	 | 	26,02
  0	 | 	8	 | 	30,02
  0	 | 	12	 | 	17,46
  1	 | 	3	 | 	9,22
  1	 | 	10	 | 	16,76
  2	 | 	7	 | 	21,54
  2	 | 	17	 | 	22,85
  3	 | 	19	 | 	26,57
  4	 | 	17	 | 	15,81
  5	 | 	9	 | 	17,12
  5	 | 	18	 | 	15,81
  6	 | 	9	 | 	13,15
  6	 | 	16	 | 	9,06
  8	 | 	13	 | 	25,50
  10	 | 	16	 | 	24,00
  11	 | 	12	 | 	4,00
  11	 | 	18	 | 	28,00
  13	 | 	14	 | 	4,00
  14	 | 	15	 | 	4,00
  15	 | 	19	 | 	16,00
  14	 | 	16	 | 	8,00
  5	 | 	6	 | 	4,00
  16	 | 	17	 | 	4,00
  12	 | 	15	 | 	12,00
  12	 | 	13	 | 	4,00
___________________________
Simulation Topology [1:6]
___________________________
From 	  To 		Length
___________________________
  0	 | 	4	 | 	15,65
  0	 | 	7	 | 	26,02
  0	 | 	8	 | 	30,02
  0	 | 	12	 | 	17,46
  1	 | 	3	 | 	9,22
  1	 | 	10	 | 	16,76
  2	 | 	7	 | 	21,54
  2	 | 	17	 | 	22,85
  3	 | 	19	 | 	26,57
  4	 | 	17	 | 	15,81
  5	 | 	9	 | 	17,12
  5	 | 	18	 | 	15,81
  6	 | 	9	 | 	13,15
  6	 | 	16	 | 	9,06
  8	 | 	13	 | 	25,50
  10	 | 	16	 | 	24,00
  11	 | 	12	 | 	4,00
  11	 | 	18	 | 	28,00
  13	 | 	14	 | 	4,00
  14	 | 	15	 | 	4,00
  15	 | 	19	 | 	16,00
  14	 | 	16	 | 	8,00
  5	 | 	6	 | 	4,00
  16	 | 	17	 | 	4,00
  12	 | 	15	 | 	12,00
  12	 | 	13	 | 	4,00
  18	 | 	19	 | 	4,00
___________________________
Simulation Topology [1:7]
___________________________
From 	  To 		Length
___________________________
  0	 | 	4	 | 	15,65
  0	 | 	7	 | 	26,02
  0	 | 	8	 | 	30,02
  0	 | 	12	 | 	17,46
  1	 | 	3	 | 	9,22
  1	 | 	10	 | 	16,76
  2	 | 	7	 | 	21,54
  2	 | 	17	 | 	22,85
  3	 | 	19	 | 	26,57
  4	 | 	17	 | 	15,81
  5	 | 	9	 | 	17,12
  5	 | 	18	 | 	15,81
  6	 | 	9	 | 	13,15
  6	 | 	16	 | 	9,06
  8	 | 	13	 | 	25,50
  10	 | 	16	 | 	24,00
  11	 | 	12	 | 	4,00
  11	 | 	18	 | 	28,00
  13	 | 	14	 | 	4,00
  14	 | 	15	 | 	4,00
  15	 | 	19	 | 	16,00
  14	 | 	16	 | 	8,00
  5	 | 	6	 | 	4,00
  16	 | 	17	 | 	4,00
  12	 | 	15	 | 	12,00
  12	 | 	13	 | 	4,00
  18	 | 	19	 | 	4,00
  6	 | 	15	 | 	9,49
___________________________
Simulation Topology [1:8]
___________________________
From 	  To 		Length
___________________________
  0	 | 	4	 | 	15,65
  0	 | 	7	 | 	26,02
  0	 | 	8	 | 	30,02
  0	 | 	12	 | 	17,46
  1	 | 	3	 | 	9,22
  1	 | 	10	 | 	16,76
  2	 | 	7	 | 	21,54
  2	 | 	17	 | 	22,85
  3	 | 	19	 | 	26,57
  4	 | 	17	 | 	15,81
  5	 | 	9	 | 	17,12
  5	 | 	18	 | 	15,81
  6	 | 	9	 | 	13,15
  6	 | 	16	 | 	9,06
  8	 | 	13	 | 	25,50
  10	 | 	16	 | 	24,00
  11	 | 	12	 | 	4,00
  11	 | 	18	 | 	28,00
  13	 | 	14	 | 	4,00
  14	 | 	15	 | 	4,00
  15	 | 	19	 | 	16,00
  14	 | 	16	 | 	8,00
  5	 | 	6	 | 	4,00
  16	 | 	17	 | 	4,00
  12	 | 	15	 | 	12,00
  12	 | 	13	 | 	4,00
  18	 | 	19	 | 	4,00
  6	 | 	15	 | 	9,49
  2	 | 	11	 | 	9,49
___________________________
Simulation Topology [1:9]
___________________________
From 	  To 		Length
___________________________
  0	 | 	4	 | 	15,65
  0	 | 	7	 | 	26,02
  0	 | 	8	 | 	30,02
  0	 | 	12	 | 	17,46
  1	 | 	3	 | 	9,22
  1	 | 	10	 | 	16,76
  2	 | 	7	 | 	21,54
  2	 | 	17	 | 	22,85
  3	 | 	19	 | 	26,57
  4	 | 	17	 | 	15,81
  5	 | 	9	 | 	17,12
  5	 | 	18	 | 	15,81
  6	 | 	9	 | 	13,15
  6	 | 	16	 | 	9,06
  8	 | 	13	 | 	25,50
  10	 | 	16	 | 	24,00
  11	 | 	12	 | 	4,00
  11	 | 	18	 | 	28,00
  13	 | 	14	 | 	4,00
  14	 | 	15	 | 	4,00
  15	 | 	19	 | 	16,00
  14	 | 	16	 | 	8,00
  5	 | 	6	 | 	4,00
  16	 | 	17	 | 	4,00
  12	 | 	15	 | 	12,00
  12	 | 	13	 | 	4,00
  18	 | 	19	 | 	4,00
  6	 | 	15	 | 	9,49
  2	 | 	11	 | 	9,49
  3	 | 	14	 | 	10,30
___________________________
Simulation Topology [1:10]
___________________________
From 	  To 		Length
___________________________
  0	 | 	4	 | 	15,65
  0	 | 	7	 | 	26,02
  0	 | 	8	 | 	30,02
  0	 | 	12	 | 	17,46
  1	 | 	3	 | 	9,22
  1	 | 	10	 | 	16,76
  2	 | 	7	 | 	21,54
  2	 | 	17	 | 	22,85
  3	 | 	19	 | 	26,57
  4	 | 	17	 | 	15,81
  5	 | 	9	 | 	17,12
  5	 | 	18	 | 	15,81
  6	 | 	9	 | 	13,15
  6	 | 	16	 | 	9,06
  8	 | 	13	 | 	25,50
  10	 | 	16	 | 	24,00
  11	 | 	12	 | 	4,00
  11	 | 	18	 | 	28,00
  13	 | 	14	 | 	4,00
  14	 | 	15	 | 	4,00
  15	 | 	19	 | 	16,00
  14	 | 	16	 | 	8,00
  5	 | 	6	 | 	4,00
  16	 | 	17	 | 	4,00
  12	 | 	15	 | 	12,00
  12	 | 	13	 | 	4,00
  18	 | 	19	 | 	4,00
  6	 | 	15	 | 	9,49
  2	 | 	11	 | 	9,49
  3	 | 	14	 | 	10,30
  3	 | 	4	 | 	4,00
___________________________
Simulation Topology [1:11]
___________________________
From 	  To 		Length
___________________________
  0	 | 	4	 | 	15,65
  0	 | 	7	 | 	26,02
  0	 | 	8	 | 	30,02
  0	 | 	12	 | 	17,46
  1	 | 	3	 | 	9,22
  1	 | 	10	 | 	16,76
  2	 | 	7	 | 	21,54
  2	 | 	17	 | 	22,85
  3	 | 	19	 | 	26,57
  4	 | 	17	 | 	15,81
  5	 | 	9	 | 	17,12
  5	 | 	18	 | 	15,81
  6	 | 	9	 | 	13,15
  6	 | 	16	 | 	9,06
  8	 | 	13	 | 	25,50
  10	 | 	16	 | 	24,00
  11	 | 	12	 | 	4,00
  11	 | 	18	 | 	28,00
  13	 | 	14	 | 	4,00
  14	 | 	15	 | 	4,00
  15	 | 	19	 | 	16,00
  14	 | 	16	 | 	8,00
  5	 | 	6	 | 	4,00
  16	 | 	17	 | 	4,00
  12	 | 	15	 | 	12,00
  12	 | 	13	 | 	4,00
  18	 | 	19	 | 	4,00
  6	 | 	15	 | 	9,49
  2	 | 	11	 | 	9,49
  3	 | 	14	 | 	10,30
  3	 | 	4	 | 	4,00
  7	 | 	8	 | 	4,00
___________________________
Simulation Topology [1:12]
___________________________
From 	  To 		Length
___________________________
  0	 | 	4	 | 	15,65
  0	 | 	7	 | 	26,02
  0	 | 	8	 | 	30,02
  0	 | 	12	 | 	17,46
  1	 | 	3	 | 	9,22
  1	 | 	10	 | 	16,76
  2	 | 	7	 | 	21,54
  2	 | 	17	 | 	22,85
  3	 | 	19	 | 	26,57
  4	 | 	17	 | 	15,81
  5	 | 	9	 | 	17,12
  5	 | 	18	 | 	15,81
  6	 | 	9	 | 	13,15
  6	 | 	16	 | 	9,06
  8	 | 	13	 | 	25,50
  10	 | 	16	 | 	24,00
  11	 | 	12	 | 	4,00
  11	 | 	18	 | 	28,00
  13	 | 	14	 | 	4,00
  14	 | 	15	 | 	4,00
  15	 | 	19	 | 	16,00
  14	 | 	16	 | 	8,00
  5	 | 	6	 | 	4,00
  16	 | 	17	 | 	4,00
  12	 | 	15	 | 	12,00
  12	 | 	13	 | 	4,00
  18	 | 	19	 | 	4,00
  6	 | 	15	 | 	9,49
  2	 | 	11	 | 	9,49
  3	 | 	14	 | 	10,30
  3	 | 	4	 | 	4,00
  7	 | 	8	 | 	4,00
  2	 | 	4	 | 	8,00
___________________________
Simulation Topology [1:13]
___________________________
From 	  To 		Length
___________________________
  0	 | 	4	 | 	15,65
  0	 | 	7	 | 	26,02
  0	 | 	8	 | 	30,02
  0	 | 	12	 | 	17,46
  1	 | 	3	 | 	9,22
  1	 | 	10	 | 	16,76
  2	 | 	7	 | 	21,54
  2	 | 	17	 | 	22,85
  3	 | 	19	 | 	26,57
  4	 | 	17	 | 	15,81
  5	 | 	9	 | 	17,12
  5	 | 	18	 | 	15,81
  6	 | 	9	 | 	13,15
  6	 | 	16	 | 	9,06
  8	 | 	13	 | 	25,50
  10	 | 	16	 | 	24,00
  11	 | 	12	 | 	4,00
  11	 | 	18	 | 	28,00
  13	 | 	14	 | 	4,00
  14	 | 	15	 | 	4,00
  15	 | 	19	 | 	16,00
  14	 | 	16	 | 	8,00
  5	 | 	6	 | 	4,00
  16	 | 	17	 | 	4,00
  12	 | 	15	 | 	12,00
  12	 | 	13	 | 	4,00
  18	 | 	19	 | 	4,00
  6	 | 	15	 | 	9,49
  2	 | 	11	 | 	9,49
  3	 | 	14	 | 	10,30
  3	 | 	4	 | 	4,00
  7	 | 	8	 | 	4,00
  2	 | 	4	 | 	8,00
  5	 | 	7	 | 	11,31
___________________________
Simulation Topology [1:14]
___________________________
From 	  To 		Length
___________________________
  0	 | 	4	 | 	15,65
  0	 | 	7	 | 	26,02
  0	 | 	8	 | 	30,02
  0	 | 	12	 | 	17,46
  1	 | 	3	 | 	9,22
  1	 | 	10	 | 	16,76
  2	 | 	7	 | 	21,54
  2	 | 	17	 | 	22,85
  3	 | 	19	 | 	26,57
  4	 | 	17	 | 	15,81
  5	 | 	9	 | 	17,12
  5	 | 	18	 | 	15,81
  6	 | 	9	 | 	13,15
  6	 | 	16	 | 	9,06
  8	 | 	13	 | 	25,50
  10	 | 	16	 | 	24,00
  11	 | 	12	 | 	4,00
  11	 | 	18	 | 	28,00
  13	 | 	14	 | 	4,00
  14	 | 	15	 | 	4,00
  15	 | 	19	 | 	16,00
  14	 | 	16	 | 	8,00
  5	 | 	6	 | 	4,00
  16	 | 	17	 | 	4,00
  12	 | 	15	 | 	12,00
  12	 | 	13	 | 	4,00
  18	 | 	19	 | 	4,00
  6	 | 	15	 | 	9,49
  2	 | 	11	 | 	9,49
  3	 | 	14	 | 	10,30
  3	 | 	4	 | 	4,00
  7	 | 	8	 | 	4,00
  2	 | 	4	 | 	8,00
  5	 | 	7	 | 	11,31
  17	 | 	18	 | 	4,00
___________________________
Simulation Topology [1:15]
___________________________
From 	  To 		Length
___________________________
  0	 | 	4	 | 	15,65
  0	 | 	7	 | 	26,02
  0	 | 	8	 | 	30,02
  0	 | 	12	 | 	17,46
  1	 | 	3	 | 	9,22
  1	 | 	10	 | 	16,76
  2	 | 	7	 | 	21,54
  2	 | 	17	 | 	22,85
  3	 | 	19	 | 	26,57
  4	 | 	17	 | 	15,81
  5	 | 	9	 | 	17,12
  5	 | 	18	 | 	15,81
  6	 | 	9	 | 	13,15
  6	 | 	16	 | 	9,06
  8	 | 	13	 | 	25,50
  10	 | 	16	 | 	24,00
  11	 | 	12	 | 	4,00
  11	 | 	18	 | 	28,00
  13	 | 	14	 | 	4,00
  14	 | 	15	 | 	4,00
  15	 | 	19	 | 	16,00
  14	 | 	16	 | 	8,00
  5	 | 	6	 | 	4,00
  16	 | 	17	 | 	4,00
  12	 | 	15	 | 	12,00
  12	 | 	13	 | 	4,00
  18	 | 	19	 | 	4,00
  6	 | 	15	 | 	9,49
  2	 | 	11	 | 	9,49
  3	 | 	14	 | 	10,30
  3	 | 	4	 | 	4,00
  7	 | 	8	 | 	4,00
  2	 | 	4	 | 	8,00
  5	 | 	7	 | 	11,31
  17	 | 	18	 | 	4,00
  8	 | 	9	 | 	7,81
___________________________
Simulation Topology [1:16]
___________________________
From 	  To 		Length
___________________________
  0	 | 	4	 | 	15,65
  0	 | 	7	 | 	26,02
  0	 | 	8	 | 	30,02
  0	 | 	12	 | 	17,46
  1	 | 	3	 | 	9,22
  1	 | 	10	 | 	16,76
  2	 | 	7	 | 	21,54
  2	 | 	17	 | 	22,85
  3	 | 	19	 | 	26,57
  4	 | 	17	 | 	15,81
  5	 | 	9	 | 	17,12
  5	 | 	18	 | 	15,81
  6	 | 	9	 | 	13,15
  6	 | 	16	 | 	9,06
  8	 | 	13	 | 	25,50
  10	 | 	16	 | 	24,00
  11	 | 	12	 | 	4,00
  11	 | 	18	 | 	28,00
  13	 | 	14	 | 	4,00
  14	 | 	15	 | 	4,00
  15	 | 	19	 | 	16,00
  14	 | 	16	 | 	8,00
  5	 | 	6	 | 	4,00
  16	 | 	17	 | 	4,00
  12	 | 	15	 | 	12,00
  12	 | 	13	 | 	4,00
  18	 | 	19	 | 	4,00
  6	 | 	15	 | 	9,49
  2	 | 	11	 | 	9,49
  3	 | 	14	 | 	10,30
  3	 | 	4	 | 	4,00
  7	 | 	8	 | 	4,00
  2	 | 	4	 | 	8,00
  5	 | 	7	 | 	11,31
  17	 | 	18	 | 	4,00
  8	 | 	9	 | 	7,81
  10	 | 	11	 | 	4,00
___________________________
Simulation Topology [1:17]
___________________________
From 	  To 		Length
___________________________
  0	 | 	4	 | 	15,65
  0	 | 	7	 | 	26,02
  0	 | 	8	 | 	30,02
  0	 | 	12	 | 	17,46
  1	 | 	3	 | 	9,22
  1	 | 	10	 | 	16,76
  2	 | 	7	 | 	21,54
  2	 | 	17	 | 	22,85
  3	 | 	19	 | 	26,57
  4	 | 	17	 | 	15,81
  5	 | 	9	 | 	17,12
  5	 | 	18	 | 	15,81
  6	 | 	9	 | 	13,15
  6	 | 	16	 | 	9,06
  8	 | 	13	 | 	25,50
  10	 | 	16	 | 	24,00
  11	 | 	12	 | 	4,00
  11	 | 	18	 | 	28,00
  13	 | 	14	 | 	4,00
  14	 | 	15	 | 	4,00
  15	 | 	19	 | 	16,00
  14	 | 	16	 | 	8,00
  5	 | 	6	 | 	4,00
  16	 | 	17	 | 	4,00
  12	 | 	15	 | 	12,00
  12	 | 	13	 | 	4,00
  18	 | 	19	 | 	4,00
  6	 | 	15	 | 	9,49
  2	 | 	11	 | 	9,49
  3	 | 	14	 | 	10,30
  3	 | 	4	 | 	4,00
  7	 | 	8	 | 	4,00
  2	 | 	4	 | 	8,00
  5	 | 	7	 | 	11,31
  17	 | 	18	 | 	4,00
  8	 | 	9	 | 	7,81
  10	 | 	11	 | 	4,00
  9	 | 	19	 | 	11,00
___________________________
Simulation Topology [1:18]
___________________________
From 	  To 		Length
___________________________
  0	 | 	4	 | 	15,65
  0	 | 	7	 | 	26,02
  0	 | 	8	 | 	30,02
  0	 | 	12	 | 	17,46
  1	 | 	3	 | 	9,22
  1	 | 	10	 | 	16,76
  2	 | 	7	 | 	21,54
  2	 | 	17	 | 	22,85
  3	 | 	19	 | 	26,57
  4	 | 	17	 | 	15,81
  5	 | 	9	 | 	17,12
  5	 | 	18	 | 	15,81
  6	 | 	9	 | 	13,15
  6	 | 	16	 | 	9,06
  8	 | 	13	 | 	25,50
  10	 | 	16	 | 	24,00
  11	 | 	12	 | 	4,00
  11	 | 	18	 | 	28,00
  13	 | 	14	 | 	4,00
  14	 | 	15	 | 	4,00
  15	 | 	19	 | 	16,00
  14	 | 	16	 | 	8,00
  5	 | 	6	 | 	4,00
  16	 | 	17	 | 	4,00
  12	 | 	15	 | 	12,00
  12	 | 	13	 | 	4,00
  18	 | 	19	 | 	4,00
  6	 | 	15	 | 	9,49
  2	 | 	11	 | 	9,49
  3	 | 	14	 | 	10,30
  3	 | 	4	 | 	4,00
  7	 | 	8	 | 	4,00
  2	 | 	4	 | 	8,00
  5	 | 	7	 | 	11,31
  17	 | 	18	 | 	4,00
  8	 | 	9	 | 	7,81
  10	 | 	11	 | 	4,00
  9	 | 	19	 | 	11,00
  10	 | 	13	 | 	12,00
___________________________
