Simulation Topology 1
___________________________
[6]				[1]		
[0]				[3]		
[6]				[5]		
[6]				[7]		
[6]				[9]		
[6]				[11]		
[6]				[13]		
[6]				[15]		
[6]				[17]		
[6]				[19]		
___________________________
Simulation Topology [1:0]
___________________________
From 	  To 		Length
___________________________
  0	 | 	1	 | 	6,32
  0	 | 	4	 | 	8,00
  0	 | 	6	 | 	12,00
  0	 | 	7	 | 	14,00
  1	 | 	7	 | 	13,42
  1	 | 	8	 | 	15,23
  2	 | 	5	 | 	6,00
  2	 | 	6	 | 	8,00
  3	 | 	4	 | 	2,00
  3	 | 	7	 | 	8,00
  3	 | 	8	 | 	10,00
  4	 | 	8	 | 	8,00
  4	 | 	9	 | 	10,00
  5	 | 	9	 | 	8,00
  6	 | 	9	 | 	6,00
  8	 | 	9	 | 	2,00
___________________________
Simulation Topology [1:1]
___________________________
From 	  To 		Length
___________________________
  0	 | 	1	 | 	6,32
  0	 | 	4	 | 	8,00
  0	 | 	6	 | 	12,00
  0	 | 	7	 | 	14,00
  1	 | 	7	 | 	13,42
  1	 | 	8	 | 	15,23
  2	 | 	5	 | 	6,00
  2	 | 	6	 | 	8,00
  3	 | 	4	 | 	2,00
  3	 | 	7	 | 	8,00
  3	 | 	8	 | 	10,00
  4	 | 	8	 | 	8,00
  4	 | 	9	 | 	10,00
  5	 | 	9	 | 	8,00
  6	 | 	9	 | 	6,00
  8	 | 	9	 | 	2,00
  6	 | 	7	 | 	2,00
___________________________
Simulation Topology [1:2]
___________________________
From 	  To 		Length
___________________________
  0	 | 	1	 | 	6,32
  0	 | 	4	 | 	8,00
  0	 | 	6	 | 	12,00
  0	 | 	7	 | 	14,00
  1	 | 	7	 | 	13,42
  1	 | 	8	 | 	15,23
  2	 | 	5	 | 	6,00
  2	 | 	6	 | 	8,00
  3	 | 	4	 | 	2,00
  3	 | 	7	 | 	8,00
  3	 | 	8	 | 	10,00
  4	 | 	8	 | 	8,00
  4	 | 	9	 | 	10,00
  5	 | 	9	 | 	8,00
  6	 | 	9	 | 	6,00
  8	 | 	9	 | 	2,00
  6	 | 	7	 | 	2,00
  2	 | 	3	 | 	2,00
___________________________
Simulation Topology [1:3]
___________________________
From 	  To 		Length
___________________________
  0	 | 	1	 | 	6,32
  0	 | 	4	 | 	8,00
  0	 | 	6	 | 	12,00
  0	 | 	7	 | 	14,00
  1	 | 	7	 | 	13,42
  1	 | 	8	 | 	15,23
  2	 | 	5	 | 	6,00
  2	 | 	6	 | 	8,00
  3	 | 	4	 | 	2,00
  3	 | 	7	 | 	8,00
  3	 | 	8	 | 	10,00
  4	 | 	8	 | 	8,00
  4	 | 	9	 | 	10,00
  5	 | 	9	 | 	8,00
  6	 | 	9	 | 	6,00
  8	 | 	9	 | 	2,00
  6	 | 	7	 | 	2,00
  2	 | 	3	 | 	2,00
  1	 | 	2	 | 	6,32
___________________________
Simulation Topology [1:4]
___________________________
From 	  To 		Length
___________________________
  0	 | 	1	 | 	6,32
  0	 | 	4	 | 	8,00
  0	 | 	6	 | 	12,00
  0	 | 	7	 | 	14,00
  1	 | 	7	 | 	13,42
  1	 | 	8	 | 	15,23
  2	 | 	5	 | 	6,00
  2	 | 	6	 | 	8,00
  3	 | 	4	 | 	2,00
  3	 | 	7	 | 	8,00
  3	 | 	8	 | 	10,00
  4	 | 	8	 | 	8,00
  4	 | 	9	 | 	10,00
  5	 | 	9	 | 	8,00
  6	 | 	9	 | 	6,00
  8	 | 	9	 | 	2,00
  6	 | 	7	 | 	2,00
  2	 | 	3	 | 	2,00
  1	 | 	2	 | 	6,32
  5	 | 	6	 | 	2,00
___________________________
