[2]				[0]		
[7]				[0]		
[2]				[2]		
[7]				[2]		
[2]				[4]		
[7]				[4]		
[2]				[6]		
[7]				[6]		
[2]				[8]		
[7]				[8]		
___________________________
Simulation Topology [1:1]
___________________________
From 	  To 		Length
___________________________
  0	 | 	1	 | 	5,00
  0	 | 	3	 | 	5,39
  0	 | 	4	 | 	4,00
  1	 | 	3	 | 	2,00
  1	 | 	5	 | 	4,00
  2	 | 	3	 | 	5,00
  2	 | 	6	 | 	4,00
  3	 | 	9	 | 	6,00
  4	 | 	5	 | 	5,00
  6	 | 	7	 | 	5,00
  6	 | 	9	 | 	5,39
  7	 | 	8	 | 	5,39
  8	 | 	9	 | 	5,00
___________________________
Simulation Topology [1:2]
___________________________
From 	  To 		Length
___________________________
  0	 | 	1	 | 	5,00
  0	 | 	3	 | 	5,39
  0	 | 	4	 | 	4,00
  1	 | 	3	 | 	2,00
  1	 | 	5	 | 	4,00
  2	 | 	3	 | 	5,00
  2	 | 	6	 | 	4,00
  3	 | 	9	 | 	6,00
  4	 | 	5	 | 	5,00
  6	 | 	7	 | 	5,00
  6	 | 	9	 | 	5,39
  7	 | 	8	 | 	5,39
  8	 | 	9	 | 	5,00
  7	 | 	9	 | 	2,00
___________________________
Simulation Topology [1:3]
___________________________
From 	  To 		Length
___________________________
  0	 | 	1	 | 	5,00
  0	 | 	3	 | 	5,39
  0	 | 	4	 | 	4,00
  1	 | 	3	 | 	2,00
  1	 | 	5	 | 	4,00
  2	 | 	3	 | 	5,00
  2	 | 	6	 | 	4,00
  3	 | 	9	 | 	6,00
  4	 | 	5	 | 	5,00
  6	 | 	7	 | 	5,00
  6	 | 	9	 | 	5,39
  7	 | 	8	 | 	5,39
  8	 | 	9	 | 	5,00
  7	 | 	9	 | 	2,00
  0	 | 	2	 | 	2,00
___________________________
Simulation Topology [1:4]
___________________________
From 	  To 		Length
___________________________
  0	 | 	1	 | 	5,00
  0	 | 	3	 | 	5,39
  0	 | 	4	 | 	4,00
  1	 | 	3	 | 	2,00
  1	 | 	5	 | 	4,00
  2	 | 	3	 | 	5,00
  2	 | 	6	 | 	4,00
  3	 | 	9	 | 	6,00
  4	 | 	5	 | 	5,00
  6	 | 	7	 | 	5,00
  6	 | 	9	 | 	5,39
  7	 | 	8	 | 	5,39
  8	 | 	9	 | 	5,00
  7	 | 	9	 | 	2,00
  0	 | 	2	 | 	2,00
  5	 | 	7	 | 	2,00
___________________________
Simulation Topology [1:5]
___________________________
From 	  To 		Length
___________________________
  0	 | 	1	 | 	5,00
  0	 | 	3	 | 	5,39
  0	 | 	4	 | 	4,00
  1	 | 	3	 | 	2,00
  1	 | 	5	 | 	4,00
  2	 | 	3	 | 	5,00
  2	 | 	6	 | 	4,00
  3	 | 	9	 | 	6,00
  4	 | 	5	 | 	5,00
  6	 | 	7	 | 	5,00
  6	 | 	9	 | 	5,39
  7	 | 	8	 | 	5,39
  8	 | 	9	 | 	5,00
  7	 | 	9	 | 	2,00
  0	 | 	2	 | 	2,00
  5	 | 	7	 | 	2,00
  4	 | 	6	 | 	2,00
___________________________
Simulation Topology [1:6]
___________________________
From 	  To 		Length
___________________________
  0	 | 	1	 | 	5,00
  0	 | 	3	 | 	5,39
  0	 | 	4	 | 	4,00
  1	 | 	3	 | 	2,00
  1	 | 	5	 | 	4,00
  2	 | 	3	 | 	5,00
  2	 | 	6	 | 	4,00
  3	 | 	9	 | 	6,00
  4	 | 	5	 | 	5,00
  6	 | 	7	 | 	5,00
  6	 | 	9	 | 	5,39
  7	 | 	8	 | 	5,39
  8	 | 	9	 | 	5,00
  7	 | 	9	 | 	2,00
  0	 | 	2	 | 	2,00
  5	 | 	7	 | 	2,00
  4	 | 	6	 | 	2,00
  2	 | 	4	 | 	2,00
___________________________
Simulation Topology [1:7]
___________________________
From 	  To 		Length
___________________________
  0	 | 	1	 | 	5,00
  0	 | 	3	 | 	5,39
  0	 | 	4	 | 	4,00
  1	 | 	3	 | 	2,00
  1	 | 	5	 | 	4,00
  2	 | 	3	 | 	5,00
  2	 | 	6	 | 	4,00
  3	 | 	9	 | 	6,00
  4	 | 	5	 | 	5,00
  6	 | 	7	 | 	5,00
  6	 | 	9	 | 	5,39
  7	 | 	8	 | 	5,39
  8	 | 	9	 | 	5,00
  7	 | 	9	 | 	2,00
  0	 | 	2	 | 	2,00
  5	 | 	7	 | 	2,00
  4	 | 	6	 | 	2,00
  2	 | 	4	 | 	2,00
  5	 | 	8	 | 	6,40
___________________________
Simulation Topology [1:8]
___________________________
From 	  To 		Length
___________________________
  0	 | 	1	 | 	5,00
  0	 | 	3	 | 	5,39
  0	 | 	4	 | 	4,00
  1	 | 	3	 | 	2,00
  1	 | 	5	 | 	4,00
  2	 | 	3	 | 	5,00
  2	 | 	6	 | 	4,00
  3	 | 	9	 | 	6,00
  4	 | 	5	 | 	5,00
  6	 | 	7	 | 	5,00
  6	 | 	9	 | 	5,39
  7	 | 	8	 | 	5,39
  8	 | 	9	 | 	5,00
  7	 | 	9	 | 	2,00
  0	 | 	2	 | 	2,00
  5	 | 	7	 | 	2,00
  4	 | 	6	 | 	2,00
  2	 | 	4	 | 	2,00
  5	 | 	8	 | 	6,40
  1	 | 	8	 | 	9,43
___________________________
