Simulation Topology 1
___________________________
[3]				[0]		
[8]				[0]		
[5]				[1]		
[1]				[1]		
[3]				[2]		
___________________________
Simulation Topology [1:0]
___________________________
From 	  To 		Length
___________________________
  0	 | 	1	 | 	5,00
  0	 | 	2	 | 	2,24
  0	 | 	3	 | 	2,24
  0	 | 	4	 | 	2,00
  1	 | 	2	 | 	3,16
  1	 | 	4	 | 	5,39
  2	 | 	3	 | 	4,00
  2	 | 	4	 | 	2,24
  3	 | 	4	 | 	2,24
___________________________
Simulation Topology [1:1]
___________________________
From 	  To 		Length
___________________________
  0	 | 	1	 | 	5,00
  0	 | 	2	 | 	2,24
  0	 | 	3	 | 	2,24
  0	 | 	4	 | 	2,00
  1	 | 	2	 | 	3,16
  1	 | 	4	 | 	5,39
  2	 | 	3	 | 	4,00
  2	 | 	4	 | 	2,24
  3	 | 	4	 | 	2,24
  1	 | 	3	 | 	7,07
___________________________
