Simulation Topology 1
___________________________
[6]				[0]		
[2]				[0]		
[4]				[1]		
[9]				[1]		
[2]				[2]		
___________________________
Simulation Topology [1:0]
___________________________
From 	  To 		Length
___________________________
  0	 | 	1	 | 	4,00
  0	 | 	2	 | 	2,24
  0	 | 	3	 | 	3,16
  0	 | 	4	 | 	4,47
  1	 | 	3	 | 	7,07
  1	 | 	4	 | 	2,00
  2	 | 	3	 | 	5,00
  2	 | 	4	 | 	2,24
  3	 | 	4	 | 	7,07
___________________________
Simulation Topology [1:1]
___________________________
From 	  To 		Length
___________________________
  0	 | 	1	 | 	4,00
  0	 | 	2	 | 	2,24
  0	 | 	3	 | 	3,16
  0	 | 	4	 | 	4,47
  1	 | 	3	 | 	7,07
  1	 | 	4	 | 	2,00
  2	 | 	3	 | 	5,00
  2	 | 	4	 | 	2,24
  3	 | 	4	 | 	7,07
  1	 | 	2	 | 	2,24
___________________________
