Simulation Topology 1
___________________________
[6]				[0]		
[0]				[0]		
[3]				[1]		
[8]				[1]		
[6]				[2]		
___________________________
Simulation Topology [1:0]
___________________________
From 	  To 		Length
___________________________
  0	 | 	1	 | 	6,00
  0	 | 	3	 | 	2,24
  0	 | 	4	 | 	2,00
  1	 | 	2	 | 	3,16
  1	 | 	3	 | 	8,06
  1	 | 	4	 | 	6,32
  2	 | 	3	 | 	5,00
  2	 | 	4	 | 	3,16
  3	 | 	4	 | 	2,24
___________________________
Simulation Topology [1:1]
___________________________
From 	  To 		Length
___________________________
  0	 | 	1	 | 	6,00
  0	 | 	3	 | 	2,24
  0	 | 	4	 | 	2,00
  1	 | 	2	 | 	3,16
  1	 | 	3	 | 	8,06
  1	 | 	4	 | 	6,32
  2	 | 	3	 | 	5,00
  2	 | 	4	 | 	3,16
  3	 | 	4	 | 	2,24
  0	 | 	2	 | 	3,16
___________________________
