Simulation Topology 1
___________________________
[8]				[0]		
[8]				[2]		
[8]				[4]		
[12]				[7]		
[14]				[8]		
[12]				[11]		
[14]				[12]		
[12]				[15]		
[14]				[16]		
[12]				[19]		
___________________________
Simulation Topology [1:0]
___________________________
From 	  To 		Length
___________________________
  0	 | 	3	 | 	8,06
  0	 | 	7	 | 	15,52
  0	 | 	9	 | 	19,42
  1	 | 	2	 | 	2,00
  1	 | 	6	 | 	11,66
  1	 | 	8	 | 	15,23
  2	 | 	5	 | 	8,06
  3	 | 	4	 | 	2,24
  3	 | 	6	 | 	5,39
  4	 | 	7	 | 	7,28
  5	 | 	8	 | 	5,39
  5	 | 	9	 | 	8,00
  7	 | 	8	 | 	2,24
  8	 | 	9	 | 	3,61
___________________________
Simulation Topology [1:1]
___________________________
From 	  To 		Length
___________________________
  0	 | 	3	 | 	8,06
  0	 | 	7	 | 	15,52
  0	 | 	9	 | 	19,42
  1	 | 	2	 | 	2,00
  1	 | 	6	 | 	11,66
  1	 | 	8	 | 	15,23
  2	 | 	5	 | 	8,06
  3	 | 	4	 | 	2,24
  3	 | 	6	 | 	5,39
  4	 | 	7	 | 	7,28
  5	 | 	8	 | 	5,39
  5	 | 	9	 | 	8,00
  7	 | 	8	 | 	2,24
  8	 | 	9	 | 	3,61
  4	 | 	6	 | 	4,00
___________________________
Simulation Topology [1:2]
___________________________
From 	  To 		Length
___________________________
  0	 | 	3	 | 	8,06
  0	 | 	7	 | 	15,52
  0	 | 	9	 | 	19,42
  1	 | 	2	 | 	2,00
  1	 | 	6	 | 	11,66
  1	 | 	8	 | 	15,23
  2	 | 	5	 | 	8,06
  3	 | 	4	 | 	2,24
  3	 | 	6	 | 	5,39
  4	 | 	7	 | 	7,28
  5	 | 	8	 | 	5,39
  5	 | 	9	 | 	8,00
  7	 | 	8	 | 	2,24
  8	 | 	9	 | 	3,61
  4	 | 	6	 | 	4,00
  6	 | 	7	 | 	3,61
___________________________
Simulation Topology [1:3]
___________________________
From 	  To 		Length
___________________________
  0	 | 	3	 | 	8,06
  0	 | 	7	 | 	15,52
  0	 | 	9	 | 	19,42
  1	 | 	2	 | 	2,00
  1	 | 	6	 | 	11,66
  1	 | 	8	 | 	15,23
  2	 | 	5	 | 	8,06
  3	 | 	4	 | 	2,24
  3	 | 	6	 | 	5,39
  4	 | 	7	 | 	7,28
  5	 | 	8	 | 	5,39
  5	 | 	9	 | 	8,00
  7	 | 	8	 | 	2,24
  8	 | 	9	 | 	3,61
  4	 | 	6	 | 	4,00
  6	 | 	7	 | 	3,61
  0	 | 	1	 | 	2,00
___________________________
Simulation Topology [1:4]
___________________________
From 	  To 		Length
___________________________
  0	 | 	3	 | 	8,06
  0	 | 	7	 | 	15,52
  0	 | 	9	 | 	19,42
  1	 | 	2	 | 	2,00
  1	 | 	6	 | 	11,66
  1	 | 	8	 | 	15,23
  2	 | 	5	 | 	8,06
  3	 | 	4	 | 	2,24
  3	 | 	6	 | 	5,39
  4	 | 	7	 | 	7,28
  5	 | 	8	 | 	5,39
  5	 | 	9	 | 	8,00
  7	 | 	8	 | 	2,24
  8	 | 	9	 | 	3,61
  4	 | 	6	 | 	4,00
  6	 | 	7	 | 	3,61
  0	 | 	1	 | 	2,00
  3	 | 	5	 | 	4,00
___________________________
Simulation Topology [1:5]
___________________________
From 	  To 		Length
___________________________
  0	 | 	3	 | 	8,06
  0	 | 	7	 | 	15,52
  0	 | 	9	 | 	19,42
  1	 | 	2	 | 	2,00
  1	 | 	6	 | 	11,66
  1	 | 	8	 | 	15,23
  2	 | 	5	 | 	8,06
  3	 | 	4	 | 	2,24
  3	 | 	6	 | 	5,39
  4	 | 	7	 | 	7,28
  5	 | 	8	 | 	5,39
  5	 | 	9	 | 	8,00
  7	 | 	8	 | 	2,24
  8	 | 	9	 | 	3,61
  4	 | 	6	 | 	4,00
  6	 | 	7	 | 	3,61
  0	 | 	1	 | 	2,00
  3	 | 	5	 | 	4,00
  2	 | 	4	 | 	7,21
___________________________
Simulation Topology [1:6]
___________________________
From 	  To 		Length
___________________________
  0	 | 	3	 | 	8,06
  0	 | 	7	 | 	15,52
  0	 | 	9	 | 	19,42
  1	 | 	2	 | 	2,00
  1	 | 	6	 | 	11,66
  1	 | 	8	 | 	15,23
  2	 | 	5	 | 	8,06
  3	 | 	4	 | 	2,24
  3	 | 	6	 | 	5,39
  4	 | 	7	 | 	7,28
  5	 | 	8	 | 	5,39
  5	 | 	9	 | 	8,00
  7	 | 	8	 | 	2,24
  8	 | 	9	 | 	3,61
  4	 | 	6	 | 	4,00
  6	 | 	7	 | 	3,61
  0	 | 	1	 | 	2,00
  3	 | 	5	 | 	4,00
  2	 | 	4	 | 	7,21
  2	 | 	9	 | 	15,52
___________________________
