Simulation Topology 1
___________________________
[3]				[0]		
[5]				[0]		
[8]				[1]		
[1]				[1]		
[6]				[2]		
___________________________
Simulation Topology [1:0]
___________________________
From 	  To 		Length
___________________________
  0	 | 	1	 | 	2,00
  0	 | 	3	 | 	2,24
  0	 | 	4	 | 	3,61
  1	 | 	2	 | 	3,16
  1	 | 	3	 | 	4,12
  1	 | 	4	 | 	2,24
  2	 | 	3	 | 	7,00
  2	 | 	4	 | 	2,24
  3	 | 	4	 | 	5,10
___________________________
Simulation Topology [1:1]
___________________________
From 	  To 		Length
___________________________
  0	 | 	1	 | 	2,00
  0	 | 	3	 | 	2,24
  0	 | 	4	 | 	3,61
  1	 | 	2	 | 	3,16
  1	 | 	3	 | 	4,12
  1	 | 	4	 | 	2,24
  2	 | 	3	 | 	7,00
  2	 | 	4	 | 	2,24
  3	 | 	4	 | 	5,10
  0	 | 	2	 | 	5,10
___________________________
