[4]				[0]		
[0]				[0]		
[7]				[1]		
[4]				[3]		
[0]				[3]		
[7]				[4]		
[4]				[6]		
[0]				[6]		
[7]				[7]		
[4]				[9]		
[0]				[9]		
___________________________
Simulation Topology [1:3]
___________________________
From 	  To 		Length
___________________________
  0	 | 	1	 | 	4,00
  0	 | 	8	 | 	7,62
  1	 | 	2	 | 	7,07
  1	 | 	10	 | 	9,00
  2	 | 	9	 | 	8,54
  2	 | 	10	 | 	10,63
  3	 | 	4	 | 	4,00
  3	 | 	6	 | 	3,00
  3	 | 	10	 | 	7,21
  4	 | 	8	 | 	8,06
  5	 | 	7	 | 	7,28
  5	 | 	10	 | 	8,60
  6	 | 	7	 | 	4,00
  6	 | 	10	 | 	5,00
  7	 | 	9	 | 	5,00
  7	 | 	10	 | 	3,00
___________________________
Simulation Topology [1:4]
___________________________
From 	  To 		Length
___________________________
  0	 | 	1	 | 	4,00
  0	 | 	8	 | 	7,62
  1	 | 	2	 | 	7,07
  1	 | 	10	 | 	9,00
  2	 | 	9	 | 	8,54
  2	 | 	10	 | 	10,63
  3	 | 	4	 | 	4,00
  3	 | 	6	 | 	3,00
  3	 | 	10	 | 	7,21
  4	 | 	8	 | 	8,06
  5	 | 	7	 | 	7,28
  5	 | 	10	 | 	8,60
  6	 | 	7	 | 	4,00
  6	 | 	10	 | 	5,00
  7	 | 	9	 | 	5,00
  7	 | 	10	 | 	3,00
___________________________
Simulation Topology [1:5]
___________________________
From 	  To 		Length
___________________________
  0	 | 	1	 | 	4,00
  0	 | 	8	 | 	7,62
  1	 | 	2	 | 	7,07
  1	 | 	10	 | 	9,00
  2	 | 	9	 | 	8,54
  2	 | 	10	 | 	10,63
  3	 | 	4	 | 	4,00
  3	 | 	6	 | 	3,00
  3	 | 	10	 | 	7,21
  4	 | 	8	 | 	8,06
  5	 | 	7	 | 	7,28
  5	 | 	10	 | 	8,60
  6	 | 	7	 | 	4,00
  6	 | 	10	 | 	5,00
  7	 | 	9	 | 	5,00
  7	 | 	10	 | 	3,00
___________________________
Simulation Topology [1:6]
___________________________
From 	  To 		Length
___________________________
  0	 | 	1	 | 	4,00
  0	 | 	8	 | 	7,62
  1	 | 	2	 | 	7,07
  1	 | 	10	 | 	9,00
  2	 | 	9	 | 	8,54
  2	 | 	10	 | 	10,63
  3	 | 	4	 | 	4,00
  3	 | 	6	 | 	3,00
  3	 | 	10	 | 	7,21
  4	 | 	8	 | 	8,06
  5	 | 	7	 | 	7,28
  5	 | 	10	 | 	8,60
  6	 | 	7	 | 	4,00
  6	 | 	10	 | 	5,00
  7	 | 	9	 | 	5,00
  7	 | 	10	 | 	3,00
___________________________
Simulation Topology [1:7]
___________________________
From 	  To 		Length
___________________________
  0	 | 	1	 | 	4,00
  0	 | 	8	 | 	7,62
  1	 | 	2	 | 	7,07
  1	 | 	10	 | 	9,00
  2	 | 	9	 | 	8,54
  2	 | 	10	 | 	10,63
  3	 | 	4	 | 	4,00
  3	 | 	6	 | 	3,00
  3	 | 	10	 | 	7,21
  4	 | 	8	 | 	8,06
  5	 | 	7	 | 	7,28
  5	 | 	10	 | 	8,60
  6	 | 	7	 | 	4,00
  6	 | 	10	 | 	5,00
  7	 | 	9	 | 	5,00
  7	 | 	10	 | 	3,00
___________________________
Simulation Topology [1:8]
___________________________
From 	  To 		Length
___________________________
  0	 | 	1	 | 	4,00
  0	 | 	8	 | 	7,62
  1	 | 	2	 | 	7,07
  1	 | 	10	 | 	9,00
  2	 | 	9	 | 	8,54
  2	 | 	10	 | 	10,63
  3	 | 	4	 | 	4,00
  3	 | 	6	 | 	3,00
  3	 | 	10	 | 	7,21
  4	 | 	8	 | 	8,06
  5	 | 	7	 | 	7,28
  5	 | 	10	 | 	8,60
  6	 | 	7	 | 	4,00
  6	 | 	10	 | 	5,00
  7	 | 	9	 | 	5,00
  7	 | 	10	 | 	3,00
___________________________
Simulation Topology [1:9]
___________________________
From 	  To 		Length
___________________________
  0	 | 	1	 | 	4,00
  0	 | 	8	 | 	7,62
  1	 | 	2	 | 	7,07
  1	 | 	10	 | 	9,00
  2	 | 	9	 | 	8,54
  2	 | 	10	 | 	10,63
  3	 | 	4	 | 	4,00
  3	 | 	6	 | 	3,00
  3	 | 	10	 | 	7,21
  4	 | 	8	 | 	8,06
  5	 | 	7	 | 	7,28
  5	 | 	10	 | 	8,60
  6	 | 	7	 | 	4,00
  6	 | 	10	 | 	5,00
  7	 | 	9	 | 	5,00
  7	 | 	10	 | 	3,00
___________________________
Simulation Topology [1:10]
___________________________
From 	  To 		Length
___________________________
  0	 | 	1	 | 	4,00
  0	 | 	8	 | 	7,62
  1	 | 	2	 | 	7,07
  1	 | 	10	 | 	9,00
  2	 | 	9	 | 	8,54
  2	 | 	10	 | 	10,63
  3	 | 	4	 | 	4,00
  3	 | 	6	 | 	3,00
  3	 | 	10	 | 	7,21
  4	 | 	8	 | 	8,06
  5	 | 	7	 | 	7,28
  5	 | 	10	 | 	8,60
  6	 | 	7	 | 	4,00
  6	 | 	10	 | 	5,00
  7	 | 	9	 | 	5,00
  7	 | 	10	 | 	3,00
___________________________
Simulation Topology [1:11]
___________________________
From 	  To 		Length
___________________________
  0	 | 	1	 | 	4,00
  0	 | 	8	 | 	7,62
  1	 | 	2	 | 	7,07
  1	 | 	10	 | 	9,00
  2	 | 	9	 | 	8,54
  2	 | 	10	 | 	10,63
  3	 | 	4	 | 	4,00
  3	 | 	6	 | 	3,00
  3	 | 	10	 | 	7,21
  4	 | 	8	 | 	8,06
  5	 | 	7	 | 	7,28
  5	 | 	10	 | 	8,60
  6	 | 	7	 | 	4,00
  6	 | 	10	 | 	5,00
  7	 | 	9	 | 	5,00
  7	 | 	10	 | 	3,00
___________________________
