Simulation Topology 1
___________________________
[8]				[0]		
[5]				[0]		
[1]				[1]		
[3]				[1]		
[1]				[2]		
___________________________
Simulation Topology [1:0]
___________________________
From 	  To 		Length
___________________________
  0	 | 	1	 | 	3,00
  0	 | 	3	 | 	5,10
  0	 | 	4	 | 	7,28
  1	 | 	2	 | 	4,12
  1	 | 	3	 | 	2,24
  1	 | 	4	 | 	4,47
  2	 | 	3	 | 	2,00
  2	 | 	4	 | 	1,00
  3	 | 	4	 | 	2,24
___________________________
Simulation Topology [1:1]
___________________________
From 	  To 		Length
___________________________
  0	 | 	1	 | 	3,00
  0	 | 	3	 | 	5,10
  0	 | 	4	 | 	7,28
  1	 | 	2	 | 	4,12
  1	 | 	3	 | 	2,24
  1	 | 	4	 | 	4,47
  2	 | 	3	 | 	2,00
  2	 | 	4	 | 	1,00
  3	 | 	4	 | 	2,24
  0	 | 	2	 | 	7,07
___________________________
