Simulation Topology 1
___________________________
[7]				[0]		
[3]				[0]		
[7]				[2]		
[3]				[2]		
[7]				[4]		
[3]				[4]		
[7]				[6]		
[3]				[6]		
[7]				[8]		
[3]				[8]		
___________________________
Simulation Topology [1:0]
___________________________
From 	  To 		Length
___________________________
  0	 | 	1	 | 	4,00
  0	 | 	3	 | 	4,47
  1	 | 	4	 | 	5,66
  2	 | 	3	 | 	4,00
  2	 | 	5	 | 	4,47
  2	 | 	6	 | 	4,00
  3	 | 	9	 | 	6,00
  4	 | 	5	 | 	4,00
  6	 | 	7	 | 	4,00
  6	 | 	9	 | 	4,47
  7	 | 	8	 | 	4,47
  8	 | 	9	 | 	4,00
___________________________
Simulation Topology [1:1]
___________________________
From 	  To 		Length
___________________________
  0	 | 	1	 | 	4,00
  0	 | 	3	 | 	4,47
  1	 | 	4	 | 	5,66
  2	 | 	3	 | 	4,00
  2	 | 	5	 | 	4,47
  2	 | 	6	 | 	4,00
  3	 | 	9	 | 	6,00
  4	 | 	5	 | 	4,00
  6	 | 	7	 | 	4,00
  6	 | 	9	 | 	4,47
  7	 | 	8	 | 	4,47
  8	 | 	9	 | 	4,00
  5	 | 	7	 | 	2,00
___________________________
Simulation Topology [1:2]
___________________________
From 	  To 		Length
___________________________
  0	 | 	1	 | 	4,00
  0	 | 	3	 | 	4,47
  1	 | 	4	 | 	5,66
  2	 | 	3	 | 	4,00
  2	 | 	5	 | 	4,47
  2	 | 	6	 | 	4,00
  3	 | 	9	 | 	6,00
  4	 | 	5	 | 	4,00
  6	 | 	7	 | 	4,00
  6	 | 	9	 | 	4,47
  7	 | 	8	 | 	4,47
  8	 | 	9	 | 	4,00
  5	 | 	7	 | 	2,00
  1	 | 	3	 | 	2,00
___________________________
Simulation Topology [1:3]
___________________________
From 	  To 		Length
___________________________
  0	 | 	1	 | 	4,00
  0	 | 	3	 | 	4,47
  1	 | 	4	 | 	5,66
  2	 | 	3	 | 	4,00
  2	 | 	5	 | 	4,47
  2	 | 	6	 | 	4,00
  3	 | 	9	 | 	6,00
  4	 | 	5	 | 	4,00
  6	 | 	7	 | 	4,00
  6	 | 	9	 | 	4,47
  7	 | 	8	 | 	4,47
  8	 | 	9	 | 	4,00
  5	 | 	7	 | 	2,00
  1	 | 	3	 | 	2,00
  5	 | 	6	 | 	4,47
___________________________
Simulation Topology [1:4]
___________________________
From 	  To 		Length
___________________________
  0	 | 	1	 | 	4,00
  0	 | 	3	 | 	4,47
  1	 | 	4	 | 	5,66
  2	 | 	3	 | 	4,00
  2	 | 	5	 | 	4,47
  2	 | 	6	 | 	4,00
  3	 | 	9	 | 	6,00
  4	 | 	5	 | 	4,00
  6	 | 	7	 | 	4,00
  6	 | 	9	 | 	4,47
  7	 | 	8	 | 	4,47
  8	 | 	9	 | 	4,00
  5	 | 	7	 | 	2,00
  1	 | 	3	 | 	2,00
  5	 | 	6	 | 	4,47
  7	 | 	9	 | 	2,00
___________________________
Simulation Topology [1:5]
___________________________
From 	  To 		Length
___________________________
  0	 | 	1	 | 	4,00
  0	 | 	3	 | 	4,47
  1	 | 	4	 | 	5,66
  2	 | 	3	 | 	4,00
  2	 | 	5	 | 	4,47
  2	 | 	6	 | 	4,00
  3	 | 	9	 | 	6,00
  4	 | 	5	 | 	4,00
  6	 | 	7	 | 	4,00
  6	 | 	9	 | 	4,47
  7	 | 	8	 | 	4,47
  8	 | 	9	 | 	4,00
  5	 | 	7	 | 	2,00
  1	 | 	3	 | 	2,00
  5	 | 	6	 | 	4,47
  7	 | 	9	 | 	2,00
  1	 | 	8	 | 	8,94
___________________________
Simulation Topology [1:6]
___________________________
From 	  To 		Length
___________________________
  0	 | 	1	 | 	4,00
  0	 | 	3	 | 	4,47
  1	 | 	4	 | 	5,66
  2	 | 	3	 | 	4,00
  2	 | 	5	 | 	4,47
  2	 | 	6	 | 	4,00
  3	 | 	9	 | 	6,00
  4	 | 	5	 | 	4,00
  6	 | 	7	 | 	4,00
  6	 | 	9	 | 	4,47
  7	 | 	8	 | 	4,47
  8	 | 	9	 | 	4,00
  5	 | 	7	 | 	2,00
  1	 | 	3	 | 	2,00
  5	 | 	6	 | 	4,47
  7	 | 	9	 | 	2,00
  1	 | 	8	 | 	8,94
  4	 | 	8	 | 	4,00
___________________________
Simulation Topology [1:7]
___________________________
From 	  To 		Length
___________________________
  0	 | 	1	 | 	4,00
  0	 | 	3	 | 	4,47
  1	 | 	4	 | 	5,66
  2	 | 	3	 | 	4,00
  2	 | 	5	 | 	4,47
  2	 | 	6	 | 	4,00
  3	 | 	9	 | 	6,00
  4	 | 	5	 | 	4,00
  6	 | 	7	 | 	4,00
  6	 | 	9	 | 	4,47
  7	 | 	8	 | 	4,47
  8	 | 	9	 | 	4,00
  5	 | 	7	 | 	2,00
  1	 | 	3	 | 	2,00
  5	 | 	6	 | 	4,47
  7	 | 	9	 | 	2,00
  1	 | 	8	 | 	8,94
  4	 | 	8	 | 	4,00
  2	 | 	4	 | 	2,00
___________________________
Simulation Topology [1:8]
___________________________
From 	  To 		Length
___________________________
  0	 | 	1	 | 	4,00
  0	 | 	3	 | 	4,47
  1	 | 	4	 | 	5,66
  2	 | 	3	 | 	4,00
  2	 | 	5	 | 	4,47
  2	 | 	6	 | 	4,00
  3	 | 	9	 | 	6,00
  4	 | 	5	 | 	4,00
  6	 | 	7	 | 	4,00
  6	 | 	9	 | 	4,47
  7	 | 	8	 | 	4,47
  8	 | 	9	 | 	4,00
  5	 | 	7	 | 	2,00
  1	 | 	3	 | 	2,00
  5	 | 	6	 | 	4,47
  7	 | 	9	 | 	2,00
  1	 | 	8	 | 	8,94
  4	 | 	8	 | 	4,00
  2	 | 	4	 | 	2,00
  0	 | 	8	 | 	8,00
___________________________
