Simulation Topology 1
___________________________
[16]				[0]		
[11]				[1]		
[16]				[2]		
[3]				[3]		
[3]				[4]		
[3]				[5]		
[3]				[6]		
[3]				[7]		
[3]				[8]		
[3]				[9]		
___________________________
Simulation Topology [1:0]
___________________________
From 	  To 		Length
___________________________
  0	 | 	1	 | 	5,10
  0	 | 	3	 | 	13,34
  0	 | 	4	 | 	13,60
  0	 | 	5	 | 	13,93
  1	 | 	4	 | 	8,54
  1	 | 	8	 | 	10,63
  2	 | 	7	 | 	13,93
  2	 | 	9	 | 	14,76
  3	 | 	7	 | 	4,00
  3	 | 	9	 | 	6,00
  4	 | 	6	 | 	2,00
  4	 | 	8	 | 	4,00
  5	 | 	8	 | 	3,00
  6	 | 	7	 | 	1,00
  6	 | 	9	 | 	3,00
  8	 | 	9	 | 	1,00
___________________________
Simulation Topology [1:1]
___________________________
From 	  To 		Length
___________________________
  0	 | 	1	 | 	5,10
  0	 | 	3	 | 	13,34
  0	 | 	4	 | 	13,60
  0	 | 	5	 | 	13,93
  1	 | 	4	 | 	8,54
  1	 | 	8	 | 	10,63
  2	 | 	7	 | 	13,93
  2	 | 	9	 | 	14,76
  3	 | 	7	 | 	4,00
  3	 | 	9	 | 	6,00
  4	 | 	6	 | 	2,00
  4	 | 	8	 | 	4,00
  5	 | 	8	 | 	3,00
  6	 | 	7	 | 	1,00
  6	 | 	9	 | 	3,00
  8	 | 	9	 | 	1,00
  3	 | 	5	 | 	2,00
___________________________
Simulation Topology [1:2]
___________________________
From 	  To 		Length
___________________________
  0	 | 	1	 | 	5,10
  0	 | 	3	 | 	13,34
  0	 | 	4	 | 	13,60
  0	 | 	5	 | 	13,93
  1	 | 	4	 | 	8,54
  1	 | 	8	 | 	10,63
  2	 | 	7	 | 	13,93
  2	 | 	9	 | 	14,76
  3	 | 	7	 | 	4,00
  3	 | 	9	 | 	6,00
  4	 | 	6	 | 	2,00
  4	 | 	8	 | 	4,00
  5	 | 	8	 | 	3,00
  6	 | 	7	 | 	1,00
  6	 | 	9	 | 	3,00
  8	 | 	9	 | 	1,00
  3	 | 	5	 | 	2,00
  5	 | 	6	 | 	1,00
___________________________
Simulation Topology [1:3]
___________________________
From 	  To 		Length
___________________________
  0	 | 	1	 | 	5,10
  0	 | 	3	 | 	13,34
  0	 | 	4	 | 	13,60
  0	 | 	5	 | 	13,93
  1	 | 	4	 | 	8,54
  1	 | 	8	 | 	10,63
  2	 | 	7	 | 	13,93
  2	 | 	9	 | 	14,76
  3	 | 	7	 | 	4,00
  3	 | 	9	 | 	6,00
  4	 | 	6	 | 	2,00
  4	 | 	8	 | 	4,00
  5	 | 	8	 | 	3,00
  6	 | 	7	 | 	1,00
  6	 | 	9	 | 	3,00
  8	 | 	9	 | 	1,00
  3	 | 	5	 | 	2,00
  5	 | 	6	 | 	1,00
  1	 | 	2	 | 	5,10
___________________________
Simulation Topology [1:4]
___________________________
From 	  To 		Length
___________________________
  0	 | 	1	 | 	5,10
  0	 | 	3	 | 	13,34
  0	 | 	4	 | 	13,60
  0	 | 	5	 | 	13,93
  1	 | 	4	 | 	8,54
  1	 | 	8	 | 	10,63
  2	 | 	7	 | 	13,93
  2	 | 	9	 | 	14,76
  3	 | 	7	 | 	4,00
  3	 | 	9	 | 	6,00
  4	 | 	6	 | 	2,00
  4	 | 	8	 | 	4,00
  5	 | 	8	 | 	3,00
  6	 | 	7	 | 	1,00
  6	 | 	9	 | 	3,00
  8	 | 	9	 | 	1,00
  3	 | 	5	 | 	2,00
  5	 | 	6	 | 	1,00
  1	 | 	2	 | 	5,10
  2	 | 	3	 | 	13,04
___________________________
