Simulation Topology 1
___________________________
[3]				[17]		
[9]				[18]		
[13]				[1]		
[13]				[3]		
[13]				[5]		
[13]				[7]		
[13]				[9]		
[13]				[11]		
[13]				[13]		
[17]				[14]		
___________________________
Simulation Topology [1:0]
___________________________
From 	  To 		Length
___________________________
  0	 | 	1	 | 	6,08
  0	 | 	4	 | 	15,62
  0	 | 	5	 | 	14,14
  1	 | 	6	 | 	9,85
  2	 | 	6	 | 	8,00
  2	 | 	7	 | 	10,00
  2	 | 	8	 | 	12,00
  2	 | 	9	 | 	13,60
  3	 | 	4	 | 	2,00
  3	 | 	5	 | 	4,00
  3	 | 	7	 | 	8,00
  3	 | 	9	 | 	11,70
  6	 | 	7	 | 	2,00
  6	 | 	9	 | 	6,40
  8	 | 	9	 | 	4,12
___________________________
Simulation Topology [1:1]
___________________________
From 	  To 		Length
___________________________
  0	 | 	1	 | 	6,08
  0	 | 	4	 | 	15,62
  0	 | 	5	 | 	14,14
  1	 | 	6	 | 	9,85
  2	 | 	6	 | 	8,00
  2	 | 	7	 | 	10,00
  2	 | 	8	 | 	12,00
  2	 | 	9	 | 	13,60
  3	 | 	4	 | 	2,00
  3	 | 	5	 | 	4,00
  3	 | 	7	 | 	8,00
  3	 | 	9	 | 	11,70
  6	 | 	7	 | 	2,00
  6	 | 	9	 | 	6,40
  8	 | 	9	 | 	4,12
  1	 | 	7	 | 	8,06
___________________________
Simulation Topology [1:2]
___________________________
From 	  To 		Length
___________________________
  0	 | 	1	 | 	6,08
  0	 | 	4	 | 	15,62
  0	 | 	5	 | 	14,14
  1	 | 	6	 | 	9,85
  2	 | 	6	 | 	8,00
  2	 | 	7	 | 	10,00
  2	 | 	8	 | 	12,00
  2	 | 	9	 | 	13,60
  3	 | 	4	 | 	2,00
  3	 | 	5	 | 	4,00
  3	 | 	7	 | 	8,00
  3	 | 	9	 | 	11,70
  6	 | 	7	 | 	2,00
  6	 | 	9	 | 	6,40
  8	 | 	9	 | 	4,12
  1	 | 	7	 | 	8,06
  4	 | 	5	 | 	2,00
___________________________
Simulation Topology [1:3]
___________________________
From 	  To 		Length
___________________________
  0	 | 	1	 | 	6,08
  0	 | 	4	 | 	15,62
  0	 | 	5	 | 	14,14
  1	 | 	6	 | 	9,85
  2	 | 	6	 | 	8,00
  2	 | 	7	 | 	10,00
  2	 | 	8	 | 	12,00
  2	 | 	9	 | 	13,60
  3	 | 	4	 | 	2,00
  3	 | 	5	 | 	4,00
  3	 | 	7	 | 	8,00
  3	 | 	9	 | 	11,70
  6	 | 	7	 | 	2,00
  6	 | 	9	 | 	6,40
  8	 | 	9	 | 	4,12
  1	 | 	7	 | 	8,06
  4	 | 	5	 | 	2,00
  4	 | 	8	 | 	8,00
___________________________
Simulation Topology [1:4]
___________________________
From 	  To 		Length
___________________________
  0	 | 	1	 | 	6,08
  0	 | 	4	 | 	15,62
  0	 | 	5	 | 	14,14
  1	 | 	6	 | 	9,85
  2	 | 	6	 | 	8,00
  2	 | 	7	 | 	10,00
  2	 | 	8	 | 	12,00
  2	 | 	9	 | 	13,60
  3	 | 	4	 | 	2,00
  3	 | 	5	 | 	4,00
  3	 | 	7	 | 	8,00
  3	 | 	9	 | 	11,70
  6	 | 	7	 | 	2,00
  6	 | 	9	 | 	6,40
  8	 | 	9	 | 	4,12
  1	 | 	7	 | 	8,06
  4	 | 	5	 | 	2,00
  4	 | 	8	 | 	8,00
  5	 | 	8	 | 	6,00
___________________________
Simulation Topology [1:5]
___________________________
From 	  To 		Length
___________________________
  0	 | 	1	 | 	6,08
  0	 | 	4	 | 	15,62
  0	 | 	5	 | 	14,14
  1	 | 	6	 | 	9,85
  2	 | 	6	 | 	8,00
  2	 | 	7	 | 	10,00
  2	 | 	8	 | 	12,00
  2	 | 	9	 | 	13,60
  3	 | 	4	 | 	2,00
  3	 | 	5	 | 	4,00
  3	 | 	7	 | 	8,00
  3	 | 	9	 | 	11,70
  6	 | 	7	 | 	2,00
  6	 | 	9	 | 	6,40
  8	 | 	9	 | 	4,12
  1	 | 	7	 | 	8,06
  4	 | 	5	 | 	2,00
  4	 | 	8	 | 	8,00
  5	 | 	8	 | 	6,00
  0	 | 	9	 | 	14,32
___________________________
