Simulation Topology 1
___________________________
[4]				[0]		
[4]				[2]		
[4]				[4]		
[4]				[6]		
[4]				[8]		
[4]				[10]		
[17]				[12]		
[17]				[14]		
[17]				[16]		
[17]				[18]		
___________________________
Simulation Topology [1:0]
___________________________
From 	  To 		Length
___________________________
  0	 | 	3	 | 	6,00
  0	 | 	5	 | 	10,00
  0	 | 	7	 | 	19,10
  0	 | 	8	 | 	20,62
  1	 | 	2	 | 	2,00
  1	 | 	4	 | 	6,00
  1	 | 	5	 | 	8,00
  1	 | 	6	 | 	16,40
  2	 | 	6	 | 	15,26
  2	 | 	7	 | 	16,40
  2	 | 	8	 | 	17,69
  3	 | 	4	 | 	2,00
  3	 | 	6	 | 	14,32
  3	 | 	8	 | 	16,40
  4	 | 	7	 | 	14,32
  4	 | 	9	 | 	16,40
  5	 | 	6	 | 	13,15
  5	 | 	9	 | 	15,26
  7	 | 	8	 | 	2,00
___________________________
Simulation Topology [1:1]
___________________________
From 	  To 		Length
___________________________
  0	 | 	3	 | 	6,00
  0	 | 	5	 | 	10,00
  0	 | 	7	 | 	19,10
  0	 | 	8	 | 	20,62
  1	 | 	2	 | 	2,00
  1	 | 	4	 | 	6,00
  1	 | 	5	 | 	8,00
  1	 | 	6	 | 	16,40
  2	 | 	6	 | 	15,26
  2	 | 	7	 | 	16,40
  2	 | 	8	 | 	17,69
  3	 | 	4	 | 	2,00
  3	 | 	6	 | 	14,32
  3	 | 	8	 | 	16,40
  4	 | 	7	 | 	14,32
  4	 | 	9	 | 	16,40
  5	 | 	6	 | 	13,15
  5	 | 	9	 | 	15,26
  7	 | 	8	 | 	2,00
  2	 | 	9	 | 	19,10
___________________________
