[9]				[0]		
[9]				[3]		
[9]				[6]		
[9]				[9]		
[9]				[12]		
[9]				[15]		
[9]				[18]		
[9]				[21]		
[9]				[24]		
[9]				[27]		
[18]				[0]		
[18]				[3]		
[18]				[6]		
[18]				[9]		
___________________________
Simulation Topology [1:3]
___________________________
From 	  To 		Length
___________________________
  0	 | 	1	 | 	3,00
  0	 | 	2	 | 	6,00
  0	 | 	4	 | 	12,00
  0	 | 	12	 | 	10,82
  1	 | 	9	 | 	24,00
  2	 | 	4	 | 	6,00
  3	 | 	4	 | 	3,00
  3	 | 	5	 | 	6,00
  3	 | 	6	 | 	9,00
  4	 | 	5	 | 	3,00
  4	 | 	6	 | 	6,00
  5	 | 	6	 | 	3,00
  5	 | 	7	 | 	6,00
  6	 | 	7	 | 	3,00
  7	 | 	8	 | 	3,00
  8	 | 	9	 | 	3,00
  8	 | 	10	 | 	25,63
  10	 | 	11	 | 	3,00
  10	 | 	12	 | 	6,00
  11	 | 	13	 | 	6,00
  12	 | 	13	 | 	3,00
___________________________
Simulation Topology [1:4]
___________________________
From 	  To 		Length
___________________________
  0	 | 	1	 | 	3,00
  0	 | 	2	 | 	6,00
  0	 | 	4	 | 	12,00
  0	 | 	12	 | 	10,82
  1	 | 	9	 | 	24,00
  2	 | 	4	 | 	6,00
  3	 | 	4	 | 	3,00
  3	 | 	5	 | 	6,00
  3	 | 	6	 | 	9,00
  4	 | 	5	 | 	3,00
  4	 | 	6	 | 	6,00
  5	 | 	6	 | 	3,00
  5	 | 	7	 | 	6,00
  6	 | 	7	 | 	3,00
  7	 | 	8	 | 	3,00
  8	 | 	9	 | 	3,00
  8	 | 	10	 | 	25,63
  10	 | 	11	 | 	3,00
  10	 | 	12	 | 	6,00
  11	 | 	13	 | 	6,00
  12	 | 	13	 | 	3,00
___________________________
Simulation Topology [1:5]
___________________________
From 	  To 		Length
___________________________
  0	 | 	1	 | 	3,00
  0	 | 	2	 | 	6,00
  0	 | 	4	 | 	12,00
  0	 | 	12	 | 	10,82
  1	 | 	9	 | 	24,00
  2	 | 	4	 | 	6,00
  3	 | 	4	 | 	3,00
  3	 | 	5	 | 	6,00
  3	 | 	6	 | 	9,00
  4	 | 	5	 | 	3,00
  4	 | 	6	 | 	6,00
  5	 | 	6	 | 	3,00
  5	 | 	7	 | 	6,00
  6	 | 	7	 | 	3,00
  7	 | 	8	 | 	3,00
  8	 | 	9	 | 	3,00
  8	 | 	10	 | 	25,63
  10	 | 	11	 | 	3,00
  10	 | 	12	 | 	6,00
  11	 | 	13	 | 	6,00
  12	 | 	13	 | 	3,00
___________________________
Simulation Topology [1:6]
___________________________
From 	  To 		Length
___________________________
  0	 | 	1	 | 	3,00
  0	 | 	2	 | 	6,00
  0	 | 	4	 | 	12,00
  0	 | 	12	 | 	10,82
  1	 | 	9	 | 	24,00
  2	 | 	4	 | 	6,00
  3	 | 	4	 | 	3,00
  3	 | 	5	 | 	6,00
  3	 | 	6	 | 	9,00
  4	 | 	5	 | 	3,00
  4	 | 	6	 | 	6,00
  5	 | 	6	 | 	3,00
  5	 | 	7	 | 	6,00
  6	 | 	7	 | 	3,00
  7	 | 	8	 | 	3,00
  8	 | 	9	 | 	3,00
  8	 | 	10	 | 	25,63
  10	 | 	11	 | 	3,00
  10	 | 	12	 | 	6,00
  11	 | 	13	 | 	6,00
  12	 | 	13	 | 	3,00
___________________________
Simulation Topology [1:7]
___________________________
From 	  To 		Length
___________________________
  0	 | 	1	 | 	3,00
  0	 | 	2	 | 	6,00
  0	 | 	4	 | 	12,00
  0	 | 	12	 | 	10,82
  1	 | 	9	 | 	24,00
  2	 | 	4	 | 	6,00
  3	 | 	4	 | 	3,00
  3	 | 	5	 | 	6,00
  3	 | 	6	 | 	9,00
  4	 | 	5	 | 	3,00
  4	 | 	6	 | 	6,00
  5	 | 	6	 | 	3,00
  5	 | 	7	 | 	6,00
  6	 | 	7	 | 	3,00
  7	 | 	8	 | 	3,00
  8	 | 	9	 | 	3,00
  8	 | 	10	 | 	25,63
  10	 | 	11	 | 	3,00
  10	 | 	12	 | 	6,00
  11	 | 	13	 | 	6,00
  12	 | 	13	 | 	3,00
___________________________
Simulation Topology [1:8]
___________________________
From 	  To 		Length
___________________________
  0	 | 	1	 | 	3,00
  0	 | 	2	 | 	6,00
  0	 | 	4	 | 	12,00
  0	 | 	12	 | 	10,82
  1	 | 	9	 | 	24,00
  2	 | 	4	 | 	6,00
  3	 | 	4	 | 	3,00
  3	 | 	5	 | 	6,00
  3	 | 	6	 | 	9,00
  4	 | 	5	 | 	3,00
  4	 | 	6	 | 	6,00
  5	 | 	6	 | 	3,00
  5	 | 	7	 | 	6,00
  6	 | 	7	 | 	3,00
  7	 | 	8	 | 	3,00
  8	 | 	9	 | 	3,00
  8	 | 	10	 | 	25,63
  10	 | 	11	 | 	3,00
  10	 | 	12	 | 	6,00
  11	 | 	13	 | 	6,00
  12	 | 	13	 | 	3,00
___________________________
Simulation Topology [1:9]
___________________________
From 	  To 		Length
___________________________
  0	 | 	1	 | 	3,00
  0	 | 	2	 | 	6,00
  0	 | 	4	 | 	12,00
  0	 | 	12	 | 	10,82
  1	 | 	9	 | 	24,00
  2	 | 	4	 | 	6,00
  3	 | 	4	 | 	3,00
  3	 | 	5	 | 	6,00
  3	 | 	6	 | 	9,00
  4	 | 	5	 | 	3,00
  4	 | 	6	 | 	6,00
  5	 | 	6	 | 	3,00
  5	 | 	7	 | 	6,00
  6	 | 	7	 | 	3,00
  7	 | 	8	 | 	3,00
  8	 | 	9	 | 	3,00
  8	 | 	10	 | 	25,63
  10	 | 	11	 | 	3,00
  10	 | 	12	 | 	6,00
  11	 | 	13	 | 	6,00
  12	 | 	13	 | 	3,00
___________________________
Simulation Topology [1:10]
___________________________
From 	  To 		Length
___________________________
  0	 | 	1	 | 	3,00
  0	 | 	2	 | 	6,00
  0	 | 	4	 | 	12,00
  0	 | 	12	 | 	10,82
  1	 | 	9	 | 	24,00
  2	 | 	4	 | 	6,00
  3	 | 	4	 | 	3,00
  3	 | 	5	 | 	6,00
  3	 | 	6	 | 	9,00
  4	 | 	5	 | 	3,00
  4	 | 	6	 | 	6,00
  5	 | 	6	 | 	3,00
  5	 | 	7	 | 	6,00
  6	 | 	7	 | 	3,00
  7	 | 	8	 | 	3,00
  8	 | 	9	 | 	3,00
  8	 | 	10	 | 	25,63
  10	 | 	11	 | 	3,00
  10	 | 	12	 | 	6,00
  11	 | 	13	 | 	6,00
  12	 | 	13	 | 	3,00
___________________________
Simulation Topology [1:11]
___________________________
From 	  To 		Length
___________________________
  0	 | 	1	 | 	3,00
  0	 | 	2	 | 	6,00
  0	 | 	4	 | 	12,00
  0	 | 	12	 | 	10,82
  1	 | 	9	 | 	24,00
  2	 | 	4	 | 	6,00
  3	 | 	4	 | 	3,00
  3	 | 	5	 | 	6,00
  3	 | 	6	 | 	9,00
  4	 | 	5	 | 	3,00
  4	 | 	6	 | 	6,00
  5	 | 	6	 | 	3,00
  5	 | 	7	 | 	6,00
  6	 | 	7	 | 	3,00
  7	 | 	8	 | 	3,00
  8	 | 	9	 | 	3,00
  8	 | 	10	 | 	25,63
  10	 | 	11	 | 	3,00
  10	 | 	12	 | 	6,00
  11	 | 	13	 | 	6,00
  12	 | 	13	 | 	3,00
___________________________
Simulation Topology [1:12]
___________________________
From 	  To 		Length
___________________________
  0	 | 	1	 | 	3,00
  0	 | 	2	 | 	6,00
  0	 | 	4	 | 	12,00
  0	 | 	12	 | 	10,82
  1	 | 	9	 | 	24,00
  2	 | 	4	 | 	6,00
  3	 | 	4	 | 	3,00
  3	 | 	5	 | 	6,00
  3	 | 	6	 | 	9,00
  4	 | 	5	 | 	3,00
  4	 | 	6	 | 	6,00
  5	 | 	6	 | 	3,00
  5	 | 	7	 | 	6,00
  6	 | 	7	 | 	3,00
  7	 | 	8	 | 	3,00
  8	 | 	9	 | 	3,00
  8	 | 	10	 | 	25,63
  10	 | 	11	 | 	3,00
  10	 | 	12	 | 	6,00
  11	 | 	13	 | 	6,00
  12	 | 	13	 | 	3,00
___________________________
Simulation Topology [1:13]
___________________________
From 	  To 		Length
___________________________
  0	 | 	1	 | 	3,00
  0	 | 	2	 | 	6,00
  0	 | 	4	 | 	12,00
  0	 | 	12	 | 	10,82
  1	 | 	9	 | 	24,00
  2	 | 	4	 | 	6,00
  3	 | 	4	 | 	3,00
  3	 | 	5	 | 	6,00
  3	 | 	6	 | 	9,00
  4	 | 	5	 | 	3,00
  4	 | 	6	 | 	6,00
  5	 | 	6	 | 	3,00
  5	 | 	7	 | 	6,00
  6	 | 	7	 | 	3,00
  7	 | 	8	 | 	3,00
  8	 | 	9	 | 	3,00
  8	 | 	10	 | 	25,63
  10	 | 	11	 | 	3,00
  10	 | 	12	 | 	6,00
  11	 | 	13	 | 	6,00
  12	 | 	13	 | 	3,00
___________________________
Simulation Topology [1:14]
___________________________
From 	  To 		Length
___________________________
  0	 | 	1	 | 	3,00
  0	 | 	2	 | 	6,00
  0	 | 	4	 | 	12,00
  0	 | 	12	 | 	10,82
  1	 | 	9	 | 	24,00
  2	 | 	4	 | 	6,00
  3	 | 	4	 | 	3,00
  3	 | 	5	 | 	6,00
  3	 | 	6	 | 	9,00
  4	 | 	5	 | 	3,00
  4	 | 	6	 | 	6,00
  5	 | 	6	 | 	3,00
  5	 | 	7	 | 	6,00
  6	 | 	7	 | 	3,00
  7	 | 	8	 | 	3,00
  8	 | 	9	 | 	3,00
  8	 | 	10	 | 	25,63
  10	 | 	11	 | 	3,00
  10	 | 	12	 | 	6,00
  11	 | 	13	 | 	6,00
  12	 | 	13	 | 	3,00
___________________________
