Simulation Topology 1
___________________________
[4]				[0]		
[8]				[0]		
[0]				[1]		
[2]				[1]		
[2]				[2]		
___________________________
Simulation Topology [1:0]
___________________________
From 	  To 		Length
___________________________
  0	 | 	1	 | 	4,00
  0	 | 	3	 | 	2,24
  0	 | 	4	 | 	2,83
  1	 | 	3	 | 	6,08
  1	 | 	4	 | 	6,32
  2	 | 	3	 | 	2,00
  2	 | 	4	 | 	2,24
  3	 | 	4	 | 	1,00
___________________________
Simulation Topology [1:1]
___________________________
From 	  To 		Length
___________________________
  0	 | 	1	 | 	4,00
  0	 | 	3	 | 	2,24
  0	 | 	4	 | 	2,83
  1	 | 	3	 | 	6,08
  1	 | 	4	 | 	6,32
  2	 | 	3	 | 	2,00
  2	 | 	4	 | 	2,24
  3	 | 	4	 | 	1,00
___________________________
Simulation Topology [1:2]
___________________________
From 	  To 		Length
___________________________
  0	 | 	1	 | 	4,00
  0	 | 	3	 | 	2,24
  0	 | 	4	 | 	2,83
  1	 | 	3	 | 	6,08
  1	 | 	4	 | 	6,32
  2	 | 	3	 | 	2,00
  2	 | 	4	 | 	2,24
  3	 | 	4	 | 	1,00
___________________________
Simulation Topology [1:3]
___________________________
From 	  To 		Length
___________________________
  0	 | 	1	 | 	4,00
  0	 | 	3	 | 	2,24
  0	 | 	4	 | 	2,83
  1	 | 	3	 | 	6,08
  1	 | 	4	 | 	6,32
  2	 | 	3	 | 	2,00
  2	 | 	4	 | 	2,24
  3	 | 	4	 | 	1,00
___________________________
Simulation Topology [1:4]
___________________________
From 	  To 		Length
___________________________
  0	 | 	1	 | 	4,00
  0	 | 	3	 | 	2,24
  0	 | 	4	 | 	2,83
  1	 | 	3	 | 	6,08
  1	 | 	4	 | 	6,32
  2	 | 	3	 | 	2,00
  2	 | 	4	 | 	2,24
  3	 | 	4	 | 	1,00
___________________________
Simulation Topology [1:5]
___________________________
From 	  To 		Length
___________________________
  0	 | 	1	 | 	4,00
  0	 | 	3	 | 	2,24
  0	 | 	4	 | 	2,83
  1	 | 	3	 | 	6,08
  1	 | 	4	 | 	6,32
  2	 | 	3	 | 	2,00
  2	 | 	4	 | 	2,24
  3	 | 	4	 | 	1,00
___________________________
Simulation Topology [1:6]
___________________________
From 	  To 		Length
___________________________
  0	 | 	1	 | 	4,00
  0	 | 	3	 | 	2,24
  0	 | 	4	 | 	2,83
  1	 | 	3	 | 	6,08
  1	 | 	4	 | 	6,32
  2	 | 	3	 | 	2,00
  2	 | 	4	 | 	2,24
  3	 | 	4	 | 	1,00
___________________________
Simulation Topology [1:7]
___________________________
From 	  To 		Length
___________________________
  0	 | 	1	 | 	4,00
  0	 | 	3	 | 	2,24
  0	 | 	4	 | 	2,83
  1	 | 	3	 | 	6,08
  1	 | 	4	 | 	6,32
  2	 | 	3	 | 	2,00
  2	 | 	4	 | 	2,24
  3	 | 	4	 | 	1,00
___________________________
Simulation Topology [1:8]
___________________________
From 	  To 		Length
___________________________
  0	 | 	1	 | 	4,00
  0	 | 	3	 | 	2,24
  0	 | 	4	 | 	2,83
  1	 | 	3	 | 	6,08
  1	 | 	4	 | 	6,32
  2	 | 	3	 | 	2,00
  2	 | 	4	 | 	2,24
  3	 | 	4	 | 	1,00
___________________________
Simulation Topology [1:9]
___________________________
From 	  To 		Length
___________________________
  0	 | 	1	 | 	4,00
  0	 | 	3	 | 	2,24
  0	 | 	4	 | 	2,83
  1	 | 	3	 | 	6,08
  1	 | 	4	 | 	6,32
  2	 | 	3	 | 	2,00
  2	 | 	4	 | 	2,24
  3	 | 	4	 | 	1,00
___________________________
Simulation Topology [1:10]
___________________________
From 	  To 		Length
___________________________
  0	 | 	1	 | 	4,00
  0	 | 	3	 | 	2,24
  0	 | 	4	 | 	2,83
  1	 | 	3	 | 	6,08
  1	 | 	4	 | 	6,32
  2	 | 	3	 | 	2,00
  2	 | 	4	 | 	2,24
  3	 | 	4	 | 	1,00
___________________________
Simulation Topology [1:11]
___________________________
From 	  To 		Length
___________________________
  0	 | 	1	 | 	4,00
  0	 | 	3	 | 	2,24
  0	 | 	4	 | 	2,83
  1	 | 	3	 | 	6,08
  1	 | 	4	 | 	6,32
  2	 | 	3	 | 	2,00
  2	 | 	4	 | 	2,24
  3	 | 	4	 | 	1,00
___________________________
Simulation Topology [1:12]
___________________________
From 	  To 		Length
___________________________
  0	 | 	1	 | 	4,00
  0	 | 	3	 | 	2,24
  0	 | 	4	 | 	2,83
  1	 | 	3	 | 	6,08
  1	 | 	4	 | 	6,32
  2	 | 	3	 | 	2,00
  2	 | 	4	 | 	2,24
  3	 | 	4	 | 	1,00
___________________________
Simulation Topology [1:13]
___________________________
From 	  To 		Length
___________________________
  0	 | 	1	 | 	4,00
  0	 | 	3	 | 	2,24
  0	 | 	4	 | 	2,83
  1	 | 	3	 | 	6,08
  1	 | 	4	 | 	6,32
  2	 | 	3	 | 	2,00
  2	 | 	4	 | 	2,24
  3	 | 	4	 | 	1,00
___________________________
Simulation Topology [1:14]
___________________________
From 	  To 		Length
___________________________
  0	 | 	1	 | 	4,00
  0	 | 	3	 | 	2,24
  0	 | 	4	 | 	2,83
  1	 | 	3	 | 	6,08
  1	 | 	4	 | 	6,32
  2	 | 	3	 | 	2,00
  2	 | 	4	 | 	2,24
  3	 | 	4	 | 	1,00
___________________________
Simulation Topology [1:15]
___________________________
From 	  To 		Length
___________________________
  0	 | 	1	 | 	4,00
  0	 | 	3	 | 	2,24
  0	 | 	4	 | 	2,83
  1	 | 	3	 | 	6,08
  1	 | 	4	 | 	6,32
  2	 | 	3	 | 	2,00
  2	 | 	4	 | 	2,24
  3	 | 	4	 | 	1,00
___________________________
Simulation Topology [1:16]
___________________________
From 	  To 		Length
___________________________
  0	 | 	1	 | 	4,00
  0	 | 	3	 | 	2,24
  0	 | 	4	 | 	2,83
  1	 | 	3	 | 	6,08
  1	 | 	4	 | 	6,32
  2	 | 	3	 | 	2,00
  2	 | 	4	 | 	2,24
  3	 | 	4	 | 	1,00
___________________________
Simulation Topology [1:17]
___________________________
From 	  To 		Length
___________________________
  0	 | 	1	 | 	4,00
  0	 | 	3	 | 	2,24
  0	 | 	4	 | 	2,83
  1	 | 	3	 | 	6,08
  1	 | 	4	 | 	6,32
  2	 | 	3	 | 	2,00
  2	 | 	4	 | 	2,24
  3	 | 	4	 | 	1,00
___________________________
Simulation Topology [1:18]
___________________________
From 	  To 		Length
___________________________
  0	 | 	1	 | 	4,00
  0	 | 	3	 | 	2,24
  0	 | 	4	 | 	2,83
  1	 | 	3	 | 	6,08
  1	 | 	4	 | 	6,32
  2	 | 	3	 | 	2,00
  2	 | 	4	 | 	2,24
  3	 | 	4	 | 	1,00
___________________________
Simulation Topology [1:19]
___________________________
From 	  To 		Length
___________________________
  0	 | 	1	 | 	4,00
  0	 | 	3	 | 	2,24
  0	 | 	4	 | 	2,83
  1	 | 	3	 | 	6,08
  1	 | 	4	 | 	6,32
  2	 | 	3	 | 	2,00
  2	 | 	4	 | 	2,24
  3	 | 	4	 | 	1,00
___________________________
Simulation Topology [1:20]
___________________________
From 	  To 		Length
___________________________
  0	 | 	1	 | 	4,00
  0	 | 	3	 | 	2,24
  0	 | 	4	 | 	2,83
  1	 | 	3	 | 	6,08
  1	 | 	4	 | 	6,32
  2	 | 	3	 | 	2,00
  2	 | 	4	 | 	2,24
  3	 | 	4	 | 	1,00
___________________________
Simulation Topology [1:21]
___________________________
From 	  To 		Length
___________________________
  0	 | 	1	 | 	4,00
  0	 | 	3	 | 	2,24
  0	 | 	4	 | 	2,83
  1	 | 	3	 | 	6,08
  1	 | 	4	 | 	6,32
  2	 | 	3	 | 	2,00
  2	 | 	4	 | 	2,24
  3	 | 	4	 | 	1,00
___________________________
Simulation Topology [1:22]
___________________________
From 	  To 		Length
___________________________
  0	 | 	1	 | 	4,00
  0	 | 	3	 | 	2,24
  0	 | 	4	 | 	2,83
  1	 | 	3	 | 	6,08
  1	 | 	4	 | 	6,32
  2	 | 	3	 | 	2,00
  2	 | 	4	 | 	2,24
  3	 | 	4	 | 	1,00
___________________________
Simulation Topology [1:23]
___________________________
From 	  To 		Length
___________________________
  0	 | 	1	 | 	4,00
  0	 | 	3	 | 	2,24
  0	 | 	4	 | 	2,83
  1	 | 	3	 | 	6,08
  1	 | 	4	 | 	6,32
  2	 | 	3	 | 	2,00
  2	 | 	4	 | 	2,24
  3	 | 	4	 | 	1,00
___________________________
Simulation Topology [1:24]
___________________________
From 	  To 		Length
___________________________
  0	 | 	1	 | 	4,00
  0	 | 	3	 | 	2,24
  0	 | 	4	 | 	2,83
  1	 | 	3	 | 	6,08
  1	 | 	4	 | 	6,32
  2	 | 	3	 | 	2,00
  2	 | 	4	 | 	2,24
  3	 | 	4	 | 	1,00
___________________________
Simulation Topology [1:25]
___________________________
From 	  To 		Length
___________________________
  0	 | 	1	 | 	4,00
  0	 | 	3	 | 	2,24
  0	 | 	4	 | 	2,83
  1	 | 	3	 | 	6,08
  1	 | 	4	 | 	6,32
  2	 | 	3	 | 	2,00
  2	 | 	4	 | 	2,24
  3	 | 	4	 | 	1,00
___________________________
Simulation Topology [1:26]
___________________________
From 	  To 		Length
___________________________
  0	 | 	1	 | 	4,00
  0	 | 	3	 | 	2,24
  0	 | 	4	 | 	2,83
  1	 | 	3	 | 	6,08
  1	 | 	4	 | 	6,32
  2	 | 	3	 | 	2,00
  2	 | 	4	 | 	2,24
  3	 | 	4	 | 	1,00
___________________________
Simulation Topology [1:27]
___________________________
From 	  To 		Length
___________________________
  0	 | 	1	 | 	4,00
  0	 | 	3	 | 	2,24
  0	 | 	4	 | 	2,83
  1	 | 	3	 | 	6,08
  1	 | 	4	 | 	6,32
  2	 | 	3	 | 	2,00
  2	 | 	4	 | 	2,24
  3	 | 	4	 | 	1,00
___________________________
Simulation Topology [1:28]
___________________________
From 	  To 		Length
___________________________
  0	 | 	1	 | 	4,00
  0	 | 	3	 | 	2,24
  0	 | 	4	 | 	2,83
  1	 | 	3	 | 	6,08
  1	 | 	4	 | 	6,32
  2	 | 	3	 | 	2,00
  2	 | 	4	 | 	2,24
  3	 | 	4	 | 	1,00
___________________________
Simulation Topology [1:29]
___________________________
From 	  To 		Length
___________________________
  0	 | 	1	 | 	4,00
  0	 | 	3	 | 	2,24
  0	 | 	4	 | 	2,83
  1	 | 	3	 | 	6,08
  1	 | 	4	 | 	6,32
  2	 | 	3	 | 	2,00
  2	 | 	4	 | 	2,24
  3	 | 	4	 | 	1,00
___________________________
Simulation Topology [1:30]
___________________________
From 	  To 		Length
___________________________
  0	 | 	1	 | 	4,00
  0	 | 	3	 | 	2,24
  0	 | 	4	 | 	2,83
  1	 | 	3	 | 	6,08
  1	 | 	4	 | 	6,32
  2	 | 	3	 | 	2,00
  2	 | 	4	 | 	2,24
  3	 | 	4	 | 	1,00
___________________________
Simulation Topology [1:31]
___________________________
From 	  To 		Length
___________________________
  0	 | 	1	 | 	4,00
  0	 | 	3	 | 	2,24
  0	 | 	4	 | 	2,83
  1	 | 	3	 | 	6,08
  1	 | 	4	 | 	6,32
  2	 | 	3	 | 	2,00
  2	 | 	4	 | 	2,24
  3	 | 	4	 | 	1,00
___________________________
Simulation Topology [1:32]
___________________________
From 	  To 		Length
___________________________
  0	 | 	1	 | 	4,00
  0	 | 	3	 | 	2,24
  0	 | 	4	 | 	2,83
  1	 | 	3	 | 	6,08
  1	 | 	4	 | 	6,32
  2	 | 	3	 | 	2,00
  2	 | 	4	 | 	2,24
  3	 | 	4	 | 	1,00
___________________________
Simulation Topology [1:33]
___________________________
From 	  To 		Length
___________________________
  0	 | 	1	 | 	4,00
  0	 | 	3	 | 	2,24
  0	 | 	4	 | 	2,83
  1	 | 	3	 | 	6,08
  1	 | 	4	 | 	6,32
  2	 | 	3	 | 	2,00
  2	 | 	4	 | 	2,24
  3	 | 	4	 | 	1,00
___________________________
Simulation Topology [1:34]
___________________________
From 	  To 		Length
___________________________
  0	 | 	1	 | 	4,00
  0	 | 	3	 | 	2,24
  0	 | 	4	 | 	2,83
  1	 | 	3	 | 	6,08
  1	 | 	4	 | 	6,32
  2	 | 	3	 | 	2,00
  2	 | 	4	 | 	2,24
  3	 | 	4	 | 	1,00
___________________________
Simulation Topology [1:35]
___________________________
From 	  To 		Length
___________________________
  0	 | 	1	 | 	4,00
  0	 | 	3	 | 	2,24
  0	 | 	4	 | 	2,83
  1	 | 	3	 | 	6,08
  1	 | 	4	 | 	6,32
  2	 | 	3	 | 	2,00
  2	 | 	4	 | 	2,24
  3	 | 	4	 | 	1,00
___________________________
Simulation Topology [1:36]
___________________________
From 	  To 		Length
___________________________
  0	 | 	1	 | 	4,00
  0	 | 	3	 | 	2,24
  0	 | 	4	 | 	2,83
  1	 | 	3	 | 	6,08
  1	 | 	4	 | 	6,32
  2	 | 	3	 | 	2,00
  2	 | 	4	 | 	2,24
  3	 | 	4	 | 	1,00
___________________________
Simulation Topology [1:37]
___________________________
From 	  To 		Length
___________________________
  0	 | 	1	 | 	4,00
  0	 | 	3	 | 	2,24
  0	 | 	4	 | 	2,83
  1	 | 	3	 | 	6,08
  1	 | 	4	 | 	6,32
  2	 | 	3	 | 	2,00
  2	 | 	4	 | 	2,24
  3	 | 	4	 | 	1,00
___________________________
Simulation Topology [1:38]
___________________________
From 	  To 		Length
___________________________
  0	 | 	1	 | 	4,00
  0	 | 	3	 | 	2,24
  0	 | 	4	 | 	2,83
  1	 | 	3	 | 	6,08
  1	 | 	4	 | 	6,32
  2	 | 	3	 | 	2,00
  2	 | 	4	 | 	2,24
  3	 | 	4	 | 	1,00
___________________________
Simulation Topology [1:39]
___________________________
From 	  To 		Length
___________________________
  0	 | 	1	 | 	4,00
  0	 | 	3	 | 	2,24
  0	 | 	4	 | 	2,83
  1	 | 	3	 | 	6,08
  1	 | 	4	 | 	6,32
  2	 | 	3	 | 	2,00
  2	 | 	4	 | 	2,24
  3	 | 	4	 | 	1,00
___________________________
Simulation Topology [1:40]
___________________________
From 	  To 		Length
___________________________
  0	 | 	1	 | 	4,00
  0	 | 	3	 | 	2,24
  0	 | 	4	 | 	2,83
  1	 | 	3	 | 	6,08
  1	 | 	4	 | 	6,32
  2	 | 	3	 | 	2,00
  2	 | 	4	 | 	2,24
  3	 | 	4	 | 	1,00
___________________________
Simulation Topology [1:41]
___________________________
From 	  To 		Length
___________________________
  0	 | 	1	 | 	4,00
  0	 | 	3	 | 	2,24
  0	 | 	4	 | 	2,83
  1	 | 	3	 | 	6,08
  1	 | 	4	 | 	6,32
  2	 | 	3	 | 	2,00
  2	 | 	4	 | 	2,24
  3	 | 	4	 | 	1,00
___________________________
Simulation Topology [1:42]
___________________________
From 	  To 		Length
___________________________
  0	 | 	1	 | 	4,00
  0	 | 	3	 | 	2,24
  0	 | 	4	 | 	2,83
  1	 | 	3	 | 	6,08
  1	 | 	4	 | 	6,32
  2	 | 	3	 | 	2,00
  2	 | 	4	 | 	2,24
  3	 | 	4	 | 	1,00
___________________________
Simulation Topology [1:43]
___________________________
From 	  To 		Length
___________________________
  0	 | 	1	 | 	4,00
  0	 | 	3	 | 	2,24
  0	 | 	4	 | 	2,83
  1	 | 	3	 | 	6,08
  1	 | 	4	 | 	6,32
  2	 | 	3	 | 	2,00
  2	 | 	4	 | 	2,24
  3	 | 	4	 | 	1,00
___________________________
Simulation Topology [1:44]
___________________________
From 	  To 		Length
___________________________
  0	 | 	1	 | 	4,00
  0	 | 	3	 | 	2,24
  0	 | 	4	 | 	2,83
  1	 | 	3	 | 	6,08
  1	 | 	4	 | 	6,32
  2	 | 	3	 | 	2,00
  2	 | 	4	 | 	2,24
  3	 | 	4	 | 	1,00
___________________________
Simulation Topology [1:45]
___________________________
From 	  To 		Length
___________________________
  0	 | 	1	 | 	4,00
  0	 | 	3	 | 	2,24
  0	 | 	4	 | 	2,83
  1	 | 	3	 | 	6,08
  1	 | 	4	 | 	6,32
  2	 | 	3	 | 	2,00
  2	 | 	4	 | 	2,24
  3	 | 	4	 | 	1,00
  0	 | 	2	 | 	4,12
___________________________
Simulation Topology [1:46]
___________________________
From 	  To 		Length
___________________________
  0	 | 	1	 | 	4,00
  0	 | 	3	 | 	2,24
  0	 | 	4	 | 	2,83
  1	 | 	3	 | 	6,08
  1	 | 	4	 | 	6,32
  2	 | 	3	 | 	2,00
  2	 | 	4	 | 	2,24
  3	 | 	4	 | 	1,00
  0	 | 	2	 | 	4,12
___________________________
Simulation Topology [1:47]
___________________________
From 	  To 		Length
___________________________
  0	 | 	1	 | 	4,00
  0	 | 	3	 | 	2,24
  0	 | 	4	 | 	2,83
  1	 | 	3	 | 	6,08
  1	 | 	4	 | 	6,32
  2	 | 	3	 | 	2,00
  2	 | 	4	 | 	2,24
  3	 | 	4	 | 	1,00
  0	 | 	2	 | 	4,12
___________________________
Simulation Topology [1:48]
___________________________
From 	  To 		Length
___________________________
  0	 | 	1	 | 	4,00
  0	 | 	3	 | 	2,24
  0	 | 	4	 | 	2,83
  1	 | 	3	 | 	6,08
  1	 | 	4	 | 	6,32
  2	 | 	3	 | 	2,00
  2	 | 	4	 | 	2,24
  3	 | 	4	 | 	1,00
  0	 | 	2	 | 	4,12
___________________________
Simulation Topology [1:49]
___________________________
From 	  To 		Length
___________________________
  0	 | 	1	 | 	4,00
  0	 | 	3	 | 	2,24
  0	 | 	4	 | 	2,83
  1	 | 	3	 | 	6,08
  1	 | 	4	 | 	6,32
  2	 | 	3	 | 	2,00
  2	 | 	4	 | 	2,24
  3	 | 	4	 | 	1,00
  0	 | 	2	 | 	4,12
___________________________
Simulation Topology [1:50]
___________________________
From 	  To 		Length
___________________________
  0	 | 	1	 | 	4,00
  0	 | 	3	 | 	2,24
  0	 | 	4	 | 	2,83
  1	 | 	3	 | 	6,08
  1	 | 	4	 | 	6,32
  2	 | 	3	 | 	2,00
  2	 | 	4	 | 	2,24
  3	 | 	4	 | 	1,00
  0	 | 	2	 | 	4,12
___________________________
Simulation Topology [1:51]
___________________________
From 	  To 		Length
___________________________
  0	 | 	1	 | 	4,00
  0	 | 	3	 | 	2,24
  0	 | 	4	 | 	2,83
  1	 | 	3	 | 	6,08
  1	 | 	4	 | 	6,32
  2	 | 	3	 | 	2,00
  2	 | 	4	 | 	2,24
  3	 | 	4	 | 	1,00
  0	 | 	2	 | 	4,12
___________________________
Simulation Topology [1:52]
___________________________
From 	  To 		Length
___________________________
  0	 | 	1	 | 	4,00
  0	 | 	3	 | 	2,24
  0	 | 	4	 | 	2,83
  1	 | 	3	 | 	6,08
  1	 | 	4	 | 	6,32
  2	 | 	3	 | 	2,00
  2	 | 	4	 | 	2,24
  3	 | 	4	 | 	1,00
  0	 | 	2	 | 	4,12
___________________________
Simulation Topology [1:53]
___________________________
From 	  To 		Length
___________________________
  0	 | 	1	 | 	4,00
  0	 | 	3	 | 	2,24
  0	 | 	4	 | 	2,83
  1	 | 	3	 | 	6,08
  1	 | 	4	 | 	6,32
  2	 | 	3	 | 	2,00
  2	 | 	4	 | 	2,24
  3	 | 	4	 | 	1,00
  0	 | 	2	 | 	4,12
___________________________
Simulation Topology [1:54]
___________________________
From 	  To 		Length
___________________________
  0	 | 	1	 | 	4,00
  0	 | 	3	 | 	2,24
  0	 | 	4	 | 	2,83
  1	 | 	3	 | 	6,08
  1	 | 	4	 | 	6,32
  2	 | 	3	 | 	2,00
  2	 | 	4	 | 	2,24
  3	 | 	4	 | 	1,00
  0	 | 	2	 | 	4,12
___________________________
Simulation Topology [1:55]
___________________________
From 	  To 		Length
___________________________
  0	 | 	1	 | 	4,00
  0	 | 	3	 | 	2,24
  0	 | 	4	 | 	2,83
  1	 | 	3	 | 	6,08
  1	 | 	4	 | 	6,32
  2	 | 	3	 | 	2,00
  2	 | 	4	 | 	2,24
  3	 | 	4	 | 	1,00
  0	 | 	2	 | 	4,12
___________________________
Simulation Topology [1:56]
___________________________
From 	  To 		Length
___________________________
  0	 | 	1	 | 	4,00
  0	 | 	3	 | 	2,24
  0	 | 	4	 | 	2,83
  1	 | 	3	 | 	6,08
  1	 | 	4	 | 	6,32
  2	 | 	3	 | 	2,00
  2	 | 	4	 | 	2,24
  3	 | 	4	 | 	1,00
  0	 | 	2	 | 	4,12
___________________________
Simulation Topology [1:57]
___________________________
From 	  To 		Length
___________________________
  0	 | 	1	 | 	4,00
  0	 | 	3	 | 	2,24
  0	 | 	4	 | 	2,83
  1	 | 	3	 | 	6,08
  1	 | 	4	 | 	6,32
  2	 | 	3	 | 	2,00
  2	 | 	4	 | 	2,24
  3	 | 	4	 | 	1,00
  0	 | 	2	 | 	4,12
___________________________
Simulation Topology [1:58]
___________________________
From 	  To 		Length
___________________________
  0	 | 	1	 | 	4,00
  0	 | 	3	 | 	2,24
  0	 | 	4	 | 	2,83
  1	 | 	3	 | 	6,08
  1	 | 	4	 | 	6,32
  2	 | 	3	 | 	2,00
  2	 | 	4	 | 	2,24
  3	 | 	4	 | 	1,00
  0	 | 	2	 | 	4,12
___________________________
Simulation Topology [1:59]
___________________________
From 	  To 		Length
___________________________
  0	 | 	1	 | 	4,00
  0	 | 	3	 | 	2,24
  0	 | 	4	 | 	2,83
  1	 | 	3	 | 	6,08
  1	 | 	4	 | 	6,32
  2	 | 	3	 | 	2,00
  2	 | 	4	 | 	2,24
  3	 | 	4	 | 	1,00
  0	 | 	2	 | 	4,12
___________________________
Simulation Topology [1:60]
___________________________
From 	  To 		Length
___________________________
  0	 | 	1	 | 	4,00
  0	 | 	3	 | 	2,24
  0	 | 	4	 | 	2,83
  1	 | 	3	 | 	6,08
  1	 | 	4	 | 	6,32
  2	 | 	3	 | 	2,00
  2	 | 	4	 | 	2,24
  3	 | 	4	 | 	1,00
  0	 | 	2	 | 	4,12
___________________________
Simulation Topology [1:61]
___________________________
From 	  To 		Length
___________________________
  0	 | 	1	 | 	4,00
  0	 | 	3	 | 	2,24
  0	 | 	4	 | 	2,83
  1	 | 	3	 | 	6,08
  1	 | 	4	 | 	6,32
  2	 | 	3	 | 	2,00
  2	 | 	4	 | 	2,24
  3	 | 	4	 | 	1,00
  0	 | 	2	 | 	4,12
___________________________
Simulation Topology [1:62]
___________________________
From 	  To 		Length
___________________________
  0	 | 	1	 | 	4,00
  0	 | 	3	 | 	2,24
  0	 | 	4	 | 	2,83
  1	 | 	3	 | 	6,08
  1	 | 	4	 | 	6,32
  2	 | 	3	 | 	2,00
  2	 | 	4	 | 	2,24
  3	 | 	4	 | 	1,00
  0	 | 	2	 | 	4,12
___________________________
Simulation Topology [1:63]
___________________________
From 	  To 		Length
___________________________
  0	 | 	1	 | 	4,00
  0	 | 	3	 | 	2,24
  0	 | 	4	 | 	2,83
  1	 | 	3	 | 	6,08
  1	 | 	4	 | 	6,32
  2	 | 	3	 | 	2,00
  2	 | 	4	 | 	2,24
  3	 | 	4	 | 	1,00
  0	 | 	2	 | 	4,12
___________________________
Simulation Topology [1:64]
___________________________
From 	  To 		Length
___________________________
  0	 | 	1	 | 	4,00
  0	 | 	3	 | 	2,24
  0	 | 	4	 | 	2,83
  1	 | 	3	 | 	6,08
  1	 | 	4	 | 	6,32
  2	 | 	3	 | 	2,00
  2	 | 	4	 | 	2,24
  3	 | 	4	 | 	1,00
  0	 | 	2	 | 	4,12
___________________________
Simulation Topology [1:65]
___________________________
From 	  To 		Length
___________________________
  0	 | 	1	 | 	4,00
  0	 | 	3	 | 	2,24
  0	 | 	4	 | 	2,83
  1	 | 	3	 | 	6,08
  1	 | 	4	 | 	6,32
  2	 | 	3	 | 	2,00
  2	 | 	4	 | 	2,24
  3	 | 	4	 | 	1,00
  0	 | 	2	 | 	4,12
___________________________
Simulation Topology [1:66]
___________________________
From 	  To 		Length
___________________________
  0	 | 	1	 | 	4,00
  0	 | 	3	 | 	2,24
  0	 | 	4	 | 	2,83
  1	 | 	3	 | 	6,08
  1	 | 	4	 | 	6,32
  2	 | 	3	 | 	2,00
  2	 | 	4	 | 	2,24
  3	 | 	4	 | 	1,00
  0	 | 	2	 | 	4,12
___________________________
Simulation Topology [1:67]
___________________________
From 	  To 		Length
___________________________
  0	 | 	1	 | 	4,00
  0	 | 	3	 | 	2,24
  0	 | 	4	 | 	2,83
  1	 | 	3	 | 	6,08
  1	 | 	4	 | 	6,32
  2	 | 	3	 | 	2,00
  2	 | 	4	 | 	2,24
  3	 | 	4	 | 	1,00
  0	 | 	2	 | 	4,12
___________________________
Simulation Topology [1:68]
___________________________
From 	  To 		Length
___________________________
  0	 | 	1	 | 	4,00
  0	 | 	3	 | 	2,24
  0	 | 	4	 | 	2,83
  1	 | 	3	 | 	6,08
  1	 | 	4	 | 	6,32
  2	 | 	3	 | 	2,00
  2	 | 	4	 | 	2,24
  3	 | 	4	 | 	1,00
  0	 | 	2	 | 	4,12
___________________________
Simulation Topology [1:69]
___________________________
From 	  To 		Length
___________________________
  0	 | 	1	 | 	4,00
  0	 | 	3	 | 	2,24
  0	 | 	4	 | 	2,83
  1	 | 	3	 | 	6,08
  1	 | 	4	 | 	6,32
  2	 | 	3	 | 	2,00
  2	 | 	4	 | 	2,24
  3	 | 	4	 | 	1,00
  0	 | 	2	 | 	4,12
___________________________
Simulation Topology [1:70]
___________________________
From 	  To 		Length
___________________________
  0	 | 	1	 | 	4,00
  0	 | 	3	 | 	2,24
  0	 | 	4	 | 	2,83
  1	 | 	3	 | 	6,08
  1	 | 	4	 | 	6,32
  2	 | 	3	 | 	2,00
  2	 | 	4	 | 	2,24
  3	 | 	4	 | 	1,00
  0	 | 	2	 | 	4,12
___________________________
Simulation Topology [1:71]
___________________________
From 	  To 		Length
___________________________
  0	 | 	1	 | 	4,00
  0	 | 	3	 | 	2,24
  0	 | 	4	 | 	2,83
  1	 | 	3	 | 	6,08
  1	 | 	4	 | 	6,32
  2	 | 	3	 | 	2,00
  2	 | 	4	 | 	2,24
  3	 | 	4	 | 	1,00
  0	 | 	2	 | 	4,12
___________________________
Simulation Topology [1:72]
___________________________
From 	  To 		Length
___________________________
  0	 | 	1	 | 	4,00
  0	 | 	3	 | 	2,24
  0	 | 	4	 | 	2,83
  1	 | 	3	 | 	6,08
  1	 | 	4	 | 	6,32
  2	 | 	3	 | 	2,00
  2	 | 	4	 | 	2,24
  3	 | 	4	 | 	1,00
  0	 | 	2	 | 	4,12
___________________________
Simulation Topology [1:73]
___________________________
From 	  To 		Length
___________________________
  0	 | 	1	 | 	4,00
  0	 | 	3	 | 	2,24
  0	 | 	4	 | 	2,83
  1	 | 	3	 | 	6,08
  1	 | 	4	 | 	6,32
  2	 | 	3	 | 	2,00
  2	 | 	4	 | 	2,24
  3	 | 	4	 | 	1,00
  0	 | 	2	 | 	4,12
___________________________
Simulation Topology [1:74]
___________________________
From 	  To 		Length
___________________________
  0	 | 	1	 | 	4,00
  0	 | 	3	 | 	2,24
  0	 | 	4	 | 	2,83
  1	 | 	3	 | 	6,08
  1	 | 	4	 | 	6,32
  2	 | 	3	 | 	2,00
  2	 | 	4	 | 	2,24
  3	 | 	4	 | 	1,00
  0	 | 	2	 | 	4,12
___________________________
Simulation Topology [1:75]
___________________________
From 	  To 		Length
___________________________
  0	 | 	1	 | 	4,00
  0	 | 	3	 | 	2,24
  0	 | 	4	 | 	2,83
  1	 | 	3	 | 	6,08
  1	 | 	4	 | 	6,32
  2	 | 	3	 | 	2,00
  2	 | 	4	 | 	2,24
  3	 | 	4	 | 	1,00
  0	 | 	2	 | 	4,12
___________________________
Simulation Topology [1:76]
___________________________
From 	  To 		Length
___________________________
  0	 | 	1	 | 	4,00
  0	 | 	3	 | 	2,24
  0	 | 	4	 | 	2,83
  1	 | 	3	 | 	6,08
  1	 | 	4	 | 	6,32
  2	 | 	3	 | 	2,00
  2	 | 	4	 | 	2,24
  3	 | 	4	 | 	1,00
  0	 | 	2	 | 	4,12
___________________________
Simulation Topology [1:77]
___________________________
From 	  To 		Length
___________________________
  0	 | 	1	 | 	4,00
  0	 | 	3	 | 	2,24
  0	 | 	4	 | 	2,83
  1	 | 	3	 | 	6,08
  1	 | 	4	 | 	6,32
  2	 | 	3	 | 	2,00
  2	 | 	4	 | 	2,24
  3	 | 	4	 | 	1,00
  0	 | 	2	 | 	4,12
___________________________
Simulation Topology [1:78]
___________________________
From 	  To 		Length
___________________________
  0	 | 	1	 | 	4,00
  0	 | 	3	 | 	2,24
  0	 | 	4	 | 	2,83
  1	 | 	3	 | 	6,08
  1	 | 	4	 | 	6,32
  2	 | 	3	 | 	2,00
  2	 | 	4	 | 	2,24
  3	 | 	4	 | 	1,00
  0	 | 	2	 | 	4,12
___________________________
Simulation Topology [1:79]
___________________________
From 	  To 		Length
___________________________
  0	 | 	1	 | 	4,00
  0	 | 	3	 | 	2,24
  0	 | 	4	 | 	2,83
  1	 | 	3	 | 	6,08
  1	 | 	4	 | 	6,32
  2	 | 	3	 | 	2,00
  2	 | 	4	 | 	2,24
  3	 | 	4	 | 	1,00
  0	 | 	2	 | 	4,12
___________________________
Simulation Topology [1:80]
___________________________
From 	  To 		Length
___________________________
  0	 | 	1	 | 	4,00
  0	 | 	3	 | 	2,24
  0	 | 	4	 | 	2,83
  1	 | 	3	 | 	6,08
  1	 | 	4	 | 	6,32
  2	 | 	3	 | 	2,00
  2	 | 	4	 | 	2,24
  3	 | 	4	 | 	1,00
  0	 | 	2	 | 	4,12
___________________________
Simulation Topology [1:81]
___________________________
From 	  To 		Length
___________________________
  0	 | 	1	 | 	4,00
  0	 | 	3	 | 	2,24
  0	 | 	4	 | 	2,83
  1	 | 	3	 | 	6,08
  1	 | 	4	 | 	6,32
  2	 | 	3	 | 	2,00
  2	 | 	4	 | 	2,24
  3	 | 	4	 | 	1,00
  0	 | 	2	 | 	4,12
___________________________
Simulation Topology [1:82]
___________________________
From 	  To 		Length
___________________________
  0	 | 	1	 | 	4,00
  0	 | 	3	 | 	2,24
  0	 | 	4	 | 	2,83
  1	 | 	3	 | 	6,08
  1	 | 	4	 | 	6,32
  2	 | 	3	 | 	2,00
  2	 | 	4	 | 	2,24
  3	 | 	4	 | 	1,00
  0	 | 	2	 | 	4,12
___________________________
Simulation Topology [1:83]
___________________________
From 	  To 		Length
___________________________
  0	 | 	1	 | 	4,00
  0	 | 	3	 | 	2,24
  0	 | 	4	 | 	2,83
  1	 | 	3	 | 	6,08
  1	 | 	4	 | 	6,32
  2	 | 	3	 | 	2,00
  2	 | 	4	 | 	2,24
  3	 | 	4	 | 	1,00
  0	 | 	2	 | 	4,12
___________________________
Simulation Topology [1:84]
___________________________
From 	  To 		Length
___________________________
  0	 | 	1	 | 	4,00
  0	 | 	3	 | 	2,24
  0	 | 	4	 | 	2,83
  1	 | 	3	 | 	6,08
  1	 | 	4	 | 	6,32
  2	 | 	3	 | 	2,00
  2	 | 	4	 | 	2,24
  3	 | 	4	 | 	1,00
  0	 | 	2	 | 	4,12
___________________________
Simulation Topology [1:85]
___________________________
From 	  To 		Length
___________________________
  0	 | 	1	 | 	4,00
  0	 | 	3	 | 	2,24
  0	 | 	4	 | 	2,83
  1	 | 	3	 | 	6,08
  1	 | 	4	 | 	6,32
  2	 | 	3	 | 	2,00
  2	 | 	4	 | 	2,24
  3	 | 	4	 | 	1,00
  0	 | 	2	 | 	4,12
___________________________
Simulation Topology [1:86]
___________________________
From 	  To 		Length
___________________________
  0	 | 	1	 | 	4,00
  0	 | 	3	 | 	2,24
  0	 | 	4	 | 	2,83
  1	 | 	3	 | 	6,08
  1	 | 	4	 | 	6,32
  2	 | 	3	 | 	2,00
  2	 | 	4	 | 	2,24
  3	 | 	4	 | 	1,00
  0	 | 	2	 | 	4,12
___________________________
Simulation Topology [1:87]
___________________________
From 	  To 		Length
___________________________
  0	 | 	1	 | 	4,00
  0	 | 	3	 | 	2,24
  0	 | 	4	 | 	2,83
  1	 | 	3	 | 	6,08
  1	 | 	4	 | 	6,32
  2	 | 	3	 | 	2,00
  2	 | 	4	 | 	2,24
  3	 | 	4	 | 	1,00
  0	 | 	2	 | 	4,12
___________________________
Simulation Topology [1:88]
___________________________
From 	  To 		Length
___________________________
  0	 | 	1	 | 	4,00
  0	 | 	3	 | 	2,24
  0	 | 	4	 | 	2,83
  1	 | 	3	 | 	6,08
  1	 | 	4	 | 	6,32
  2	 | 	3	 | 	2,00
  2	 | 	4	 | 	2,24
  3	 | 	4	 | 	1,00
  0	 | 	2	 | 	4,12
___________________________
Simulation Topology [1:89]
___________________________
From 	  To 		Length
___________________________
  0	 | 	1	 | 	4,00
  0	 | 	3	 | 	2,24
  0	 | 	4	 | 	2,83
  1	 | 	3	 | 	6,08
  1	 | 	4	 | 	6,32
  2	 | 	3	 | 	2,00
  2	 | 	4	 | 	2,24
  3	 | 	4	 | 	1,00
  0	 | 	2	 | 	4,12
___________________________
Simulation Topology [1:90]
___________________________
From 	  To 		Length
___________________________
  0	 | 	1	 | 	4,00
  0	 | 	3	 | 	2,24
  0	 | 	4	 | 	2,83
  1	 | 	3	 | 	6,08
  1	 | 	4	 | 	6,32
  2	 | 	3	 | 	2,00
  2	 | 	4	 | 	2,24
  3	 | 	4	 | 	1,00
  0	 | 	2	 | 	4,12
___________________________
Simulation Topology [1:91]
___________________________
From 	  To 		Length
___________________________
  0	 | 	1	 | 	4,00
  0	 | 	3	 | 	2,24
  0	 | 	4	 | 	2,83
  1	 | 	3	 | 	6,08
  1	 | 	4	 | 	6,32
  2	 | 	3	 | 	2,00
  2	 | 	4	 | 	2,24
  3	 | 	4	 | 	1,00
  0	 | 	2	 | 	4,12
___________________________
Simulation Topology [1:92]
___________________________
From 	  To 		Length
___________________________
  0	 | 	1	 | 	4,00
  0	 | 	3	 | 	2,24
  0	 | 	4	 | 	2,83
  1	 | 	3	 | 	6,08
  1	 | 	4	 | 	6,32
  2	 | 	3	 | 	2,00
  2	 | 	4	 | 	2,24
  3	 | 	4	 | 	1,00
  0	 | 	2	 | 	4,12
___________________________
Simulation Topology [1:93]
___________________________
From 	  To 		Length
___________________________
  0	 | 	1	 | 	4,00
  0	 | 	3	 | 	2,24
  0	 | 	4	 | 	2,83
  1	 | 	3	 | 	6,08
  1	 | 	4	 | 	6,32
  2	 | 	3	 | 	2,00
  2	 | 	4	 | 	2,24
  3	 | 	4	 | 	1,00
  0	 | 	2	 | 	4,12
___________________________
Simulation Topology [1:94]
___________________________
From 	  To 		Length
___________________________
  0	 | 	1	 | 	4,00
  0	 | 	3	 | 	2,24
  0	 | 	4	 | 	2,83
  1	 | 	3	 | 	6,08
  1	 | 	4	 | 	6,32
  2	 | 	3	 | 	2,00
  2	 | 	4	 | 	2,24
  3	 | 	4	 | 	1,00
  0	 | 	2	 | 	4,12
___________________________
Simulation Topology [1:95]
___________________________
From 	  To 		Length
___________________________
  0	 | 	1	 | 	4,00
  0	 | 	3	 | 	2,24
  0	 | 	4	 | 	2,83
  1	 | 	3	 | 	6,08
  1	 | 	4	 | 	6,32
  2	 | 	3	 | 	2,00
  2	 | 	4	 | 	2,24
  3	 | 	4	 | 	1,00
  0	 | 	2	 | 	4,12
___________________________
Simulation Topology [1:96]
___________________________
From 	  To 		Length
___________________________
  0	 | 	1	 | 	4,00
  0	 | 	3	 | 	2,24
  0	 | 	4	 | 	2,83
  1	 | 	3	 | 	6,08
  1	 | 	4	 | 	6,32
  2	 | 	3	 | 	2,00
  2	 | 	4	 | 	2,24
  3	 | 	4	 | 	1,00
  0	 | 	2	 | 	4,12
___________________________
Simulation Topology [1:97]
___________________________
From 	  To 		Length
___________________________
  0	 | 	1	 | 	4,00
  0	 | 	3	 | 	2,24
  0	 | 	4	 | 	2,83
  1	 | 	3	 | 	6,08
  1	 | 	4	 | 	6,32
  2	 | 	3	 | 	2,00
  2	 | 	4	 | 	2,24
  3	 | 	4	 | 	1,00
  0	 | 	2	 | 	4,12
___________________________
Simulation Topology [1:98]
___________________________
From 	  To 		Length
___________________________
  0	 | 	1	 | 	4,00
  0	 | 	3	 | 	2,24
  0	 | 	4	 | 	2,83
  1	 | 	3	 | 	6,08
  1	 | 	4	 | 	6,32
  2	 | 	3	 | 	2,00
  2	 | 	4	 | 	2,24
  3	 | 	4	 | 	1,00
  0	 | 	2	 | 	4,12
___________________________
Simulation Topology [1:99]
___________________________
From 	  To 		Length
___________________________
  0	 | 	1	 | 	4,00
  0	 | 	3	 | 	2,24
  0	 | 	4	 | 	2,83
  1	 | 	3	 | 	6,08
  1	 | 	4	 | 	6,32
  2	 | 	3	 | 	2,00
  2	 | 	4	 | 	2,24
  3	 | 	4	 | 	1,00
  0	 | 	2	 | 	4,12
___________________________
Simulation Topology [1:100]
___________________________
From 	  To 		Length
___________________________
  0	 | 	1	 | 	4,00
  0	 | 	3	 | 	2,24
  0	 | 	4	 | 	2,83
  1	 | 	3	 | 	6,08
  1	 | 	4	 | 	6,32
  2	 | 	3	 | 	2,00
  2	 | 	4	 | 	2,24
  3	 | 	4	 | 	1,00
  0	 | 	2	 | 	4,12
___________________________
Simulation Topology [1:101]
___________________________
From 	  To 		Length
___________________________
  0	 | 	1	 | 	4,00
  0	 | 	3	 | 	2,24
  0	 | 	4	 | 	2,83
  1	 | 	3	 | 	6,08
  1	 | 	4	 | 	6,32
  2	 | 	3	 | 	2,00
  2	 | 	4	 | 	2,24
  3	 | 	4	 | 	1,00
  0	 | 	2	 | 	4,12
___________________________
Simulation Topology [1:102]
___________________________
From 	  To 		Length
___________________________
  0	 | 	1	 | 	4,00
  0	 | 	3	 | 	2,24
  0	 | 	4	 | 	2,83
  1	 | 	3	 | 	6,08
  1	 | 	4	 | 	6,32
  2	 | 	3	 | 	2,00
  2	 | 	4	 | 	2,24
  3	 | 	4	 | 	1,00
  0	 | 	2	 | 	4,12
___________________________
Simulation Topology [1:103]
___________________________
From 	  To 		Length
___________________________
  0	 | 	1	 | 	4,00
  0	 | 	3	 | 	2,24
  0	 | 	4	 | 	2,83
  1	 | 	3	 | 	6,08
  1	 | 	4	 | 	6,32
  2	 | 	3	 | 	2,00
  2	 | 	4	 | 	2,24
  3	 | 	4	 | 	1,00
  0	 | 	2	 | 	4,12
___________________________
Simulation Topology [1:104]
___________________________
From 	  To 		Length
___________________________
  0	 | 	1	 | 	4,00
  0	 | 	3	 | 	2,24
  0	 | 	4	 | 	2,83
  1	 | 	3	 | 	6,08
  1	 | 	4	 | 	6,32
  2	 | 	3	 | 	2,00
  2	 | 	4	 | 	2,24
  3	 | 	4	 | 	1,00
  0	 | 	2	 | 	4,12
___________________________
Simulation Topology [1:105]
___________________________
From 	  To 		Length
___________________________
  0	 | 	1	 | 	4,00
  0	 | 	3	 | 	2,24
  0	 | 	4	 | 	2,83
  1	 | 	3	 | 	6,08
  1	 | 	4	 | 	6,32
  2	 | 	3	 | 	2,00
  2	 | 	4	 | 	2,24
  3	 | 	4	 | 	1,00
  0	 | 	2	 | 	4,12
___________________________
Simulation Topology [1:106]
___________________________
From 	  To 		Length
___________________________
  0	 | 	1	 | 	4,00
  0	 | 	3	 | 	2,24
  0	 | 	4	 | 	2,83
  1	 | 	3	 | 	6,08
  1	 | 	4	 | 	6,32
  2	 | 	3	 | 	2,00
  2	 | 	4	 | 	2,24
  3	 | 	4	 | 	1,00
  0	 | 	2	 | 	4,12
___________________________
Simulation Topology [1:107]
___________________________
From 	  To 		Length
___________________________
  0	 | 	1	 | 	4,00
  0	 | 	3	 | 	2,24
  0	 | 	4	 | 	2,83
  1	 | 	3	 | 	6,08
  1	 | 	4	 | 	6,32
  2	 | 	3	 | 	2,00
  2	 | 	4	 | 	2,24
  3	 | 	4	 | 	1,00
  0	 | 	2	 | 	4,12
___________________________
Simulation Topology [1:108]
___________________________
From 	  To 		Length
___________________________
  0	 | 	1	 | 	4,00
  0	 | 	3	 | 	2,24
  0	 | 	4	 | 	2,83
  1	 | 	3	 | 	6,08
  1	 | 	4	 | 	6,32
  2	 | 	3	 | 	2,00
  2	 | 	4	 | 	2,24
  3	 | 	4	 | 	1,00
  0	 | 	2	 | 	4,12
___________________________
Simulation Topology [1:109]
___________________________
From 	  To 		Length
___________________________
  0	 | 	1	 | 	4,00
  0	 | 	3	 | 	2,24
  0	 | 	4	 | 	2,83
  1	 | 	3	 | 	6,08
  1	 | 	4	 | 	6,32
  2	 | 	3	 | 	2,00
  2	 | 	4	 | 	2,24
  3	 | 	4	 | 	1,00
  0	 | 	2	 | 	4,12
___________________________
Simulation Topology [1:110]
___________________________
From 	  To 		Length
___________________________
  0	 | 	1	 | 	4,00
  0	 | 	3	 | 	2,24
  0	 | 	4	 | 	2,83
  1	 | 	3	 | 	6,08
  1	 | 	4	 | 	6,32
  2	 | 	3	 | 	2,00
  2	 | 	4	 | 	2,24
  3	 | 	4	 | 	1,00
  0	 | 	2	 | 	4,12
___________________________
Simulation Topology [1:111]
___________________________
From 	  To 		Length
___________________________
  0	 | 	1	 | 	4,00
  0	 | 	3	 | 	2,24
  0	 | 	4	 | 	2,83
  1	 | 	3	 | 	6,08
  1	 | 	4	 | 	6,32
  2	 | 	3	 | 	2,00
  2	 | 	4	 | 	2,24
  3	 | 	4	 | 	1,00
  0	 | 	2	 | 	4,12
___________________________
Simulation Topology [1:112]
___________________________
From 	  To 		Length
___________________________
  0	 | 	1	 | 	4,00
  0	 | 	3	 | 	2,24
  0	 | 	4	 | 	2,83
  1	 | 	3	 | 	6,08
  1	 | 	4	 | 	6,32
  2	 | 	3	 | 	2,00
  2	 | 	4	 | 	2,24
  3	 | 	4	 | 	1,00
  0	 | 	2	 | 	4,12
___________________________
Simulation Topology [1:113]
___________________________
From 	  To 		Length
___________________________
  0	 | 	1	 | 	4,00
  0	 | 	3	 | 	2,24
  0	 | 	4	 | 	2,83
  1	 | 	3	 | 	6,08
  1	 | 	4	 | 	6,32
  2	 | 	3	 | 	2,00
  2	 | 	4	 | 	2,24
  3	 | 	4	 | 	1,00
  0	 | 	2	 | 	4,12
___________________________
Simulation Topology [1:114]
___________________________
From 	  To 		Length
___________________________
  0	 | 	1	 | 	4,00
  0	 | 	3	 | 	2,24
  0	 | 	4	 | 	2,83
  1	 | 	3	 | 	6,08
  1	 | 	4	 | 	6,32
  2	 | 	3	 | 	2,00
  2	 | 	4	 | 	2,24
  3	 | 	4	 | 	1,00
  0	 | 	2	 | 	4,12
___________________________
Simulation Topology [1:115]
___________________________
From 	  To 		Length
___________________________
  0	 | 	1	 | 	4,00
  0	 | 	3	 | 	2,24
  0	 | 	4	 | 	2,83
  1	 | 	3	 | 	6,08
  1	 | 	4	 | 	6,32
  2	 | 	3	 | 	2,00
  2	 | 	4	 | 	2,24
  3	 | 	4	 | 	1,00
  0	 | 	2	 | 	4,12
___________________________
Simulation Topology [1:116]
___________________________
From 	  To 		Length
___________________________
  0	 | 	1	 | 	4,00
  0	 | 	3	 | 	2,24
  0	 | 	4	 | 	2,83
  1	 | 	3	 | 	6,08
  1	 | 	4	 | 	6,32
  2	 | 	3	 | 	2,00
  2	 | 	4	 | 	2,24
  3	 | 	4	 | 	1,00
  0	 | 	2	 | 	4,12
___________________________
Simulation Topology [1:117]
___________________________
From 	  To 		Length
___________________________
  0	 | 	1	 | 	4,00
  0	 | 	3	 | 	2,24
  0	 | 	4	 | 	2,83
  1	 | 	3	 | 	6,08
  1	 | 	4	 | 	6,32
  2	 | 	3	 | 	2,00
  2	 | 	4	 | 	2,24
  3	 | 	4	 | 	1,00
  0	 | 	2	 | 	4,12
___________________________
Simulation Topology [1:118]
___________________________
From 	  To 		Length
___________________________
  0	 | 	1	 | 	4,00
  0	 | 	3	 | 	2,24
  0	 | 	4	 | 	2,83
  1	 | 	3	 | 	6,08
  1	 | 	4	 | 	6,32
  2	 | 	3	 | 	2,00
  2	 | 	4	 | 	2,24
  3	 | 	4	 | 	1,00
  0	 | 	2	 | 	4,12
___________________________
Simulation Topology [1:119]
___________________________
From 	  To 		Length
___________________________
  0	 | 	1	 | 	4,00
  0	 | 	3	 | 	2,24
  0	 | 	4	 | 	2,83
  1	 | 	3	 | 	6,08
  1	 | 	4	 | 	6,32
  2	 | 	3	 | 	2,00
  2	 | 	4	 | 	2,24
  3	 | 	4	 | 	1,00
  0	 | 	2	 | 	4,12
___________________________
Simulation Topology [1:120]
___________________________
From 	  To 		Length
___________________________
  0	 | 	1	 | 	4,00
  0	 | 	3	 | 	2,24
  0	 | 	4	 | 	2,83
  1	 | 	3	 | 	6,08
  1	 | 	4	 | 	6,32
  2	 | 	3	 | 	2,00
  2	 | 	4	 | 	2,24
  3	 | 	4	 | 	1,00
  0	 | 	2	 | 	4,12
___________________________
Simulation Topology [1:121]
___________________________
From 	  To 		Length
___________________________
  0	 | 	1	 | 	4,00
  0	 | 	3	 | 	2,24
  0	 | 	4	 | 	2,83
  1	 | 	3	 | 	6,08
  1	 | 	4	 | 	6,32
  2	 | 	3	 | 	2,00
  2	 | 	4	 | 	2,24
  3	 | 	4	 | 	1,00
  0	 | 	2	 | 	4,12
___________________________
Simulation Topology [1:122]
___________________________
From 	  To 		Length
___________________________
  0	 | 	1	 | 	4,00
  0	 | 	3	 | 	2,24
  0	 | 	4	 | 	2,83
  1	 | 	3	 | 	6,08
  1	 | 	4	 | 	6,32
  2	 | 	3	 | 	2,00
  2	 | 	4	 | 	2,24
  3	 | 	4	 | 	1,00
  0	 | 	2	 | 	4,12
___________________________
Simulation Topology [1:123]
___________________________
From 	  To 		Length
___________________________
  0	 | 	1	 | 	4,00
  0	 | 	3	 | 	2,24
  0	 | 	4	 | 	2,83
  1	 | 	3	 | 	6,08
  1	 | 	4	 | 	6,32
  2	 | 	3	 | 	2,00
  2	 | 	4	 | 	2,24
  3	 | 	4	 | 	1,00
  0	 | 	2	 | 	4,12
___________________________
Simulation Topology [1:124]
___________________________
From 	  To 		Length
___________________________
  0	 | 	1	 | 	4,00
  0	 | 	3	 | 	2,24
  0	 | 	4	 | 	2,83
  1	 | 	3	 | 	6,08
  1	 | 	4	 | 	6,32
  2	 | 	3	 | 	2,00
  2	 | 	4	 | 	2,24
  3	 | 	4	 | 	1,00
  0	 | 	2	 | 	4,12
___________________________
Simulation Topology [1:125]
___________________________
From 	  To 		Length
___________________________
  0	 | 	1	 | 	4,00
  0	 | 	3	 | 	2,24
  0	 | 	4	 | 	2,83
  1	 | 	3	 | 	6,08
  1	 | 	4	 | 	6,32
  2	 | 	3	 | 	2,00
  2	 | 	4	 | 	2,24
  3	 | 	4	 | 	1,00
  0	 | 	2	 | 	4,12
___________________________
Simulation Topology [1:126]
___________________________
From 	  To 		Length
___________________________
  0	 | 	1	 | 	4,00
  0	 | 	3	 | 	2,24
  0	 | 	4	 | 	2,83
  1	 | 	3	 | 	6,08
  1	 | 	4	 | 	6,32
  2	 | 	3	 | 	2,00
  2	 | 	4	 | 	2,24
  3	 | 	4	 | 	1,00
  0	 | 	2	 | 	4,12
___________________________
Simulation Topology [1:127]
___________________________
From 	  To 		Length
___________________________
  0	 | 	1	 | 	4,00
  0	 | 	3	 | 	2,24
  0	 | 	4	 | 	2,83
  1	 | 	3	 | 	6,08
  1	 | 	4	 | 	6,32
  2	 | 	3	 | 	2,00
  2	 | 	4	 | 	2,24
  3	 | 	4	 | 	1,00
  0	 | 	2	 | 	4,12
___________________________
Simulation Topology [1:128]
___________________________
From 	  To 		Length
___________________________
  0	 | 	1	 | 	4,00
  0	 | 	3	 | 	2,24
  0	 | 	4	 | 	2,83
  1	 | 	3	 | 	6,08
  1	 | 	4	 | 	6,32
  2	 | 	3	 | 	2,00
  2	 | 	4	 | 	2,24
  3	 | 	4	 | 	1,00
  0	 | 	2	 | 	4,12
___________________________
Simulation Topology [1:129]
___________________________
From 	  To 		Length
___________________________
  0	 | 	1	 | 	4,00
  0	 | 	3	 | 	2,24
  0	 | 	4	 | 	2,83
  1	 | 	3	 | 	6,08
  1	 | 	4	 | 	6,32
  2	 | 	3	 | 	2,00
  2	 | 	4	 | 	2,24
  3	 | 	4	 | 	1,00
  0	 | 	2	 | 	4,12
___________________________
Simulation Topology [1:130]
___________________________
From 	  To 		Length
___________________________
  0	 | 	1	 | 	4,00
  0	 | 	3	 | 	2,24
  0	 | 	4	 | 	2,83
  1	 | 	3	 | 	6,08
  1	 | 	4	 | 	6,32
  2	 | 	3	 | 	2,00
  2	 | 	4	 | 	2,24
  3	 | 	4	 | 	1,00
  0	 | 	2	 | 	4,12
___________________________
Simulation Topology [1:131]
___________________________
From 	  To 		Length
___________________________
  0	 | 	1	 | 	4,00
  0	 | 	3	 | 	2,24
  0	 | 	4	 | 	2,83
  1	 | 	3	 | 	6,08
  1	 | 	4	 | 	6,32
  2	 | 	3	 | 	2,00
  2	 | 	4	 | 	2,24
  3	 | 	4	 | 	1,00
  0	 | 	2	 | 	4,12
___________________________
Simulation Topology [1:132]
___________________________
From 	  To 		Length
___________________________
  0	 | 	1	 | 	4,00
  0	 | 	3	 | 	2,24
  0	 | 	4	 | 	2,83
  1	 | 	3	 | 	6,08
  1	 | 	4	 | 	6,32
  2	 | 	3	 | 	2,00
  2	 | 	4	 | 	2,24
  3	 | 	4	 | 	1,00
  0	 | 	2	 | 	4,12
___________________________
Simulation Topology [1:133]
___________________________
From 	  To 		Length
___________________________
  0	 | 	1	 | 	4,00
  0	 | 	3	 | 	2,24
  0	 | 	4	 | 	2,83
  1	 | 	3	 | 	6,08
  1	 | 	4	 | 	6,32
  2	 | 	3	 | 	2,00
  2	 | 	4	 | 	2,24
  3	 | 	4	 | 	1,00
  0	 | 	2	 | 	4,12
___________________________
Simulation Topology [1:134]
___________________________
From 	  To 		Length
___________________________
  0	 | 	1	 | 	4,00
  0	 | 	3	 | 	2,24
  0	 | 	4	 | 	2,83
  1	 | 	3	 | 	6,08
  1	 | 	4	 | 	6,32
  2	 | 	3	 | 	2,00
  2	 | 	4	 | 	2,24
  3	 | 	4	 | 	1,00
  0	 | 	2	 | 	4,12
___________________________
Simulation Topology [1:135]
___________________________
From 	  To 		Length
___________________________
  0	 | 	1	 | 	4,00
  0	 | 	3	 | 	2,24
  0	 | 	4	 | 	2,83
  1	 | 	3	 | 	6,08
  1	 | 	4	 | 	6,32
  2	 | 	3	 | 	2,00
  2	 | 	4	 | 	2,24
  3	 | 	4	 | 	1,00
  0	 | 	2	 | 	4,12
___________________________
Simulation Topology [1:136]
___________________________
From 	  To 		Length
___________________________
  0	 | 	1	 | 	4,00
  0	 | 	3	 | 	2,24
  0	 | 	4	 | 	2,83
  1	 | 	3	 | 	6,08
  1	 | 	4	 | 	6,32
  2	 | 	3	 | 	2,00
  2	 | 	4	 | 	2,24
  3	 | 	4	 | 	1,00
  0	 | 	2	 | 	4,12
___________________________
Simulation Topology [1:137]
___________________________
From 	  To 		Length
___________________________
  0	 | 	1	 | 	4,00
  0	 | 	3	 | 	2,24
  0	 | 	4	 | 	2,83
  1	 | 	3	 | 	6,08
  1	 | 	4	 | 	6,32
  2	 | 	3	 | 	2,00
  2	 | 	4	 | 	2,24
  3	 | 	4	 | 	1,00
  0	 | 	2	 | 	4,12
___________________________
Simulation Topology [1:138]
___________________________
From 	  To 		Length
___________________________
  0	 | 	1	 | 	4,00
  0	 | 	3	 | 	2,24
  0	 | 	4	 | 	2,83
  1	 | 	3	 | 	6,08
  1	 | 	4	 | 	6,32
  2	 | 	3	 | 	2,00
  2	 | 	4	 | 	2,24
  3	 | 	4	 | 	1,00
  0	 | 	2	 | 	4,12
___________________________
Simulation Topology [1:139]
___________________________
From 	  To 		Length
___________________________
  0	 | 	1	 | 	4,00
  0	 | 	3	 | 	2,24
  0	 | 	4	 | 	2,83
  1	 | 	3	 | 	6,08
  1	 | 	4	 | 	6,32
  2	 | 	3	 | 	2,00
  2	 | 	4	 | 	2,24
  3	 | 	4	 | 	1,00
  0	 | 	2	 | 	4,12
___________________________
Simulation Topology [1:140]
___________________________
From 	  To 		Length
___________________________
  0	 | 	1	 | 	4,00
  0	 | 	3	 | 	2,24
  0	 | 	4	 | 	2,83
  1	 | 	3	 | 	6,08
  1	 | 	4	 | 	6,32
  2	 | 	3	 | 	2,00
  2	 | 	4	 | 	2,24
  3	 | 	4	 | 	1,00
  0	 | 	2	 | 	4,12
  1	 | 	2	 | 	8,06
___________________________
