Simulation Topology 1
___________________________
[9]				[13]		
[6]				[15]		
[7]				[17]		
[6]				[19]		
[19]				[1]		
[16]				[3]		
[17]				[5]		
[16]				[7]		
[17]				[9]		
[16]				[11]		
___________________________
Simulation Topology [1:0]
___________________________
From 	  To 		Length
___________________________
  0	 | 	4	 | 	15,62
  0	 | 	5	 | 	12,21
  0	 | 	7	 | 	9,22
  0	 | 	9	 | 	7,28
  1	 | 	5	 | 	15,62
  1	 | 	6	 | 	14,87
  2	 | 	5	 | 	16,64
  2	 | 	7	 | 	13,45
  2	 | 	8	 | 	12,81
  3	 | 	8	 | 	14,87
  3	 | 	9	 | 	12,81
  4	 | 	5	 | 	3,61
  4	 | 	6	 | 	4,47
  4	 | 	8	 | 	8,25
  7	 | 	8	 | 	2,24
  7	 | 	9	 | 	4,00
___________________________
Simulation Topology [1:1]
___________________________
From 	  To 		Length
___________________________
  0	 | 	4	 | 	15,62
  0	 | 	5	 | 	12,21
  0	 | 	7	 | 	9,22
  0	 | 	9	 | 	7,28
  1	 | 	5	 | 	15,62
  1	 | 	6	 | 	14,87
  2	 | 	5	 | 	16,64
  2	 | 	7	 | 	13,45
  2	 | 	8	 | 	12,81
  3	 | 	8	 | 	14,87
  3	 | 	9	 | 	12,81
  4	 | 	5	 | 	3,61
  4	 | 	6	 | 	4,47
  4	 | 	8	 | 	8,25
  7	 | 	8	 | 	2,24
  7	 | 	9	 | 	4,00
  2	 | 	3	 | 	2,24
___________________________
Simulation Topology [1:2]
___________________________
From 	  To 		Length
___________________________
  0	 | 	4	 | 	15,62
  0	 | 	5	 | 	12,21
  0	 | 	7	 | 	9,22
  0	 | 	9	 | 	7,28
  1	 | 	5	 | 	15,62
  1	 | 	6	 | 	14,87
  2	 | 	5	 | 	16,64
  2	 | 	7	 | 	13,45
  2	 | 	8	 | 	12,81
  3	 | 	8	 | 	14,87
  3	 | 	9	 | 	12,81
  4	 | 	5	 | 	3,61
  4	 | 	6	 | 	4,47
  4	 | 	8	 | 	8,25
  7	 | 	8	 | 	2,24
  7	 | 	9	 | 	4,00
  2	 | 	3	 | 	2,24
  1	 | 	3	 | 	4,00
___________________________
Simulation Topology [1:3]
___________________________
From 	  To 		Length
___________________________
  0	 | 	4	 | 	15,62
  0	 | 	5	 | 	12,21
  0	 | 	7	 | 	9,22
  0	 | 	9	 | 	7,28
  1	 | 	5	 | 	15,62
  1	 | 	6	 | 	14,87
  2	 | 	5	 | 	16,64
  2	 | 	7	 | 	13,45
  2	 | 	8	 | 	12,81
  3	 | 	8	 | 	14,87
  3	 | 	9	 | 	12,81
  4	 | 	5	 | 	3,61
  4	 | 	6	 | 	4,47
  4	 | 	8	 | 	8,25
  7	 | 	8	 | 	2,24
  7	 | 	9	 | 	4,00
  2	 | 	3	 | 	2,24
  1	 | 	3	 | 	4,00
  1	 | 	9	 | 	10,77
___________________________
Simulation Topology [1:4]
___________________________
From 	  To 		Length
___________________________
  0	 | 	4	 | 	15,62
  0	 | 	5	 | 	12,21
  0	 | 	7	 | 	9,22
  0	 | 	9	 | 	7,28
  1	 | 	5	 | 	15,62
  1	 | 	6	 | 	14,87
  2	 | 	5	 | 	16,64
  2	 | 	7	 | 	13,45
  2	 | 	8	 | 	12,81
  3	 | 	8	 | 	14,87
  3	 | 	9	 | 	12,81
  4	 | 	5	 | 	3,61
  4	 | 	6	 | 	4,47
  4	 | 	8	 | 	8,25
  7	 | 	8	 | 	2,24
  7	 | 	9	 | 	4,00
  2	 | 	3	 | 	2,24
  1	 | 	3	 | 	4,00
  1	 | 	9	 | 	10,77
  6	 | 	9	 | 	6,08
___________________________
