[4]				[0]		
[1]				[0]		
[4]				[2]		
[1]				[2]		
[4]				[4]		
[1]				[4]		
[4]				[6]		
[1]				[6]		
[7]				[9]		
[9]				[9]		
___________________________
Simulation Topology [1:1]
___________________________
From 	  To 		Length
___________________________
  0	 | 	1	 | 	3,00
  0	 | 	4	 | 	4,00
  0	 | 	8	 | 	9,49
  1	 | 	4	 | 	5,00
  1	 | 	5	 | 	4,00
  2	 | 	3	 | 	3,00
  2	 | 	6	 | 	4,00
  3	 | 	8	 | 	9,22
  4	 | 	5	 | 	3,00
  4	 | 	7	 | 	3,61
  6	 | 	7	 | 	3,00
  7	 | 	9	 | 	8,54
  8	 | 	9	 | 	2,00
___________________________
Simulation Topology [1:2]
___________________________
From 	  To 		Length
___________________________
  0	 | 	1	 | 	3,00
  0	 | 	4	 | 	4,00
  0	 | 	8	 | 	9,49
  1	 | 	4	 | 	5,00
  1	 | 	5	 | 	4,00
  2	 | 	3	 | 	3,00
  2	 | 	6	 | 	4,00
  3	 | 	8	 | 	9,22
  4	 | 	5	 | 	3,00
  4	 | 	7	 | 	3,61
  6	 | 	7	 | 	3,00
  7	 | 	9	 | 	8,54
  8	 | 	9	 | 	2,00
  0	 | 	2	 | 	2,00
___________________________
Simulation Topology [1:3]
___________________________
From 	  To 		Length
___________________________
  0	 | 	1	 | 	3,00
  0	 | 	4	 | 	4,00
  0	 | 	8	 | 	9,49
  1	 | 	4	 | 	5,00
  1	 | 	5	 | 	4,00
  2	 | 	3	 | 	3,00
  2	 | 	6	 | 	4,00
  3	 | 	8	 | 	9,22
  4	 | 	5	 | 	3,00
  4	 | 	7	 | 	3,61
  6	 | 	7	 | 	3,00
  7	 | 	9	 | 	8,54
  8	 | 	9	 | 	2,00
  0	 | 	2	 | 	2,00
  5	 | 	7	 | 	2,00
___________________________
Simulation Topology [1:4]
___________________________
From 	  To 		Length
___________________________
  0	 | 	1	 | 	3,00
  0	 | 	4	 | 	4,00
  0	 | 	8	 | 	9,49
  1	 | 	4	 | 	5,00
  1	 | 	5	 | 	4,00
  2	 | 	3	 | 	3,00
  2	 | 	6	 | 	4,00
  3	 | 	8	 | 	9,22
  4	 | 	5	 | 	3,00
  4	 | 	7	 | 	3,61
  6	 | 	7	 | 	3,00
  7	 | 	9	 | 	8,54
  8	 | 	9	 | 	2,00
  0	 | 	2	 | 	2,00
  5	 | 	7	 | 	2,00
  3	 | 	6	 | 	5,00
___________________________
Simulation Topology [1:5]
___________________________
From 	  To 		Length
___________________________
  0	 | 	1	 | 	3,00
  0	 | 	4	 | 	4,00
  0	 | 	8	 | 	9,49
  1	 | 	4	 | 	5,00
  1	 | 	5	 | 	4,00
  2	 | 	3	 | 	3,00
  2	 | 	6	 | 	4,00
  3	 | 	8	 | 	9,22
  4	 | 	5	 | 	3,00
  4	 | 	7	 | 	3,61
  6	 | 	7	 | 	3,00
  7	 | 	9	 | 	8,54
  8	 | 	9	 | 	2,00
  0	 | 	2	 | 	2,00
  5	 | 	7	 | 	2,00
  3	 | 	6	 | 	5,00
  3	 | 	5	 | 	2,00
___________________________
Simulation Topology [1:6]
___________________________
From 	  To 		Length
___________________________
  0	 | 	1	 | 	3,00
  0	 | 	4	 | 	4,00
  0	 | 	8	 | 	9,49
  1	 | 	4	 | 	5,00
  1	 | 	5	 | 	4,00
  2	 | 	3	 | 	3,00
  2	 | 	6	 | 	4,00
  3	 | 	8	 | 	9,22
  4	 | 	5	 | 	3,00
  4	 | 	7	 | 	3,61
  6	 | 	7	 | 	3,00
  7	 | 	9	 | 	8,54
  8	 | 	9	 | 	2,00
  0	 | 	2	 | 	2,00
  5	 | 	7	 | 	2,00
  3	 | 	6	 | 	5,00
  3	 | 	5	 | 	2,00
  2	 | 	8	 | 	7,62
___________________________
Simulation Topology [1:7]
___________________________
From 	  To 		Length
___________________________
  0	 | 	1	 | 	3,00
  0	 | 	4	 | 	4,00
  0	 | 	8	 | 	9,49
  1	 | 	4	 | 	5,00
  1	 | 	5	 | 	4,00
  2	 | 	3	 | 	3,00
  2	 | 	6	 | 	4,00
  3	 | 	8	 | 	9,22
  4	 | 	5	 | 	3,00
  4	 | 	7	 | 	3,61
  6	 | 	7	 | 	3,00
  7	 | 	9	 | 	8,54
  8	 | 	9	 | 	2,00
  0	 | 	2	 | 	2,00
  5	 | 	7	 | 	2,00
  3	 | 	6	 | 	5,00
  3	 | 	5	 | 	2,00
  2	 | 	8	 | 	7,62
  6	 | 	9	 | 	5,83
___________________________
Simulation Topology [1:8]
___________________________
From 	  To 		Length
___________________________
  0	 | 	1	 | 	3,00
  0	 | 	4	 | 	4,00
  0	 | 	8	 | 	9,49
  1	 | 	4	 | 	5,00
  1	 | 	5	 | 	4,00
  2	 | 	3	 | 	3,00
  2	 | 	6	 | 	4,00
  3	 | 	8	 | 	9,22
  4	 | 	5	 | 	3,00
  4	 | 	7	 | 	3,61
  6	 | 	7	 | 	3,00
  7	 | 	9	 | 	8,54
  8	 | 	9	 | 	2,00
  0	 | 	2	 | 	2,00
  5	 | 	7	 | 	2,00
  3	 | 	6	 | 	5,00
  3	 | 	5	 | 	2,00
  2	 | 	8	 | 	7,62
  6	 | 	9	 | 	5,83
  1	 | 	9	 | 	12,04
___________________________
