Simulation Topology 1
___________________________
[7]				[1]		
[2]				[3]		
[7]				[5]		
[7]				[7]		
[7]				[9]		
[7]				[11]		
[7]				[13]		
[7]				[15]		
[0]				[17]		
[0]				[19]		
___________________________
Simulation Topology [1:0]
___________________________
From 	  To 		Length
___________________________
  0	 | 	4	 | 	8,00
  0	 | 	5	 | 	10,00
  1	 | 	2	 | 	5,39
  1	 | 	4	 | 	7,81
  1	 | 	6	 | 	11,18
  2	 | 	3	 | 	2,00
  2	 | 	8	 | 	13,89
  2	 | 	9	 | 	15,65
  3	 | 	4	 | 	2,00
  3	 | 	6	 | 	6,00
  4	 | 	9	 | 	12,21
  5	 | 	7	 | 	4,00
  6	 | 	9	 | 	9,22
  7	 | 	8	 | 	7,28
___________________________
Simulation Topology [1:1]
___________________________
From 	  To 		Length
___________________________
  0	 | 	4	 | 	8,00
  0	 | 	5	 | 	10,00
  1	 | 	2	 | 	5,39
  1	 | 	4	 | 	7,81
  1	 | 	6	 | 	11,18
  2	 | 	3	 | 	2,00
  2	 | 	8	 | 	13,89
  2	 | 	9	 | 	15,65
  3	 | 	4	 | 	2,00
  3	 | 	6	 | 	6,00
  4	 | 	9	 | 	12,21
  5	 | 	7	 | 	4,00
  6	 | 	9	 | 	9,22
  7	 | 	8	 | 	7,28
  6	 | 	7	 | 	2,00
___________________________
Simulation Topology [1:2]
___________________________
From 	  To 		Length
___________________________
  0	 | 	4	 | 	8,00
  0	 | 	5	 | 	10,00
  1	 | 	2	 | 	5,39
  1	 | 	4	 | 	7,81
  1	 | 	6	 | 	11,18
  2	 | 	3	 | 	2,00
  2	 | 	8	 | 	13,89
  2	 | 	9	 | 	15,65
  3	 | 	4	 | 	2,00
  3	 | 	6	 | 	6,00
  4	 | 	9	 | 	12,21
  5	 | 	7	 | 	4,00
  6	 | 	9	 | 	9,22
  7	 | 	8	 | 	7,28
  6	 | 	7	 | 	2,00
  1	 | 	5	 | 	9,43
___________________________
Simulation Topology [1:3]
___________________________
From 	  To 		Length
___________________________
  0	 | 	4	 | 	8,00
  0	 | 	5	 | 	10,00
  1	 | 	2	 | 	5,39
  1	 | 	4	 | 	7,81
  1	 | 	6	 | 	11,18
  2	 | 	3	 | 	2,00
  2	 | 	8	 | 	13,89
  2	 | 	9	 | 	15,65
  3	 | 	4	 | 	2,00
  3	 | 	6	 | 	6,00
  4	 | 	9	 | 	12,21
  5	 | 	7	 | 	4,00
  6	 | 	9	 | 	9,22
  7	 | 	8	 | 	7,28
  6	 | 	7	 | 	2,00
  1	 | 	5	 | 	9,43
  8	 | 	9	 | 	2,00
___________________________
Simulation Topology [1:4]
___________________________
From 	  To 		Length
___________________________
  0	 | 	4	 | 	8,00
  0	 | 	5	 | 	10,00
  1	 | 	2	 | 	5,39
  1	 | 	4	 | 	7,81
  1	 | 	6	 | 	11,18
  2	 | 	3	 | 	2,00
  2	 | 	8	 | 	13,89
  2	 | 	9	 | 	15,65
  3	 | 	4	 | 	2,00
  3	 | 	6	 | 	6,00
  4	 | 	9	 | 	12,21
  5	 | 	7	 | 	4,00
  6	 | 	9	 | 	9,22
  7	 | 	8	 | 	7,28
  6	 | 	7	 | 	2,00
  1	 | 	5	 | 	9,43
  8	 | 	9	 | 	2,00
  3	 | 	5	 | 	4,00
___________________________
Simulation Topology [1:5]
___________________________
From 	  To 		Length
___________________________
  0	 | 	4	 | 	8,00
  0	 | 	5	 | 	10,00
  1	 | 	2	 | 	5,39
  1	 | 	4	 | 	7,81
  1	 | 	6	 | 	11,18
  2	 | 	3	 | 	2,00
  2	 | 	8	 | 	13,89
  2	 | 	9	 | 	15,65
  3	 | 	4	 | 	2,00
  3	 | 	6	 | 	6,00
  4	 | 	9	 | 	12,21
  5	 | 	7	 | 	4,00
  6	 | 	9	 | 	9,22
  7	 | 	8	 | 	7,28
  6	 | 	7	 | 	2,00
  1	 | 	5	 | 	9,43
  8	 | 	9	 | 	2,00
  3	 | 	5	 | 	4,00
  0	 | 	8	 | 	17,46
___________________________
Simulation Topology [1:6]
___________________________
From 	  To 		Length
___________________________
  0	 | 	4	 | 	8,00
  0	 | 	5	 | 	10,00
  1	 | 	2	 | 	5,39
  1	 | 	4	 | 	7,81
  1	 | 	6	 | 	11,18
  2	 | 	3	 | 	2,00
  2	 | 	8	 | 	13,89
  2	 | 	9	 | 	15,65
  3	 | 	4	 | 	2,00
  3	 | 	6	 | 	6,00
  4	 | 	9	 | 	12,21
  5	 | 	7	 | 	4,00
  6	 | 	9	 | 	9,22
  7	 | 	8	 | 	7,28
  6	 | 	7	 | 	2,00
  1	 | 	5	 | 	9,43
  8	 | 	9	 | 	2,00
  3	 | 	5	 | 	4,00
  0	 | 	8	 | 	17,46
  0	 | 	7	 | 	14,00
___________________________
