Simulation Topology 1
___________________________
[9]				[1]		
[3]				[3]		
[6]				[4]		
[9]				[7]		
[3]				[9]		
[6]				[10]		
[19]				[13]		
[13]				[15]		
[19]				[17]		
[17]				[18]		
___________________________
Simulation Topology [1:0]
___________________________
From 	  To 		Length
___________________________
  0	 | 	3	 | 	6,00
  0	 | 	4	 | 	10,00
  0	 | 	6	 | 	15,62
  0	 | 	9	 | 	18,79
  1	 | 	2	 | 	3,16
  1	 | 	4	 | 	6,00
  1	 | 	7	 | 	15,62
  2	 | 	3	 | 	4,24
  2	 | 	8	 | 	18,38
  2	 | 	9	 | 	17,80
  3	 | 	4	 | 	6,32
  3	 | 	7	 | 	8,94
  4	 | 	9	 | 	16,64
  5	 | 	6	 | 	13,34
  5	 | 	8	 | 	14,76
___________________________
Simulation Topology [1:1]
___________________________
From 	  To 		Length
___________________________
  0	 | 	3	 | 	6,00
  0	 | 	4	 | 	10,00
  0	 | 	6	 | 	15,62
  0	 | 	9	 | 	18,79
  1	 | 	2	 | 	3,16
  1	 | 	4	 | 	6,00
  1	 | 	7	 | 	15,62
  2	 | 	3	 | 	4,24
  2	 | 	8	 | 	18,38
  2	 | 	9	 | 	17,80
  3	 | 	4	 | 	6,32
  3	 | 	7	 | 	8,94
  4	 | 	9	 | 	16,64
  5	 | 	6	 | 	13,34
  5	 | 	8	 | 	14,76
  8	 | 	9	 | 	2,24
___________________________
Simulation Topology [1:2]
___________________________
From 	  To 		Length
___________________________
  0	 | 	3	 | 	6,00
  0	 | 	4	 | 	10,00
  0	 | 	6	 | 	15,62
  0	 | 	9	 | 	18,79
  1	 | 	2	 | 	3,16
  1	 | 	4	 | 	6,00
  1	 | 	7	 | 	15,62
  2	 | 	3	 | 	4,24
  2	 | 	8	 | 	18,38
  2	 | 	9	 | 	17,80
  3	 | 	4	 | 	6,32
  3	 | 	7	 | 	8,94
  4	 | 	9	 | 	16,64
  5	 | 	6	 | 	13,34
  5	 | 	8	 | 	14,76
  8	 | 	9	 | 	2,24
  6	 | 	8	 | 	4,00
___________________________
Simulation Topology [1:3]
___________________________
From 	  To 		Length
___________________________
  0	 | 	3	 | 	6,00
  0	 | 	4	 | 	10,00
  0	 | 	6	 | 	15,62
  0	 | 	9	 | 	18,79
  1	 | 	2	 | 	3,16
  1	 | 	4	 | 	6,00
  1	 | 	7	 | 	15,62
  2	 | 	3	 | 	4,24
  2	 | 	8	 | 	18,38
  2	 | 	9	 | 	17,80
  3	 | 	4	 | 	6,32
  3	 | 	7	 | 	8,94
  4	 | 	9	 | 	16,64
  5	 | 	6	 | 	13,34
  5	 | 	8	 | 	14,76
  8	 | 	9	 | 	2,24
  6	 | 	8	 | 	4,00
  6	 | 	7	 | 	6,32
___________________________
Simulation Topology [1:4]
___________________________
From 	  To 		Length
___________________________
  0	 | 	3	 | 	6,00
  0	 | 	4	 | 	10,00
  0	 | 	6	 | 	15,62
  0	 | 	9	 | 	18,79
  1	 | 	2	 | 	3,16
  1	 | 	4	 | 	6,00
  1	 | 	7	 | 	15,62
  2	 | 	3	 | 	4,24
  2	 | 	8	 | 	18,38
  2	 | 	9	 | 	17,80
  3	 | 	4	 | 	6,32
  3	 | 	7	 | 	8,94
  4	 | 	9	 | 	16,64
  5	 | 	6	 | 	13,34
  5	 | 	8	 | 	14,76
  8	 | 	9	 | 	2,24
  6	 | 	8	 | 	4,00
  6	 | 	7	 | 	6,32
  1	 | 	5	 | 	7,62
___________________________
Simulation Topology [1:5]
___________________________
From 	  To 		Length
___________________________
  0	 | 	3	 | 	6,00
  0	 | 	4	 | 	10,00
  0	 | 	6	 | 	15,62
  0	 | 	9	 | 	18,79
  1	 | 	2	 | 	3,16
  1	 | 	4	 | 	6,00
  1	 | 	7	 | 	15,62
  2	 | 	3	 | 	4,24
  2	 | 	8	 | 	18,38
  2	 | 	9	 | 	17,80
  3	 | 	4	 | 	6,32
  3	 | 	7	 | 	8,94
  4	 | 	9	 | 	16,64
  5	 | 	6	 | 	13,34
  5	 | 	8	 | 	14,76
  8	 | 	9	 | 	2,24
  6	 | 	8	 | 	4,00
  6	 | 	7	 | 	6,32
  1	 | 	5	 | 	7,62
  5	 | 	7	 | 	8,60
___________________________
