[4]				[0]		
[0]				[0]		
[4]				[2]		
[0]				[2]		
[4]				[4]		
[0]				[4]		
[4]				[6]		
[0]				[6]		
[4]				[8]		
[0]				[8]		
___________________________
Simulation Topology [1:1]
___________________________
From 	  To 		Length
___________________________
  0	 | 	1	 | 	4,00
  0	 | 	5	 | 	5,66
  1	 | 	7	 | 	6,00
  1	 | 	8	 | 	8,94
  2	 | 	3	 | 	4,00
  2	 | 	8	 | 	6,00
  3	 | 	5	 | 	2,00
  3	 | 	9	 | 	6,00
  4	 | 	5	 | 	4,00
  4	 | 	6	 | 	2,00
  5	 | 	7	 | 	2,00
  6	 | 	7	 | 	4,00
  8	 | 	9	 | 	4,00
___________________________
Simulation Topology [1:2]
___________________________
From 	  To 		Length
___________________________
  0	 | 	1	 | 	4,00
  0	 | 	5	 | 	5,66
  1	 | 	7	 | 	6,00
  1	 | 	8	 | 	8,94
  2	 | 	3	 | 	4,00
  2	 | 	8	 | 	6,00
  3	 | 	5	 | 	2,00
  3	 | 	9	 | 	6,00
  4	 | 	5	 | 	4,00
  4	 | 	6	 | 	2,00
  5	 | 	7	 | 	2,00
  6	 | 	7	 | 	4,00
  8	 | 	9	 | 	4,00
  1	 | 	2	 | 	4,47
___________________________
Simulation Topology [1:3]
___________________________
From 	  To 		Length
___________________________
  0	 | 	1	 | 	4,00
  0	 | 	5	 | 	5,66
  1	 | 	7	 | 	6,00
  1	 | 	8	 | 	8,94
  2	 | 	3	 | 	4,00
  2	 | 	8	 | 	6,00
  3	 | 	5	 | 	2,00
  3	 | 	9	 | 	6,00
  4	 | 	5	 | 	4,00
  4	 | 	6	 | 	2,00
  5	 | 	7	 | 	2,00
  6	 | 	7	 | 	4,00
  8	 | 	9	 | 	4,00
  1	 | 	2	 | 	4,47
  2	 | 	7	 | 	5,66
___________________________
Simulation Topology [1:4]
___________________________
From 	  To 		Length
___________________________
  0	 | 	1	 | 	4,00
  0	 | 	5	 | 	5,66
  1	 | 	7	 | 	6,00
  1	 | 	8	 | 	8,94
  2	 | 	3	 | 	4,00
  2	 | 	8	 | 	6,00
  3	 | 	5	 | 	2,00
  3	 | 	9	 | 	6,00
  4	 | 	5	 | 	4,00
  4	 | 	6	 | 	2,00
  5	 | 	7	 | 	2,00
  6	 | 	7	 | 	4,00
  8	 | 	9	 | 	4,00
  1	 | 	2	 | 	4,47
  2	 | 	7	 | 	5,66
  0	 | 	3	 | 	4,47
___________________________
Simulation Topology [1:5]
___________________________
From 	  To 		Length
___________________________
  0	 | 	1	 | 	4,00
  0	 | 	5	 | 	5,66
  1	 | 	7	 | 	6,00
  1	 | 	8	 | 	8,94
  2	 | 	3	 | 	4,00
  2	 | 	8	 | 	6,00
  3	 | 	5	 | 	2,00
  3	 | 	9	 | 	6,00
  4	 | 	5	 | 	4,00
  4	 | 	6	 | 	2,00
  5	 | 	7	 | 	2,00
  6	 | 	7	 | 	4,00
  8	 | 	9	 | 	4,00
  1	 | 	2	 | 	4,47
  2	 | 	7	 | 	5,66
  0	 | 	3	 | 	4,47
  0	 | 	6	 | 	6,00
___________________________
Simulation Topology [1:6]
___________________________
From 	  To 		Length
___________________________
  0	 | 	1	 | 	4,00
  0	 | 	5	 | 	5,66
  1	 | 	7	 | 	6,00
  1	 | 	8	 | 	8,94
  2	 | 	3	 | 	4,00
  2	 | 	8	 | 	6,00
  3	 | 	5	 | 	2,00
  3	 | 	9	 | 	6,00
  4	 | 	5	 | 	4,00
  4	 | 	6	 | 	2,00
  5	 | 	7	 | 	2,00
  6	 | 	7	 | 	4,00
  8	 | 	9	 | 	4,00
  1	 | 	2	 | 	4,47
  2	 | 	7	 | 	5,66
  0	 | 	3	 | 	4,47
  0	 | 	6	 | 	6,00
  4	 | 	8	 | 	4,00
___________________________
Simulation Topology [1:7]
___________________________
From 	  To 		Length
___________________________
  0	 | 	1	 | 	4,00
  0	 | 	5	 | 	5,66
  1	 | 	7	 | 	6,00
  1	 | 	8	 | 	8,94
  2	 | 	3	 | 	4,00
  2	 | 	8	 | 	6,00
  3	 | 	5	 | 	2,00
  3	 | 	9	 | 	6,00
  4	 | 	5	 | 	4,00
  4	 | 	6	 | 	2,00
  5	 | 	7	 | 	2,00
  6	 | 	7	 | 	4,00
  8	 | 	9	 | 	4,00
  1	 | 	2	 | 	4,47
  2	 | 	7	 | 	5,66
  0	 | 	3	 | 	4,47
  0	 | 	6	 | 	6,00
  4	 | 	8	 | 	4,00
  4	 | 	9	 | 	5,66
___________________________
Simulation Topology [1:8]
___________________________
From 	  To 		Length
___________________________
  0	 | 	1	 | 	4,00
  0	 | 	5	 | 	5,66
  1	 | 	7	 | 	6,00
  1	 | 	8	 | 	8,94
  2	 | 	3	 | 	4,00
  2	 | 	8	 | 	6,00
  3	 | 	5	 | 	2,00
  3	 | 	9	 | 	6,00
  4	 | 	5	 | 	4,00
  4	 | 	6	 | 	2,00
  5	 | 	7	 | 	2,00
  6	 | 	7	 | 	4,00
  8	 | 	9	 | 	4,00
  1	 | 	2	 | 	4,47
  2	 | 	7	 | 	5,66
  0	 | 	3	 | 	4,47
  0	 | 	6	 | 	6,00
  4	 | 	8	 | 	4,00
  4	 | 	9	 | 	5,66
  6	 | 	9	 | 	4,47
___________________________
