[6]				[2]		
[6]				[6]		
[6]				[10]		
[3]				[12]		
[3]				[16]		
[3]				[20]		
[3]				[24]		
[3]				[28]		
[3]				[32]		
[3]				[36]		
[13]				[0]		
[13]				[4]		
[13]				[11]		
[18]				[13]		
[13]				[19]		
[18]				[21]		
[13]				[27]		
[15]				[30]		
[10]				[33]		
[10]				[37]		
___________________________
Simulation Topology [1:7]
___________________________
From 	  To 		Length
___________________________
  0	 | 	4	 | 	14,32
  0	 | 	7	 | 	26,17
  0	 | 	9	 | 	34,13
  1	 | 	2	 | 	4,00
  1	 | 	18	 | 	27,29
  2	 | 	4	 | 	6,71
  2	 | 	15	 | 	16,28
  3	 | 	10	 | 	15,62
  3	 | 	14	 | 	12,21
  3	 | 	16	 | 	18,03
  3	 | 	17	 | 	21,63
  5	 | 	9	 | 	16,00
  5	 | 	13	 | 	16,55
  5	 | 	16	 | 	12,21
  5	 | 	18	 | 	14,76
  6	 | 	10	 | 	26,00
  6	 | 	11	 | 	22,36
  7	 | 	15	 | 	16,55
  7	 | 	18	 | 	8,60
  8	 | 	14	 | 	16,40
  8	 | 	17	 | 	12,17
  9	 | 	19	 | 	7,07
  11	 | 	12	 | 	7,00
  12	 | 	13	 | 	5,39
  14	 | 	17	 | 	11,18
  16	 | 	19	 | 	10,44
___________________________
Simulation Topology [1:8]
___________________________
From 	  To 		Length
___________________________
  0	 | 	4	 | 	14,32
  0	 | 	7	 | 	26,17
  0	 | 	9	 | 	34,13
  1	 | 	2	 | 	4,00
  1	 | 	18	 | 	27,29
  2	 | 	4	 | 	6,71
  2	 | 	15	 | 	16,28
  3	 | 	10	 | 	15,62
  3	 | 	14	 | 	12,21
  3	 | 	16	 | 	18,03
  3	 | 	17	 | 	21,63
  5	 | 	9	 | 	16,00
  5	 | 	13	 | 	16,55
  5	 | 	16	 | 	12,21
  5	 | 	18	 | 	14,76
  6	 | 	10	 | 	26,00
  6	 | 	11	 | 	22,36
  7	 | 	15	 | 	16,55
  7	 | 	18	 | 	8,60
  8	 | 	14	 | 	16,40
  8	 | 	17	 | 	12,17
  9	 | 	19	 | 	7,07
  11	 | 	12	 | 	7,00
  12	 | 	13	 | 	5,39
  14	 | 	17	 | 	11,18
  16	 | 	19	 | 	10,44
___________________________
Simulation Topology [1:9]
___________________________
From 	  To 		Length
___________________________
  0	 | 	4	 | 	14,32
  0	 | 	7	 | 	26,17
  0	 | 	9	 | 	34,13
  1	 | 	2	 | 	4,00
  1	 | 	18	 | 	27,29
  2	 | 	4	 | 	6,71
  2	 | 	15	 | 	16,28
  3	 | 	10	 | 	15,62
  3	 | 	14	 | 	12,21
  3	 | 	16	 | 	18,03
  3	 | 	17	 | 	21,63
  5	 | 	9	 | 	16,00
  5	 | 	13	 | 	16,55
  5	 | 	16	 | 	12,21
  5	 | 	18	 | 	14,76
  6	 | 	10	 | 	26,00
  6	 | 	11	 | 	22,36
  7	 | 	15	 | 	16,55
  7	 | 	18	 | 	8,60
  8	 | 	14	 | 	16,40
  8	 | 	17	 | 	12,17
  9	 | 	19	 | 	7,07
  11	 | 	12	 | 	7,00
  12	 | 	13	 | 	5,39
  14	 | 	17	 | 	11,18
  16	 | 	19	 | 	10,44
___________________________
Simulation Topology [1:10]
___________________________
From 	  To 		Length
___________________________
  0	 | 	4	 | 	14,32
  0	 | 	7	 | 	26,17
  0	 | 	9	 | 	34,13
  1	 | 	2	 | 	4,00
  1	 | 	18	 | 	27,29
  2	 | 	4	 | 	6,71
  2	 | 	15	 | 	16,28
  3	 | 	10	 | 	15,62
  3	 | 	14	 | 	12,21
  3	 | 	16	 | 	18,03
  3	 | 	17	 | 	21,63
  5	 | 	9	 | 	16,00
  5	 | 	13	 | 	16,55
  5	 | 	16	 | 	12,21
  5	 | 	18	 | 	14,76
  6	 | 	10	 | 	26,00
  6	 | 	11	 | 	22,36
  7	 | 	15	 | 	16,55
  7	 | 	18	 | 	8,60
  8	 | 	14	 | 	16,40
  8	 | 	17	 | 	12,17
  9	 | 	19	 | 	7,07
  11	 | 	12	 | 	7,00
  12	 | 	13	 | 	5,39
  14	 | 	17	 | 	11,18
  16	 | 	19	 | 	10,44
___________________________
Simulation Topology [1:11]
___________________________
From 	  To 		Length
___________________________
  0	 | 	4	 | 	14,32
  0	 | 	7	 | 	26,17
  0	 | 	9	 | 	34,13
  1	 | 	2	 | 	4,00
  1	 | 	18	 | 	27,29
  2	 | 	4	 | 	6,71
  2	 | 	15	 | 	16,28
  3	 | 	10	 | 	15,62
  3	 | 	14	 | 	12,21
  3	 | 	16	 | 	18,03
  3	 | 	17	 | 	21,63
  5	 | 	9	 | 	16,00
  5	 | 	13	 | 	16,55
  5	 | 	16	 | 	12,21
  5	 | 	18	 | 	14,76
  6	 | 	10	 | 	26,00
  6	 | 	11	 | 	22,36
  7	 | 	15	 | 	16,55
  7	 | 	18	 | 	8,60
  8	 | 	14	 | 	16,40
  8	 | 	17	 | 	12,17
  9	 | 	19	 | 	7,07
  11	 | 	12	 | 	7,00
  12	 | 	13	 | 	5,39
  14	 | 	17	 | 	11,18
  16	 | 	19	 | 	10,44
___________________________
Simulation Topology [1:12]
___________________________
From 	  To 		Length
___________________________
  0	 | 	4	 | 	14,32
  0	 | 	7	 | 	26,17
  0	 | 	9	 | 	34,13
  1	 | 	2	 | 	4,00
  1	 | 	18	 | 	27,29
  2	 | 	4	 | 	6,71
  2	 | 	15	 | 	16,28
  3	 | 	10	 | 	15,62
  3	 | 	14	 | 	12,21
  3	 | 	16	 | 	18,03
  3	 | 	17	 | 	21,63
  5	 | 	9	 | 	16,00
  5	 | 	13	 | 	16,55
  5	 | 	16	 | 	12,21
  5	 | 	18	 | 	14,76
  6	 | 	10	 | 	26,00
  6	 | 	11	 | 	22,36
  7	 | 	15	 | 	16,55
  7	 | 	18	 | 	8,60
  8	 | 	14	 | 	16,40
  8	 | 	17	 | 	12,17
  9	 | 	19	 | 	7,07
  11	 | 	12	 | 	7,00
  12	 | 	13	 | 	5,39
  14	 | 	17	 | 	11,18
  16	 | 	19	 | 	10,44
___________________________
Simulation Topology [1:13]
___________________________
From 	  To 		Length
___________________________
  0	 | 	4	 | 	14,32
  0	 | 	7	 | 	26,17
  0	 | 	9	 | 	34,13
  1	 | 	2	 | 	4,00
  1	 | 	18	 | 	27,29
  2	 | 	4	 | 	6,71
  2	 | 	15	 | 	16,28
  3	 | 	10	 | 	15,62
  3	 | 	14	 | 	12,21
  3	 | 	16	 | 	18,03
  3	 | 	17	 | 	21,63
  5	 | 	9	 | 	16,00
  5	 | 	13	 | 	16,55
  5	 | 	16	 | 	12,21
  5	 | 	18	 | 	14,76
  6	 | 	10	 | 	26,00
  6	 | 	11	 | 	22,36
  7	 | 	15	 | 	16,55
  7	 | 	18	 | 	8,60
  8	 | 	14	 | 	16,40
  8	 | 	17	 | 	12,17
  9	 | 	19	 | 	7,07
  11	 | 	12	 | 	7,00
  12	 | 	13	 | 	5,39
  14	 | 	17	 | 	11,18
  16	 | 	19	 | 	10,44
___________________________
Simulation Topology [1:14]
___________________________
From 	  To 		Length
___________________________
  0	 | 	4	 | 	14,32
  0	 | 	7	 | 	26,17
  0	 | 	9	 | 	34,13
  1	 | 	2	 | 	4,00
  1	 | 	18	 | 	27,29
  2	 | 	4	 | 	6,71
  2	 | 	15	 | 	16,28
  3	 | 	10	 | 	15,62
  3	 | 	14	 | 	12,21
  3	 | 	16	 | 	18,03
  3	 | 	17	 | 	21,63
  5	 | 	9	 | 	16,00
  5	 | 	13	 | 	16,55
  5	 | 	16	 | 	12,21
  5	 | 	18	 | 	14,76
  6	 | 	10	 | 	26,00
  6	 | 	11	 | 	22,36
  7	 | 	15	 | 	16,55
  7	 | 	18	 | 	8,60
  8	 | 	14	 | 	16,40
  8	 | 	17	 | 	12,17
  9	 | 	19	 | 	7,07
  11	 | 	12	 | 	7,00
  12	 | 	13	 | 	5,39
  14	 | 	17	 | 	11,18
  16	 | 	19	 | 	10,44
___________________________
Simulation Topology [1:15]
___________________________
From 	  To 		Length
___________________________
  0	 | 	4	 | 	14,32
  0	 | 	7	 | 	26,17
  0	 | 	9	 | 	34,13
  1	 | 	2	 | 	4,00
  1	 | 	18	 | 	27,29
  2	 | 	4	 | 	6,71
  2	 | 	15	 | 	16,28
  3	 | 	10	 | 	15,62
  3	 | 	14	 | 	12,21
  3	 | 	16	 | 	18,03
  3	 | 	17	 | 	21,63
  5	 | 	9	 | 	16,00
  5	 | 	13	 | 	16,55
  5	 | 	16	 | 	12,21
  5	 | 	18	 | 	14,76
  6	 | 	10	 | 	26,00
  6	 | 	11	 | 	22,36
  7	 | 	15	 | 	16,55
  7	 | 	18	 | 	8,60
  8	 | 	14	 | 	16,40
  8	 | 	17	 | 	12,17
  9	 | 	19	 | 	7,07
  11	 | 	12	 | 	7,00
  12	 | 	13	 | 	5,39
  14	 | 	17	 | 	11,18
  16	 | 	19	 | 	10,44
___________________________
Simulation Topology [1:16]
___________________________
From 	  To 		Length
___________________________
  0	 | 	4	 | 	14,32
  0	 | 	7	 | 	26,17
  0	 | 	9	 | 	34,13
  1	 | 	2	 | 	4,00
  1	 | 	18	 | 	27,29
  2	 | 	4	 | 	6,71
  2	 | 	15	 | 	16,28
  3	 | 	10	 | 	15,62
  3	 | 	14	 | 	12,21
  3	 | 	16	 | 	18,03
  3	 | 	17	 | 	21,63
  5	 | 	9	 | 	16,00
  5	 | 	13	 | 	16,55
  5	 | 	16	 | 	12,21
  5	 | 	18	 | 	14,76
  6	 | 	10	 | 	26,00
  6	 | 	11	 | 	22,36
  7	 | 	15	 | 	16,55
  7	 | 	18	 | 	8,60
  8	 | 	14	 | 	16,40
  8	 | 	17	 | 	12,17
  9	 | 	19	 | 	7,07
  11	 | 	12	 | 	7,00
  12	 | 	13	 | 	5,39
  14	 | 	17	 | 	11,18
  16	 | 	19	 | 	10,44
___________________________
Simulation Topology [1:17]
___________________________
From 	  To 		Length
___________________________
  0	 | 	4	 | 	14,32
  0	 | 	7	 | 	26,17
  0	 | 	9	 | 	34,13
  1	 | 	2	 | 	4,00
  1	 | 	18	 | 	27,29
  2	 | 	4	 | 	6,71
  2	 | 	15	 | 	16,28
  3	 | 	10	 | 	15,62
  3	 | 	14	 | 	12,21
  3	 | 	16	 | 	18,03
  3	 | 	17	 | 	21,63
  5	 | 	9	 | 	16,00
  5	 | 	13	 | 	16,55
  5	 | 	16	 | 	12,21
  5	 | 	18	 | 	14,76
  6	 | 	10	 | 	26,00
  6	 | 	11	 | 	22,36
  7	 | 	15	 | 	16,55
  7	 | 	18	 | 	8,60
  8	 | 	14	 | 	16,40
  8	 | 	17	 | 	12,17
  9	 | 	19	 | 	7,07
  11	 | 	12	 | 	7,00
  12	 | 	13	 | 	5,39
  14	 | 	17	 | 	11,18
  16	 | 	19	 | 	10,44
___________________________
