Simulation Topology 1
___________________________
[7]				[0]		
[4]				[0]		
[9]				[1]		
[1]				[1]		
[7]				[2]		
___________________________
Simulation Topology [1:0]
___________________________
From 	  To 		Length
___________________________
  0	 | 	1	 | 	3,00
  0	 | 	2	 | 	2,24
  0	 | 	3	 | 	6,08
  0	 | 	4	 | 	2,00
  1	 | 	3	 | 	3,16
  2	 | 	3	 | 	8,00
  3	 | 	4	 | 	6,08
___________________________
Simulation Topology [1:1]
___________________________
From 	  To 		Length
___________________________
  0	 | 	1	 | 	3,00
  0	 | 	2	 | 	2,24
  0	 | 	3	 | 	6,08
  0	 | 	4	 | 	2,00
  1	 | 	3	 | 	3,16
  2	 | 	3	 | 	8,00
  3	 | 	4	 | 	6,08
  2	 | 	4	 | 	2,24
___________________________
Simulation Topology [1:2]
___________________________
From 	  To 		Length
___________________________
  0	 | 	1	 | 	3,00
  0	 | 	2	 | 	2,24
  0	 | 	3	 | 	6,08
  0	 | 	4	 | 	2,00
  1	 | 	3	 | 	3,16
  2	 | 	3	 | 	8,00
  3	 | 	4	 | 	6,08
  2	 | 	4	 | 	2,24
  1	 | 	4	 | 	3,61
___________________________
Simulation Topology [1:3]
___________________________
From 	  To 		Length
___________________________
  0	 | 	1	 | 	3,00
  0	 | 	2	 | 	2,24
  0	 | 	3	 | 	6,08
  0	 | 	4	 | 	2,00
  1	 | 	3	 | 	3,16
  2	 | 	3	 | 	8,00
  3	 | 	4	 | 	6,08
  2	 | 	4	 | 	2,24
  1	 | 	4	 | 	3,61
___________________________
Simulation Topology [1:4]
___________________________
From 	  To 		Length
___________________________
  0	 | 	1	 | 	3,00
  0	 | 	2	 | 	2,24
  0	 | 	3	 | 	6,08
  0	 | 	4	 | 	2,00
  1	 | 	3	 | 	3,16
  2	 | 	3	 | 	8,00
  3	 | 	4	 | 	6,08
  2	 | 	4	 | 	2,24
  1	 | 	4	 | 	3,61
___________________________
Simulation Topology [1:5]
___________________________
From 	  To 		Length
___________________________
  0	 | 	1	 | 	3,00
  0	 | 	2	 | 	2,24
  0	 | 	3	 | 	6,08
  0	 | 	4	 | 	2,00
  1	 | 	3	 | 	3,16
  2	 | 	3	 | 	8,00
  3	 | 	4	 | 	6,08
  2	 | 	4	 | 	2,24
  1	 | 	4	 | 	3,61
___________________________
