Simulation Topology 1
___________________________
[9]				[1]		
[0]				[1]		
[1]				[3]		
[9]				[3]		
[9]				[5]		
[4]				[5]		
[9]				[7]		
[3]				[7]		
[9]				[9]		
[4]				[9]		
___________________________
Simulation Topology [1:0]
___________________________
From 	  To 		Length
___________________________
  0	 | 	1	 | 	9,00
  0	 | 	5	 | 	6,40
  0	 | 	8	 | 	8,00
  1	 | 	5	 | 	5,66
  1	 | 	6	 | 	10,82
  2	 | 	3	 | 	8,00
  2	 | 	4	 | 	8,25
  3	 | 	8	 | 	6,00
  4	 | 	5	 | 	5,00
  6	 | 	7	 | 	6,00
  7	 | 	9	 | 	2,24
  8	 | 	9	 | 	5,00
___________________________
Simulation Topology [1:1]
___________________________
From 	  To 		Length
___________________________
  0	 | 	1	 | 	9,00
  0	 | 	5	 | 	6,40
  0	 | 	8	 | 	8,00
  1	 | 	5	 | 	5,66
  1	 | 	6	 | 	10,82
  2	 | 	3	 | 	8,00
  2	 | 	4	 | 	8,25
  3	 | 	8	 | 	6,00
  4	 | 	5	 | 	5,00
  6	 | 	7	 | 	6,00
  7	 | 	9	 | 	2,24
  8	 | 	9	 | 	5,00
  3	 | 	4	 | 	2,00
___________________________
Simulation Topology [1:2]
___________________________
From 	  To 		Length
___________________________
  0	 | 	1	 | 	9,00
  0	 | 	5	 | 	6,40
  0	 | 	8	 | 	8,00
  1	 | 	5	 | 	5,66
  1	 | 	6	 | 	10,82
  2	 | 	3	 | 	8,00
  2	 | 	4	 | 	8,25
  3	 | 	8	 | 	6,00
  4	 | 	5	 | 	5,00
  6	 | 	7	 | 	6,00
  7	 | 	9	 | 	2,24
  8	 | 	9	 | 	5,00
  3	 | 	4	 | 	2,00
  4	 | 	8	 | 	4,00
___________________________
Simulation Topology [1:3]
___________________________
From 	  To 		Length
___________________________
  0	 | 	1	 | 	9,00
  0	 | 	5	 | 	6,40
  0	 | 	8	 | 	8,00
  1	 | 	5	 | 	5,66
  1	 | 	6	 | 	10,82
  2	 | 	3	 | 	8,00
  2	 | 	4	 | 	8,25
  3	 | 	8	 | 	6,00
  4	 | 	5	 | 	5,00
  6	 | 	7	 | 	6,00
  7	 | 	9	 | 	2,24
  8	 | 	9	 | 	5,00
  3	 | 	4	 | 	2,00
  4	 | 	8	 | 	4,00
  1	 | 	2	 | 	2,24
___________________________
Simulation Topology [1:4]
___________________________
From 	  To 		Length
___________________________
  0	 | 	1	 | 	9,00
  0	 | 	5	 | 	6,40
  0	 | 	8	 | 	8,00
  1	 | 	5	 | 	5,66
  1	 | 	6	 | 	10,82
  2	 | 	3	 | 	8,00
  2	 | 	4	 | 	8,25
  3	 | 	8	 | 	6,00
  4	 | 	5	 | 	5,00
  6	 | 	7	 | 	6,00
  7	 | 	9	 | 	2,24
  8	 | 	9	 | 	5,00
  3	 | 	4	 | 	2,00
  4	 | 	8	 | 	4,00
  1	 | 	2	 | 	2,24
  2	 | 	5	 | 	3,61
___________________________
Simulation Topology [1:5]
___________________________
From 	  To 		Length
___________________________
  0	 | 	1	 | 	9,00
  0	 | 	5	 | 	6,40
  0	 | 	8	 | 	8,00
  1	 | 	5	 | 	5,66
  1	 | 	6	 | 	10,82
  2	 | 	3	 | 	8,00
  2	 | 	4	 | 	8,25
  3	 | 	8	 | 	6,00
  4	 | 	5	 | 	5,00
  6	 | 	7	 | 	6,00
  7	 | 	9	 | 	2,24
  8	 | 	9	 | 	5,00
  3	 | 	4	 | 	2,00
  4	 | 	8	 | 	4,00
  1	 | 	2	 | 	2,24
  2	 | 	5	 | 	3,61
  3	 | 	7	 | 	7,21
___________________________
Simulation Topology [1:6]
___________________________
From 	  To 		Length
___________________________
  0	 | 	1	 | 	9,00
  0	 | 	5	 | 	6,40
  0	 | 	8	 | 	8,00
  1	 | 	5	 | 	5,66
  1	 | 	6	 | 	10,82
  2	 | 	3	 | 	8,00
  2	 | 	4	 | 	8,25
  3	 | 	8	 | 	6,00
  4	 | 	5	 | 	5,00
  6	 | 	7	 | 	6,00
  7	 | 	9	 | 	2,24
  8	 | 	9	 | 	5,00
  3	 | 	4	 | 	2,00
  4	 | 	8	 | 	4,00
  1	 | 	2	 | 	2,24
  2	 | 	5	 | 	3,61
  3	 | 	7	 | 	7,21
  6	 | 	9	 | 	5,39
___________________________
Simulation Topology [1:7]
___________________________
From 	  To 		Length
___________________________
  0	 | 	1	 | 	9,00
  0	 | 	5	 | 	6,40
  0	 | 	8	 | 	8,00
  1	 | 	5	 | 	5,66
  1	 | 	6	 | 	10,82
  2	 | 	3	 | 	8,00
  2	 | 	4	 | 	8,25
  3	 | 	8	 | 	6,00
  4	 | 	5	 | 	5,00
  6	 | 	7	 | 	6,00
  7	 | 	9	 | 	2,24
  8	 | 	9	 | 	5,00
  3	 | 	4	 | 	2,00
  4	 | 	8	 | 	4,00
  1	 | 	2	 | 	2,24
  2	 | 	5	 | 	3,61
  3	 | 	7	 | 	7,21
  6	 | 	9	 | 	5,39
  0	 | 	6	 | 	6,00
___________________________
Simulation Topology [1:8]
___________________________
From 	  To 		Length
___________________________
  0	 | 	1	 | 	9,00
  0	 | 	5	 | 	6,40
  0	 | 	8	 | 	8,00
  1	 | 	5	 | 	5,66
  1	 | 	6	 | 	10,82
  2	 | 	3	 | 	8,00
  2	 | 	4	 | 	8,25
  3	 | 	8	 | 	6,00
  4	 | 	5	 | 	5,00
  6	 | 	7	 | 	6,00
  7	 | 	9	 | 	2,24
  8	 | 	9	 | 	5,00
  3	 | 	4	 | 	2,00
  4	 | 	8	 | 	4,00
  1	 | 	2	 | 	2,24
  2	 | 	5	 | 	3,61
  3	 | 	7	 | 	7,21
  6	 | 	9	 | 	5,39
  0	 | 	6	 | 	6,00
  5	 | 	7	 | 	2,24
___________________________
