Simulation Topology 1
___________________________
[9]				[0]		
[0]				[0]		
[9]				[2]		
[0]				[2]		
[9]				[4]		
[0]				[4]		
[9]				[6]		
[0]				[6]		
[9]				[8]		
[0]				[8]		
___________________________
Simulation Topology [1:0]
___________________________
From 	  To 		Length
___________________________
  0	 | 	1	 | 	9,00
  0	 | 	5	 | 	9,85
  0	 | 	8	 | 	8,00
  1	 | 	5	 | 	4,00
  1	 | 	6	 | 	10,82
  2	 | 	3	 | 	9,00
  2	 | 	4	 | 	2,00
  3	 | 	8	 | 	10,82
  4	 | 	5	 | 	9,00
  6	 | 	7	 | 	9,00
  7	 | 	9	 | 	2,00
  8	 | 	9	 | 	9,00
___________________________
Simulation Topology [1:1]
___________________________
From 	  To 		Length
___________________________
  0	 | 	1	 | 	9,00
  0	 | 	5	 | 	9,85
  0	 | 	8	 | 	8,00
  1	 | 	5	 | 	4,00
  1	 | 	6	 | 	10,82
  2	 | 	3	 | 	9,00
  2	 | 	4	 | 	2,00
  3	 | 	8	 | 	10,82
  4	 | 	5	 | 	9,00
  6	 | 	7	 | 	9,00
  7	 | 	9	 | 	2,00
  8	 | 	9	 | 	9,00
  0	 | 	2	 | 	2,00
___________________________
Simulation Topology [1:2]
___________________________
From 	  To 		Length
___________________________
  0	 | 	1	 | 	9,00
  0	 | 	5	 | 	9,85
  0	 | 	8	 | 	8,00
  1	 | 	5	 | 	4,00
  1	 | 	6	 | 	10,82
  2	 | 	3	 | 	9,00
  2	 | 	4	 | 	2,00
  3	 | 	8	 | 	10,82
  4	 | 	5	 | 	9,00
  6	 | 	7	 | 	9,00
  7	 | 	9	 | 	2,00
  8	 | 	9	 | 	9,00
  0	 | 	2	 | 	2,00
  3	 | 	5	 | 	2,00
___________________________
Simulation Topology [1:3]
___________________________
From 	  To 		Length
___________________________
  0	 | 	1	 | 	9,00
  0	 | 	5	 | 	9,85
  0	 | 	8	 | 	8,00
  1	 | 	5	 | 	4,00
  1	 | 	6	 | 	10,82
  2	 | 	3	 | 	9,00
  2	 | 	4	 | 	2,00
  3	 | 	8	 | 	10,82
  4	 | 	5	 | 	9,00
  6	 | 	7	 | 	9,00
  7	 | 	9	 | 	2,00
  8	 | 	9	 | 	9,00
  0	 | 	2	 | 	2,00
  3	 | 	5	 | 	2,00
  4	 | 	6	 | 	2,00
___________________________
Simulation Topology [1:4]
___________________________
From 	  To 		Length
___________________________
  0	 | 	1	 | 	9,00
  0	 | 	5	 | 	9,85
  0	 | 	8	 | 	8,00
  1	 | 	5	 | 	4,00
  1	 | 	6	 | 	10,82
  2	 | 	3	 | 	9,00
  2	 | 	4	 | 	2,00
  3	 | 	8	 | 	10,82
  4	 | 	5	 | 	9,00
  6	 | 	7	 | 	9,00
  7	 | 	9	 | 	2,00
  8	 | 	9	 | 	9,00
  0	 | 	2	 | 	2,00
  3	 | 	5	 | 	2,00
  4	 | 	6	 | 	2,00
  2	 | 	8	 | 	6,00
___________________________
Simulation Topology [1:5]
___________________________
From 	  To 		Length
___________________________
  0	 | 	1	 | 	9,00
  0	 | 	5	 | 	9,85
  0	 | 	8	 | 	8,00
  1	 | 	5	 | 	4,00
  1	 | 	6	 | 	10,82
  2	 | 	3	 | 	9,00
  2	 | 	4	 | 	2,00
  3	 | 	8	 | 	10,82
  4	 | 	5	 | 	9,00
  6	 | 	7	 | 	9,00
  7	 | 	9	 | 	2,00
  8	 | 	9	 | 	9,00
  0	 | 	2	 | 	2,00
  3	 | 	5	 | 	2,00
  4	 | 	6	 | 	2,00
  2	 | 	8	 | 	6,00
  3	 | 	7	 | 	4,00
___________________________
Simulation Topology [1:6]
___________________________
From 	  To 		Length
___________________________
  0	 | 	1	 | 	9,00
  0	 | 	5	 | 	9,85
  0	 | 	8	 | 	8,00
  1	 | 	5	 | 	4,00
  1	 | 	6	 | 	10,82
  2	 | 	3	 | 	9,00
  2	 | 	4	 | 	2,00
  3	 | 	8	 | 	10,82
  4	 | 	5	 | 	9,00
  6	 | 	7	 | 	9,00
  7	 | 	9	 | 	2,00
  8	 | 	9	 | 	9,00
  0	 | 	2	 | 	2,00
  3	 | 	5	 | 	2,00
  4	 | 	6	 | 	2,00
  2	 | 	8	 | 	6,00
  3	 | 	7	 | 	4,00
  1	 | 	9	 | 	8,00
___________________________
Simulation Topology [1:7]
___________________________
From 	  To 		Length
___________________________
  0	 | 	1	 | 	9,00
  0	 | 	5	 | 	9,85
  0	 | 	8	 | 	8,00
  1	 | 	5	 | 	4,00
  1	 | 	6	 | 	10,82
  2	 | 	3	 | 	9,00
  2	 | 	4	 | 	2,00
  3	 | 	8	 | 	10,82
  4	 | 	5	 | 	9,00
  6	 | 	7	 | 	9,00
  7	 | 	9	 | 	2,00
  8	 | 	9	 | 	9,00
  0	 | 	2	 | 	2,00
  3	 | 	5	 | 	2,00
  4	 | 	6	 | 	2,00
  2	 | 	8	 | 	6,00
  3	 | 	7	 | 	4,00
  1	 | 	9	 | 	8,00
  4	 | 	7	 | 	9,22
___________________________
Simulation Topology [1:8]
___________________________
From 	  To 		Length
___________________________
  0	 | 	1	 | 	9,00
  0	 | 	5	 | 	9,85
  0	 | 	8	 | 	8,00
  1	 | 	5	 | 	4,00
  1	 | 	6	 | 	10,82
  2	 | 	3	 | 	9,00
  2	 | 	4	 | 	2,00
  3	 | 	8	 | 	10,82
  4	 | 	5	 | 	9,00
  6	 | 	7	 | 	9,00
  7	 | 	9	 | 	2,00
  8	 | 	9	 | 	9,00
  0	 | 	2	 | 	2,00
  3	 | 	5	 | 	2,00
  4	 | 	6	 | 	2,00
  2	 | 	8	 | 	6,00
  3	 | 	7	 | 	4,00
  1	 | 	9	 | 	8,00
  4	 | 	7	 | 	9,22
  6	 | 	9	 | 	9,22
___________________________
