Simulation Topology 1
___________________________
[8]				[0]		
[0]				[0]		
[5]				[1]		
[3]				[1]		
[8]				[2]		
___________________________
Simulation Topology [1:0]
___________________________
From 	  To 		Length
___________________________
  0	 | 	1	 | 	8,00
  0	 | 	2	 | 	3,16
  0	 | 	3	 | 	5,10
  0	 | 	4	 | 	2,00
  1	 | 	3	 | 	3,16
  1	 | 	4	 | 	8,25
  2	 | 	3	 | 	2,00
  2	 | 	4	 | 	3,16
  3	 | 	4	 | 	5,10
___________________________
Simulation Topology [1:1]
___________________________
From 	  To 		Length
___________________________
  0	 | 	1	 | 	8,00
  0	 | 	2	 | 	3,16
  0	 | 	3	 | 	5,10
  0	 | 	4	 | 	2,00
  1	 | 	3	 | 	3,16
  1	 | 	4	 | 	8,25
  2	 | 	3	 | 	2,00
  2	 | 	4	 | 	3,16
  3	 | 	4	 | 	5,10
  1	 | 	2	 | 	5,10
___________________________
