Simulation Topology 1
___________________________
[15]				[1]		
[12]				[2]		
[18]				[5]		
[18]				[7]		
[18]				[9]		
[12]				[10]		
[12]				[12]		
[12]				[14]		
[12]				[16]		
[12]				[18]		
___________________________
Simulation Topology [1:0]
___________________________
From 	  To 		Length
___________________________
  0	 | 	3	 | 	6,71
  0	 | 	4	 | 	8,54
  0	 | 	9	 | 	17,26
  1	 | 	2	 | 	6,71
  1	 | 	4	 | 	9,22
  1	 | 	7	 | 	12,00
  1	 | 	8	 | 	14,00
  2	 | 	4	 | 	4,00
  2	 | 	5	 | 	7,81
  3	 | 	7	 | 	9,22
  4	 | 	7	 | 	7,81
  5	 | 	6	 | 	2,00
  6	 | 	8	 | 	4,00
  8	 | 	9	 | 	2,00
___________________________
Simulation Topology [1:1]
___________________________
From 	  To 		Length
___________________________
  0	 | 	3	 | 	6,71
  0	 | 	4	 | 	8,54
  0	 | 	9	 | 	17,26
  1	 | 	2	 | 	6,71
  1	 | 	4	 | 	9,22
  1	 | 	7	 | 	12,00
  1	 | 	8	 | 	14,00
  2	 | 	4	 | 	4,00
  2	 | 	5	 | 	7,81
  3	 | 	7	 | 	9,22
  4	 | 	7	 | 	7,81
  5	 | 	6	 | 	2,00
  6	 | 	8	 | 	4,00
  8	 | 	9	 | 	2,00
  2	 | 	3	 | 	2,00
___________________________
Simulation Topology [1:2]
___________________________
From 	  To 		Length
___________________________
  0	 | 	3	 | 	6,71
  0	 | 	4	 | 	8,54
  0	 | 	9	 | 	17,26
  1	 | 	2	 | 	6,71
  1	 | 	4	 | 	9,22
  1	 | 	7	 | 	12,00
  1	 | 	8	 | 	14,00
  2	 | 	4	 | 	4,00
  2	 | 	5	 | 	7,81
  3	 | 	7	 | 	9,22
  4	 | 	7	 | 	7,81
  5	 | 	6	 | 	2,00
  6	 | 	8	 | 	4,00
  8	 | 	9	 | 	2,00
  2	 | 	3	 | 	2,00
  5	 | 	8	 | 	6,00
___________________________
Simulation Topology [1:3]
___________________________
From 	  To 		Length
___________________________
  0	 | 	3	 | 	6,71
  0	 | 	4	 | 	8,54
  0	 | 	9	 | 	17,26
  1	 | 	2	 | 	6,71
  1	 | 	4	 | 	9,22
  1	 | 	7	 | 	12,00
  1	 | 	8	 | 	14,00
  2	 | 	4	 | 	4,00
  2	 | 	5	 | 	7,81
  3	 | 	7	 | 	9,22
  4	 | 	7	 | 	7,81
  5	 | 	6	 | 	2,00
  6	 | 	8	 | 	4,00
  8	 | 	9	 | 	2,00
  2	 | 	3	 | 	2,00
  5	 | 	8	 | 	6,00
  6	 | 	7	 | 	2,00
___________________________
Simulation Topology [1:4]
___________________________
From 	  To 		Length
___________________________
  0	 | 	3	 | 	6,71
  0	 | 	4	 | 	8,54
  0	 | 	9	 | 	17,26
  1	 | 	2	 | 	6,71
  1	 | 	4	 | 	9,22
  1	 | 	7	 | 	12,00
  1	 | 	8	 | 	14,00
  2	 | 	4	 | 	4,00
  2	 | 	5	 | 	7,81
  3	 | 	7	 | 	9,22
  4	 | 	7	 | 	7,81
  5	 | 	6	 | 	2,00
  6	 | 	8	 | 	4,00
  8	 | 	9	 | 	2,00
  2	 | 	3	 | 	2,00
  5	 | 	8	 | 	6,00
  6	 | 	7	 | 	2,00
  3	 | 	5	 | 	6,71
___________________________
Simulation Topology [1:5]
___________________________
From 	  To 		Length
___________________________
  0	 | 	3	 | 	6,71
  0	 | 	4	 | 	8,54
  0	 | 	9	 | 	17,26
  1	 | 	2	 | 	6,71
  1	 | 	4	 | 	9,22
  1	 | 	7	 | 	12,00
  1	 | 	8	 | 	14,00
  2	 | 	4	 | 	4,00
  2	 | 	5	 | 	7,81
  3	 | 	7	 | 	9,22
  4	 | 	7	 | 	7,81
  5	 | 	6	 | 	2,00
  6	 | 	8	 | 	4,00
  8	 | 	9	 | 	2,00
  2	 | 	3	 | 	2,00
  5	 | 	8	 | 	6,00
  6	 | 	7	 | 	2,00
  3	 | 	5	 | 	6,71
  0	 | 	6	 | 	11,40
___________________________
