[18]				[9]		
[16]				[9]		
[11]				[10]		
[16]				[11]		
[14]				[12]		
[12]				[13]		
[15]				[15]		
[17]				[14]		
[14]				[17]		
[17]				[16]		
___________________________
Simulation Topology [1:1]
___________________________
From 	  To 		Length
___________________________
  0	 | 	1	 | 	2,00
  0	 | 	2	 | 	7,07
  0	 | 	6	 | 	6,71
  1	 | 	3	 | 	2,00
  2	 | 	3	 | 	5,10
  2	 | 	7	 | 	7,21
  3	 | 	8	 | 	6,32
  4	 | 	5	 | 	2,24
  4	 | 	8	 | 	5,00
  5	 | 	9	 | 	5,83
  6	 | 	7	 | 	2,24
  6	 | 	9	 | 	2,24
  8	 | 	9	 | 	3,16
___________________________
Simulation Topology [1:2]
___________________________
From 	  To 		Length
___________________________
  0	 | 	1	 | 	2,00
  0	 | 	2	 | 	7,07
  0	 | 	6	 | 	6,71
  1	 | 	3	 | 	2,00
  2	 | 	3	 | 	5,10
  2	 | 	7	 | 	7,21
  3	 | 	8	 | 	6,32
  4	 | 	5	 | 	2,24
  4	 | 	8	 | 	5,00
  5	 | 	9	 | 	5,83
  6	 | 	7	 | 	2,24
  6	 | 	9	 | 	2,24
  8	 | 	9	 | 	3,16
  4	 | 	6	 | 	3,16
___________________________
Simulation Topology [1:3]
___________________________
From 	  To 		Length
___________________________
  0	 | 	1	 | 	2,00
  0	 | 	2	 | 	7,07
  0	 | 	6	 | 	6,71
  1	 | 	3	 | 	2,00
  2	 | 	3	 | 	5,10
  2	 | 	7	 | 	7,21
  3	 | 	8	 | 	6,32
  4	 | 	5	 | 	2,24
  4	 | 	8	 | 	5,00
  5	 | 	9	 | 	5,83
  6	 | 	7	 | 	2,24
  6	 | 	9	 | 	2,24
  8	 | 	9	 | 	3,16
  4	 | 	6	 | 	3,16
  0	 | 	3	 | 	2,83
___________________________
Simulation Topology [1:4]
___________________________
From 	  To 		Length
___________________________
  0	 | 	1	 | 	2,00
  0	 | 	2	 | 	7,07
  0	 | 	6	 | 	6,71
  1	 | 	3	 | 	2,00
  2	 | 	3	 | 	5,10
  2	 | 	7	 | 	7,21
  3	 | 	8	 | 	6,32
  4	 | 	5	 | 	2,24
  4	 | 	8	 | 	5,00
  5	 | 	9	 | 	5,83
  6	 | 	7	 | 	2,24
  6	 | 	9	 | 	2,24
  8	 | 	9	 | 	3,16
  4	 | 	6	 | 	3,16
  0	 | 	3	 | 	2,83
  4	 | 	7	 | 	3,61
___________________________
Simulation Topology [1:5]
___________________________
From 	  To 		Length
___________________________
  0	 | 	1	 | 	2,00
  0	 | 	2	 | 	7,07
  0	 | 	6	 | 	6,71
  1	 | 	3	 | 	2,00
  2	 | 	3	 | 	5,10
  2	 | 	7	 | 	7,21
  3	 | 	8	 | 	6,32
  4	 | 	5	 | 	2,24
  4	 | 	8	 | 	5,00
  5	 | 	9	 | 	5,83
  6	 | 	7	 | 	2,24
  6	 | 	9	 | 	2,24
  8	 | 	9	 | 	3,16
  4	 | 	6	 | 	3,16
  0	 | 	3	 | 	2,83
  4	 | 	7	 | 	3,61
  5	 | 	7	 | 	5,10
___________________________
Simulation Topology [1:6]
___________________________
From 	  To 		Length
___________________________
  0	 | 	1	 | 	2,00
  0	 | 	2	 | 	7,07
  0	 | 	6	 | 	6,71
  1	 | 	3	 | 	2,00
  2	 | 	3	 | 	5,10
  2	 | 	7	 | 	7,21
  3	 | 	8	 | 	6,32
  4	 | 	5	 | 	2,24
  4	 | 	8	 | 	5,00
  5	 | 	9	 | 	5,83
  6	 | 	7	 | 	2,24
  6	 | 	9	 | 	2,24
  8	 | 	9	 | 	3,16
  4	 | 	6	 | 	3,16
  0	 | 	3	 | 	2,83
  4	 | 	7	 | 	3,61
  5	 | 	7	 | 	5,10
  2	 | 	8	 | 	7,62
___________________________
Simulation Topology [1:7]
___________________________
From 	  To 		Length
___________________________
  0	 | 	1	 | 	2,00
  0	 | 	2	 | 	7,07
  0	 | 	6	 | 	6,71
  1	 | 	3	 | 	2,00
  2	 | 	3	 | 	5,10
  2	 | 	7	 | 	7,21
  3	 | 	8	 | 	6,32
  4	 | 	5	 | 	2,24
  4	 | 	8	 | 	5,00
  5	 | 	9	 | 	5,83
  6	 | 	7	 | 	2,24
  6	 | 	9	 | 	2,24
  8	 | 	9	 | 	3,16
  4	 | 	6	 | 	3,16
  0	 | 	3	 | 	2,83
  4	 | 	7	 | 	3,61
  5	 | 	7	 | 	5,10
  2	 | 	8	 | 	7,62
  1	 | 	5	 | 	5,66
___________________________
Simulation Topology [1:8]
___________________________
From 	  To 		Length
___________________________
  0	 | 	1	 | 	2,00
  0	 | 	2	 | 	7,07
  0	 | 	6	 | 	6,71
  1	 | 	3	 | 	2,00
  2	 | 	3	 | 	5,10
  2	 | 	7	 | 	7,21
  3	 | 	8	 | 	6,32
  4	 | 	5	 | 	2,24
  4	 | 	8	 | 	5,00
  5	 | 	9	 | 	5,83
  6	 | 	7	 | 	2,24
  6	 | 	9	 | 	2,24
  8	 | 	9	 | 	3,16
  4	 | 	6	 | 	3,16
  0	 | 	3	 | 	2,83
  4	 | 	7	 | 	3,61
  5	 | 	7	 | 	5,10
  2	 | 	8	 | 	7,62
  1	 | 	5	 | 	5,66
  1	 | 	9	 | 	7,07
___________________________
