Simulation Topology 1
___________________________
[0]				[1]		
[8]				[1]		
[6]				[3]		
[1]				[3]		
[0]				[5]		
[8]				[5]		
[0]				[7]		
[8]				[7]		
[0]				[9]		
[8]				[9]		
___________________________
Simulation Topology [1:0]
___________________________
From 	  To 		Length
___________________________
  0	 | 	1	 | 	8,00
  0	 | 	2	 | 	6,32
  1	 | 	4	 | 	8,94
  2	 | 	3	 | 	5,00
  3	 | 	6	 | 	4,12
  3	 | 	7	 | 	8,06
  4	 | 	5	 | 	8,00
  4	 | 	9	 | 	8,94
  5	 | 	8	 | 	8,94
  6	 | 	7	 | 	8,00
  7	 | 	9	 | 	2,00
  8	 | 	9	 | 	8,00
___________________________
Simulation Topology [1:1]
___________________________
From 	  To 		Length
___________________________
  0	 | 	1	 | 	8,00
  0	 | 	2	 | 	6,32
  1	 | 	4	 | 	8,94
  2	 | 	3	 | 	5,00
  3	 | 	6	 | 	4,12
  3	 | 	7	 | 	8,06
  4	 | 	5	 | 	8,00
  4	 | 	9	 | 	8,94
  5	 | 	8	 | 	8,94
  6	 | 	7	 | 	8,00
  7	 | 	9	 | 	2,00
  8	 | 	9	 | 	8,00
  0	 | 	6	 | 	6,00
___________________________
Simulation Topology [1:2]
___________________________
From 	  To 		Length
___________________________
  0	 | 	1	 | 	8,00
  0	 | 	2	 | 	6,32
  1	 | 	4	 | 	8,94
  2	 | 	3	 | 	5,00
  3	 | 	6	 | 	4,12
  3	 | 	7	 | 	8,06
  4	 | 	5	 | 	8,00
  4	 | 	9	 | 	8,94
  5	 | 	8	 | 	8,94
  6	 | 	7	 | 	8,00
  7	 | 	9	 | 	2,00
  8	 | 	9	 | 	8,00
  0	 | 	6	 | 	6,00
  4	 | 	6	 | 	2,00
___________________________
Simulation Topology [1:3]
___________________________
From 	  To 		Length
___________________________
  0	 | 	1	 | 	8,00
  0	 | 	2	 | 	6,32
  1	 | 	4	 | 	8,94
  2	 | 	3	 | 	5,00
  3	 | 	6	 | 	4,12
  3	 | 	7	 | 	8,06
  4	 | 	5	 | 	8,00
  4	 | 	9	 | 	8,94
  5	 | 	8	 | 	8,94
  6	 | 	7	 | 	8,00
  7	 | 	9	 | 	2,00
  8	 | 	9	 | 	8,00
  0	 | 	6	 | 	6,00
  4	 | 	6	 | 	2,00
  2	 | 	9	 | 	6,32
___________________________
Simulation Topology [1:4]
___________________________
From 	  To 		Length
___________________________
  0	 | 	1	 | 	8,00
  0	 | 	2	 | 	6,32
  1	 | 	4	 | 	8,94
  2	 | 	3	 | 	5,00
  3	 | 	6	 | 	4,12
  3	 | 	7	 | 	8,06
  4	 | 	5	 | 	8,00
  4	 | 	9	 | 	8,94
  5	 | 	8	 | 	8,94
  6	 | 	7	 | 	8,00
  7	 | 	9	 | 	2,00
  8	 | 	9	 | 	8,00
  0	 | 	6	 | 	6,00
  4	 | 	6	 | 	2,00
  2	 | 	9	 | 	6,32
  5	 | 	7	 | 	2,00
___________________________
Simulation Topology [1:5]
___________________________
From 	  To 		Length
___________________________
  0	 | 	1	 | 	8,00
  0	 | 	2	 | 	6,32
  1	 | 	4	 | 	8,94
  2	 | 	3	 | 	5,00
  3	 | 	6	 | 	4,12
  3	 | 	7	 | 	8,06
  4	 | 	5	 | 	8,00
  4	 | 	9	 | 	8,94
  5	 | 	8	 | 	8,94
  6	 | 	7	 | 	8,00
  7	 | 	9	 | 	2,00
  8	 | 	9	 | 	8,00
  0	 | 	6	 | 	6,00
  4	 | 	6	 | 	2,00
  2	 | 	9	 | 	6,32
  5	 | 	7	 | 	2,00
  2	 | 	5	 | 	2,83
___________________________
Simulation Topology [1:6]
___________________________
From 	  To 		Length
___________________________
  0	 | 	1	 | 	8,00
  0	 | 	2	 | 	6,32
  1	 | 	4	 | 	8,94
  2	 | 	3	 | 	5,00
  3	 | 	6	 | 	4,12
  3	 | 	7	 | 	8,06
  4	 | 	5	 | 	8,00
  4	 | 	9	 | 	8,94
  5	 | 	8	 | 	8,94
  6	 | 	7	 | 	8,00
  7	 | 	9	 | 	2,00
  8	 | 	9	 | 	8,00
  0	 | 	6	 | 	6,00
  4	 | 	6	 | 	2,00
  2	 | 	9	 | 	6,32
  5	 | 	7	 | 	2,00
  2	 | 	5	 | 	2,83
  3	 | 	8	 | 	6,08
___________________________
Simulation Topology [1:7]
___________________________
From 	  To 		Length
___________________________
  0	 | 	1	 | 	8,00
  0	 | 	2	 | 	6,32
  1	 | 	4	 | 	8,94
  2	 | 	3	 | 	5,00
  3	 | 	6	 | 	4,12
  3	 | 	7	 | 	8,06
  4	 | 	5	 | 	8,00
  4	 | 	9	 | 	8,94
  5	 | 	8	 | 	8,94
  6	 | 	7	 | 	8,00
  7	 | 	9	 | 	2,00
  8	 | 	9	 | 	8,00
  0	 | 	6	 | 	6,00
  4	 | 	6	 | 	2,00
  2	 | 	9	 | 	6,32
  5	 | 	7	 | 	2,00
  2	 | 	5	 | 	2,83
  3	 | 	8	 | 	6,08
  1	 | 	8	 | 	11,31
___________________________
Simulation Topology [1:8]
___________________________
From 	  To 		Length
___________________________
  0	 | 	1	 | 	8,00
  0	 | 	2	 | 	6,32
  1	 | 	4	 | 	8,94
  2	 | 	3	 | 	5,00
  3	 | 	6	 | 	4,12
  3	 | 	7	 | 	8,06
  4	 | 	5	 | 	8,00
  4	 | 	9	 | 	8,94
  5	 | 	8	 | 	8,94
  6	 | 	7	 | 	8,00
  7	 | 	9	 | 	2,00
  8	 | 	9	 | 	8,00
  0	 | 	6	 | 	6,00
  4	 | 	6	 | 	2,00
  2	 | 	9	 | 	6,32
  5	 | 	7	 | 	2,00
  2	 | 	5	 | 	2,83
  3	 | 	8	 | 	6,08
  1	 | 	8	 | 	11,31
  1	 | 	3	 | 	7,28
___________________________
