Simulation Topology 1
___________________________
[6]				[0]		
[1]				[0]		
[9]				[1]		
[4]				[1]		
[6]				[2]		
___________________________
Simulation Topology [1:0]
___________________________
From 	  To 		Length
___________________________
  0	 | 	1	 | 	5,00
  0	 | 	2	 | 	3,16
  0	 | 	3	 | 	2,24
  0	 | 	4	 | 	2,00
  1	 | 	2	 | 	8,06
  1	 | 	3	 | 	3,16
  2	 | 	3	 | 	5,00
  2	 | 	4	 | 	3,16
  3	 | 	4	 | 	2,24
___________________________
Simulation Topology [1:1]
___________________________
From 	  To 		Length
___________________________
  0	 | 	1	 | 	5,00
  0	 | 	2	 | 	3,16
  0	 | 	3	 | 	2,24
  0	 | 	4	 | 	2,00
  1	 | 	2	 | 	8,06
  1	 | 	3	 | 	3,16
  2	 | 	3	 | 	5,00
  2	 | 	4	 | 	3,16
  3	 | 	4	 | 	2,24
  1	 | 	4	 | 	5,39
___________________________
