Simulation Topology 1
___________________________
[4]				[0]		
[2]				[0]		
[9]				[1]		
[0]				[1]		
[5]				[2]		
___________________________
Simulation Topology [1:0]
___________________________
From 	  To 		Length
___________________________
  0	 | 	1	 | 	2,00
  0	 | 	3	 | 	4,12
  0	 | 	4	 | 	2,24
  1	 | 	2	 | 	7,07
  1	 | 	3	 | 	2,24
  1	 | 	4	 | 	3,61
  2	 | 	3	 | 	9,00
  2	 | 	4	 | 	4,12
  3	 | 	4	 | 	5,10
___________________________
Simulation Topology [1:1]
___________________________
From 	  To 		Length
___________________________
  0	 | 	1	 | 	2,00
  0	 | 	3	 | 	4,12
  0	 | 	4	 | 	2,24
  1	 | 	2	 | 	7,07
  1	 | 	3	 | 	2,24
  1	 | 	4	 | 	3,61
  2	 | 	3	 | 	9,00
  2	 | 	4	 | 	4,12
  3	 | 	4	 | 	5,10
  0	 | 	2	 | 	5,10
___________________________
