Simulation Topology 1
___________________________
[1]				[2]		
[1]				[6]		
[1]				[10]		
[8]				[12]		
[8]				[16]		
[8]				[20]		
[8]				[24]		
[8]				[31]		
[9]				[35]		
[0]				[39]		
[15]				[1]		
[17]				[4]		
[17]				[8]		
[17]				[12]		
[17]				[16]		
[17]				[20]		
[17]				[24]		
[17]				[28]		
[16]				[34]		
[11]				[36]		
___________________________
Simulation Topology [1:0]
___________________________
From 	  To 		Length
___________________________
  0	 | 	3	 | 	12,21
  0	 | 	5	 | 	19,31
  0	 | 	7	 | 	29,83
  0	 | 	17	 | 	30,53
  1	 | 	11	 | 	16,12
  1	 | 	19	 | 	31,62
  2	 | 	7	 | 	22,14
  2	 | 	15	 | 	18,87
  3	 | 	18	 | 	23,41
  4	 | 	12	 | 	12,04
  4	 | 	17	 | 	15,00
  5	 | 	16	 | 	9,85
  6	 | 	11	 | 	21,93
  6	 | 	16	 | 	9,00
  8	 | 	9	 | 	9,85
  8	 | 	10	 | 	34,53
  9	 | 	13	 | 	31,91
  10	 | 	15	 | 	19,10
  12	 | 	14	 | 	8,00
  13	 | 	19	 | 	24,74
  14	 | 	18	 | 	18,03
___________________________
Simulation Topology [1:1]
___________________________
From 	  To 		Length
___________________________
  0	 | 	3	 | 	12,21
  0	 | 	5	 | 	19,31
  0	 | 	7	 | 	29,83
  0	 | 	17	 | 	30,53
  1	 | 	11	 | 	16,12
  1	 | 	19	 | 	31,62
  2	 | 	7	 | 	22,14
  2	 | 	15	 | 	18,87
  3	 | 	18	 | 	23,41
  4	 | 	12	 | 	12,04
  4	 | 	17	 | 	15,00
  5	 | 	16	 | 	9,85
  6	 | 	11	 | 	21,93
  6	 | 	16	 | 	9,00
  8	 | 	9	 | 	9,85
  8	 | 	10	 | 	34,53
  9	 | 	13	 | 	31,91
  10	 | 	15	 | 	19,10
  12	 | 	14	 | 	8,00
  13	 | 	19	 | 	24,74
  14	 | 	18	 | 	18,03
___________________________
Simulation Topology [1:2]
___________________________
From 	  To 		Length
___________________________
  0	 | 	3	 | 	12,21
  0	 | 	5	 | 	19,31
  0	 | 	7	 | 	29,83
  0	 | 	17	 | 	30,53
  1	 | 	11	 | 	16,12
  1	 | 	19	 | 	31,62
  2	 | 	7	 | 	22,14
  2	 | 	15	 | 	18,87
  3	 | 	18	 | 	23,41
  4	 | 	12	 | 	12,04
  4	 | 	17	 | 	15,00
  5	 | 	16	 | 	9,85
  6	 | 	11	 | 	21,93
  6	 | 	16	 | 	9,00
  8	 | 	9	 | 	9,85
  8	 | 	10	 | 	34,53
  9	 | 	13	 | 	31,91
  10	 | 	15	 | 	19,10
  12	 | 	14	 | 	8,00
  13	 | 	19	 | 	24,74
  14	 | 	18	 | 	18,03
___________________________
Simulation Topology [1:3]
___________________________
From 	  To 		Length
___________________________
  0	 | 	3	 | 	12,21
  0	 | 	5	 | 	19,31
  0	 | 	7	 | 	29,83
  0	 | 	17	 | 	30,53
  1	 | 	11	 | 	16,12
  1	 | 	19	 | 	31,62
  2	 | 	7	 | 	22,14
  2	 | 	15	 | 	18,87
  3	 | 	18	 | 	23,41
  4	 | 	12	 | 	12,04
  4	 | 	17	 | 	15,00
  5	 | 	16	 | 	9,85
  6	 | 	11	 | 	21,93
  6	 | 	16	 | 	9,00
  8	 | 	9	 | 	9,85
  8	 | 	10	 | 	34,53
  9	 | 	13	 | 	31,91
  10	 | 	15	 | 	19,10
  12	 | 	14	 | 	8,00
  13	 | 	19	 | 	24,74
  14	 | 	18	 | 	18,03
___________________________
Simulation Topology [1:4]
___________________________
From 	  To 		Length
___________________________
  0	 | 	3	 | 	12,21
  0	 | 	5	 | 	19,31
  0	 | 	7	 | 	29,83
  0	 | 	17	 | 	30,53
  1	 | 	11	 | 	16,12
  1	 | 	19	 | 	31,62
  2	 | 	7	 | 	22,14
  2	 | 	15	 | 	18,87
  3	 | 	18	 | 	23,41
  4	 | 	12	 | 	12,04
  4	 | 	17	 | 	15,00
  5	 | 	16	 | 	9,85
  6	 | 	11	 | 	21,93
  6	 | 	16	 | 	9,00
  8	 | 	9	 | 	9,85
  8	 | 	10	 | 	34,53
  9	 | 	13	 | 	31,91
  10	 | 	15	 | 	19,10
  12	 | 	14	 | 	8,00
  13	 | 	19	 | 	24,74
  14	 | 	18	 | 	18,03
___________________________
Simulation Topology [1:5]
___________________________
From 	  To 		Length
___________________________
  0	 | 	3	 | 	12,21
  0	 | 	5	 | 	19,31
  0	 | 	7	 | 	29,83
  0	 | 	17	 | 	30,53
  1	 | 	11	 | 	16,12
  1	 | 	19	 | 	31,62
  2	 | 	7	 | 	22,14
  2	 | 	15	 | 	18,87
  3	 | 	18	 | 	23,41
  4	 | 	12	 | 	12,04
  4	 | 	17	 | 	15,00
  5	 | 	16	 | 	9,85
  6	 | 	11	 | 	21,93
  6	 | 	16	 | 	9,00
  8	 | 	9	 | 	9,85
  8	 | 	10	 | 	34,53
  9	 | 	13	 | 	31,91
  10	 | 	15	 | 	19,10
  12	 | 	14	 | 	8,00
  13	 | 	19	 | 	24,74
  14	 | 	18	 | 	18,03
___________________________
Simulation Topology [1:6]
___________________________
From 	  To 		Length
___________________________
  0	 | 	3	 | 	12,21
  0	 | 	5	 | 	19,31
  0	 | 	7	 | 	29,83
  0	 | 	17	 | 	30,53
  1	 | 	11	 | 	16,12
  1	 | 	19	 | 	31,62
  2	 | 	7	 | 	22,14
  2	 | 	15	 | 	18,87
  3	 | 	18	 | 	23,41
  4	 | 	12	 | 	12,04
  4	 | 	17	 | 	15,00
  5	 | 	16	 | 	9,85
  6	 | 	11	 | 	21,93
  6	 | 	16	 | 	9,00
  8	 | 	9	 | 	9,85
  8	 | 	10	 | 	34,53
  9	 | 	13	 | 	31,91
  10	 | 	15	 | 	19,10
  12	 | 	14	 | 	8,00
  13	 | 	19	 | 	24,74
  14	 | 	18	 | 	18,03
___________________________
Simulation Topology [1:7]
___________________________
From 	  To 		Length
___________________________
  0	 | 	3	 | 	12,21
  0	 | 	5	 | 	19,31
  0	 | 	7	 | 	29,83
  0	 | 	17	 | 	30,53
  1	 | 	11	 | 	16,12
  1	 | 	19	 | 	31,62
  2	 | 	7	 | 	22,14
  2	 | 	15	 | 	18,87
  3	 | 	18	 | 	23,41
  4	 | 	12	 | 	12,04
  4	 | 	17	 | 	15,00
  5	 | 	16	 | 	9,85
  6	 | 	11	 | 	21,93
  6	 | 	16	 | 	9,00
  8	 | 	9	 | 	9,85
  8	 | 	10	 | 	34,53
  9	 | 	13	 | 	31,91
  10	 | 	15	 | 	19,10
  12	 | 	14	 | 	8,00
  13	 | 	19	 | 	24,74
  14	 | 	18	 | 	18,03
___________________________
Simulation Topology [1:8]
___________________________
From 	  To 		Length
___________________________
  0	 | 	3	 | 	12,21
  0	 | 	5	 | 	19,31
  0	 | 	7	 | 	29,83
  0	 | 	17	 | 	30,53
  1	 | 	11	 | 	16,12
  1	 | 	19	 | 	31,62
  2	 | 	7	 | 	22,14
  2	 | 	15	 | 	18,87
  3	 | 	18	 | 	23,41
  4	 | 	12	 | 	12,04
  4	 | 	17	 | 	15,00
  5	 | 	16	 | 	9,85
  6	 | 	11	 | 	21,93
  6	 | 	16	 | 	9,00
  8	 | 	9	 | 	9,85
  8	 | 	10	 | 	34,53
  9	 | 	13	 | 	31,91
  10	 | 	15	 | 	19,10
  12	 | 	14	 | 	8,00
  13	 | 	19	 | 	24,74
  14	 | 	18	 | 	18,03
___________________________
Simulation Topology [1:9]
___________________________
From 	  To 		Length
___________________________
  0	 | 	3	 | 	12,21
  0	 | 	5	 | 	19,31
  0	 | 	7	 | 	29,83
  0	 | 	17	 | 	30,53
  1	 | 	11	 | 	16,12
  1	 | 	19	 | 	31,62
  2	 | 	7	 | 	22,14
  2	 | 	15	 | 	18,87
  3	 | 	18	 | 	23,41
  4	 | 	12	 | 	12,04
  4	 | 	17	 | 	15,00
  5	 | 	16	 | 	9,85
  6	 | 	11	 | 	21,93
  6	 | 	16	 | 	9,00
  8	 | 	9	 | 	9,85
  8	 | 	10	 | 	34,53
  9	 | 	13	 | 	31,91
  10	 | 	15	 | 	19,10
  12	 | 	14	 | 	8,00
  13	 | 	19	 | 	24,74
  14	 | 	18	 | 	18,03
___________________________
Simulation Topology [1:10]
___________________________
From 	  To 		Length
___________________________
  0	 | 	3	 | 	12,21
  0	 | 	5	 | 	19,31
  0	 | 	7	 | 	29,83
  0	 | 	17	 | 	30,53
  1	 | 	11	 | 	16,12
  1	 | 	19	 | 	31,62
  2	 | 	7	 | 	22,14
  2	 | 	15	 | 	18,87
  3	 | 	18	 | 	23,41
  4	 | 	12	 | 	12,04
  4	 | 	17	 | 	15,00
  5	 | 	16	 | 	9,85
  6	 | 	11	 | 	21,93
  6	 | 	16	 | 	9,00
  8	 | 	9	 | 	9,85
  8	 | 	10	 | 	34,53
  9	 | 	13	 | 	31,91
  10	 | 	15	 | 	19,10
  12	 | 	14	 | 	8,00
  13	 | 	19	 | 	24,74
  14	 | 	18	 | 	18,03
___________________________
Simulation Topology [1:11]
___________________________
From 	  To 		Length
___________________________
  0	 | 	3	 | 	12,21
  0	 | 	5	 | 	19,31
  0	 | 	7	 | 	29,83
  0	 | 	17	 | 	30,53
  1	 | 	11	 | 	16,12
  1	 | 	19	 | 	31,62
  2	 | 	7	 | 	22,14
  2	 | 	15	 | 	18,87
  3	 | 	18	 | 	23,41
  4	 | 	12	 | 	12,04
  4	 | 	17	 | 	15,00
  5	 | 	16	 | 	9,85
  6	 | 	11	 | 	21,93
  6	 | 	16	 | 	9,00
  8	 | 	9	 | 	9,85
  8	 | 	10	 | 	34,53
  9	 | 	13	 | 	31,91
  10	 | 	15	 | 	19,10
  12	 | 	14	 | 	8,00
  13	 | 	19	 | 	24,74
  14	 | 	18	 | 	18,03
___________________________
Simulation Topology [1:12]
___________________________
From 	  To 		Length
___________________________
  0	 | 	3	 | 	12,21
  0	 | 	5	 | 	19,31
  0	 | 	7	 | 	29,83
  0	 | 	17	 | 	30,53
  1	 | 	11	 | 	16,12
  1	 | 	19	 | 	31,62
  2	 | 	7	 | 	22,14
  2	 | 	15	 | 	18,87
  3	 | 	18	 | 	23,41
  4	 | 	12	 | 	12,04
  4	 | 	17	 | 	15,00
  5	 | 	16	 | 	9,85
  6	 | 	11	 | 	21,93
  6	 | 	16	 | 	9,00
  8	 | 	9	 | 	9,85
  8	 | 	10	 | 	34,53
  9	 | 	13	 | 	31,91
  10	 | 	15	 | 	19,10
  12	 | 	14	 | 	8,00
  13	 | 	19	 | 	24,74
  14	 | 	18	 | 	18,03
___________________________
Simulation Topology [1:13]
___________________________
From 	  To 		Length
___________________________
  0	 | 	3	 | 	12,21
  0	 | 	5	 | 	19,31
  0	 | 	7	 | 	29,83
  0	 | 	17	 | 	30,53
  1	 | 	11	 | 	16,12
  1	 | 	19	 | 	31,62
  2	 | 	7	 | 	22,14
  2	 | 	15	 | 	18,87
  3	 | 	18	 | 	23,41
  4	 | 	12	 | 	12,04
  4	 | 	17	 | 	15,00
  5	 | 	16	 | 	9,85
  6	 | 	11	 | 	21,93
  6	 | 	16	 | 	9,00
  8	 | 	9	 | 	9,85
  8	 | 	10	 | 	34,53
  9	 | 	13	 | 	31,91
  10	 | 	15	 | 	19,10
  12	 | 	14	 | 	8,00
  13	 | 	19	 | 	24,74
  14	 | 	18	 | 	18,03
___________________________
Simulation Topology [1:14]
___________________________
From 	  To 		Length
___________________________
  0	 | 	3	 | 	12,21
  0	 | 	5	 | 	19,31
  0	 | 	7	 | 	29,83
  0	 | 	17	 | 	30,53
  1	 | 	11	 | 	16,12
  1	 | 	19	 | 	31,62
  2	 | 	7	 | 	22,14
  2	 | 	15	 | 	18,87
  3	 | 	18	 | 	23,41
  4	 | 	12	 | 	12,04
  4	 | 	17	 | 	15,00
  5	 | 	16	 | 	9,85
  6	 | 	11	 | 	21,93
  6	 | 	16	 | 	9,00
  8	 | 	9	 | 	9,85
  8	 | 	10	 | 	34,53
  9	 | 	13	 | 	31,91
  10	 | 	15	 | 	19,10
  12	 | 	14	 | 	8,00
  13	 | 	19	 | 	24,74
  14	 | 	18	 | 	18,03
___________________________
Simulation Topology [1:15]
___________________________
From 	  To 		Length
___________________________
  0	 | 	3	 | 	12,21
  0	 | 	5	 | 	19,31
  0	 | 	7	 | 	29,83
  0	 | 	17	 | 	30,53
  1	 | 	11	 | 	16,12
  1	 | 	19	 | 	31,62
  2	 | 	7	 | 	22,14
  2	 | 	15	 | 	18,87
  3	 | 	18	 | 	23,41
  4	 | 	12	 | 	12,04
  4	 | 	17	 | 	15,00
  5	 | 	16	 | 	9,85
  6	 | 	11	 | 	21,93
  6	 | 	16	 | 	9,00
  8	 | 	9	 | 	9,85
  8	 | 	10	 | 	34,53
  9	 | 	13	 | 	31,91
  10	 | 	15	 | 	19,10
  12	 | 	14	 | 	8,00
  13	 | 	19	 | 	24,74
  14	 | 	18	 | 	18,03
___________________________
Simulation Topology [1:16]
___________________________
From 	  To 		Length
___________________________
  0	 | 	3	 | 	12,21
  0	 | 	5	 | 	19,31
  0	 | 	7	 | 	29,83
  0	 | 	17	 | 	30,53
  1	 | 	11	 | 	16,12
  1	 | 	19	 | 	31,62
  2	 | 	7	 | 	22,14
  2	 | 	15	 | 	18,87
  3	 | 	18	 | 	23,41
  4	 | 	12	 | 	12,04
  4	 | 	17	 | 	15,00
  5	 | 	16	 | 	9,85
  6	 | 	11	 | 	21,93
  6	 | 	16	 | 	9,00
  8	 | 	9	 | 	9,85
  8	 | 	10	 | 	34,53
  9	 | 	13	 | 	31,91
  10	 | 	15	 | 	19,10
  12	 | 	14	 | 	8,00
  13	 | 	19	 | 	24,74
  14	 | 	18	 | 	18,03
___________________________
Simulation Topology [1:17]
___________________________
From 	  To 		Length
___________________________
  0	 | 	3	 | 	12,21
  0	 | 	5	 | 	19,31
  0	 | 	7	 | 	29,83
  0	 | 	17	 | 	30,53
  1	 | 	11	 | 	16,12
  1	 | 	19	 | 	31,62
  2	 | 	7	 | 	22,14
  2	 | 	15	 | 	18,87
  3	 | 	18	 | 	23,41
  4	 | 	12	 | 	12,04
  4	 | 	17	 | 	15,00
  5	 | 	16	 | 	9,85
  6	 | 	11	 | 	21,93
  6	 | 	16	 | 	9,00
  8	 | 	9	 | 	9,85
  8	 | 	10	 | 	34,53
  9	 | 	13	 | 	31,91
  10	 | 	15	 | 	19,10
  12	 | 	14	 | 	8,00
  13	 | 	19	 | 	24,74
  14	 | 	18	 | 	18,03
___________________________
Simulation Topology [1:18]
___________________________
From 	  To 		Length
___________________________
  0	 | 	3	 | 	12,21
  0	 | 	5	 | 	19,31
  0	 | 	7	 | 	29,83
  0	 | 	17	 | 	30,53
  1	 | 	11	 | 	16,12
  1	 | 	19	 | 	31,62
  2	 | 	7	 | 	22,14
  2	 | 	15	 | 	18,87
  3	 | 	18	 | 	23,41
  4	 | 	12	 | 	12,04
  4	 | 	17	 | 	15,00
  5	 | 	16	 | 	9,85
  6	 | 	11	 | 	21,93
  6	 | 	16	 | 	9,00
  8	 | 	9	 | 	9,85
  8	 | 	10	 | 	34,53
  9	 | 	13	 | 	31,91
  10	 | 	15	 | 	19,10
  12	 | 	14	 | 	8,00
  13	 | 	19	 | 	24,74
  14	 | 	18	 | 	18,03
___________________________
Simulation Topology [1:19]
___________________________
From 	  To 		Length
___________________________
  0	 | 	3	 | 	12,21
  0	 | 	5	 | 	19,31
  0	 | 	7	 | 	29,83
  0	 | 	17	 | 	30,53
  1	 | 	11	 | 	16,12
  1	 | 	19	 | 	31,62
  2	 | 	7	 | 	22,14
  2	 | 	15	 | 	18,87
  3	 | 	18	 | 	23,41
  4	 | 	12	 | 	12,04
  4	 | 	17	 | 	15,00
  5	 | 	16	 | 	9,85
  6	 | 	11	 | 	21,93
  6	 | 	16	 | 	9,00
  8	 | 	9	 | 	9,85
  8	 | 	10	 | 	34,53
  9	 | 	13	 | 	31,91
  10	 | 	15	 | 	19,10
  12	 | 	14	 | 	8,00
  13	 | 	19	 | 	24,74
  14	 | 	18	 | 	18,03
___________________________
Simulation Topology [1:20]
___________________________
From 	  To 		Length
___________________________
  0	 | 	3	 | 	12,21
  0	 | 	5	 | 	19,31
  0	 | 	7	 | 	29,83
  0	 | 	17	 | 	30,53
  1	 | 	11	 | 	16,12
  1	 | 	19	 | 	31,62
  2	 | 	7	 | 	22,14
  2	 | 	15	 | 	18,87
  3	 | 	18	 | 	23,41
  4	 | 	12	 | 	12,04
  4	 | 	17	 | 	15,00
  5	 | 	16	 | 	9,85
  6	 | 	11	 | 	21,93
  6	 | 	16	 | 	9,00
  8	 | 	9	 | 	9,85
  8	 | 	10	 | 	34,53
  9	 | 	13	 | 	31,91
  10	 | 	15	 | 	19,10
  12	 | 	14	 | 	8,00
  13	 | 	19	 | 	24,74
  14	 | 	18	 | 	18,03
___________________________
