[2]				[0]		
[3]				[3]		
[2]				[5]		
[3]				[7]		
[3]				[9]		
[3]				[11]		
[3]				[13]		
[3]				[15]		
[3]				[17]		
[3]				[19]		
___________________________
Simulation Topology [1:1]
___________________________
From 	  To 		Length
___________________________
  0	 | 	1	 | 	3,16
  0	 | 	3	 | 	7,07
  1	 | 	5	 | 	8,00
  2	 | 	3	 | 	2,24
  2	 | 	5	 | 	6,08
  2	 | 	6	 | 	8,06
  2	 | 	7	 | 	10,05
  3	 | 	7	 | 	8,00
  3	 | 	8	 | 	10,00
  4	 | 	5	 | 	2,00
  4	 | 	7	 | 	6,00
  4	 | 	8	 | 	8,00
  4	 | 	9	 | 	10,00
  5	 | 	8	 | 	6,00
  5	 | 	9	 | 	8,00
  6	 | 	7	 | 	2,00
  6	 | 	9	 | 	6,00
  8	 | 	9	 | 	2,00
___________________________
Simulation Topology [1:2]
___________________________
From 	  To 		Length
___________________________
  0	 | 	1	 | 	3,16
  0	 | 	3	 | 	7,07
  1	 | 	5	 | 	8,00
  2	 | 	3	 | 	2,24
  2	 | 	5	 | 	6,08
  2	 | 	6	 | 	8,06
  2	 | 	7	 | 	10,05
  3	 | 	7	 | 	8,00
  3	 | 	8	 | 	10,00
  4	 | 	5	 | 	2,00
  4	 | 	7	 | 	6,00
  4	 | 	8	 | 	8,00
  4	 | 	9	 | 	10,00
  5	 | 	8	 | 	6,00
  5	 | 	9	 | 	8,00
  6	 | 	7	 | 	2,00
  6	 | 	9	 | 	6,00
  8	 | 	9	 | 	2,00
  1	 | 	6	 | 	10,00
___________________________
Simulation Topology [1:3]
___________________________
From 	  To 		Length
___________________________
  0	 | 	1	 | 	3,16
  0	 | 	3	 | 	7,07
  1	 | 	5	 | 	8,00
  2	 | 	3	 | 	2,24
  2	 | 	5	 | 	6,08
  2	 | 	6	 | 	8,06
  2	 | 	7	 | 	10,05
  3	 | 	7	 | 	8,00
  3	 | 	8	 | 	10,00
  4	 | 	5	 | 	2,00
  4	 | 	7	 | 	6,00
  4	 | 	8	 | 	8,00
  4	 | 	9	 | 	10,00
  5	 | 	8	 | 	6,00
  5	 | 	9	 | 	8,00
  6	 | 	7	 | 	2,00
  6	 | 	9	 | 	6,00
  8	 | 	9	 | 	2,00
  1	 | 	6	 | 	10,00
  0	 | 	4	 | 	9,06
  0	 | 	6	 | 	13,04
  1	 | 	3	 | 	4,00
___________________________
