Simulation Topology 1
___________________________
[11]				[7]		
[19]				[7]		
[15]				[9]		
[17]				[8]		
[11]				[11]		
[19]				[11]		
[11]				[13]		
[19]				[13]		
[11]				[15]		
[19]				[15]		
___________________________
Simulation Topology [1:0]
___________________________
From 	  To 		Length
___________________________
  0	 | 	1	 | 	8,00
  0	 | 	3	 | 	6,08
  0	 | 	4	 | 	4,00
  1	 | 	9	 | 	8,00
  2	 | 	3	 | 	2,24
  2	 | 	6	 | 	5,66
  3	 | 	8	 | 	9,22
  4	 | 	5	 | 	8,00
  5	 | 	7	 | 	2,00
  6	 | 	7	 | 	8,00
  6	 | 	8	 | 	2,00
  8	 | 	9	 | 	8,00
___________________________
Simulation Topology [1:1]
___________________________
From 	  To 		Length
___________________________
  0	 | 	1	 | 	8,00
  0	 | 	3	 | 	6,08
  0	 | 	4	 | 	4,00
  1	 | 	9	 | 	8,00
  2	 | 	3	 | 	2,24
  2	 | 	6	 | 	5,66
  3	 | 	8	 | 	9,22
  4	 | 	5	 | 	8,00
  5	 | 	7	 | 	2,00
  6	 | 	7	 | 	8,00
  6	 | 	8	 | 	2,00
  8	 | 	9	 | 	8,00
  3	 | 	7	 | 	5,39
___________________________
Simulation Topology [1:2]
___________________________
From 	  To 		Length
___________________________
  0	 | 	1	 | 	8,00
  0	 | 	3	 | 	6,08
  0	 | 	4	 | 	4,00
  1	 | 	9	 | 	8,00
  2	 | 	3	 | 	2,24
  2	 | 	6	 | 	5,66
  3	 | 	8	 | 	9,22
  4	 | 	5	 | 	8,00
  5	 | 	7	 | 	2,00
  6	 | 	7	 | 	8,00
  6	 | 	8	 | 	2,00
  8	 | 	9	 | 	8,00
  3	 | 	7	 | 	5,39
  5	 | 	6	 | 	8,25
___________________________
Simulation Topology [1:3]
___________________________
From 	  To 		Length
___________________________
  0	 | 	1	 | 	8,00
  0	 | 	3	 | 	6,08
  0	 | 	4	 | 	4,00
  1	 | 	9	 | 	8,00
  2	 | 	3	 | 	2,24
  2	 | 	6	 | 	5,66
  3	 | 	8	 | 	9,22
  4	 | 	5	 | 	8,00
  5	 | 	7	 | 	2,00
  6	 | 	7	 | 	8,00
  6	 | 	8	 | 	2,00
  8	 | 	9	 | 	8,00
  3	 | 	7	 | 	5,39
  5	 | 	6	 | 	8,25
  5	 | 	9	 | 	4,00
___________________________
Simulation Topology [1:4]
___________________________
From 	  To 		Length
___________________________
  0	 | 	1	 | 	8,00
  0	 | 	3	 | 	6,08
  0	 | 	4	 | 	4,00
  1	 | 	9	 | 	8,00
  2	 | 	3	 | 	2,24
  2	 | 	6	 | 	5,66
  3	 | 	8	 | 	9,22
  4	 | 	5	 | 	8,00
  5	 | 	7	 | 	2,00
  6	 | 	7	 | 	8,00
  6	 | 	8	 | 	2,00
  8	 | 	9	 | 	8,00
  3	 | 	7	 | 	5,39
  5	 | 	6	 | 	8,25
  5	 | 	9	 | 	4,00
  4	 | 	8	 | 	4,00
___________________________
Simulation Topology [1:5]
___________________________
From 	  To 		Length
___________________________
  0	 | 	1	 | 	8,00
  0	 | 	3	 | 	6,08
  0	 | 	4	 | 	4,00
  1	 | 	9	 | 	8,00
  2	 | 	3	 | 	2,24
  2	 | 	6	 | 	5,66
  3	 | 	8	 | 	9,22
  4	 | 	5	 | 	8,00
  5	 | 	7	 | 	2,00
  6	 | 	7	 | 	8,00
  6	 | 	8	 | 	2,00
  8	 | 	9	 | 	8,00
  3	 | 	7	 | 	5,39
  5	 | 	6	 | 	8,25
  5	 | 	9	 | 	4,00
  4	 | 	8	 | 	4,00
  0	 | 	2	 | 	4,47
___________________________
Simulation Topology [1:6]
___________________________
From 	  To 		Length
___________________________
  0	 | 	1	 | 	8,00
  0	 | 	3	 | 	6,08
  0	 | 	4	 | 	4,00
  1	 | 	9	 | 	8,00
  2	 | 	3	 | 	2,24
  2	 | 	6	 | 	5,66
  3	 | 	8	 | 	9,22
  4	 | 	5	 | 	8,00
  5	 | 	7	 | 	2,00
  6	 | 	7	 | 	8,00
  6	 | 	8	 | 	2,00
  8	 | 	9	 | 	8,00
  3	 | 	7	 | 	5,39
  5	 | 	6	 | 	8,25
  5	 | 	9	 | 	4,00
  4	 | 	8	 | 	4,00
  0	 | 	2	 | 	4,47
  7	 | 	9	 | 	2,00
___________________________
Simulation Topology [1:7]
___________________________
From 	  To 		Length
___________________________
  0	 | 	1	 | 	8,00
  0	 | 	3	 | 	6,08
  0	 | 	4	 | 	4,00
  1	 | 	9	 | 	8,00
  2	 | 	3	 | 	2,24
  2	 | 	6	 | 	5,66
  3	 | 	8	 | 	9,22
  4	 | 	5	 | 	8,00
  5	 | 	7	 | 	2,00
  6	 | 	7	 | 	8,00
  6	 | 	8	 | 	2,00
  8	 | 	9	 | 	8,00
  3	 | 	7	 | 	5,39
  5	 | 	6	 | 	8,25
  5	 | 	9	 | 	4,00
  4	 | 	8	 | 	4,00
  0	 | 	2	 | 	4,47
  7	 | 	9	 | 	2,00
  2	 | 	4	 | 	4,47
___________________________
Simulation Topology [1:8]
___________________________
From 	  To 		Length
___________________________
  0	 | 	1	 | 	8,00
  0	 | 	3	 | 	6,08
  0	 | 	4	 | 	4,00
  1	 | 	9	 | 	8,00
  2	 | 	3	 | 	2,24
  2	 | 	6	 | 	5,66
  3	 | 	8	 | 	9,22
  4	 | 	5	 | 	8,00
  5	 | 	7	 | 	2,00
  6	 | 	7	 | 	8,00
  6	 | 	8	 | 	2,00
  8	 | 	9	 | 	8,00
  3	 | 	7	 | 	5,39
  5	 | 	6	 | 	8,25
  5	 | 	9	 | 	4,00
  4	 | 	8	 | 	4,00
  0	 | 	2	 | 	4,47
  7	 | 	9	 | 	2,00
  2	 | 	4	 | 	4,47
  1	 | 	8	 | 	11,31
___________________________
