Simulation Topology 1
___________________________
[1]				[0]		
[4]				[0]		
[6]				[1]		
[8]				[1]		
[1]				[2]		
___________________________
Simulation Topology [1:0]
___________________________
From 	  To 		Length
___________________________
  0	 | 	1	 | 	3,00
  0	 | 	3	 | 	7,07
  1	 | 	3	 | 	4,12
  2	 | 	3	 | 	2,00
  2	 | 	4	 | 	5,10
  3	 | 	4	 | 	7,07
___________________________
Simulation Topology [1:1]
___________________________
From 	  To 		Length
___________________________
  0	 | 	1	 | 	3,00
  0	 | 	3	 | 	7,07
  1	 | 	3	 | 	4,12
  2	 | 	3	 | 	2,00
  2	 | 	4	 | 	5,10
  3	 | 	4	 | 	7,07
  1	 | 	4	 | 	3,61
___________________________
Simulation Topology [1:2]
___________________________
From 	  To 		Length
___________________________
  0	 | 	1	 | 	3,00
  0	 | 	3	 | 	7,07
  1	 | 	3	 | 	4,12
  2	 | 	3	 | 	2,00
  2	 | 	4	 | 	5,10
  3	 | 	4	 | 	7,07
  1	 | 	4	 | 	3,61
  1	 | 	2	 | 	2,24
___________________________
Simulation Topology [1:3]
___________________________
From 	  To 		Length
___________________________
  0	 | 	1	 | 	3,00
  0	 | 	3	 | 	7,07
  1	 | 	3	 | 	4,12
  2	 | 	3	 | 	2,00
  2	 | 	4	 | 	5,10
  3	 | 	4	 | 	7,07
  1	 | 	4	 | 	3,61
  1	 | 	2	 | 	2,24
  0	 | 	4	 | 	2,00
___________________________
Simulation Topology [1:4]
___________________________
From 	  To 		Length
___________________________
  0	 | 	1	 | 	3,00
  0	 | 	3	 | 	7,07
  1	 | 	3	 | 	4,12
  2	 | 	3	 | 	2,00
  2	 | 	4	 | 	5,10
  3	 | 	4	 | 	7,07
  1	 | 	4	 | 	3,61
  1	 | 	2	 | 	2,24
  0	 | 	4	 | 	2,00
  0	 | 	2	 | 	5,10
___________________________
