[7]				[0]		
[5]				[0]		
[7]				[2]		
[5]				[2]		
[7]				[4]		
[5]				[4]		
[7]				[6]		
[5]				[6]		
[7]				[8]		
[5]				[8]		
___________________________
Simulation Topology [1:1]
___________________________
From 	  To 		Length
___________________________
  0	 | 	1	 | 	2,00
  0	 | 	5	 | 	4,47
  0	 | 	6	 | 	6,00
  1	 | 	3	 | 	2,00
  1	 | 	6	 | 	6,32
  2	 | 	3	 | 	2,00
  2	 | 	4	 | 	2,00
  3	 | 	8	 | 	6,32
  4	 | 	5	 | 	2,00
  6	 | 	7	 | 	2,00
  7	 | 	9	 | 	2,00
  8	 | 	9	 | 	2,00
___________________________
Simulation Topology [1:2]
___________________________
From 	  To 		Length
___________________________
  0	 | 	1	 | 	2,00
  0	 | 	5	 | 	4,47
  0	 | 	6	 | 	6,00
  1	 | 	3	 | 	2,00
  1	 | 	6	 | 	6,32
  2	 | 	3	 | 	2,00
  2	 | 	4	 | 	2,00
  3	 | 	8	 | 	6,32
  4	 | 	5	 | 	2,00
  6	 | 	7	 | 	2,00
  7	 | 	9	 | 	2,00
  8	 | 	9	 | 	2,00
___________________________
Simulation Topology [1:3]
___________________________
From 	  To 		Length
___________________________
  0	 | 	1	 | 	2,00
  0	 | 	5	 | 	4,47
  0	 | 	6	 | 	6,00
  1	 | 	3	 | 	2,00
  1	 | 	6	 | 	6,32
  2	 | 	3	 | 	2,00
  2	 | 	4	 | 	2,00
  3	 | 	8	 | 	6,32
  4	 | 	5	 | 	2,00
  6	 | 	7	 | 	2,00
  7	 | 	9	 | 	2,00
  8	 | 	9	 | 	2,00
___________________________
Simulation Topology [1:4]
___________________________
From 	  To 		Length
___________________________
  0	 | 	1	 | 	2,00
  0	 | 	5	 | 	4,47
  0	 | 	6	 | 	6,00
  1	 | 	3	 | 	2,00
  1	 | 	6	 | 	6,32
  2	 | 	3	 | 	2,00
  2	 | 	4	 | 	2,00
  3	 | 	8	 | 	6,32
  4	 | 	5	 | 	2,00
  6	 | 	7	 | 	2,00
  7	 | 	9	 | 	2,00
  8	 | 	9	 | 	2,00
___________________________
Simulation Topology [1:5]
___________________________
From 	  To 		Length
___________________________
  0	 | 	1	 | 	2,00
  0	 | 	5	 | 	4,47
  0	 | 	6	 | 	6,00
  1	 | 	3	 | 	2,00
  1	 | 	6	 | 	6,32
  2	 | 	3	 | 	2,00
  2	 | 	4	 | 	2,00
  3	 | 	8	 | 	6,32
  4	 | 	5	 | 	2,00
  6	 | 	7	 | 	2,00
  7	 | 	9	 | 	2,00
  8	 | 	9	 | 	2,00
  2	 | 	5	 | 	2,83
___________________________
Simulation Topology [1:6]
___________________________
From 	  To 		Length
___________________________
  0	 | 	1	 | 	2,00
  0	 | 	5	 | 	4,47
  0	 | 	6	 | 	6,00
  1	 | 	3	 | 	2,00
  1	 | 	6	 | 	6,32
  2	 | 	3	 | 	2,00
  2	 | 	4	 | 	2,00
  3	 | 	8	 | 	6,32
  4	 | 	5	 | 	2,00
  6	 | 	7	 | 	2,00
  7	 | 	9	 | 	2,00
  8	 | 	9	 | 	2,00
  2	 | 	5	 | 	2,83
___________________________
Simulation Topology [1:7]
___________________________
From 	  To 		Length
___________________________
  0	 | 	1	 | 	2,00
  0	 | 	5	 | 	4,47
  0	 | 	6	 | 	6,00
  1	 | 	3	 | 	2,00
  1	 | 	6	 | 	6,32
  2	 | 	3	 | 	2,00
  2	 | 	4	 | 	2,00
  3	 | 	8	 | 	6,32
  4	 | 	5	 | 	2,00
  6	 | 	7	 | 	2,00
  7	 | 	9	 | 	2,00
  8	 | 	9	 | 	2,00
  2	 | 	5	 | 	2,83
___________________________
Simulation Topology [1:8]
___________________________
From 	  To 		Length
___________________________
  0	 | 	1	 | 	2,00
  0	 | 	5	 | 	4,47
  0	 | 	6	 | 	6,00
  1	 | 	3	 | 	2,00
  1	 | 	6	 | 	6,32
  2	 | 	3	 | 	2,00
  2	 | 	4	 | 	2,00
  3	 | 	8	 | 	6,32
  4	 | 	5	 | 	2,00
  6	 | 	7	 | 	2,00
  7	 | 	9	 | 	2,00
  8	 | 	9	 | 	2,00
  2	 | 	5	 | 	2,83
___________________________
Simulation Topology [1:9]
___________________________
From 	  To 		Length
___________________________
  0	 | 	1	 | 	2,00
  0	 | 	5	 | 	4,47
  0	 | 	6	 | 	6,00
  1	 | 	3	 | 	2,00
  1	 | 	6	 | 	6,32
  2	 | 	3	 | 	2,00
  2	 | 	4	 | 	2,00
  3	 | 	8	 | 	6,32
  4	 | 	5	 | 	2,00
  6	 | 	7	 | 	2,00
  7	 | 	9	 | 	2,00
  8	 | 	9	 | 	2,00
  2	 | 	5	 | 	2,83
___________________________
Simulation Topology [1:10]
___________________________
From 	  To 		Length
___________________________
  0	 | 	1	 | 	2,00
  0	 | 	5	 | 	4,47
  0	 | 	6	 | 	6,00
  1	 | 	3	 | 	2,00
  1	 | 	6	 | 	6,32
  2	 | 	3	 | 	2,00
  2	 | 	4	 | 	2,00
  3	 | 	8	 | 	6,32
  4	 | 	5	 | 	2,00
  6	 | 	7	 | 	2,00
  7	 | 	9	 | 	2,00
  8	 | 	9	 | 	2,00
  2	 | 	5	 | 	2,83
___________________________
