Simulation Topology 1
___________________________
[18]				[4]		
[16]				[4]		
[18]				[6]		
[16]				[6]		
[18]				[8]		
[16]				[8]		
[10]				[11]		
[12]				[11]		
[11]				[13]		
[16]				[13]		
___________________________
Simulation Topology [1:0]
___________________________
From 	  To 		Length
___________________________
  0	 | 	1	 | 	2,00
  0	 | 	3	 | 	2,83
  0	 | 	5	 | 	4,47
  1	 | 	8	 | 	10,30
  2	 | 	3	 | 	2,00
  2	 | 	7	 | 	7,81
  3	 | 	9	 | 	7,00
  4	 | 	5	 | 	2,00
  4	 | 	6	 | 	8,54
  6	 | 	7	 | 	2,00
  7	 | 	9	 | 	4,47
  8	 | 	9	 | 	5,00
___________________________
Simulation Topology [1:1]
___________________________
From 	  To 		Length
___________________________
  0	 | 	1	 | 	2,00
  0	 | 	3	 | 	2,83
  0	 | 	5	 | 	4,47
  1	 | 	8	 | 	10,30
  2	 | 	3	 | 	2,00
  2	 | 	7	 | 	7,81
  3	 | 	9	 | 	7,00
  4	 | 	5	 | 	2,00
  4	 | 	6	 | 	8,54
  6	 | 	7	 | 	2,00
  7	 | 	9	 | 	4,47
  8	 | 	9	 | 	5,00
  6	 | 	8	 | 	2,24
___________________________
Simulation Topology [1:2]
___________________________
From 	  To 		Length
___________________________
  0	 | 	1	 | 	2,00
  0	 | 	3	 | 	2,83
  0	 | 	5	 | 	4,47
  1	 | 	8	 | 	10,30
  2	 | 	3	 | 	2,00
  2	 | 	7	 | 	7,81
  3	 | 	9	 | 	7,00
  4	 | 	5	 | 	2,00
  4	 | 	6	 | 	8,54
  6	 | 	7	 | 	2,00
  7	 | 	9	 | 	4,47
  8	 | 	9	 | 	5,00
  6	 | 	8	 | 	2,24
  0	 | 	2	 | 	2,00
___________________________
Simulation Topology [1:3]
___________________________
From 	  To 		Length
___________________________
  0	 | 	1	 | 	2,00
  0	 | 	3	 | 	2,83
  0	 | 	5	 | 	4,47
  1	 | 	8	 | 	10,30
  2	 | 	3	 | 	2,00
  2	 | 	7	 | 	7,81
  3	 | 	9	 | 	7,00
  4	 | 	5	 | 	2,00
  4	 | 	6	 | 	8,54
  6	 | 	7	 | 	2,00
  7	 | 	9	 | 	4,47
  8	 | 	9	 | 	5,00
  6	 | 	8	 | 	2,24
  0	 | 	2	 | 	2,00
  3	 | 	4	 | 	2,83
___________________________
Simulation Topology [1:4]
___________________________
From 	  To 		Length
___________________________
  0	 | 	1	 | 	2,00
  0	 | 	3	 | 	2,83
  0	 | 	5	 | 	4,47
  1	 | 	8	 | 	10,30
  2	 | 	3	 | 	2,00
  2	 | 	7	 | 	7,81
  3	 | 	9	 | 	7,00
  4	 | 	5	 | 	2,00
  4	 | 	6	 | 	8,54
  6	 | 	7	 | 	2,00
  7	 | 	9	 | 	4,47
  8	 | 	9	 | 	5,00
  6	 | 	8	 | 	2,24
  0	 | 	2	 | 	2,00
  3	 | 	4	 | 	2,83
  7	 | 	8	 | 	2,24
___________________________
Simulation Topology [1:5]
___________________________
From 	  To 		Length
___________________________
  0	 | 	1	 | 	2,00
  0	 | 	3	 | 	2,83
  0	 | 	5	 | 	4,47
  1	 | 	8	 | 	10,30
  2	 | 	3	 | 	2,00
  2	 | 	7	 | 	7,81
  3	 | 	9	 | 	7,00
  4	 | 	5	 | 	2,00
  4	 | 	6	 | 	8,54
  6	 | 	7	 | 	2,00
  7	 | 	9	 | 	4,47
  8	 | 	9	 | 	5,00
  6	 | 	8	 | 	2,24
  0	 | 	2	 | 	2,00
  3	 | 	4	 | 	2,83
  7	 | 	8	 | 	2,24
  2	 | 	4	 | 	2,00
___________________________
Simulation Topology [1:6]
___________________________
From 	  To 		Length
___________________________
  0	 | 	1	 | 	2,00
  0	 | 	3	 | 	2,83
  0	 | 	5	 | 	4,47
  1	 | 	8	 | 	10,30
  2	 | 	3	 | 	2,00
  2	 | 	7	 | 	7,81
  3	 | 	9	 | 	7,00
  4	 | 	5	 | 	2,00
  4	 | 	6	 | 	8,54
  6	 | 	7	 | 	2,00
  7	 | 	9	 | 	4,47
  8	 | 	9	 | 	5,00
  6	 | 	8	 | 	2,24
  0	 | 	2	 | 	2,00
  3	 | 	4	 | 	2,83
  7	 | 	8	 | 	2,24
  2	 | 	4	 | 	2,00
  5	 | 	9	 | 	5,00
___________________________
Simulation Topology [1:7]
___________________________
From 	  To 		Length
___________________________
  0	 | 	1	 | 	2,00
  0	 | 	3	 | 	2,83
  0	 | 	5	 | 	4,47
  1	 | 	8	 | 	10,30
  2	 | 	3	 | 	2,00
  2	 | 	7	 | 	7,81
  3	 | 	9	 | 	7,00
  4	 | 	5	 | 	2,00
  4	 | 	6	 | 	8,54
  6	 | 	7	 | 	2,00
  7	 | 	9	 | 	4,47
  8	 | 	9	 | 	5,00
  6	 | 	8	 | 	2,24
  0	 | 	2	 | 	2,00
  3	 | 	4	 | 	2,83
  7	 | 	8	 | 	2,24
  2	 | 	4	 | 	2,00
  5	 | 	9	 | 	5,00
  1	 | 	5	 | 	4,00
___________________________
Simulation Topology [1:8]
___________________________
From 	  To 		Length
___________________________
  0	 | 	1	 | 	2,00
  0	 | 	3	 | 	2,83
  0	 | 	5	 | 	4,47
  1	 | 	8	 | 	10,30
  2	 | 	3	 | 	2,00
  2	 | 	7	 | 	7,81
  3	 | 	9	 | 	7,00
  4	 | 	5	 | 	2,00
  4	 | 	6	 | 	8,54
  6	 | 	7	 | 	2,00
  7	 | 	9	 | 	4,47
  8	 | 	9	 | 	5,00
  6	 | 	8	 | 	2,24
  0	 | 	2	 | 	2,00
  3	 | 	4	 | 	2,83
  7	 | 	8	 | 	2,24
  2	 | 	4	 | 	2,00
  5	 | 	9	 | 	5,00
  1	 | 	5	 | 	4,00
  1	 | 	6	 | 	9,22
___________________________
