Simulation Topology 1
___________________________
[4]				[0]		
[6]				[0]		
[9]				[1]		
[1]				[1]		
[7]				[2]		
___________________________
Simulation Topology [1:0]
___________________________
From 	  To 		Length
___________________________
  0	 | 	1	 | 	2,00
  0	 | 	3	 | 	3,16
  0	 | 	4	 | 	3,61
  1	 | 	2	 | 	3,16
  1	 | 	3	 | 	5,10
  1	 | 	4	 | 	2,24
  2	 | 	3	 | 	8,00
  2	 | 	4	 | 	2,24
  3	 | 	4	 | 	6,08
___________________________
Simulation Topology [1:1]
___________________________
From 	  To 		Length
___________________________
  0	 | 	1	 | 	2,00
  0	 | 	3	 | 	3,16
  0	 | 	4	 | 	3,61
  1	 | 	2	 | 	3,16
  1	 | 	3	 | 	5,10
  1	 | 	4	 | 	2,24
  2	 | 	3	 | 	8,00
  2	 | 	4	 | 	2,24
  3	 | 	4	 | 	6,08
  0	 | 	2	 | 	5,10
___________________________
