Simulation Topology 1
___________________________
[7]				[0]		
[1]				[0]		
[9]				[1]		
[5]				[1]		
[3]				[2]		
___________________________
Simulation Topology [1:0]
___________________________
From 	  To 		Length
___________________________
  0	 | 	1	 | 	6,00
  0	 | 	3	 | 	2,24
  0	 | 	4	 | 	4,47
  1	 | 	4	 | 	2,83
  2	 | 	3	 | 	4,00
  2	 | 	4	 | 	6,08
  3	 | 	4	 | 	2,24
___________________________
Simulation Topology [1:1]
___________________________
From 	  To 		Length
___________________________
  0	 | 	1	 | 	6,00
  0	 | 	3	 | 	2,24
  0	 | 	4	 | 	4,47
  1	 | 	4	 | 	2,83
  2	 | 	3	 | 	4,00
  2	 | 	4	 | 	6,08
  3	 | 	4	 | 	2,24
  0	 | 	2	 | 	2,24
___________________________
Simulation Topology [1:2]
___________________________
From 	  To 		Length
___________________________
  0	 | 	1	 | 	6,00
  0	 | 	3	 | 	2,24
  0	 | 	4	 | 	4,47
  1	 | 	4	 | 	2,83
  2	 | 	3	 | 	4,00
  2	 | 	4	 | 	6,08
  3	 | 	4	 | 	2,24
  0	 | 	2	 | 	2,24
  1	 | 	2	 | 	8,06
___________________________
