[1]				[1]		
[4]				[1]		
[1]				[4]		
[4]				[4]		
[1]				[7]		
[4]				[7]		
[1]				[10]		
[4]				[10]		
[1]				[13]		
[4]				[13]		
[1]				[16]		
[4]				[16]		
___________________________
Simulation Topology [1:2]
___________________________
From 	  To 		Length
___________________________
  0	 | 	1	 | 	3,00
  0	 | 	9	 | 	12,37
  1	 | 	4	 | 	6,71
  1	 | 	8	 | 	12,37
  1	 | 	11	 | 	15,00
  2	 | 	3	 | 	3,00
  2	 | 	10	 | 	12,00
  3	 | 	8	 | 	9,49
  4	 | 	5	 | 	3,00
  4	 | 	6	 | 	3,00
  5	 | 	7	 | 	3,00
  6	 | 	7	 | 	3,00
  6	 | 	8	 | 	3,00
  6	 | 	11	 | 	6,71
  8	 | 	9	 | 	3,00
  10	 | 	11	 | 	3,00
___________________________
Simulation Topology [1:3]
___________________________
From 	  To 		Length
___________________________
  0	 | 	1	 | 	3,00
  0	 | 	9	 | 	12,37
  1	 | 	4	 | 	6,71
  1	 | 	8	 | 	12,37
  1	 | 	11	 | 	15,00
  2	 | 	3	 | 	3,00
  2	 | 	10	 | 	12,00
  3	 | 	8	 | 	9,49
  4	 | 	5	 | 	3,00
  4	 | 	6	 | 	3,00
  5	 | 	7	 | 	3,00
  6	 | 	7	 | 	3,00
  6	 | 	8	 | 	3,00
  6	 | 	11	 | 	6,71
  8	 | 	9	 | 	3,00
  10	 | 	11	 | 	3,00
___________________________
Simulation Topology [1:4]
___________________________
From 	  To 		Length
___________________________
  0	 | 	1	 | 	3,00
  0	 | 	9	 | 	12,37
  1	 | 	4	 | 	6,71
  1	 | 	8	 | 	12,37
  1	 | 	11	 | 	15,00
  2	 | 	3	 | 	3,00
  2	 | 	10	 | 	12,00
  3	 | 	8	 | 	9,49
  4	 | 	5	 | 	3,00
  4	 | 	6	 | 	3,00
  5	 | 	7	 | 	3,00
  6	 | 	7	 | 	3,00
  6	 | 	8	 | 	3,00
  6	 | 	11	 | 	6,71
  8	 | 	9	 | 	3,00
  10	 | 	11	 | 	3,00
___________________________
Simulation Topology [1:5]
___________________________
From 	  To 		Length
___________________________
  0	 | 	1	 | 	3,00
  0	 | 	9	 | 	12,37
  1	 | 	4	 | 	6,71
  1	 | 	8	 | 	12,37
  1	 | 	11	 | 	15,00
  2	 | 	3	 | 	3,00
  2	 | 	10	 | 	12,00
  3	 | 	8	 | 	9,49
  4	 | 	5	 | 	3,00
  4	 | 	6	 | 	3,00
  5	 | 	7	 | 	3,00
  6	 | 	7	 | 	3,00
  6	 | 	8	 | 	3,00
  6	 | 	11	 | 	6,71
  8	 | 	9	 | 	3,00
  10	 | 	11	 | 	3,00
___________________________
Simulation Topology [1:6]
___________________________
From 	  To 		Length
___________________________
  0	 | 	1	 | 	3,00
  0	 | 	9	 | 	12,37
  1	 | 	4	 | 	6,71
  1	 | 	8	 | 	12,37
  1	 | 	11	 | 	15,00
  2	 | 	3	 | 	3,00
  2	 | 	10	 | 	12,00
  3	 | 	8	 | 	9,49
  4	 | 	5	 | 	3,00
  4	 | 	6	 | 	3,00
  5	 | 	7	 | 	3,00
  6	 | 	7	 | 	3,00
  6	 | 	8	 | 	3,00
  6	 | 	11	 | 	6,71
  8	 | 	9	 | 	3,00
  10	 | 	11	 | 	3,00
___________________________
Simulation Topology [1:7]
___________________________
From 	  To 		Length
___________________________
  0	 | 	1	 | 	3,00
  0	 | 	9	 | 	12,37
  1	 | 	4	 | 	6,71
  1	 | 	8	 | 	12,37
  1	 | 	11	 | 	15,00
  2	 | 	3	 | 	3,00
  2	 | 	10	 | 	12,00
  3	 | 	8	 | 	9,49
  4	 | 	5	 | 	3,00
  4	 | 	6	 | 	3,00
  5	 | 	7	 | 	3,00
  6	 | 	7	 | 	3,00
  6	 | 	8	 | 	3,00
  6	 | 	11	 | 	6,71
  8	 | 	9	 | 	3,00
  10	 | 	11	 | 	3,00
___________________________
Simulation Topology [1:8]
___________________________
From 	  To 		Length
___________________________
  0	 | 	1	 | 	3,00
  0	 | 	9	 | 	12,37
  1	 | 	4	 | 	6,71
  1	 | 	8	 | 	12,37
  1	 | 	11	 | 	15,00
  2	 | 	3	 | 	3,00
  2	 | 	10	 | 	12,00
  3	 | 	8	 | 	9,49
  4	 | 	5	 | 	3,00
  4	 | 	6	 | 	3,00
  5	 | 	7	 | 	3,00
  6	 | 	7	 | 	3,00
  6	 | 	8	 | 	3,00
  6	 | 	11	 | 	6,71
  8	 | 	9	 | 	3,00
  10	 | 	11	 | 	3,00
___________________________
Simulation Topology [1:9]
___________________________
From 	  To 		Length
___________________________
  0	 | 	1	 | 	3,00
  0	 | 	9	 | 	12,37
  1	 | 	4	 | 	6,71
  1	 | 	8	 | 	12,37
  1	 | 	11	 | 	15,00
  2	 | 	3	 | 	3,00
  2	 | 	10	 | 	12,00
  3	 | 	8	 | 	9,49
  4	 | 	5	 | 	3,00
  4	 | 	6	 | 	3,00
  5	 | 	7	 | 	3,00
  6	 | 	7	 | 	3,00
  6	 | 	8	 | 	3,00
  6	 | 	11	 | 	6,71
  8	 | 	9	 | 	3,00
  10	 | 	11	 | 	3,00
___________________________
Simulation Topology [1:10]
___________________________
From 	  To 		Length
___________________________
  0	 | 	1	 | 	3,00
  0	 | 	9	 | 	12,37
  1	 | 	4	 | 	6,71
  1	 | 	8	 | 	12,37
  1	 | 	11	 | 	15,00
  2	 | 	3	 | 	3,00
  2	 | 	10	 | 	12,00
  3	 | 	8	 | 	9,49
  4	 | 	5	 | 	3,00
  4	 | 	6	 | 	3,00
  5	 | 	7	 | 	3,00
  6	 | 	7	 | 	3,00
  6	 | 	8	 | 	3,00
  6	 | 	11	 | 	6,71
  8	 | 	9	 | 	3,00
  10	 | 	11	 | 	3,00
  9	 | 	11	 | 	3,00
___________________________
Simulation Topology [1:11]
___________________________
From 	  To 		Length
___________________________
  0	 | 	1	 | 	3,00
  0	 | 	9	 | 	12,37
  1	 | 	4	 | 	6,71
  1	 | 	8	 | 	12,37
  1	 | 	11	 | 	15,00
  2	 | 	3	 | 	3,00
  2	 | 	10	 | 	12,00
  3	 | 	8	 | 	9,49
  4	 | 	5	 | 	3,00
  4	 | 	6	 | 	3,00
  5	 | 	7	 | 	3,00
  6	 | 	7	 | 	3,00
  6	 | 	8	 | 	3,00
  6	 | 	11	 | 	6,71
  8	 | 	9	 | 	3,00
  10	 | 	11	 | 	3,00
  9	 | 	11	 | 	3,00
___________________________
Simulation Topology [1:12]
___________________________
From 	  To 		Length
___________________________
  0	 | 	1	 | 	3,00
  0	 | 	9	 | 	12,37
  1	 | 	4	 | 	6,71
  1	 | 	8	 | 	12,37
  1	 | 	11	 | 	15,00
  2	 | 	3	 | 	3,00
  2	 | 	10	 | 	12,00
  3	 | 	8	 | 	9,49
  4	 | 	5	 | 	3,00
  4	 | 	6	 | 	3,00
  5	 | 	7	 | 	3,00
  6	 | 	7	 | 	3,00
  6	 | 	8	 | 	3,00
  6	 | 	11	 | 	6,71
  8	 | 	9	 | 	3,00
  10	 | 	11	 | 	3,00
  9	 | 	11	 | 	3,00
___________________________
