[6]				[1]		
[2]				[2]		
[6]				[5]		
[6]				[7]		
[6]				[9]		
[6]				[11]		
[9]				[13]		
[9]				[15]		
[9]				[17]		
[9]				[19]		
___________________________
Simulation Topology [1:3]
___________________________
From 	  To 		Length
___________________________
  0	 | 	1	 | 	4,12
  0	 | 	3	 | 	6,00
  1	 | 	5	 | 	9,85
  2	 | 	8	 | 	12,37
  2	 | 	9	 | 	14,32
  3	 | 	7	 | 	8,54
  4	 | 	5	 | 	2,00
  4	 | 	7	 | 	6,71
  4	 | 	9	 | 	10,44
  5	 | 	8	 | 	6,71
  6	 | 	8	 | 	4,00
  6	 | 	9	 | 	6,00
  7	 | 	8	 | 	2,00
  7	 | 	9	 | 	4,00
___________________________
Simulation Topology [1:4]
___________________________
From 	  To 		Length
___________________________
  0	 | 	1	 | 	4,12
  0	 | 	3	 | 	6,00
  1	 | 	5	 | 	9,85
  2	 | 	8	 | 	12,37
  2	 | 	9	 | 	14,32
  3	 | 	7	 | 	8,54
  4	 | 	5	 | 	2,00
  4	 | 	7	 | 	6,71
  4	 | 	9	 | 	10,44
  5	 | 	8	 | 	6,71
  6	 | 	8	 | 	4,00
  6	 | 	9	 | 	6,00
  7	 | 	8	 | 	2,00
  7	 | 	9	 | 	4,00
___________________________
Simulation Topology [1:5]
___________________________
From 	  To 		Length
___________________________
  0	 | 	1	 | 	4,12
  0	 | 	3	 | 	6,00
  1	 | 	5	 | 	9,85
  2	 | 	8	 | 	12,37
  2	 | 	9	 | 	14,32
  3	 | 	7	 | 	8,54
  4	 | 	5	 | 	2,00
  4	 | 	7	 | 	6,71
  4	 | 	9	 | 	10,44
  5	 | 	8	 | 	6,71
  6	 | 	8	 | 	4,00
  6	 | 	9	 | 	6,00
  7	 | 	8	 | 	2,00
  7	 | 	9	 | 	4,00
  1	 | 	3	 | 	6,40
___________________________
Simulation Topology [1:6]
___________________________
From 	  To 		Length
___________________________
  0	 | 	1	 | 	4,12
  0	 | 	3	 | 	6,00
  1	 | 	5	 | 	9,85
  2	 | 	8	 | 	12,37
  2	 | 	9	 | 	14,32
  3	 | 	7	 | 	8,54
  4	 | 	5	 | 	2,00
  4	 | 	7	 | 	6,71
  4	 | 	9	 | 	10,44
  5	 | 	8	 | 	6,71
  6	 | 	8	 | 	4,00
  6	 | 	9	 | 	6,00
  7	 | 	8	 | 	2,00
  7	 | 	9	 | 	4,00
  1	 | 	3	 | 	6,40
___________________________
Simulation Topology [1:7]
___________________________
From 	  To 		Length
___________________________
  0	 | 	1	 | 	4,12
  0	 | 	3	 | 	6,00
  1	 | 	5	 | 	9,85
  2	 | 	8	 | 	12,37
  2	 | 	9	 | 	14,32
  3	 | 	7	 | 	8,54
  4	 | 	5	 | 	2,00
  4	 | 	7	 | 	6,71
  4	 | 	9	 | 	10,44
  5	 | 	8	 | 	6,71
  6	 | 	8	 | 	4,00
  6	 | 	9	 | 	6,00
  7	 | 	8	 | 	2,00
  7	 | 	9	 | 	4,00
  1	 | 	3	 | 	6,40
___________________________
Simulation Topology [1:8]
___________________________
From 	  To 		Length
___________________________
  0	 | 	1	 | 	4,12
  0	 | 	3	 | 	6,00
  1	 | 	5	 | 	9,85
  2	 | 	8	 | 	12,37
  2	 | 	9	 | 	14,32
  3	 | 	7	 | 	8,54
  4	 | 	5	 | 	2,00
  4	 | 	7	 | 	6,71
  4	 | 	9	 | 	10,44
  5	 | 	8	 | 	6,71
  6	 | 	8	 | 	4,00
  6	 | 	9	 | 	6,00
  7	 | 	8	 | 	2,00
  7	 | 	9	 | 	4,00
  1	 | 	3	 | 	6,40
___________________________
Simulation Topology [1:9]
___________________________
From 	  To 		Length
___________________________
  0	 | 	1	 | 	4,12
  0	 | 	3	 | 	6,00
  1	 | 	5	 | 	9,85
  2	 | 	8	 | 	12,37
  2	 | 	9	 | 	14,32
  3	 | 	7	 | 	8,54
  4	 | 	5	 | 	2,00
  4	 | 	7	 | 	6,71
  4	 | 	9	 | 	10,44
  5	 | 	8	 | 	6,71
  6	 | 	8	 | 	4,00
  6	 | 	9	 | 	6,00
  7	 | 	8	 | 	2,00
  7	 | 	9	 | 	4,00
  1	 | 	3	 | 	6,40
___________________________
Simulation Topology [1:10]
___________________________
From 	  To 		Length
___________________________
  0	 | 	1	 | 	4,12
  0	 | 	3	 | 	6,00
  1	 | 	5	 | 	9,85
  2	 | 	8	 | 	12,37
  2	 | 	9	 | 	14,32
  3	 | 	7	 | 	8,54
  4	 | 	5	 | 	2,00
  4	 | 	7	 | 	6,71
  4	 | 	9	 | 	10,44
  5	 | 	8	 | 	6,71
  6	 | 	8	 | 	4,00
  6	 | 	9	 | 	6,00
  7	 | 	8	 | 	2,00
  7	 | 	9	 | 	4,00
  1	 | 	3	 | 	6,40
___________________________
Simulation Topology [1:11]
___________________________
From 	  To 		Length
___________________________
  0	 | 	1	 | 	4,12
  0	 | 	3	 | 	6,00
  1	 | 	5	 | 	9,85
  2	 | 	8	 | 	12,37
  2	 | 	9	 | 	14,32
  3	 | 	7	 | 	8,54
  4	 | 	5	 | 	2,00
  4	 | 	7	 | 	6,71
  4	 | 	9	 | 	10,44
  5	 | 	8	 | 	6,71
  6	 | 	8	 | 	4,00
  6	 | 	9	 | 	6,00
  7	 | 	8	 | 	2,00
  7	 | 	9	 | 	4,00
  1	 | 	3	 | 	6,40
___________________________
Simulation Topology [1:12]
___________________________
From 	  To 		Length
___________________________
  0	 | 	1	 | 	4,12
  0	 | 	3	 | 	6,00
  1	 | 	5	 | 	9,85
  2	 | 	8	 | 	12,37
  2	 | 	9	 | 	14,32
  3	 | 	7	 | 	8,54
  4	 | 	5	 | 	2,00
  4	 | 	7	 | 	6,71
  4	 | 	9	 | 	10,44
  5	 | 	8	 | 	6,71
  6	 | 	8	 | 	4,00
  6	 | 	9	 | 	6,00
  7	 | 	8	 | 	2,00
  7	 | 	9	 | 	4,00
  1	 | 	3	 | 	6,40
___________________________
Simulation Topology [1:13]
___________________________
From 	  To 		Length
___________________________
  0	 | 	1	 | 	4,12
  0	 | 	3	 | 	6,00
  1	 | 	5	 | 	9,85
  2	 | 	8	 | 	12,37
  2	 | 	9	 | 	14,32
  3	 | 	7	 | 	8,54
  4	 | 	5	 | 	2,00
  4	 | 	7	 | 	6,71
  4	 | 	9	 | 	10,44
  5	 | 	8	 | 	6,71
  6	 | 	8	 | 	4,00
  6	 | 	9	 | 	6,00
  7	 | 	8	 | 	2,00
  7	 | 	9	 | 	4,00
  1	 | 	3	 | 	6,40
___________________________
