Simulation Topology 1
___________________________
[8]				[1]		
[2]				[2]		
[8]				[5]		
[8]				[7]		
[8]				[9]		
[8]				[11]		
[8]				[13]		
[8]				[15]		
[0]				[16]		
[0]				[18]		
___________________________
Simulation Topology [1:0]
___________________________
From 	  To 		Length
___________________________
  0	 | 	3	 | 	6,00
  0	 | 	4	 | 	8,00
  0	 | 	5	 | 	10,00
  1	 | 	5	 | 	10,82
  1	 | 	7	 | 	14,32
  2	 | 	3	 | 	2,00
  2	 | 	5	 | 	6,00
  2	 | 	6	 | 	8,00
  2	 | 	8	 | 	13,60
  3	 | 	9	 | 	13,60
  4	 | 	5	 | 	2,00
  4	 | 	6	 | 	4,00
  6	 | 	9	 | 	9,43
  7	 | 	8	 | 	8,06
___________________________
Simulation Topology [1:1]
___________________________
From 	  To 		Length
___________________________
  0	 | 	3	 | 	6,00
  0	 | 	4	 | 	8,00
  0	 | 	5	 | 	10,00
  1	 | 	5	 | 	10,82
  1	 | 	7	 | 	14,32
  2	 | 	3	 | 	2,00
  2	 | 	5	 | 	6,00
  2	 | 	6	 | 	8,00
  2	 | 	8	 | 	13,60
  3	 | 	9	 | 	13,60
  4	 | 	5	 | 	2,00
  4	 | 	6	 | 	4,00
  6	 | 	9	 | 	9,43
  7	 | 	8	 | 	8,06
  3	 | 	4	 | 	2,00
___________________________
Simulation Topology [1:2]
___________________________
From 	  To 		Length
___________________________
  0	 | 	3	 | 	6,00
  0	 | 	4	 | 	8,00
  0	 | 	5	 | 	10,00
  1	 | 	5	 | 	10,82
  1	 | 	7	 | 	14,32
  2	 | 	3	 | 	2,00
  2	 | 	5	 | 	6,00
  2	 | 	6	 | 	8,00
  2	 | 	8	 | 	13,60
  3	 | 	9	 | 	13,60
  4	 | 	5	 | 	2,00
  4	 | 	6	 | 	4,00
  6	 | 	9	 | 	9,43
  7	 | 	8	 | 	8,06
  3	 | 	4	 | 	2,00
  0	 | 	1	 | 	6,08
___________________________
Simulation Topology [1:3]
___________________________
From 	  To 		Length
___________________________
  0	 | 	3	 | 	6,00
  0	 | 	4	 | 	8,00
  0	 | 	5	 | 	10,00
  1	 | 	5	 | 	10,82
  1	 | 	7	 | 	14,32
  2	 | 	3	 | 	2,00
  2	 | 	5	 | 	6,00
  2	 | 	6	 | 	8,00
  2	 | 	8	 | 	13,60
  3	 | 	9	 | 	13,60
  4	 | 	5	 | 	2,00
  4	 | 	6	 | 	4,00
  6	 | 	9	 | 	9,43
  7	 | 	8	 | 	8,06
  3	 | 	4	 | 	2,00
  0	 | 	1	 | 	6,08
  8	 | 	9	 | 	2,00
___________________________
Simulation Topology [1:4]
___________________________
From 	  To 		Length
___________________________
  0	 | 	3	 | 	6,00
  0	 | 	4	 | 	8,00
  0	 | 	5	 | 	10,00
  1	 | 	5	 | 	10,82
  1	 | 	7	 | 	14,32
  2	 | 	3	 | 	2,00
  2	 | 	5	 | 	6,00
  2	 | 	6	 | 	8,00
  2	 | 	8	 | 	13,60
  3	 | 	9	 | 	13,60
  4	 | 	5	 | 	2,00
  4	 | 	6	 | 	4,00
  6	 | 	9	 | 	9,43
  7	 | 	8	 | 	8,06
  3	 | 	4	 | 	2,00
  0	 | 	1	 | 	6,08
  8	 | 	9	 | 	2,00
  6	 | 	7	 | 	2,00
___________________________
Simulation Topology [1:5]
___________________________
From 	  To 		Length
___________________________
  0	 | 	3	 | 	6,00
  0	 | 	4	 | 	8,00
  0	 | 	5	 | 	10,00
  1	 | 	5	 | 	10,82
  1	 | 	7	 | 	14,32
  2	 | 	3	 | 	2,00
  2	 | 	5	 | 	6,00
  2	 | 	6	 | 	8,00
  2	 | 	8	 | 	13,60
  3	 | 	9	 | 	13,60
  4	 | 	5	 | 	2,00
  4	 | 	6	 | 	4,00
  6	 | 	9	 | 	9,43
  7	 | 	8	 | 	8,06
  3	 | 	4	 | 	2,00
  0	 | 	1	 | 	6,08
  8	 | 	9	 | 	2,00
  6	 | 	7	 | 	2,00
  7	 | 	9	 | 	8,54
___________________________
Simulation Topology [1:6]
___________________________
From 	  To 		Length
___________________________
  0	 | 	3	 | 	6,00
  0	 | 	4	 | 	8,00
  0	 | 	5	 | 	10,00
  1	 | 	5	 | 	10,82
  1	 | 	7	 | 	14,32
  2	 | 	3	 | 	2,00
  2	 | 	5	 | 	6,00
  2	 | 	6	 | 	8,00
  2	 | 	8	 | 	13,60
  3	 | 	9	 | 	13,60
  4	 | 	5	 | 	2,00
  4	 | 	6	 | 	4,00
  6	 | 	9	 | 	9,43
  7	 | 	8	 | 	8,06
  3	 | 	4	 | 	2,00
  0	 | 	1	 | 	6,08
  8	 | 	9	 | 	2,00
  6	 | 	7	 | 	2,00
  7	 | 	9	 | 	8,54
  1	 | 	8	 | 	14,14
___________________________
