[8]				[1]		
[6]				[1]		
[1]				[2]		
[4]				[2]		
[8]				[5]		
[6]				[5]		
[1]				[6]		
[4]				[6]		
[8]				[9]		
[6]				[9]		
___________________________
Simulation Topology [1:1]
___________________________
From 	  To 		Length
___________________________
  0	 | 	1	 | 	2,00
  0	 | 	2	 | 	7,07
  1	 | 	2	 | 	5,10
  1	 | 	4	 | 	4,47
  1	 | 	7	 | 	5,39
  2	 | 	3	 | 	3,00
  3	 | 	6	 | 	5,00
  4	 | 	5	 | 	2,00
  4	 | 	8	 | 	4,00
  5	 | 	8	 | 	4,47
  5	 | 	9	 | 	4,00
  6	 | 	7	 | 	3,00
  6	 | 	9	 | 	5,83
  8	 | 	9	 | 	2,00
___________________________
Simulation Topology [1:2]
___________________________
From 	  To 		Length
___________________________
  0	 | 	1	 | 	2,00
  0	 | 	2	 | 	7,07
  1	 | 	2	 | 	5,10
  1	 | 	4	 | 	4,47
  1	 | 	7	 | 	5,39
  2	 | 	3	 | 	3,00
  3	 | 	6	 | 	5,00
  4	 | 	5	 | 	2,00
  4	 | 	8	 | 	4,00
  5	 | 	8	 | 	4,47
  5	 | 	9	 | 	4,00
  6	 | 	7	 | 	3,00
  6	 | 	9	 | 	5,83
  8	 | 	9	 | 	2,00
  3	 | 	5	 | 	3,61
___________________________
Simulation Topology [1:3]
___________________________
From 	  To 		Length
___________________________
  0	 | 	1	 | 	2,00
  0	 | 	2	 | 	7,07
  1	 | 	2	 | 	5,10
  1	 | 	4	 | 	4,47
  1	 | 	7	 | 	5,39
  2	 | 	3	 | 	3,00
  3	 | 	6	 | 	5,00
  4	 | 	5	 | 	2,00
  4	 | 	8	 | 	4,00
  5	 | 	8	 | 	4,47
  5	 | 	9	 | 	4,00
  6	 | 	7	 | 	3,00
  6	 | 	9	 | 	5,83
  8	 | 	9	 | 	2,00
  3	 | 	5	 | 	3,61
  7	 | 	9	 | 	3,61
___________________________
Simulation Topology [1:4]
___________________________
From 	  To 		Length
___________________________
  0	 | 	1	 | 	2,00
  0	 | 	2	 | 	7,07
  1	 | 	2	 | 	5,10
  1	 | 	4	 | 	4,47
  1	 | 	7	 | 	5,39
  2	 | 	3	 | 	3,00
  3	 | 	6	 | 	5,00
  4	 | 	5	 | 	2,00
  4	 | 	8	 | 	4,00
  5	 | 	8	 | 	4,47
  5	 | 	9	 | 	4,00
  6	 | 	7	 | 	3,00
  6	 | 	9	 | 	5,83
  8	 | 	9	 | 	2,00
  3	 | 	5	 | 	3,61
  7	 | 	9	 | 	3,61
  6	 | 	8	 | 	7,62
___________________________
Simulation Topology [1:5]
___________________________
From 	  To 		Length
___________________________
  0	 | 	1	 | 	2,00
  0	 | 	2	 | 	7,07
  1	 | 	2	 | 	5,10
  1	 | 	4	 | 	4,47
  1	 | 	7	 | 	5,39
  2	 | 	3	 | 	3,00
  3	 | 	6	 | 	5,00
  4	 | 	5	 | 	2,00
  4	 | 	8	 | 	4,00
  5	 | 	8	 | 	4,47
  5	 | 	9	 | 	4,00
  6	 | 	7	 | 	3,00
  6	 | 	9	 | 	5,83
  8	 | 	9	 | 	2,00
  3	 | 	5	 | 	3,61
  7	 | 	9	 | 	3,61
  6	 | 	8	 | 	7,62
  3	 | 	4	 | 	5,00
___________________________
Simulation Topology [1:6]
___________________________
From 	  To 		Length
___________________________
  0	 | 	1	 | 	2,00
  0	 | 	2	 | 	7,07
  1	 | 	2	 | 	5,10
  1	 | 	4	 | 	4,47
  1	 | 	7	 | 	5,39
  2	 | 	3	 | 	3,00
  3	 | 	6	 | 	5,00
  4	 | 	5	 | 	2,00
  4	 | 	8	 | 	4,00
  5	 | 	8	 | 	4,47
  5	 | 	9	 | 	4,00
  6	 | 	7	 | 	3,00
  6	 | 	9	 | 	5,83
  8	 | 	9	 | 	2,00
  3	 | 	5	 | 	3,61
  7	 | 	9	 | 	3,61
  6	 | 	8	 | 	7,62
  3	 | 	4	 | 	5,00
  2	 | 	7	 | 	5,00
___________________________
Simulation Topology [1:7]
___________________________
From 	  To 		Length
___________________________
  0	 | 	1	 | 	2,00
  0	 | 	2	 | 	7,07
  1	 | 	2	 | 	5,10
  1	 | 	4	 | 	4,47
  1	 | 	7	 | 	5,39
  2	 | 	3	 | 	3,00
  3	 | 	6	 | 	5,00
  4	 | 	5	 | 	2,00
  4	 | 	8	 | 	4,00
  5	 | 	8	 | 	4,47
  5	 | 	9	 | 	4,00
  6	 | 	7	 | 	3,00
  6	 | 	9	 | 	5,83
  8	 | 	9	 | 	2,00
  3	 | 	5	 | 	3,61
  7	 | 	9	 | 	3,61
  6	 | 	8	 | 	7,62
  3	 | 	4	 | 	5,00
  2	 | 	7	 | 	5,00
  0	 | 	6	 | 	8,60
___________________________
