Simulation Topology 1
___________________________
[7]				[1]		
[0]				[1]		
[3]				[3]		
[9]				[3]		
[7]				[5]		
[0]				[5]		
[7]				[7]		
[0]				[7]		
[7]				[9]		
[0]				[9]		
___________________________
Simulation Topology [1:0]
___________________________
From 	  To 		Length
___________________________
  0	 | 	1	 | 	7,00
  0	 | 	6	 | 	6,00
  1	 | 	2	 | 	3,61
  2	 | 	3	 | 	6,00
  3	 | 	5	 | 	9,22
  3	 | 	8	 | 	6,32
  4	 | 	5	 | 	7,00
  4	 | 	7	 | 	7,28
  5	 | 	9	 | 	4,00
  6	 | 	7	 | 	7,00
  6	 | 	9	 | 	7,28
  8	 | 	9	 | 	7,00
___________________________
Simulation Topology [1:1]
___________________________
From 	  To 		Length
___________________________
  0	 | 	1	 | 	7,00
  0	 | 	6	 | 	6,00
  1	 | 	2	 | 	3,61
  2	 | 	3	 | 	6,00
  3	 | 	5	 | 	9,22
  3	 | 	8	 | 	6,32
  4	 | 	5	 | 	7,00
  4	 | 	7	 | 	7,28
  5	 | 	9	 | 	4,00
  6	 | 	7	 | 	7,00
  6	 | 	9	 | 	7,28
  8	 | 	9	 | 	7,00
  6	 | 	8	 | 	2,00
___________________________
Simulation Topology [1:2]
___________________________
From 	  To 		Length
___________________________
  0	 | 	1	 | 	7,00
  0	 | 	6	 | 	6,00
  1	 | 	2	 | 	3,61
  2	 | 	3	 | 	6,00
  3	 | 	5	 | 	9,22
  3	 | 	8	 | 	6,32
  4	 | 	5	 | 	7,00
  4	 | 	7	 | 	7,28
  5	 | 	9	 | 	4,00
  6	 | 	7	 | 	7,00
  6	 | 	9	 | 	7,28
  8	 | 	9	 | 	7,00
  6	 | 	8	 | 	2,00
  5	 | 	8	 | 	8,06
___________________________
Simulation Topology [1:3]
___________________________
From 	  To 		Length
___________________________
  0	 | 	1	 | 	7,00
  0	 | 	6	 | 	6,00
  1	 | 	2	 | 	3,61
  2	 | 	3	 | 	6,00
  3	 | 	5	 | 	9,22
  3	 | 	8	 | 	6,32
  4	 | 	5	 | 	7,00
  4	 | 	7	 | 	7,28
  5	 | 	9	 | 	4,00
  6	 | 	7	 | 	7,00
  6	 | 	9	 | 	7,28
  8	 | 	9	 | 	7,00
  6	 | 	8	 | 	2,00
  5	 | 	8	 | 	8,06
  7	 | 	9	 | 	2,00
___________________________
Simulation Topology [1:4]
___________________________
From 	  To 		Length
___________________________
  0	 | 	1	 | 	7,00
  0	 | 	6	 | 	6,00
  1	 | 	2	 | 	3,61
  2	 | 	3	 | 	6,00
  3	 | 	5	 | 	9,22
  3	 | 	8	 | 	6,32
  4	 | 	5	 | 	7,00
  4	 | 	7	 | 	7,28
  5	 | 	9	 | 	4,00
  6	 | 	7	 | 	7,00
  6	 | 	9	 | 	7,28
  8	 | 	9	 | 	7,00
  6	 | 	8	 | 	2,00
  5	 | 	8	 | 	8,06
  7	 | 	9	 | 	2,00
  0	 | 	3	 | 	2,83
___________________________
Simulation Topology [1:5]
___________________________
From 	  To 		Length
___________________________
  0	 | 	1	 | 	7,00
  0	 | 	6	 | 	6,00
  1	 | 	2	 | 	3,61
  2	 | 	3	 | 	6,00
  3	 | 	5	 | 	9,22
  3	 | 	8	 | 	6,32
  4	 | 	5	 | 	7,00
  4	 | 	7	 | 	7,28
  5	 | 	9	 | 	4,00
  6	 | 	7	 | 	7,00
  6	 | 	9	 | 	7,28
  8	 | 	9	 | 	7,00
  6	 | 	8	 | 	2,00
  5	 | 	8	 | 	8,06
  7	 | 	9	 | 	2,00
  0	 | 	3	 | 	2,83
  0	 | 	2	 | 	4,47
___________________________
Simulation Topology [1:6]
___________________________
From 	  To 		Length
___________________________
  0	 | 	1	 | 	7,00
  0	 | 	6	 | 	6,00
  1	 | 	2	 | 	3,61
  2	 | 	3	 | 	6,00
  3	 | 	5	 | 	9,22
  3	 | 	8	 | 	6,32
  4	 | 	5	 | 	7,00
  4	 | 	7	 | 	7,28
  5	 | 	9	 | 	4,00
  6	 | 	7	 | 	7,00
  6	 | 	9	 | 	7,28
  8	 | 	9	 | 	7,00
  6	 | 	8	 | 	2,00
  5	 | 	8	 | 	8,06
  7	 | 	9	 | 	2,00
  0	 | 	3	 | 	2,83
  0	 | 	2	 | 	4,47
  2	 | 	7	 | 	5,00
___________________________
Simulation Topology [1:7]
___________________________
From 	  To 		Length
___________________________
  0	 | 	1	 | 	7,00
  0	 | 	6	 | 	6,00
  1	 | 	2	 | 	3,61
  2	 | 	3	 | 	6,00
  3	 | 	5	 | 	9,22
  3	 | 	8	 | 	6,32
  4	 | 	5	 | 	7,00
  4	 | 	7	 | 	7,28
  5	 | 	9	 | 	4,00
  6	 | 	7	 | 	7,00
  6	 | 	9	 | 	7,28
  8	 | 	9	 | 	7,00
  6	 | 	8	 | 	2,00
  5	 | 	8	 | 	8,06
  7	 | 	9	 | 	2,00
  0	 | 	3	 | 	2,83
  0	 | 	2	 | 	4,47
  2	 | 	7	 | 	5,00
  1	 | 	4	 | 	8,06
___________________________
Simulation Topology [1:8]
___________________________
From 	  To 		Length
___________________________
  0	 | 	1	 | 	7,00
  0	 | 	6	 | 	6,00
  1	 | 	2	 | 	3,61
  2	 | 	3	 | 	6,00
  3	 | 	5	 | 	9,22
  3	 | 	8	 | 	6,32
  4	 | 	5	 | 	7,00
  4	 | 	7	 | 	7,28
  5	 | 	9	 | 	4,00
  6	 | 	7	 | 	7,00
  6	 | 	9	 | 	7,28
  8	 | 	9	 | 	7,00
  6	 | 	8	 | 	2,00
  5	 | 	8	 | 	8,06
  7	 | 	9	 | 	2,00
  0	 | 	3	 | 	2,83
  0	 | 	2	 | 	4,47
  2	 | 	7	 | 	5,00
  1	 | 	4	 | 	8,06
  1	 | 	9	 | 	8,00
___________________________
