Simulation Topology 1
___________________________
[3]				[0]		
[0]				[0]		
[8]				[1]		
[6]				[1]		
[8]				[2]		
___________________________
Simulation Topology [1:0]
___________________________
From 	  To 		Length
___________________________
  0	 | 	1	 | 	3,00
  0	 | 	3	 | 	3,16
  1	 | 	3	 | 	6,08
  2	 | 	3	 | 	2,00
  2	 | 	4	 | 	1,00
  3	 | 	4	 | 	2,24
___________________________
Simulation Topology [1:1]
___________________________
From 	  To 		Length
___________________________
  0	 | 	1	 | 	3,00
  0	 | 	3	 | 	3,16
  1	 | 	3	 | 	6,08
  2	 | 	3	 | 	2,00
  2	 | 	4	 | 	1,00
  3	 | 	4	 | 	2,24
  1	 | 	2	 | 	8,06
___________________________
Simulation Topology [1:2]
___________________________
From 	  To 		Length
___________________________
  0	 | 	1	 | 	3,00
  0	 | 	3	 | 	3,16
  1	 | 	3	 | 	6,08
  2	 | 	3	 | 	2,00
  2	 | 	4	 | 	1,00
  3	 | 	4	 | 	2,24
  1	 | 	2	 | 	8,06
  1	 | 	4	 | 	8,25
___________________________
Simulation Topology [1:3]
___________________________
From 	  To 		Length
___________________________
  0	 | 	1	 | 	3,00
  0	 | 	3	 | 	3,16
  1	 | 	3	 | 	6,08
  2	 | 	3	 | 	2,00
  2	 | 	4	 | 	1,00
  3	 | 	4	 | 	2,24
  1	 | 	2	 | 	8,06
  1	 | 	4	 | 	8,25
  0	 | 	2	 | 	5,10
___________________________
Simulation Topology [1:4]
___________________________
From 	  To 		Length
___________________________
  0	 | 	1	 | 	3,00
  0	 | 	3	 | 	3,16
  1	 | 	3	 | 	6,08
  2	 | 	3	 | 	2,00
  2	 | 	4	 | 	1,00
  3	 | 	4	 | 	2,24
  1	 | 	2	 | 	8,06
  1	 | 	4	 | 	8,25
  0	 | 	2	 | 	5,10
  0	 | 	4	 | 	5,39
___________________________
