Simulation Topology 1
___________________________
[7]				[0]		
[1]				[0]		
[3]				[1]		
[5]				[1]		
[2]				[2]		
___________________________
Simulation Topology [1:0]
___________________________
From 	  To 		Length
___________________________
  0	 | 	1	 | 	6,00
  0	 | 	3	 | 	2,24
  0	 | 	4	 | 	5,39
  1	 | 	2	 | 	2,24
  2	 | 	3	 | 	2,00
  2	 | 	4	 | 	1,41
  3	 | 	4	 | 	3,16
___________________________
Simulation Topology [1:1]
___________________________
From 	  To 		Length
___________________________
  0	 | 	1	 | 	6,00
  0	 | 	3	 | 	2,24
  0	 | 	4	 | 	5,39
  1	 | 	2	 | 	2,24
  2	 | 	3	 | 	2,00
  2	 | 	4	 | 	1,41
  3	 | 	4	 | 	3,16
  1	 | 	3	 | 	4,12
___________________________
