Simulation Topology 1
___________________________
[9]				[1]		
[3]				[3]		
[4]				[5]		
[7]				[6]		
[3]				[9]		
[7]				[10]		
[3]				[13]		
[7]				[14]		
[6]				[17]		
[4]				[19]		
___________________________
Simulation Topology [1:0]
___________________________
From 	  To 		Length
___________________________
  0	 | 	3	 | 	5,39
  0	 | 	5	 | 	9,22
  0	 | 	9	 | 	18,68
  1	 | 	2	 | 	2,24
  1	 | 	6	 | 	10,00
  2	 | 	7	 | 	9,49
  3	 | 	4	 | 	5,00
  3	 | 	6	 | 	8,06
  4	 | 	5	 | 	4,12
  4	 | 	6	 | 	4,00
  4	 | 	7	 | 	6,40
  5	 | 	8	 | 	7,07
  6	 | 	8	 | 	5,00
  7	 | 	9	 | 	5,83
___________________________
Simulation Topology [1:1]
___________________________
From 	  To 		Length
___________________________
  0	 | 	3	 | 	5,39
  0	 | 	5	 | 	9,22
  0	 | 	9	 | 	18,68
  1	 | 	2	 | 	2,24
  1	 | 	6	 | 	10,00
  2	 | 	7	 | 	9,49
  3	 | 	4	 | 	5,00
  3	 | 	6	 | 	8,06
  4	 | 	5	 | 	4,12
  4	 | 	6	 | 	4,00
  4	 | 	7	 | 	6,40
  5	 | 	8	 | 	7,07
  6	 | 	8	 | 	5,00
  7	 | 	9	 | 	5,83
  5	 | 	7	 | 	4,00
___________________________
Simulation Topology [1:2]
___________________________
From 	  To 		Length
___________________________
  0	 | 	3	 | 	5,39
  0	 | 	5	 | 	9,22
  0	 | 	9	 | 	18,68
  1	 | 	2	 | 	2,24
  1	 | 	6	 | 	10,00
  2	 | 	7	 | 	9,49
  3	 | 	4	 | 	5,00
  3	 | 	6	 | 	8,06
  4	 | 	5	 | 	4,12
  4	 | 	6	 | 	4,00
  4	 | 	7	 | 	6,40
  5	 | 	8	 | 	7,07
  6	 | 	8	 | 	5,00
  7	 | 	9	 | 	5,83
  5	 | 	7	 | 	4,00
  2	 | 	3	 | 	3,16
___________________________
Simulation Topology [1:3]
___________________________
From 	  To 		Length
___________________________
  0	 | 	3	 | 	5,39
  0	 | 	5	 | 	9,22
  0	 | 	9	 | 	18,68
  1	 | 	2	 | 	2,24
  1	 | 	6	 | 	10,00
  2	 | 	7	 | 	9,49
  3	 | 	4	 | 	5,00
  3	 | 	6	 | 	8,06
  4	 | 	5	 | 	4,12
  4	 | 	6	 | 	4,00
  4	 | 	7	 | 	6,40
  5	 | 	8	 | 	7,07
  6	 | 	8	 | 	5,00
  7	 | 	9	 | 	5,83
  5	 | 	7	 | 	4,00
  2	 | 	3	 | 	3,16
  8	 | 	9	 | 	2,83
___________________________
Simulation Topology [1:4]
___________________________
From 	  To 		Length
___________________________
  0	 | 	3	 | 	5,39
  0	 | 	5	 | 	9,22
  0	 | 	9	 | 	18,68
  1	 | 	2	 | 	2,24
  1	 | 	6	 | 	10,00
  2	 | 	7	 | 	9,49
  3	 | 	4	 | 	5,00
  3	 | 	6	 | 	8,06
  4	 | 	5	 | 	4,12
  4	 | 	6	 | 	4,00
  4	 | 	7	 | 	6,40
  5	 | 	8	 | 	7,07
  6	 | 	8	 | 	5,00
  7	 | 	9	 | 	5,83
  5	 | 	7	 | 	4,00
  2	 | 	3	 | 	3,16
  8	 | 	9	 | 	2,83
  0	 | 	1	 | 	6,32
___________________________
Simulation Topology [1:5]
___________________________
From 	  To 		Length
___________________________
  0	 | 	3	 | 	5,39
  0	 | 	5	 | 	9,22
  0	 | 	9	 | 	18,68
  1	 | 	2	 | 	2,24
  1	 | 	6	 | 	10,00
  2	 | 	7	 | 	9,49
  3	 | 	4	 | 	5,00
  3	 | 	6	 | 	8,06
  4	 | 	5	 | 	4,12
  4	 | 	6	 | 	4,00
  4	 | 	7	 | 	6,40
  5	 | 	8	 | 	7,07
  6	 | 	8	 | 	5,00
  7	 | 	9	 | 	5,83
  5	 | 	7	 | 	4,00
  2	 | 	3	 | 	3,16
  8	 | 	9	 | 	2,83
  0	 | 	1	 | 	6,32
  1	 | 	8	 | 	14,32
___________________________
Simulation Topology [1:6]
___________________________
From 	  To 		Length
___________________________
  0	 | 	3	 | 	5,39
  0	 | 	5	 | 	9,22
  0	 | 	9	 | 	18,68
  1	 | 	2	 | 	2,24
  1	 | 	6	 | 	10,00
  2	 | 	7	 | 	9,49
  3	 | 	4	 | 	5,00
  3	 | 	6	 | 	8,06
  4	 | 	5	 | 	4,12
  4	 | 	6	 | 	4,00
  4	 | 	7	 | 	6,40
  5	 | 	8	 | 	7,07
  6	 | 	8	 | 	5,00
  7	 | 	9	 | 	5,83
  5	 | 	7	 | 	4,00
  2	 | 	3	 | 	3,16
  8	 | 	9	 | 	2,83
  0	 | 	1	 | 	6,32
  1	 | 	8	 | 	14,32
  2	 | 	9	 | 	14,00
___________________________
