[3]				[1]		
[8]				[1]		
[7]				[3]		
[5]				[2]		
[3]				[5]		
[8]				[5]		
[3]				[7]		
[8]				[7]		
[3]				[9]		
[8]				[9]		
___________________________
Simulation Topology [1:2]
___________________________
From 	  To 		Length
___________________________
  0	 | 	1	 | 	5,00
  0	 | 	3	 | 	2,24
  0	 | 	8	 | 	8,00
  1	 | 	5	 | 	4,00
  1	 | 	9	 | 	8,00
  2	 | 	3	 | 	2,24
  2	 | 	5	 | 	2,24
  2	 | 	6	 | 	5,66
  3	 | 	7	 | 	5,83
  4	 | 	5	 | 	5,00
  4	 | 	6	 | 	2,00
  4	 | 	9	 | 	6,40
  6	 | 	7	 | 	5,00
  8	 | 	9	 | 	5,00
___________________________
Simulation Topology [1:3]
___________________________
From 	  To 		Length
___________________________
  0	 | 	1	 | 	5,00
  0	 | 	3	 | 	2,24
  0	 | 	8	 | 	8,00
  1	 | 	5	 | 	4,00
  1	 | 	9	 | 	8,00
  2	 | 	3	 | 	2,24
  2	 | 	5	 | 	2,24
  2	 | 	6	 | 	5,66
  3	 | 	7	 | 	5,83
  4	 | 	5	 | 	5,00
  4	 | 	6	 | 	2,00
  4	 | 	9	 | 	6,40
  6	 | 	7	 | 	5,00
  8	 | 	9	 | 	5,00
  3	 | 	6	 | 	5,39
___________________________
Simulation Topology [1:4]
___________________________
From 	  To 		Length
___________________________
  0	 | 	1	 | 	5,00
  0	 | 	3	 | 	2,24
  0	 | 	8	 | 	8,00
  1	 | 	5	 | 	4,00
  1	 | 	9	 | 	8,00
  2	 | 	3	 | 	2,24
  2	 | 	5	 | 	2,24
  2	 | 	6	 | 	5,66
  3	 | 	7	 | 	5,83
  4	 | 	5	 | 	5,00
  4	 | 	6	 | 	2,00
  4	 | 	9	 | 	6,40
  6	 | 	7	 | 	5,00
  8	 | 	9	 | 	5,00
  3	 | 	6	 | 	5,39
  4	 | 	8	 | 	4,00
___________________________
Simulation Topology [1:5]
___________________________
From 	  To 		Length
___________________________
  0	 | 	1	 | 	5,00
  0	 | 	3	 | 	2,24
  0	 | 	8	 | 	8,00
  1	 | 	5	 | 	4,00
  1	 | 	9	 | 	8,00
  2	 | 	3	 | 	2,24
  2	 | 	5	 | 	2,24
  2	 | 	6	 | 	5,66
  3	 | 	7	 | 	5,83
  4	 | 	5	 | 	5,00
  4	 | 	6	 | 	2,00
  4	 | 	9	 | 	6,40
  6	 | 	7	 | 	5,00
  8	 | 	9	 | 	5,00
  3	 | 	6	 | 	5,39
  4	 | 	8	 | 	4,00
  1	 | 	2	 | 	2,24
___________________________
Simulation Topology [1:6]
___________________________
From 	  To 		Length
___________________________
  0	 | 	1	 | 	5,00
  0	 | 	3	 | 	2,24
  0	 | 	8	 | 	8,00
  1	 | 	5	 | 	4,00
  1	 | 	9	 | 	8,00
  2	 | 	3	 | 	2,24
  2	 | 	5	 | 	2,24
  2	 | 	6	 | 	5,66
  3	 | 	7	 | 	5,83
  4	 | 	5	 | 	5,00
  4	 | 	6	 | 	2,00
  4	 | 	9	 | 	6,40
  6	 | 	7	 | 	5,00
  8	 | 	9	 | 	5,00
  3	 | 	6	 | 	5,39
  4	 | 	8	 | 	4,00
  1	 | 	2	 | 	2,24
  5	 | 	7	 | 	2,00
___________________________
Simulation Topology [1:7]
___________________________
From 	  To 		Length
___________________________
  0	 | 	1	 | 	5,00
  0	 | 	3	 | 	2,24
  0	 | 	8	 | 	8,00
  1	 | 	5	 | 	4,00
  1	 | 	9	 | 	8,00
  2	 | 	3	 | 	2,24
  2	 | 	5	 | 	2,24
  2	 | 	6	 | 	5,66
  3	 | 	7	 | 	5,83
  4	 | 	5	 | 	5,00
  4	 | 	6	 | 	2,00
  4	 | 	9	 | 	6,40
  6	 | 	7	 | 	5,00
  8	 | 	9	 | 	5,00
  3	 | 	6	 | 	5,39
  4	 | 	8	 | 	4,00
  1	 | 	2	 | 	2,24
  5	 | 	7	 | 	2,00
  7	 | 	9	 | 	2,00
___________________________
Simulation Topology [1:8]
___________________________
From 	  To 		Length
___________________________
  0	 | 	1	 | 	5,00
  0	 | 	3	 | 	2,24
  0	 | 	8	 | 	8,00
  1	 | 	5	 | 	4,00
  1	 | 	9	 | 	8,00
  2	 | 	3	 | 	2,24
  2	 | 	5	 | 	2,24
  2	 | 	6	 | 	5,66
  3	 | 	7	 | 	5,83
  4	 | 	5	 | 	5,00
  4	 | 	6	 | 	2,00
  4	 | 	9	 | 	6,40
  6	 | 	7	 | 	5,00
  8	 | 	9	 | 	5,00
  3	 | 	6	 | 	5,39
  4	 | 	8	 | 	4,00
  1	 | 	2	 | 	2,24
  5	 | 	7	 | 	2,00
  7	 | 	9	 | 	2,00
  0	 | 	6	 | 	6,00
___________________________
