Simulation Topology 1
___________________________
[1]				[0]		
[3]				[0]		
[9]				[1]		
[7]				[1]		
[2]				[2]		
___________________________
Simulation Topology [1:0]
___________________________
From 	  To 		Length
___________________________
  0	 | 	1	 | 	2,00
  0	 | 	3	 | 	6,08
  0	 | 	4	 | 	2,24
  1	 | 	2	 | 	6,08
  1	 | 	3	 | 	4,12
  1	 | 	4	 | 	2,24
  2	 | 	3	 | 	2,00
  2	 | 	4	 | 	7,07
  3	 | 	4	 | 	5,10
___________________________
Simulation Topology [1:1]
___________________________
From 	  To 		Length
___________________________
  0	 | 	1	 | 	2,00
  0	 | 	3	 | 	6,08
  0	 | 	4	 | 	2,24
  1	 | 	2	 | 	6,08
  1	 | 	3	 | 	4,12
  1	 | 	4	 | 	2,24
  2	 | 	3	 | 	2,00
  2	 | 	4	 | 	7,07
  3	 | 	4	 | 	5,10
  0	 | 	2	 | 	8,06
___________________________
