Simulation Topology 1
___________________________
[0]				[1]		
[3]				[1]		
[8]				[2]		
[2]				[3]		
[0]				[5]		
[3]				[5]		
[0]				[7]		
[3]				[7]		
[15]				[19]		
[12]				[19]		
___________________________
Simulation Topology [1:0]
___________________________
From 	  To 		Length
___________________________
  0	 | 	1	 | 	3,00
  0	 | 	5	 | 	5,00
  0	 | 	8	 | 	23,43
  1	 | 	4	 | 	5,00
  1	 | 	6	 | 	6,71
  2	 | 	3	 | 	6,08
  2	 | 	7	 | 	7,07
  2	 | 	9	 | 	17,46
  3	 | 	5	 | 	2,24
  3	 | 	7	 | 	4,12
  4	 | 	5	 | 	3,00
  6	 | 	7	 | 	3,00
  8	 | 	9	 | 	3,00
___________________________
Simulation Topology [1:1]
___________________________
From 	  To 		Length
___________________________
  0	 | 	1	 | 	3,00
  0	 | 	5	 | 	5,00
  0	 | 	8	 | 	23,43
  1	 | 	4	 | 	5,00
  1	 | 	6	 | 	6,71
  2	 | 	3	 | 	6,08
  2	 | 	7	 | 	7,07
  2	 | 	9	 | 	17,46
  3	 | 	5	 | 	2,24
  3	 | 	7	 | 	4,12
  4	 | 	5	 | 	3,00
  6	 | 	7	 | 	3,00
  8	 | 	9	 | 	3,00
  0	 | 	3	 | 	2,83
___________________________
Simulation Topology [1:2]
___________________________
From 	  To 		Length
___________________________
  0	 | 	1	 | 	3,00
  0	 | 	5	 | 	5,00
  0	 | 	8	 | 	23,43
  1	 | 	4	 | 	5,00
  1	 | 	6	 | 	6,71
  2	 | 	3	 | 	6,08
  2	 | 	7	 | 	7,07
  2	 | 	9	 | 	17,46
  3	 | 	5	 | 	2,24
  3	 | 	7	 | 	4,12
  4	 | 	5	 | 	3,00
  6	 | 	7	 | 	3,00
  8	 | 	9	 | 	3,00
  0	 | 	3	 | 	2,83
  5	 | 	7	 | 	2,00
___________________________
Simulation Topology [1:3]
___________________________
From 	  To 		Length
___________________________
  0	 | 	1	 | 	3,00
  0	 | 	5	 | 	5,00
  0	 | 	8	 | 	23,43
  1	 | 	4	 | 	5,00
  1	 | 	6	 | 	6,71
  2	 | 	3	 | 	6,08
  2	 | 	7	 | 	7,07
  2	 | 	9	 | 	17,46
  3	 | 	5	 | 	2,24
  3	 | 	7	 | 	4,12
  4	 | 	5	 | 	3,00
  6	 | 	7	 | 	3,00
  8	 | 	9	 | 	3,00
  0	 | 	3	 | 	2,83
  5	 | 	7	 | 	2,00
  4	 | 	6	 | 	2,00
___________________________
Simulation Topology [1:4]
___________________________
From 	  To 		Length
___________________________
  0	 | 	1	 | 	3,00
  0	 | 	5	 | 	5,00
  0	 | 	8	 | 	23,43
  1	 | 	4	 | 	5,00
  1	 | 	6	 | 	6,71
  2	 | 	3	 | 	6,08
  2	 | 	7	 | 	7,07
  2	 | 	9	 | 	17,46
  3	 | 	5	 | 	2,24
  3	 | 	7	 | 	4,12
  4	 | 	5	 | 	3,00
  6	 | 	7	 | 	3,00
  8	 | 	9	 | 	3,00
  0	 | 	3	 | 	2,83
  5	 | 	7	 | 	2,00
  4	 | 	6	 | 	2,00
  1	 | 	2	 | 	5,10
___________________________
Simulation Topology [1:5]
___________________________
From 	  To 		Length
___________________________
  0	 | 	1	 | 	3,00
  0	 | 	5	 | 	5,00
  0	 | 	8	 | 	23,43
  1	 | 	4	 | 	5,00
  1	 | 	6	 | 	6,71
  2	 | 	3	 | 	6,08
  2	 | 	7	 | 	7,07
  2	 | 	9	 | 	17,46
  3	 | 	5	 | 	2,24
  3	 | 	7	 | 	4,12
  4	 | 	5	 | 	3,00
  6	 | 	7	 | 	3,00
  8	 | 	9	 | 	3,00
  0	 | 	3	 | 	2,83
  5	 | 	7	 | 	2,00
  4	 | 	6	 | 	2,00
  1	 | 	2	 | 	5,10
  4	 | 	9	 | 	18,44
___________________________
Simulation Topology [1:6]
___________________________
From 	  To 		Length
___________________________
  0	 | 	1	 | 	3,00
  0	 | 	5	 | 	5,00
  0	 | 	8	 | 	23,43
  1	 | 	4	 | 	5,00
  1	 | 	6	 | 	6,71
  2	 | 	3	 | 	6,08
  2	 | 	7	 | 	7,07
  2	 | 	9	 | 	17,46
  3	 | 	5	 | 	2,24
  3	 | 	7	 | 	4,12
  4	 | 	5	 | 	3,00
  6	 | 	7	 | 	3,00
  8	 | 	9	 | 	3,00
  0	 | 	3	 | 	2,83
  5	 | 	7	 | 	2,00
  4	 | 	6	 | 	2,00
  1	 | 	2	 | 	5,10
  4	 | 	9	 | 	18,44
  6	 | 	9	 | 	16,97
___________________________
Simulation Topology [1:7]
___________________________
From 	  To 		Length
___________________________
  0	 | 	1	 | 	3,00
  0	 | 	5	 | 	5,00
  0	 | 	8	 | 	23,43
  1	 | 	4	 | 	5,00
  1	 | 	6	 | 	6,71
  2	 | 	3	 | 	6,08
  2	 | 	7	 | 	7,07
  2	 | 	9	 | 	17,46
  3	 | 	5	 | 	2,24
  3	 | 	7	 | 	4,12
  4	 | 	5	 | 	3,00
  6	 | 	7	 | 	3,00
  8	 | 	9	 | 	3,00
  0	 | 	3	 | 	2,83
  5	 | 	7	 | 	2,00
  4	 | 	6	 | 	2,00
  1	 | 	2	 | 	5,10
  4	 | 	9	 | 	18,44
  6	 | 	9	 | 	16,97
  7	 | 	8	 | 	16,97
___________________________
