[1]				[0]		
[11]				[0]		
[6]				[1]		
[8]				[1]		
[1]				[2]		
[11]				[2]		
[9]				[3]		
[16]				[3]		
[9]				[4]		
[16]				[4]		
___________________________
Simulation Topology [1:2]
___________________________
From 	  To 		Length
___________________________
  0	 | 	1	 | 	10,00
  0	 | 	5	 | 	10,20
  1	 | 	5	 | 	2,00
  2	 | 	3	 | 	2,00
  2	 | 	9	 | 	10,44
  3	 | 	6	 | 	2,24
  3	 | 	7	 | 	8,25
  3	 | 	8	 | 	3,16
  4	 | 	5	 | 	10,00
  4	 | 	6	 | 	8,06
  5	 | 	7	 | 	5,10
  6	 | 	7	 | 	7,00
  8	 | 	9	 | 	7,00
___________________________
Simulation Topology [1:3]
___________________________
From 	  To 		Length
___________________________
  0	 | 	1	 | 	10,00
  0	 | 	5	 | 	10,20
  1	 | 	5	 | 	2,00
  2	 | 	3	 | 	2,00
  2	 | 	9	 | 	10,44
  3	 | 	6	 | 	2,24
  3	 | 	7	 | 	8,25
  3	 | 	8	 | 	3,16
  4	 | 	5	 | 	10,00
  4	 | 	6	 | 	8,06
  5	 | 	7	 | 	5,10
  6	 | 	7	 | 	7,00
  8	 | 	9	 | 	7,00
  7	 | 	9	 | 	1,00
___________________________
Simulation Topology [1:4]
___________________________
From 	  To 		Length
___________________________
  0	 | 	1	 | 	10,00
  0	 | 	5	 | 	10,20
  1	 | 	5	 | 	2,00
  2	 | 	3	 | 	2,00
  2	 | 	9	 | 	10,44
  3	 | 	6	 | 	2,24
  3	 | 	7	 | 	8,25
  3	 | 	8	 | 	3,16
  4	 | 	5	 | 	10,00
  4	 | 	6	 | 	8,06
  5	 | 	7	 | 	5,10
  6	 | 	7	 | 	7,00
  8	 | 	9	 | 	7,00
  7	 | 	9	 | 	1,00
  0	 | 	6	 | 	8,54
___________________________
Simulation Topology [1:5]
___________________________
From 	  To 		Length
___________________________
  0	 | 	1	 | 	10,00
  0	 | 	5	 | 	10,20
  1	 | 	5	 | 	2,00
  2	 | 	3	 | 	2,00
  2	 | 	9	 | 	10,44
  3	 | 	6	 | 	2,24
  3	 | 	7	 | 	8,25
  3	 | 	8	 | 	3,16
  4	 | 	5	 | 	10,00
  4	 | 	6	 | 	8,06
  5	 | 	7	 | 	5,10
  6	 | 	7	 | 	7,00
  8	 | 	9	 | 	7,00
  7	 | 	9	 | 	1,00
  0	 | 	6	 | 	8,54
  1	 | 	9	 | 	6,40
___________________________
Simulation Topology [1:6]
___________________________
From 	  To 		Length
___________________________
  0	 | 	1	 | 	10,00
  0	 | 	5	 | 	10,20
  1	 | 	5	 | 	2,00
  2	 | 	3	 | 	2,00
  2	 | 	9	 | 	10,44
  3	 | 	6	 | 	2,24
  3	 | 	7	 | 	8,25
  3	 | 	8	 | 	3,16
  4	 | 	5	 | 	10,00
  4	 | 	6	 | 	8,06
  5	 | 	7	 | 	5,10
  6	 | 	7	 | 	7,00
  8	 | 	9	 | 	7,00
  7	 | 	9	 | 	1,00
  0	 | 	6	 | 	8,54
  1	 | 	9	 | 	6,40
  0	 | 	4	 | 	2,00
___________________________
Simulation Topology [1:7]
___________________________
From 	  To 		Length
___________________________
  0	 | 	1	 | 	10,00
  0	 | 	5	 | 	10,20
  1	 | 	5	 | 	2,00
  2	 | 	3	 | 	2,00
  2	 | 	9	 | 	10,44
  3	 | 	6	 | 	2,24
  3	 | 	7	 | 	8,25
  3	 | 	8	 | 	3,16
  4	 | 	5	 | 	10,00
  4	 | 	6	 | 	8,06
  5	 | 	7	 | 	5,10
  6	 | 	7	 | 	7,00
  8	 | 	9	 | 	7,00
  7	 | 	9	 | 	1,00
  0	 | 	6	 | 	8,54
  1	 | 	9	 | 	6,40
  0	 | 	4	 | 	2,00
  1	 | 	2	 | 	5,10
___________________________
Simulation Topology [1:8]
___________________________
From 	  To 		Length
___________________________
  0	 | 	1	 | 	10,00
  0	 | 	5	 | 	10,20
  1	 | 	5	 | 	2,00
  2	 | 	3	 | 	2,00
  2	 | 	9	 | 	10,44
  3	 | 	6	 | 	2,24
  3	 | 	7	 | 	8,25
  3	 | 	8	 | 	3,16
  4	 | 	5	 | 	10,00
  4	 | 	6	 | 	8,06
  5	 | 	7	 | 	5,10
  6	 | 	7	 | 	7,00
  8	 | 	9	 | 	7,00
  7	 | 	9	 | 	1,00
  0	 | 	6	 | 	8,54
  1	 | 	9	 | 	6,40
  0	 | 	4	 | 	2,00
  1	 | 	2	 | 	5,10
  2	 | 	8	 | 	4,24
___________________________
Simulation Topology [1:9]
___________________________
From 	  To 		Length
___________________________
  0	 | 	1	 | 	10,00
  0	 | 	5	 | 	10,20
  1	 | 	5	 | 	2,00
  2	 | 	3	 | 	2,00
  2	 | 	9	 | 	10,44
  3	 | 	6	 | 	2,24
  3	 | 	7	 | 	8,25
  3	 | 	8	 | 	3,16
  4	 | 	5	 | 	10,00
  4	 | 	6	 | 	8,06
  5	 | 	7	 | 	5,10
  6	 | 	7	 | 	7,00
  8	 | 	9	 | 	7,00
  7	 | 	9	 | 	1,00
  0	 | 	6	 | 	8,54
  1	 | 	9	 | 	6,40
  0	 | 	4	 | 	2,00
  1	 | 	2	 | 	5,10
  2	 | 	8	 | 	4,24
  4	 | 	8	 | 	8,25
___________________________
