Simulation Topology 1
___________________________
[4]				[1]		
[9]				[1]		
[14]				[13]		
[19]				[13]		
[19]				[15]		
[13]				[15]		
[19]				[17]		
[14]				[17]		
[19]				[19]		
[13]				[19]		
___________________________
Simulation Topology [1:0]
___________________________
From 	  To 		Length
___________________________
  0	 | 	1	 | 	5,00
  0	 | 	7	 | 	18,87
  1	 | 	3	 | 	15,62
  2	 | 	3	 | 	5,00
  2	 | 	4	 | 	5,39
  2	 | 	7	 | 	4,00
  4	 | 	5	 | 	6,00
  4	 | 	8	 | 	4,00
  5	 | 	8	 | 	7,21
  6	 | 	7	 | 	5,00
  6	 | 	9	 | 	6,32
  8	 | 	9	 | 	6,00
___________________________
Simulation Topology [1:1]
___________________________
From 	  To 		Length
___________________________
  0	 | 	1	 | 	5,00
  0	 | 	7	 | 	18,87
  1	 | 	3	 | 	15,62
  2	 | 	3	 | 	5,00
  2	 | 	4	 | 	5,39
  2	 | 	7	 | 	4,00
  4	 | 	5	 | 	6,00
  4	 | 	8	 | 	4,00
  5	 | 	8	 | 	7,21
  6	 | 	7	 | 	5,00
  6	 | 	9	 | 	6,32
  8	 | 	9	 | 	6,00
  5	 | 	6	 | 	6,32
___________________________
Simulation Topology [1:2]
___________________________
From 	  To 		Length
___________________________
  0	 | 	1	 | 	5,00
  0	 | 	7	 | 	18,87
  1	 | 	3	 | 	15,62
  2	 | 	3	 | 	5,00
  2	 | 	4	 | 	5,39
  2	 | 	7	 | 	4,00
  4	 | 	5	 | 	6,00
  4	 | 	8	 | 	4,00
  5	 | 	8	 | 	7,21
  6	 | 	7	 | 	5,00
  6	 | 	9	 | 	6,32
  8	 | 	9	 | 	6,00
  5	 | 	6	 | 	6,32
  7	 | 	9	 | 	2,24
___________________________
Simulation Topology [1:3]
___________________________
From 	  To 		Length
___________________________
  0	 | 	1	 | 	5,00
  0	 | 	7	 | 	18,87
  1	 | 	3	 | 	15,62
  2	 | 	3	 | 	5,00
  2	 | 	4	 | 	5,39
  2	 | 	7	 | 	4,00
  4	 | 	5	 | 	6,00
  4	 | 	8	 | 	4,00
  5	 | 	8	 | 	7,21
  6	 | 	7	 | 	5,00
  6	 | 	9	 | 	6,32
  8	 | 	9	 | 	6,00
  5	 | 	6	 | 	6,32
  7	 | 	9	 | 	2,24
  2	 | 	5	 | 	2,24
___________________________
Simulation Topology [1:4]
___________________________
From 	  To 		Length
___________________________
  0	 | 	1	 | 	5,00
  0	 | 	7	 | 	18,87
  1	 | 	3	 | 	15,62
  2	 | 	3	 | 	5,00
  2	 | 	4	 | 	5,39
  2	 | 	7	 | 	4,00
  4	 | 	5	 | 	6,00
  4	 | 	8	 | 	4,00
  5	 | 	8	 | 	7,21
  6	 | 	7	 | 	5,00
  6	 | 	9	 | 	6,32
  8	 | 	9	 | 	6,00
  5	 | 	6	 | 	6,32
  7	 | 	9	 | 	2,24
  2	 | 	5	 | 	2,24
  4	 | 	6	 | 	2,00
___________________________
Simulation Topology [1:5]
___________________________
From 	  To 		Length
___________________________
  0	 | 	1	 | 	5,00
  0	 | 	7	 | 	18,87
  1	 | 	3	 | 	15,62
  2	 | 	3	 | 	5,00
  2	 | 	4	 | 	5,39
  2	 | 	7	 | 	4,00
  4	 | 	5	 | 	6,00
  4	 | 	8	 | 	4,00
  5	 | 	8	 | 	7,21
  6	 | 	7	 | 	5,00
  6	 | 	9	 | 	6,32
  8	 | 	9	 | 	6,00
  5	 | 	6	 | 	6,32
  7	 | 	9	 | 	2,24
  2	 | 	5	 | 	2,24
  4	 | 	6	 | 	2,00
  3	 | 	8	 | 	6,00
___________________________
Simulation Topology [1:6]
___________________________
From 	  To 		Length
___________________________
  0	 | 	1	 | 	5,00
  0	 | 	7	 | 	18,87
  1	 | 	3	 | 	15,62
  2	 | 	3	 | 	5,00
  2	 | 	4	 | 	5,39
  2	 | 	7	 | 	4,00
  4	 | 	5	 | 	6,00
  4	 | 	8	 | 	4,00
  5	 | 	8	 | 	7,21
  6	 | 	7	 | 	5,00
  6	 | 	9	 | 	6,32
  8	 | 	9	 | 	6,00
  5	 | 	6	 | 	6,32
  7	 | 	9	 | 	2,24
  2	 | 	5	 | 	2,24
  4	 | 	6	 | 	2,00
  3	 | 	8	 | 	6,00
  3	 | 	9	 | 	8,49
___________________________
Simulation Topology [1:7]
___________________________
From 	  To 		Length
___________________________
  0	 | 	1	 | 	5,00
  0	 | 	7	 | 	18,87
  1	 | 	3	 | 	15,62
  2	 | 	3	 | 	5,00
  2	 | 	4	 | 	5,39
  2	 | 	7	 | 	4,00
  4	 | 	5	 | 	6,00
  4	 | 	8	 | 	4,00
  5	 | 	8	 | 	7,21
  6	 | 	7	 | 	5,00
  6	 | 	9	 | 	6,32
  8	 | 	9	 | 	6,00
  5	 | 	6	 | 	6,32
  7	 | 	9	 | 	2,24
  2	 | 	5	 | 	2,24
  4	 | 	6	 | 	2,00
  3	 | 	8	 | 	6,00
  3	 | 	9	 | 	8,49
  1	 | 	7	 | 	16,76
___________________________
Simulation Topology [1:8]
___________________________
From 	  To 		Length
___________________________
  0	 | 	1	 | 	5,00
  0	 | 	7	 | 	18,87
  1	 | 	3	 | 	15,62
  2	 | 	3	 | 	5,00
  2	 | 	4	 | 	5,39
  2	 | 	7	 | 	4,00
  4	 | 	5	 | 	6,00
  4	 | 	8	 | 	4,00
  5	 | 	8	 | 	7,21
  6	 | 	7	 | 	5,00
  6	 | 	9	 | 	6,32
  8	 | 	9	 | 	6,00
  5	 | 	6	 | 	6,32
  7	 | 	9	 | 	2,24
  2	 | 	5	 | 	2,24
  4	 | 	6	 | 	2,00
  3	 | 	8	 | 	6,00
  3	 | 	9	 | 	8,49
  1	 | 	7	 | 	16,76
  0	 | 	4	 | 	20,52
___________________________
