Simulation Topology 1
___________________________
[3]				[0]		
[3]				[2]		
[3]				[4]		
[3]				[6]		
[3]				[8]		
[3]				[10]		
[3]				[12]		
[3]				[14]		
[3]				[16]		
[3]				[18]		
___________________________
Simulation Topology [1:0]
___________________________
From 	  To 		Length
___________________________
  0	 | 	3	 | 	6,00
  0	 | 	7	 | 	14,00
  0	 | 	9	 | 	18,00
  1	 | 	2	 | 	2,00
  1	 | 	5	 | 	8,00
  1	 | 	8	 | 	14,00
  1	 | 	9	 | 	16,00
  2	 | 	5	 | 	6,00
  2	 | 	9	 | 	14,00
  3	 | 	4	 | 	2,00
  4	 | 	6	 | 	4,00
  5	 | 	6	 | 	2,00
  5	 | 	7	 | 	4,00
  5	 | 	8	 | 	6,00
  6	 | 	9	 | 	6,00
  7	 | 	8	 | 	2,00
___________________________
Simulation Topology [1:1]
___________________________
From 	  To 		Length
___________________________
  0	 | 	3	 | 	6,00
  0	 | 	7	 | 	14,00
  0	 | 	9	 | 	18,00
  1	 | 	2	 | 	2,00
  1	 | 	5	 | 	8,00
  1	 | 	8	 | 	14,00
  1	 | 	9	 | 	16,00
  2	 | 	5	 | 	6,00
  2	 | 	9	 | 	14,00
  3	 | 	4	 | 	2,00
  4	 | 	6	 | 	4,00
  5	 | 	6	 | 	2,00
  5	 | 	7	 | 	4,00
  5	 | 	8	 | 	6,00
  6	 | 	9	 | 	6,00
  7	 | 	8	 | 	2,00
  2	 | 	3	 | 	2,00
___________________________
Simulation Topology [1:2]
___________________________
From 	  To 		Length
___________________________
  0	 | 	3	 | 	6,00
  0	 | 	7	 | 	14,00
  0	 | 	9	 | 	18,00
  1	 | 	2	 | 	2,00
  1	 | 	5	 | 	8,00
  1	 | 	8	 | 	14,00
  1	 | 	9	 | 	16,00
  2	 | 	5	 | 	6,00
  2	 | 	9	 | 	14,00
  3	 | 	4	 | 	2,00
  4	 | 	6	 | 	4,00
  5	 | 	6	 | 	2,00
  5	 | 	7	 | 	4,00
  5	 | 	8	 | 	6,00
  6	 | 	9	 | 	6,00
  7	 | 	8	 | 	2,00
  2	 | 	3	 | 	2,00
  6	 | 	7	 | 	2,00
___________________________
Simulation Topology [1:3]
___________________________
From 	  To 		Length
___________________________
  0	 | 	3	 | 	6,00
  0	 | 	7	 | 	14,00
  0	 | 	9	 | 	18,00
  1	 | 	2	 | 	2,00
  1	 | 	5	 | 	8,00
  1	 | 	8	 | 	14,00
  1	 | 	9	 | 	16,00
  2	 | 	5	 | 	6,00
  2	 | 	9	 | 	14,00
  3	 | 	4	 | 	2,00
  4	 | 	6	 | 	4,00
  5	 | 	6	 | 	2,00
  5	 | 	7	 | 	4,00
  5	 | 	8	 | 	6,00
  6	 | 	9	 | 	6,00
  7	 | 	8	 | 	2,00
  2	 | 	3	 | 	2,00
  6	 | 	7	 | 	2,00
  4	 | 	8	 | 	8,00
___________________________
Simulation Topology [1:4]
___________________________
From 	  To 		Length
___________________________
  0	 | 	3	 | 	6,00
  0	 | 	7	 | 	14,00
  0	 | 	9	 | 	18,00
  1	 | 	2	 | 	2,00
  1	 | 	5	 | 	8,00
  1	 | 	8	 | 	14,00
  1	 | 	9	 | 	16,00
  2	 | 	5	 | 	6,00
  2	 | 	9	 | 	14,00
  3	 | 	4	 | 	2,00
  4	 | 	6	 | 	4,00
  5	 | 	6	 | 	2,00
  5	 | 	7	 | 	4,00
  5	 | 	8	 | 	6,00
  6	 | 	9	 | 	6,00
  7	 | 	8	 | 	2,00
  2	 | 	3	 | 	2,00
  6	 | 	7	 | 	2,00
  4	 | 	8	 | 	8,00
  3	 | 	8	 | 	10,00
___________________________
