Simulation Topology 1
___________________________
[6]				[1]		
[8]				[1]		
[4]				[2]		
[1]				[3]		
[6]				[4]		
[1]				[5]		
[6]				[6]		
[1]				[7]		
[6]				[8]		
[1]				[9]		
___________________________
Simulation Topology [1:0]
___________________________
From 	  To 		Length
___________________________
  0	 | 	1	 | 	2,00
  0	 | 	5	 | 	6,40
  1	 | 	7	 | 	9,22
  1	 | 	8	 | 	7,28
  2	 | 	3	 | 	3,16
  2	 | 	4	 | 	2,83
  3	 | 	8	 | 	7,07
  4	 | 	5	 | 	5,10
  5	 | 	7	 | 	2,00
  6	 | 	7	 | 	5,10
  6	 | 	9	 | 	5,83
  8	 | 	9	 | 	5,10
___________________________
Simulation Topology [1:1]
___________________________
From 	  To 		Length
___________________________
  0	 | 	1	 | 	2,00
  0	 | 	5	 | 	6,40
  1	 | 	7	 | 	9,22
  1	 | 	8	 | 	7,28
  2	 | 	3	 | 	3,16
  2	 | 	4	 | 	2,83
  3	 | 	8	 | 	7,07
  4	 | 	5	 | 	5,10
  5	 | 	7	 | 	2,00
  6	 | 	7	 | 	5,10
  6	 | 	9	 | 	5,83
  8	 | 	9	 | 	5,10
  1	 | 	5	 | 	8,06
___________________________
Simulation Topology [1:2]
___________________________
From 	  To 		Length
___________________________
  0	 | 	1	 | 	2,00
  0	 | 	5	 | 	6,40
  1	 | 	7	 | 	9,22
  1	 | 	8	 | 	7,28
  2	 | 	3	 | 	3,16
  2	 | 	4	 | 	2,83
  3	 | 	8	 | 	7,07
  4	 | 	5	 | 	5,10
  5	 | 	7	 | 	2,00
  6	 | 	7	 | 	5,10
  6	 | 	9	 | 	5,83
  8	 | 	9	 | 	5,10
  1	 | 	5	 | 	8,06
  0	 | 	2	 | 	2,24
___________________________
Simulation Topology [1:3]
___________________________
From 	  To 		Length
___________________________
  0	 | 	1	 | 	2,00
  0	 | 	5	 | 	6,40
  1	 | 	7	 | 	9,22
  1	 | 	8	 | 	7,28
  2	 | 	3	 | 	3,16
  2	 | 	4	 | 	2,83
  3	 | 	8	 | 	7,07
  4	 | 	5	 | 	5,10
  5	 | 	7	 | 	2,00
  6	 | 	7	 | 	5,10
  6	 | 	9	 | 	5,83
  8	 | 	9	 | 	5,10
  1	 | 	5	 | 	8,06
  0	 | 	2	 | 	2,24
  0	 | 	4	 | 	3,00
___________________________
Simulation Topology [1:4]
___________________________
From 	  To 		Length
___________________________
  0	 | 	1	 | 	2,00
  0	 | 	5	 | 	6,40
  1	 | 	7	 | 	9,22
  1	 | 	8	 | 	7,28
  2	 | 	3	 | 	3,16
  2	 | 	4	 | 	2,83
  3	 | 	8	 | 	7,07
  4	 | 	5	 | 	5,10
  5	 | 	7	 | 	2,00
  6	 | 	7	 | 	5,10
  6	 | 	9	 | 	5,83
  8	 | 	9	 | 	5,10
  1	 | 	5	 | 	8,06
  0	 | 	2	 | 	2,24
  0	 | 	4	 | 	3,00
  2	 | 	8	 | 	6,32
___________________________
Simulation Topology [1:5]
___________________________
From 	  To 		Length
___________________________
  0	 | 	1	 | 	2,00
  0	 | 	5	 | 	6,40
  1	 | 	7	 | 	9,22
  1	 | 	8	 | 	7,28
  2	 | 	3	 | 	3,16
  2	 | 	4	 | 	2,83
  3	 | 	8	 | 	7,07
  4	 | 	5	 | 	5,10
  5	 | 	7	 | 	2,00
  6	 | 	7	 | 	5,10
  6	 | 	9	 | 	5,83
  8	 | 	9	 | 	5,10
  1	 | 	5	 | 	8,06
  0	 | 	2	 | 	2,24
  0	 | 	4	 | 	3,00
  2	 | 	8	 | 	6,32
  7	 | 	9	 | 	2,00
___________________________
Simulation Topology [1:6]
___________________________
From 	  To 		Length
___________________________
  0	 | 	1	 | 	2,00
  0	 | 	5	 | 	6,40
  1	 | 	7	 | 	9,22
  1	 | 	8	 | 	7,28
  2	 | 	3	 | 	3,16
  2	 | 	4	 | 	2,83
  3	 | 	8	 | 	7,07
  4	 | 	5	 | 	5,10
  5	 | 	7	 | 	2,00
  6	 | 	7	 | 	5,10
  6	 | 	9	 | 	5,83
  8	 | 	9	 | 	5,10
  1	 | 	5	 | 	8,06
  0	 | 	2	 | 	2,24
  0	 | 	4	 | 	3,00
  2	 | 	8	 | 	6,32
  7	 | 	9	 | 	2,00
  3	 | 	6	 | 	5,83
___________________________
Simulation Topology [1:7]
___________________________
From 	  To 		Length
___________________________
  0	 | 	1	 | 	2,00
  0	 | 	5	 | 	6,40
  1	 | 	7	 | 	9,22
  1	 | 	8	 | 	7,28
  2	 | 	3	 | 	3,16
  2	 | 	4	 | 	2,83
  3	 | 	8	 | 	7,07
  4	 | 	5	 | 	5,10
  5	 | 	7	 | 	2,00
  6	 | 	7	 | 	5,10
  6	 | 	9	 | 	5,83
  8	 | 	9	 | 	5,10
  1	 | 	5	 | 	8,06
  0	 | 	2	 | 	2,24
  0	 | 	4	 | 	3,00
  2	 | 	8	 | 	6,32
  7	 | 	9	 | 	2,00
  3	 | 	6	 | 	5,83
  4	 | 	6	 | 	2,00
___________________________
Simulation Topology [1:8]
___________________________
From 	  To 		Length
___________________________
  0	 | 	1	 | 	2,00
  0	 | 	5	 | 	6,40
  1	 | 	7	 | 	9,22
  1	 | 	8	 | 	7,28
  2	 | 	3	 | 	3,16
  2	 | 	4	 | 	2,83
  3	 | 	8	 | 	7,07
  4	 | 	5	 | 	5,10
  5	 | 	7	 | 	2,00
  6	 | 	7	 | 	5,10
  6	 | 	9	 | 	5,83
  8	 | 	9	 | 	5,10
  1	 | 	5	 | 	8,06
  0	 | 	2	 | 	2,24
  0	 | 	4	 | 	3,00
  2	 | 	8	 | 	6,32
  7	 | 	9	 | 	2,00
  3	 | 	6	 | 	5,83
  4	 | 	6	 | 	2,00
  3	 | 	9	 | 	6,00
___________________________
