Simulation Topology 1
___________________________
[3]				[1]		
[5]				[1]		
[8]				[3]		
[1]				[3]		
[4]				[4]		
[0]				[5]		
[2]				[7]		
[6]				[7]		
[4]				[8]		
[8]				[9]		
___________________________
Simulation Topology [1:0]
___________________________
From 	  To 		Length
___________________________
  0	 | 	1	 | 	2,00
  0	 | 	2	 | 	5,39
  1	 | 	3	 | 	4,47
  1	 | 	7	 | 	6,08
  2	 | 	3	 | 	7,00
  3	 | 	8	 | 	5,83
  4	 | 	5	 | 	4,12
  4	 | 	8	 | 	4,00
  4	 | 	9	 | 	6,40
  5	 | 	6	 | 	2,83
  6	 | 	7	 | 	4,00
  7	 | 	8	 | 	2,24
  8	 | 	9	 | 	4,12
___________________________
Simulation Topology [1:1]
___________________________
From 	  To 		Length
___________________________
  0	 | 	1	 | 	2,00
  0	 | 	2	 | 	5,39
  1	 | 	3	 | 	4,47
  1	 | 	7	 | 	6,08
  2	 | 	3	 | 	7,00
  3	 | 	8	 | 	5,83
  4	 | 	5	 | 	4,12
  4	 | 	8	 | 	4,00
  4	 | 	9	 | 	6,40
  5	 | 	6	 | 	2,83
  6	 | 	7	 | 	4,00
  7	 | 	8	 | 	2,24
  8	 | 	9	 | 	4,12
  3	 | 	7	 | 	6,40
___________________________
Simulation Topology [1:2]
___________________________
From 	  To 		Length
___________________________
  0	 | 	1	 | 	2,00
  0	 | 	2	 | 	5,39
  1	 | 	3	 | 	4,47
  1	 | 	7	 | 	6,08
  2	 | 	3	 | 	7,00
  3	 | 	8	 | 	5,83
  4	 | 	5	 | 	4,12
  4	 | 	8	 | 	4,00
  4	 | 	9	 | 	6,40
  5	 | 	6	 | 	2,83
  6	 | 	7	 | 	4,00
  7	 | 	8	 | 	2,24
  8	 | 	9	 | 	4,12
  3	 | 	7	 | 	6,40
  1	 | 	4	 | 	3,16
___________________________
Simulation Topology [1:3]
___________________________
From 	  To 		Length
___________________________
  0	 | 	1	 | 	2,00
  0	 | 	2	 | 	5,39
  1	 | 	3	 | 	4,47
  1	 | 	7	 | 	6,08
  2	 | 	3	 | 	7,00
  3	 | 	8	 | 	5,83
  4	 | 	5	 | 	4,12
  4	 | 	8	 | 	4,00
  4	 | 	9	 | 	6,40
  5	 | 	6	 | 	2,83
  6	 | 	7	 | 	4,00
  7	 | 	8	 | 	2,24
  8	 | 	9	 | 	4,12
  3	 | 	7	 | 	6,40
  1	 | 	4	 | 	3,16
  0	 | 	9	 | 	9,43
___________________________
Simulation Topology [1:4]
___________________________
From 	  To 		Length
___________________________
  0	 | 	1	 | 	2,00
  0	 | 	2	 | 	5,39
  1	 | 	3	 | 	4,47
  1	 | 	7	 | 	6,08
  2	 | 	3	 | 	7,00
  3	 | 	8	 | 	5,83
  4	 | 	5	 | 	4,12
  4	 | 	8	 | 	4,00
  4	 | 	9	 | 	6,40
  5	 | 	6	 | 	2,83
  6	 | 	7	 | 	4,00
  7	 | 	8	 | 	2,24
  8	 | 	9	 | 	4,12
  3	 | 	7	 | 	6,40
  1	 | 	4	 | 	3,16
  0	 | 	9	 | 	9,43
  0	 | 	6	 | 	6,08
___________________________
Simulation Topology [1:5]
___________________________
From 	  To 		Length
___________________________
  0	 | 	1	 | 	2,00
  0	 | 	2	 | 	5,39
  1	 | 	3	 | 	4,47
  1	 | 	7	 | 	6,08
  2	 | 	3	 | 	7,00
  3	 | 	8	 | 	5,83
  4	 | 	5	 | 	4,12
  4	 | 	8	 | 	4,00
  4	 | 	9	 | 	6,40
  5	 | 	6	 | 	2,83
  6	 | 	7	 | 	4,00
  7	 | 	8	 | 	2,24
  8	 | 	9	 | 	4,12
  3	 | 	7	 | 	6,40
  1	 | 	4	 | 	3,16
  0	 | 	9	 | 	9,43
  0	 | 	6	 | 	6,08
  2	 | 	9	 | 	6,00
___________________________
Simulation Topology [1:6]
___________________________
From 	  To 		Length
___________________________
  0	 | 	1	 | 	2,00
  0	 | 	2	 | 	5,39
  1	 | 	3	 | 	4,47
  1	 | 	7	 | 	6,08
  2	 | 	3	 | 	7,00
  3	 | 	8	 | 	5,83
  4	 | 	5	 | 	4,12
  4	 | 	8	 | 	4,00
  4	 | 	9	 | 	6,40
  5	 | 	6	 | 	2,83
  6	 | 	7	 | 	4,00
  7	 | 	8	 | 	2,24
  8	 | 	9	 | 	4,12
  3	 | 	7	 | 	6,40
  1	 | 	4	 | 	3,16
  0	 | 	9	 | 	9,43
  0	 | 	6	 | 	6,08
  2	 | 	9	 | 	6,00
  2	 | 	5	 | 	8,25
___________________________
Simulation Topology [1:7]
___________________________
From 	  To 		Length
___________________________
  0	 | 	1	 | 	2,00
  0	 | 	2	 | 	5,39
  1	 | 	3	 | 	4,47
  1	 | 	7	 | 	6,08
  2	 | 	3	 | 	7,00
  3	 | 	8	 | 	5,83
  4	 | 	5	 | 	4,12
  4	 | 	8	 | 	4,00
  4	 | 	9	 | 	6,40
  5	 | 	6	 | 	2,83
  6	 | 	7	 | 	4,00
  7	 | 	8	 | 	2,24
  8	 | 	9	 | 	4,12
  3	 | 	7	 | 	6,40
  1	 | 	4	 | 	3,16
  0	 | 	9	 | 	9,43
  0	 | 	6	 | 	6,08
  2	 | 	9	 | 	6,00
  2	 | 	5	 | 	8,25
  3	 | 	6	 | 	4,12
___________________________
