Simulation Topology 1
___________________________
[6]				[0]		
[8]				[0]		
[1]				[1]		
[3]				[1]		
[6]				[2]		
___________________________
Simulation Topology [1:0]
___________________________
From 	  To 		Length
___________________________
  0	 | 	1	 | 	2,00
  0	 | 	3	 | 	3,16
  0	 | 	4	 | 	2,00
  1	 | 	2	 | 	7,07
  1	 | 	3	 | 	5,10
  1	 | 	4	 | 	2,83
  2	 | 	3	 | 	2,00
  2	 | 	4	 | 	5,10
  3	 | 	4	 | 	3,16
___________________________
Simulation Topology [1:1]
___________________________
From 	  To 		Length
___________________________
  0	 | 	1	 | 	2,00
  0	 | 	3	 | 	3,16
  0	 | 	4	 | 	2,00
  1	 | 	2	 | 	7,07
  1	 | 	3	 | 	5,10
  1	 | 	4	 | 	2,83
  2	 | 	3	 | 	2,00
  2	 | 	4	 | 	5,10
  3	 | 	4	 | 	3,16
  0	 | 	2	 | 	5,10
___________________________
