Simulation Topology 1
___________________________
[5]				[6]		
[5]				[8]		
[5]				[10]		
[5]				[12]		
[5]				[14]		
[5]				[16]		
[5]				[18]		
[15]				[0]		
[15]				[2]		
[15]				[4]		
___________________________
Simulation Topology [1:0]
___________________________
From 	  To 		Length
___________________________
  0	 | 	3	 | 	6,00
  0	 | 	7	 | 	11,66
  0	 | 	9	 | 	10,20
  1	 | 	2	 | 	2,00
  1	 | 	4	 | 	6,00
  1	 | 	5	 | 	8,00
  1	 | 	8	 | 	11,66
  2	 | 	5	 | 	6,00
  2	 | 	9	 | 	11,66
  3	 | 	4	 | 	2,00
  3	 | 	6	 | 	6,00
  5	 | 	6	 | 	2,00
  5	 | 	7	 | 	18,87
  7	 | 	8	 | 	2,00
  7	 | 	9	 | 	4,00
___________________________
Simulation Topology [1:1]
___________________________
From 	  To 		Length
___________________________
  0	 | 	3	 | 	6,00
  0	 | 	7	 | 	11,66
  0	 | 	9	 | 	10,20
  1	 | 	2	 | 	2,00
  1	 | 	4	 | 	6,00
  1	 | 	5	 | 	8,00
  1	 | 	8	 | 	11,66
  2	 | 	5	 | 	6,00
  2	 | 	9	 | 	11,66
  3	 | 	4	 | 	2,00
  3	 | 	6	 | 	6,00
  5	 | 	6	 | 	2,00
  5	 | 	7	 | 	18,87
  7	 | 	8	 | 	2,00
  7	 | 	9	 | 	4,00
  2	 | 	4	 | 	4,00
___________________________
Simulation Topology [1:2]
___________________________
From 	  To 		Length
___________________________
  0	 | 	3	 | 	6,00
  0	 | 	7	 | 	11,66
  0	 | 	9	 | 	10,20
  1	 | 	2	 | 	2,00
  1	 | 	4	 | 	6,00
  1	 | 	5	 | 	8,00
  1	 | 	8	 | 	11,66
  2	 | 	5	 | 	6,00
  2	 | 	9	 | 	11,66
  3	 | 	4	 | 	2,00
  3	 | 	6	 | 	6,00
  5	 | 	6	 | 	2,00
  5	 | 	7	 | 	18,87
  7	 | 	8	 | 	2,00
  7	 | 	9	 | 	4,00
  2	 | 	4	 | 	4,00
  4	 | 	6	 | 	4,00
___________________________
Simulation Topology [1:3]
___________________________
From 	  To 		Length
___________________________
  0	 | 	3	 | 	6,00
  0	 | 	7	 | 	11,66
  0	 | 	9	 | 	10,20
  1	 | 	2	 | 	2,00
  1	 | 	4	 | 	6,00
  1	 | 	5	 | 	8,00
  1	 | 	8	 | 	11,66
  2	 | 	5	 | 	6,00
  2	 | 	9	 | 	11,66
  3	 | 	4	 | 	2,00
  3	 | 	6	 | 	6,00
  5	 | 	6	 | 	2,00
  5	 | 	7	 | 	18,87
  7	 | 	8	 | 	2,00
  7	 | 	9	 | 	4,00
  2	 | 	4	 | 	4,00
  4	 | 	6	 | 	4,00
  8	 | 	9	 | 	2,00
___________________________
Simulation Topology [1:4]
___________________________
From 	  To 		Length
___________________________
  0	 | 	3	 | 	6,00
  0	 | 	7	 | 	11,66
  0	 | 	9	 | 	10,20
  1	 | 	2	 | 	2,00
  1	 | 	4	 | 	6,00
  1	 | 	5	 | 	8,00
  1	 | 	8	 | 	11,66
  2	 | 	5	 | 	6,00
  2	 | 	9	 | 	11,66
  3	 | 	4	 | 	2,00
  3	 | 	6	 | 	6,00
  5	 | 	6	 | 	2,00
  5	 | 	7	 | 	18,87
  7	 | 	8	 | 	2,00
  7	 | 	9	 | 	4,00
  2	 | 	4	 | 	4,00
  4	 | 	6	 | 	4,00
  8	 | 	9	 | 	2,00
  0	 | 	8	 | 	10,77
___________________________
Simulation Topology [1:5]
___________________________
From 	  To 		Length
___________________________
  0	 | 	3	 | 	6,00
  0	 | 	7	 | 	11,66
  0	 | 	9	 | 	10,20
  1	 | 	2	 | 	2,00
  1	 | 	4	 | 	6,00
  1	 | 	5	 | 	8,00
  1	 | 	8	 | 	11,66
  2	 | 	5	 | 	6,00
  2	 | 	9	 | 	11,66
  3	 | 	4	 | 	2,00
  3	 | 	6	 | 	6,00
  5	 | 	6	 | 	2,00
  5	 | 	7	 | 	18,87
  7	 | 	8	 | 	2,00
  7	 | 	9	 | 	4,00
  2	 | 	4	 | 	4,00
  4	 | 	6	 | 	4,00
  8	 | 	9	 | 	2,00
  0	 | 	8	 | 	10,77
  0	 | 	6	 | 	12,00
___________________________
