Simulation Topology 1
___________________________
[9]				[0]		
[9]				[2]		
[9]				[4]		
[9]				[6]		
[9]				[8]		
[9]				[10]		
[19]				[12]		
[19]				[14]		
[19]				[16]		
[19]				[18]		
___________________________
Simulation Topology [1:0]
___________________________
From 	  To 		Length
___________________________
  0	 | 	3	 | 	6,00
  0	 | 	4	 | 	8,00
  0	 | 	7	 | 	17,20
  0	 | 	9	 | 	20,59
  1	 | 	4	 | 	6,00
  1	 | 	5	 | 	8,00
  1	 | 	6	 | 	14,14
  1	 | 	8	 | 	17,20
  2	 | 	3	 | 	2,00
  2	 | 	6	 | 	12,81
  2	 | 	9	 | 	17,20
  4	 | 	6	 | 	10,77
  4	 | 	7	 | 	11,66
  5	 | 	6	 | 	10,20
  5	 | 	9	 | 	12,81
  7	 | 	8	 | 	2,00
___________________________
Simulation Topology [1:1]
___________________________
From 	  To 		Length
___________________________
  0	 | 	3	 | 	6,00
  0	 | 	4	 | 	8,00
  0	 | 	7	 | 	17,20
  0	 | 	9	 | 	20,59
  1	 | 	4	 | 	6,00
  1	 | 	5	 | 	8,00
  1	 | 	6	 | 	14,14
  1	 | 	8	 | 	17,20
  2	 | 	3	 | 	2,00
  2	 | 	6	 | 	12,81
  2	 | 	9	 | 	17,20
  4	 | 	6	 | 	10,77
  4	 | 	7	 | 	11,66
  5	 | 	6	 | 	10,20
  5	 | 	9	 | 	12,81
  7	 | 	8	 | 	2,00
  2	 | 	5	 | 	6,00
___________________________
Simulation Topology [1:2]
___________________________
From 	  To 		Length
___________________________
  0	 | 	3	 | 	6,00
  0	 | 	4	 | 	8,00
  0	 | 	7	 | 	17,20
  0	 | 	9	 | 	20,59
  1	 | 	4	 | 	6,00
  1	 | 	5	 | 	8,00
  1	 | 	6	 | 	14,14
  1	 | 	8	 | 	17,20
  2	 | 	3	 | 	2,00
  2	 | 	6	 | 	12,81
  2	 | 	9	 | 	17,20
  4	 | 	6	 | 	10,77
  4	 | 	7	 | 	11,66
  5	 | 	6	 | 	10,20
  5	 | 	9	 | 	12,81
  7	 | 	8	 | 	2,00
  2	 | 	5	 | 	6,00
  8	 | 	9	 | 	2,00
___________________________
Simulation Topology [1:3]
___________________________
From 	  To 		Length
___________________________
  0	 | 	3	 | 	6,00
  0	 | 	4	 | 	8,00
  0	 | 	7	 | 	17,20
  0	 | 	9	 | 	20,59
  1	 | 	4	 | 	6,00
  1	 | 	5	 | 	8,00
  1	 | 	6	 | 	14,14
  1	 | 	8	 | 	17,20
  2	 | 	3	 | 	2,00
  2	 | 	6	 | 	12,81
  2	 | 	9	 | 	17,20
  4	 | 	6	 | 	10,77
  4	 | 	7	 | 	11,66
  5	 | 	6	 | 	10,20
  5	 | 	9	 | 	12,81
  7	 | 	8	 | 	2,00
  2	 | 	5	 | 	6,00
  8	 | 	9	 | 	2,00
  3	 | 	8	 | 	14,14
___________________________
Simulation Topology [1:4]
___________________________
From 	  To 		Length
___________________________
  0	 | 	3	 | 	6,00
  0	 | 	4	 | 	8,00
  0	 | 	7	 | 	17,20
  0	 | 	9	 | 	20,59
  1	 | 	4	 | 	6,00
  1	 | 	5	 | 	8,00
  1	 | 	6	 | 	14,14
  1	 | 	8	 | 	17,20
  2	 | 	3	 | 	2,00
  2	 | 	6	 | 	12,81
  2	 | 	9	 | 	17,20
  4	 | 	6	 | 	10,77
  4	 | 	7	 | 	11,66
  5	 | 	6	 | 	10,20
  5	 | 	9	 | 	12,81
  7	 | 	8	 | 	2,00
  2	 | 	5	 | 	6,00
  8	 | 	9	 | 	2,00
  3	 | 	8	 | 	14,14
  3	 | 	7	 | 	12,81
___________________________
