[6]				[0]		
[1]				[0]		
[6]				[2]		
[1]				[2]		
[6]				[4]		
[1]				[4]		
[6]				[6]		
[1]				[6]		
[6]				[8]		
[1]				[8]		
___________________________
Simulation Topology [1:2]
___________________________
From 	  To 		Length
___________________________
  0	 | 	1	 | 	5,00
  0	 | 	3	 | 	5,39
  1	 | 	3	 | 	2,00
  1	 | 	6	 | 	7,81
  1	 | 	7	 | 	6,00
  2	 | 	3	 | 	5,00
  2	 | 	7	 | 	6,40
  4	 | 	5	 | 	5,00
  4	 | 	6	 | 	2,00
  4	 | 	9	 | 	6,40
  5	 | 	6	 | 	5,39
  5	 | 	8	 | 	6,40
  6	 | 	7	 | 	5,00
  8	 | 	9	 | 	5,00
___________________________
Simulation Topology [1:3]
___________________________
From 	  To 		Length
___________________________
  0	 | 	1	 | 	5,00
  0	 | 	3	 | 	5,39
  1	 | 	3	 | 	2,00
  1	 | 	6	 | 	7,81
  1	 | 	7	 | 	6,00
  2	 | 	3	 | 	5,00
  2	 | 	7	 | 	6,40
  4	 | 	5	 | 	5,00
  4	 | 	6	 | 	2,00
  4	 | 	9	 | 	6,40
  5	 | 	6	 | 	5,39
  5	 | 	8	 | 	6,40
  6	 | 	7	 | 	5,00
  8	 | 	9	 | 	5,00
  0	 | 	2	 | 	2,00
___________________________
Simulation Topology [1:4]
___________________________
From 	  To 		Length
___________________________
  0	 | 	1	 | 	5,00
  0	 | 	3	 | 	5,39
  1	 | 	3	 | 	2,00
  1	 | 	6	 | 	7,81
  1	 | 	7	 | 	6,00
  2	 | 	3	 | 	5,00
  2	 | 	7	 | 	6,40
  4	 | 	5	 | 	5,00
  4	 | 	6	 | 	2,00
  4	 | 	9	 | 	6,40
  5	 | 	6	 | 	5,39
  5	 | 	8	 | 	6,40
  6	 | 	7	 | 	5,00
  8	 | 	9	 | 	5,00
  0	 | 	2	 | 	2,00
  2	 | 	8	 | 	6,00
___________________________
Simulation Topology [1:5]
___________________________
From 	  To 		Length
___________________________
  0	 | 	1	 | 	5,00
  0	 | 	3	 | 	5,39
  1	 | 	3	 | 	2,00
  1	 | 	6	 | 	7,81
  1	 | 	7	 | 	6,00
  2	 | 	3	 | 	5,00
  2	 | 	7	 | 	6,40
  4	 | 	5	 | 	5,00
  4	 | 	6	 | 	2,00
  4	 | 	9	 | 	6,40
  5	 | 	6	 | 	5,39
  5	 | 	8	 | 	6,40
  6	 | 	7	 | 	5,00
  8	 | 	9	 | 	5,00
  0	 | 	2	 | 	2,00
  2	 | 	8	 | 	6,00
  3	 | 	4	 | 	5,39
___________________________
Simulation Topology [1:6]
___________________________
From 	  To 		Length
___________________________
  0	 | 	1	 | 	5,00
  0	 | 	3	 | 	5,39
  1	 | 	3	 | 	2,00
  1	 | 	6	 | 	7,81
  1	 | 	7	 | 	6,00
  2	 | 	3	 | 	5,00
  2	 | 	7	 | 	6,40
  4	 | 	5	 | 	5,00
  4	 | 	6	 | 	2,00
  4	 | 	9	 | 	6,40
  5	 | 	6	 | 	5,39
  5	 | 	8	 | 	6,40
  6	 | 	7	 | 	5,00
  8	 | 	9	 | 	5,00
  0	 | 	2	 | 	2,00
  2	 | 	8	 | 	6,00
  3	 | 	4	 | 	5,39
  0	 | 	7	 | 	7,81
___________________________
Simulation Topology [1:7]
___________________________
From 	  To 		Length
___________________________
  0	 | 	1	 | 	5,00
  0	 | 	3	 | 	5,39
  1	 | 	3	 | 	2,00
  1	 | 	6	 | 	7,81
  1	 | 	7	 | 	6,00
  2	 | 	3	 | 	5,00
  2	 | 	7	 | 	6,40
  4	 | 	5	 | 	5,00
  4	 | 	6	 | 	2,00
  4	 | 	9	 | 	6,40
  5	 | 	6	 | 	5,39
  5	 | 	8	 | 	6,40
  6	 | 	7	 | 	5,00
  8	 | 	9	 | 	5,00
  0	 | 	2	 | 	2,00
  2	 | 	8	 | 	6,00
  3	 | 	4	 | 	5,39
  0	 | 	7	 | 	7,81
  1	 | 	8	 | 	9,43
___________________________
Simulation Topology [1:8]
___________________________
From 	  To 		Length
___________________________
  0	 | 	1	 | 	5,00
  0	 | 	3	 | 	5,39
  1	 | 	3	 | 	2,00
  1	 | 	6	 | 	7,81
  1	 | 	7	 | 	6,00
  2	 | 	3	 | 	5,00
  2	 | 	7	 | 	6,40
  4	 | 	5	 | 	5,00
  4	 | 	6	 | 	2,00
  4	 | 	9	 | 	6,40
  5	 | 	6	 | 	5,39
  5	 | 	8	 | 	6,40
  6	 | 	7	 | 	5,00
  8	 | 	9	 | 	5,00
  0	 | 	2	 | 	2,00
  2	 | 	8	 | 	6,00
  3	 | 	4	 | 	5,39
  0	 | 	7	 | 	7,81
  1	 | 	8	 | 	9,43
  5	 | 	9	 | 	4,00
___________________________
