Simulation Topology 1
___________________________
[5]				[0]		
[9]				[0]		
[0]				[1]		
[2]				[1]		
[5]				[2]		
___________________________
Simulation Topology [1:0]
___________________________
From 	  To 		Length
___________________________
  0	 | 	1	 | 	4,00
  0	 | 	2	 | 	5,10
  0	 | 	3	 | 	3,16
  0	 | 	4	 | 	2,00
  1	 | 	3	 | 	7,07
  1	 | 	4	 | 	4,47
  2	 | 	3	 | 	2,00
  2	 | 	4	 | 	5,10
  3	 | 	4	 | 	3,16
___________________________
Simulation Topology [1:1]
___________________________
From 	  To 		Length
___________________________
  0	 | 	1	 | 	4,00
  0	 | 	2	 | 	5,10
  0	 | 	3	 | 	3,16
  0	 | 	4	 | 	2,00
  1	 | 	3	 | 	7,07
  1	 | 	4	 | 	4,47
  2	 | 	3	 | 	2,00
  2	 | 	4	 | 	5,10
  3	 | 	4	 | 	3,16
  1	 | 	2	 | 	9,06
___________________________
