Simulation Topology 1
___________________________
[2]				[0]		
[0]				[0]		
[6]				[1]		
[9]				[1]		
[0]				[2]		
___________________________
Simulation Topology [1:0]
___________________________
From 	  To 		Length
___________________________
  0	 | 	1	 | 	2,00
  0	 | 	3	 | 	7,07
  0	 | 	4	 | 	2,83
  1	 | 	3	 | 	9,06
  1	 | 	4	 | 	2,00
  2	 | 	3	 | 	3,00
  2	 | 	4	 | 	6,08
  3	 | 	4	 | 	9,06
___________________________
Simulation Topology [1:1]
___________________________
From 	  To 		Length
___________________________
  0	 | 	1	 | 	2,00
  0	 | 	3	 | 	7,07
  0	 | 	4	 | 	2,83
  1	 | 	3	 | 	9,06
  1	 | 	4	 | 	2,00
  2	 | 	3	 | 	3,00
  2	 | 	4	 | 	6,08
  3	 | 	4	 | 	9,06
___________________________
Simulation Topology [1:2]
___________________________
From 	  To 		Length
___________________________
  0	 | 	1	 | 	2,00
  0	 | 	3	 | 	7,07
  0	 | 	4	 | 	2,83
  1	 | 	3	 | 	9,06
  1	 | 	4	 | 	2,00
  2	 | 	3	 | 	3,00
  2	 | 	4	 | 	6,08
  3	 | 	4	 | 	9,06
___________________________
Simulation Topology [1:3]
___________________________
From 	  To 		Length
___________________________
  0	 | 	1	 | 	2,00
  0	 | 	3	 | 	7,07
  0	 | 	4	 | 	2,83
  1	 | 	3	 | 	9,06
  1	 | 	4	 | 	2,00
  2	 | 	3	 | 	3,00
  2	 | 	4	 | 	6,08
  3	 | 	4	 | 	9,06
___________________________
Simulation Topology [1:4]
___________________________
From 	  To 		Length
___________________________
  0	 | 	1	 | 	2,00
  0	 | 	3	 | 	7,07
  0	 | 	4	 | 	2,83
  1	 | 	3	 | 	9,06
  1	 | 	4	 | 	2,00
  2	 | 	3	 | 	3,00
  2	 | 	4	 | 	6,08
  3	 | 	4	 | 	9,06
___________________________
Simulation Topology [1:5]
___________________________
From 	  To 		Length
___________________________
  0	 | 	1	 | 	2,00
  0	 | 	3	 | 	7,07
  0	 | 	4	 | 	2,83
  1	 | 	3	 | 	9,06
  1	 | 	4	 | 	2,00
  2	 | 	3	 | 	3,00
  2	 | 	4	 | 	6,08
  3	 | 	4	 | 	9,06
___________________________
Simulation Topology [1:6]
___________________________
From 	  To 		Length
___________________________
  0	 | 	1	 | 	2,00
  0	 | 	3	 | 	7,07
  0	 | 	4	 | 	2,83
  1	 | 	3	 | 	9,06
  1	 | 	4	 | 	2,00
  2	 | 	3	 | 	3,00
  2	 | 	4	 | 	6,08
  3	 | 	4	 | 	9,06
___________________________
Simulation Topology [1:7]
___________________________
From 	  To 		Length
___________________________
  0	 | 	1	 | 	2,00
  0	 | 	3	 | 	7,07
  0	 | 	4	 | 	2,83
  1	 | 	3	 | 	9,06
  1	 | 	4	 | 	2,00
  2	 | 	3	 | 	3,00
  2	 | 	4	 | 	6,08
  3	 | 	4	 | 	9,06
  1	 | 	2	 | 	6,08
___________________________
Simulation Topology [1:8]
___________________________
From 	  To 		Length
___________________________
  0	 | 	1	 | 	2,00
  0	 | 	3	 | 	7,07
  0	 | 	4	 | 	2,83
  1	 | 	3	 | 	9,06
  1	 | 	4	 | 	2,00
  2	 | 	3	 | 	3,00
  2	 | 	4	 | 	6,08
  3	 | 	4	 | 	9,06
  1	 | 	2	 | 	6,08
___________________________
Simulation Topology [1:9]
___________________________
From 	  To 		Length
___________________________
  0	 | 	1	 | 	2,00
  0	 | 	3	 | 	7,07
  0	 | 	4	 | 	2,83
  1	 | 	3	 | 	9,06
  1	 | 	4	 | 	2,00
  2	 | 	3	 | 	3,00
  2	 | 	4	 | 	6,08
  3	 | 	4	 | 	9,06
  1	 | 	2	 | 	6,08
___________________________
Simulation Topology [1:10]
___________________________
From 	  To 		Length
___________________________
  0	 | 	1	 | 	2,00
  0	 | 	3	 | 	7,07
  0	 | 	4	 | 	2,83
  1	 | 	3	 | 	9,06
  1	 | 	4	 | 	2,00
  2	 | 	3	 | 	3,00
  2	 | 	4	 | 	6,08
  3	 | 	4	 | 	9,06
  1	 | 	2	 | 	6,08
___________________________
Simulation Topology [1:11]
___________________________
From 	  To 		Length
___________________________
  0	 | 	1	 | 	2,00
  0	 | 	3	 | 	7,07
  0	 | 	4	 | 	2,83
  1	 | 	3	 | 	9,06
  1	 | 	4	 | 	2,00
  2	 | 	3	 | 	3,00
  2	 | 	4	 | 	6,08
  3	 | 	4	 | 	9,06
  1	 | 	2	 | 	6,08
___________________________
Simulation Topology [1:12]
___________________________
From 	  To 		Length
___________________________
  0	 | 	1	 | 	2,00
  0	 | 	3	 | 	7,07
  0	 | 	4	 | 	2,83
  1	 | 	3	 | 	9,06
  1	 | 	4	 | 	2,00
  2	 | 	3	 | 	3,00
  2	 | 	4	 | 	6,08
  3	 | 	4	 | 	9,06
  1	 | 	2	 | 	6,08
___________________________
Simulation Topology [1:13]
___________________________
From 	  To 		Length
___________________________
  0	 | 	1	 | 	2,00
  0	 | 	3	 | 	7,07
  0	 | 	4	 | 	2,83
  1	 | 	3	 | 	9,06
  1	 | 	4	 | 	2,00
  2	 | 	3	 | 	3,00
  2	 | 	4	 | 	6,08
  3	 | 	4	 | 	9,06
  1	 | 	2	 | 	6,08
___________________________
Simulation Topology [1:14]
___________________________
From 	  To 		Length
___________________________
  0	 | 	1	 | 	2,00
  0	 | 	3	 | 	7,07
  0	 | 	4	 | 	2,83
  1	 | 	3	 | 	9,06
  1	 | 	4	 | 	2,00
  2	 | 	3	 | 	3,00
  2	 | 	4	 | 	6,08
  3	 | 	4	 | 	9,06
  1	 | 	2	 | 	6,08
___________________________
Simulation Topology [1:15]
___________________________
From 	  To 		Length
___________________________
  0	 | 	1	 | 	2,00
  0	 | 	3	 | 	7,07
  0	 | 	4	 | 	2,83
  1	 | 	3	 | 	9,06
  1	 | 	4	 | 	2,00
  2	 | 	3	 | 	3,00
  2	 | 	4	 | 	6,08
  3	 | 	4	 | 	9,06
  1	 | 	2	 | 	6,08
___________________________
Simulation Topology [1:16]
___________________________
From 	  To 		Length
___________________________
  0	 | 	1	 | 	2,00
  0	 | 	3	 | 	7,07
  0	 | 	4	 | 	2,83
  1	 | 	3	 | 	9,06
  1	 | 	4	 | 	2,00
  2	 | 	3	 | 	3,00
  2	 | 	4	 | 	6,08
  3	 | 	4	 | 	9,06
  1	 | 	2	 | 	6,08
___________________________
Simulation Topology [1:17]
___________________________
From 	  To 		Length
___________________________
  0	 | 	1	 | 	2,00
  0	 | 	3	 | 	7,07
  0	 | 	4	 | 	2,83
  1	 | 	3	 | 	9,06
  1	 | 	4	 | 	2,00
  2	 | 	3	 | 	3,00
  2	 | 	4	 | 	6,08
  3	 | 	4	 | 	9,06
  1	 | 	2	 | 	6,08
___________________________
Simulation Topology [1:18]
___________________________
From 	  To 		Length
___________________________
  0	 | 	1	 | 	2,00
  0	 | 	3	 | 	7,07
  0	 | 	4	 | 	2,83
  1	 | 	3	 | 	9,06
  1	 | 	4	 | 	2,00
  2	 | 	3	 | 	3,00
  2	 | 	4	 | 	6,08
  3	 | 	4	 | 	9,06
  1	 | 	2	 | 	6,08
  0	 | 	2	 | 	4,12
___________________________
