Simulation Topology 1
___________________________
[0]				[1]		
[4]				[1]		
[8]				[2]		
[2]				[2]		
[0]				[5]		
[4]				[5]		
[0]				[7]		
[4]				[7]		
[0]				[9]		
[4]				[9]		
___________________________
Simulation Topology [1:0]
___________________________
From 	  To 		Length
___________________________
  0	 | 	1	 | 	4,00
  0	 | 	6	 | 	6,00
  1	 | 	2	 | 	4,12
  2	 | 	3	 | 	6,00
  3	 | 	5	 | 	3,61
  3	 | 	8	 | 	7,28
  4	 | 	5	 | 	4,00
  4	 | 	7	 | 	4,47
  5	 | 	9	 | 	4,00
  6	 | 	7	 | 	4,00
  6	 | 	9	 | 	4,47
  8	 | 	9	 | 	4,00
___________________________
Simulation Topology [1:1]
___________________________
From 	  To 		Length
___________________________
  0	 | 	1	 | 	4,00
  0	 | 	6	 | 	6,00
  1	 | 	2	 | 	4,12
  2	 | 	3	 | 	6,00
  3	 | 	5	 | 	3,61
  3	 | 	8	 | 	7,28
  4	 | 	5	 | 	4,00
  4	 | 	7	 | 	4,47
  5	 | 	9	 | 	4,00
  6	 | 	7	 | 	4,00
  6	 | 	9	 | 	4,47
  8	 | 	9	 | 	4,00
  1	 | 	5	 | 	4,00
___________________________
Simulation Topology [1:2]
___________________________
From 	  To 		Length
___________________________
  0	 | 	1	 | 	4,00
  0	 | 	6	 | 	6,00
  1	 | 	2	 | 	4,12
  2	 | 	3	 | 	6,00
  3	 | 	5	 | 	3,61
  3	 | 	8	 | 	7,28
  4	 | 	5	 | 	4,00
  4	 | 	7	 | 	4,47
  5	 | 	9	 | 	4,00
  6	 | 	7	 | 	4,00
  6	 | 	9	 | 	4,47
  8	 | 	9	 | 	4,00
  1	 | 	5	 | 	4,00
  1	 | 	6	 | 	7,21
___________________________
Simulation Topology [1:3]
___________________________
From 	  To 		Length
___________________________
  0	 | 	1	 | 	4,00
  0	 | 	6	 | 	6,00
  1	 | 	2	 | 	4,12
  2	 | 	3	 | 	6,00
  3	 | 	5	 | 	3,61
  3	 | 	8	 | 	7,28
  4	 | 	5	 | 	4,00
  4	 | 	7	 | 	4,47
  5	 | 	9	 | 	4,00
  6	 | 	7	 | 	4,00
  6	 | 	9	 | 	4,47
  8	 | 	9	 | 	4,00
  1	 | 	5	 | 	4,00
  1	 | 	6	 | 	7,21
  0	 | 	7	 | 	7,21
___________________________
Simulation Topology [1:4]
___________________________
From 	  To 		Length
___________________________
  0	 | 	1	 | 	4,00
  0	 | 	6	 | 	6,00
  1	 | 	2	 | 	4,12
  2	 | 	3	 | 	6,00
  3	 | 	5	 | 	3,61
  3	 | 	8	 | 	7,28
  4	 | 	5	 | 	4,00
  4	 | 	7	 | 	4,47
  5	 | 	9	 | 	4,00
  6	 | 	7	 | 	4,00
  6	 | 	9	 | 	4,47
  8	 | 	9	 | 	4,00
  1	 | 	5	 | 	4,00
  1	 | 	6	 | 	7,21
  0	 | 	7	 | 	7,21
  3	 | 	4	 | 	3,61
___________________________
Simulation Topology [1:5]
___________________________
From 	  To 		Length
___________________________
  0	 | 	1	 | 	4,00
  0	 | 	6	 | 	6,00
  1	 | 	2	 | 	4,12
  2	 | 	3	 | 	6,00
  3	 | 	5	 | 	3,61
  3	 | 	8	 | 	7,28
  4	 | 	5	 | 	4,00
  4	 | 	7	 | 	4,47
  5	 | 	9	 | 	4,00
  6	 | 	7	 | 	4,00
  6	 | 	9	 | 	4,47
  8	 | 	9	 | 	4,00
  1	 | 	5	 | 	4,00
  1	 | 	6	 | 	7,21
  0	 | 	7	 | 	7,21
  3	 | 	4	 | 	3,61
  7	 | 	9	 | 	2,00
___________________________
Simulation Topology [1:6]
___________________________
From 	  To 		Length
___________________________
  0	 | 	1	 | 	4,00
  0	 | 	6	 | 	6,00
  1	 | 	2	 | 	4,12
  2	 | 	3	 | 	6,00
  3	 | 	5	 | 	3,61
  3	 | 	8	 | 	7,28
  4	 | 	5	 | 	4,00
  4	 | 	7	 | 	4,47
  5	 | 	9	 | 	4,00
  6	 | 	7	 | 	4,00
  6	 | 	9	 | 	4,47
  8	 | 	9	 | 	4,00
  1	 | 	5	 | 	4,00
  1	 | 	6	 | 	7,21
  0	 | 	7	 | 	7,21
  3	 | 	4	 | 	3,61
  7	 | 	9	 | 	2,00
  4	 | 	8	 | 	4,00
___________________________
Simulation Topology [1:7]
___________________________
From 	  To 		Length
___________________________
  0	 | 	1	 | 	4,00
  0	 | 	6	 | 	6,00
  1	 | 	2	 | 	4,12
  2	 | 	3	 | 	6,00
  3	 | 	5	 | 	3,61
  3	 | 	8	 | 	7,28
  4	 | 	5	 | 	4,00
  4	 | 	7	 | 	4,47
  5	 | 	9	 | 	4,00
  6	 | 	7	 | 	4,00
  6	 | 	9	 | 	4,47
  8	 | 	9	 | 	4,00
  1	 | 	5	 | 	4,00
  1	 | 	6	 | 	7,21
  0	 | 	7	 | 	7,21
  3	 | 	4	 | 	3,61
  7	 | 	9	 | 	2,00
  4	 | 	8	 | 	4,00
  0	 | 	2	 | 	8,06
___________________________
Simulation Topology [1:8]
___________________________
From 	  To 		Length
___________________________
  0	 | 	1	 | 	4,00
  0	 | 	6	 | 	6,00
  1	 | 	2	 | 	4,12
  2	 | 	3	 | 	6,00
  3	 | 	5	 | 	3,61
  3	 | 	8	 | 	7,28
  4	 | 	5	 | 	4,00
  4	 | 	7	 | 	4,47
  5	 | 	9	 | 	4,00
  6	 | 	7	 | 	4,00
  6	 | 	9	 | 	4,47
  8	 | 	9	 | 	4,00
  1	 | 	5	 | 	4,00
  1	 | 	6	 | 	7,21
  0	 | 	7	 | 	7,21
  3	 | 	4	 | 	3,61
  7	 | 	9	 | 	2,00
  4	 | 	8	 | 	4,00
  0	 | 	2	 | 	8,06
  2	 | 	8	 | 	10,63
___________________________
