[4]				[0]		
[4]				[4]		
[4]				[8]		
[4]				[12]		
[4]				[16]		
[4]				[20]		
[6]				[24]		
[6]				[28]		
[2]				[33]		
[3]				[37]		
[13]				[1]		
[13]				[5]		
[13]				[9]		
[13]				[13]		
[19]				[18]		
[19]				[22]		
[19]				[26]		
[19]				[30]		
[19]				[34]		
[19]				[38]		
___________________________
Simulation Topology [1:8]
___________________________
From 	  To 		Length
___________________________
  0	 | 	6	 | 	24,08
  0	 | 	10	 | 	9,06
  0	 | 	14	 | 	23,43
  0	 | 	19	 | 	40,85
  1	 | 	3	 | 	8,00
  1	 | 	7	 | 	24,08
  1	 | 	17	 | 	30,02
  2	 | 	3	 | 	4,00
  2	 | 	4	 | 	8,00
  2	 | 	6	 | 	16,12
  2	 | 	16	 | 	23,43
  3	 | 	8	 | 	21,10
  3	 | 	15	 | 	18,03
  4	 | 	5	 | 	4,00
  4	 | 	7	 | 	12,17
  4	 | 	17	 | 	20,52
  5	 | 	11	 | 	17,49
  5	 | 	13	 | 	11,40
  8	 | 	12	 | 	26,40
  9	 | 	10	 | 	37,36
  9	 | 	11	 | 	33,53
  11	 | 	12	 | 	4,00
  12	 | 	19	 | 	29,61
  13	 | 	16	 | 	14,32
  13	 | 	17	 | 	18,03
  14	 | 	18	 | 	16,00
  15	 | 	16	 | 	4,00
  15	 | 	18	 | 	12,00
  16	 | 	17	 | 	4,00
___________________________
Simulation Topology [1:9]
___________________________
From 	  To 		Length
___________________________
  0	 | 	6	 | 	24,08
  0	 | 	10	 | 	9,06
  0	 | 	14	 | 	23,43
  0	 | 	19	 | 	40,85
  1	 | 	3	 | 	8,00
  1	 | 	7	 | 	24,08
  1	 | 	17	 | 	30,02
  2	 | 	3	 | 	4,00
  2	 | 	4	 | 	8,00
  2	 | 	6	 | 	16,12
  2	 | 	16	 | 	23,43
  3	 | 	8	 | 	21,10
  3	 | 	15	 | 	18,03
  4	 | 	5	 | 	4,00
  4	 | 	7	 | 	12,17
  4	 | 	17	 | 	20,52
  5	 | 	11	 | 	17,49
  5	 | 	13	 | 	11,40
  8	 | 	12	 | 	26,40
  9	 | 	10	 | 	37,36
  9	 | 	11	 | 	33,53
  11	 | 	12	 | 	4,00
  12	 | 	19	 | 	29,61
  13	 | 	16	 | 	14,32
  13	 | 	17	 | 	18,03
  14	 | 	18	 | 	16,00
  15	 | 	16	 | 	4,00
  15	 | 	18	 | 	12,00
  16	 | 	17	 | 	4,00
  11	 | 	13	 | 	8,00
___________________________
Simulation Topology [1:10]
___________________________
From 	  To 		Length
___________________________
  0	 | 	6	 | 	24,08
  0	 | 	10	 | 	9,06
  0	 | 	14	 | 	23,43
  0	 | 	19	 | 	40,85
  1	 | 	3	 | 	8,00
  1	 | 	7	 | 	24,08
  1	 | 	17	 | 	30,02
  2	 | 	3	 | 	4,00
  2	 | 	4	 | 	8,00
  2	 | 	6	 | 	16,12
  2	 | 	16	 | 	23,43
  3	 | 	8	 | 	21,10
  3	 | 	15	 | 	18,03
  4	 | 	5	 | 	4,00
  4	 | 	7	 | 	12,17
  4	 | 	17	 | 	20,52
  5	 | 	11	 | 	17,49
  5	 | 	13	 | 	11,40
  8	 | 	12	 | 	26,40
  9	 | 	10	 | 	37,36
  9	 | 	11	 | 	33,53
  11	 | 	12	 | 	4,00
  12	 | 	19	 | 	29,61
  13	 | 	16	 | 	14,32
  13	 | 	17	 | 	18,03
  14	 | 	18	 | 	16,00
  15	 | 	16	 | 	4,00
  15	 | 	18	 | 	12,00
  16	 | 	17	 | 	4,00
  11	 | 	13	 | 	8,00
  5	 | 	6	 | 	4,47
___________________________
Simulation Topology [1:11]
___________________________
From 	  To 		Length
___________________________
  0	 | 	6	 | 	24,08
  0	 | 	10	 | 	9,06
  0	 | 	14	 | 	23,43
  0	 | 	19	 | 	40,85
  1	 | 	3	 | 	8,00
  1	 | 	7	 | 	24,08
  1	 | 	17	 | 	30,02
  2	 | 	3	 | 	4,00
  2	 | 	4	 | 	8,00
  2	 | 	6	 | 	16,12
  2	 | 	16	 | 	23,43
  3	 | 	8	 | 	21,10
  3	 | 	15	 | 	18,03
  4	 | 	5	 | 	4,00
  4	 | 	7	 | 	12,17
  4	 | 	17	 | 	20,52
  5	 | 	11	 | 	17,49
  5	 | 	13	 | 	11,40
  8	 | 	12	 | 	26,40
  9	 | 	10	 | 	37,36
  9	 | 	11	 | 	33,53
  11	 | 	12	 | 	4,00
  12	 | 	19	 | 	29,61
  13	 | 	16	 | 	14,32
  13	 | 	17	 | 	18,03
  14	 | 	18	 | 	16,00
  15	 | 	16	 | 	4,00
  15	 | 	18	 | 	12,00
  16	 | 	17	 | 	4,00
  11	 | 	13	 | 	8,00
  5	 | 	6	 | 	4,47
  18	 | 	19	 | 	4,00
___________________________
Simulation Topology [1:12]
___________________________
From 	  To 		Length
___________________________
  0	 | 	6	 | 	24,08
  0	 | 	10	 | 	9,06
  0	 | 	14	 | 	23,43
  0	 | 	19	 | 	40,85
  1	 | 	3	 | 	8,00
  1	 | 	7	 | 	24,08
  1	 | 	17	 | 	30,02
  2	 | 	3	 | 	4,00
  2	 | 	4	 | 	8,00
  2	 | 	6	 | 	16,12
  2	 | 	16	 | 	23,43
  3	 | 	8	 | 	21,10
  3	 | 	15	 | 	18,03
  4	 | 	5	 | 	4,00
  4	 | 	7	 | 	12,17
  4	 | 	17	 | 	20,52
  5	 | 	11	 | 	17,49
  5	 | 	13	 | 	11,40
  8	 | 	12	 | 	26,40
  9	 | 	10	 | 	37,36
  9	 | 	11	 | 	33,53
  11	 | 	12	 | 	4,00
  12	 | 	19	 | 	29,61
  13	 | 	16	 | 	14,32
  13	 | 	17	 | 	18,03
  14	 | 	18	 | 	16,00
  15	 | 	16	 | 	4,00
  15	 | 	18	 | 	12,00
  16	 | 	17	 | 	4,00
  11	 | 	13	 | 	8,00
  5	 | 	6	 | 	4,47
  18	 | 	19	 | 	4,00
  1	 | 	10	 | 	9,49
___________________________
Simulation Topology [1:13]
___________________________
From 	  To 		Length
___________________________
  0	 | 	6	 | 	24,08
  0	 | 	10	 | 	9,06
  0	 | 	14	 | 	23,43
  0	 | 	19	 | 	40,85
  1	 | 	3	 | 	8,00
  1	 | 	7	 | 	24,08
  1	 | 	17	 | 	30,02
  2	 | 	3	 | 	4,00
  2	 | 	4	 | 	8,00
  2	 | 	6	 | 	16,12
  2	 | 	16	 | 	23,43
  3	 | 	8	 | 	21,10
  3	 | 	15	 | 	18,03
  4	 | 	5	 | 	4,00
  4	 | 	7	 | 	12,17
  4	 | 	17	 | 	20,52
  5	 | 	11	 | 	17,49
  5	 | 	13	 | 	11,40
  8	 | 	12	 | 	26,40
  9	 | 	10	 | 	37,36
  9	 | 	11	 | 	33,53
  11	 | 	12	 | 	4,00
  12	 | 	19	 | 	29,61
  13	 | 	16	 | 	14,32
  13	 | 	17	 | 	18,03
  14	 | 	18	 | 	16,00
  15	 | 	16	 | 	4,00
  15	 | 	18	 | 	12,00
  16	 | 	17	 | 	4,00
  11	 | 	13	 | 	8,00
  5	 | 	6	 | 	4,47
  18	 | 	19	 | 	4,00
  1	 | 	10	 | 	9,49
  6	 | 	7	 | 	4,00
___________________________
Simulation Topology [1:14]
___________________________
From 	  To 		Length
___________________________
  0	 | 	6	 | 	24,08
  0	 | 	10	 | 	9,06
  0	 | 	14	 | 	23,43
  0	 | 	19	 | 	40,85
  1	 | 	3	 | 	8,00
  1	 | 	7	 | 	24,08
  1	 | 	17	 | 	30,02
  2	 | 	3	 | 	4,00
  2	 | 	4	 | 	8,00
  2	 | 	6	 | 	16,12
  2	 | 	16	 | 	23,43
  3	 | 	8	 | 	21,10
  3	 | 	15	 | 	18,03
  4	 | 	5	 | 	4,00
  4	 | 	7	 | 	12,17
  4	 | 	17	 | 	20,52
  5	 | 	11	 | 	17,49
  5	 | 	13	 | 	11,40
  8	 | 	12	 | 	26,40
  9	 | 	10	 | 	37,36
  9	 | 	11	 | 	33,53
  11	 | 	12	 | 	4,00
  12	 | 	19	 | 	29,61
  13	 | 	16	 | 	14,32
  13	 | 	17	 | 	18,03
  14	 | 	18	 | 	16,00
  15	 | 	16	 | 	4,00
  15	 | 	18	 | 	12,00
  16	 | 	17	 | 	4,00
  11	 | 	13	 | 	8,00
  5	 | 	6	 | 	4,47
  18	 | 	19	 | 	4,00
  1	 | 	10	 | 	9,49
  6	 | 	7	 | 	4,00
  7	 | 	8	 | 	6,40
___________________________
Simulation Topology [1:15]
___________________________
From 	  To 		Length
___________________________
  0	 | 	6	 | 	24,08
  0	 | 	10	 | 	9,06
  0	 | 	14	 | 	23,43
  0	 | 	19	 | 	40,85
  1	 | 	3	 | 	8,00
  1	 | 	7	 | 	24,08
  1	 | 	17	 | 	30,02
  2	 | 	3	 | 	4,00
  2	 | 	4	 | 	8,00
  2	 | 	6	 | 	16,12
  2	 | 	16	 | 	23,43
  3	 | 	8	 | 	21,10
  3	 | 	15	 | 	18,03
  4	 | 	5	 | 	4,00
  4	 | 	7	 | 	12,17
  4	 | 	17	 | 	20,52
  5	 | 	11	 | 	17,49
  5	 | 	13	 | 	11,40
  8	 | 	12	 | 	26,40
  9	 | 	10	 | 	37,36
  9	 | 	11	 | 	33,53
  11	 | 	12	 | 	4,00
  12	 | 	19	 | 	29,61
  13	 | 	16	 | 	14,32
  13	 | 	17	 | 	18,03
  14	 | 	18	 | 	16,00
  15	 | 	16	 | 	4,00
  15	 | 	18	 | 	12,00
  16	 | 	17	 | 	4,00
  11	 | 	13	 | 	8,00
  5	 | 	6	 | 	4,47
  18	 | 	19	 | 	4,00
  1	 | 	10	 | 	9,49
  6	 | 	7	 | 	4,00
  7	 | 	8	 | 	6,40
  14	 | 	15	 | 	4,00
___________________________
Simulation Topology [1:16]
___________________________
From 	  To 		Length
___________________________
  0	 | 	6	 | 	24,08
  0	 | 	10	 | 	9,06
  0	 | 	14	 | 	23,43
  0	 | 	19	 | 	40,85
  1	 | 	3	 | 	8,00
  1	 | 	7	 | 	24,08
  1	 | 	17	 | 	30,02
  2	 | 	3	 | 	4,00
  2	 | 	4	 | 	8,00
  2	 | 	6	 | 	16,12
  2	 | 	16	 | 	23,43
  3	 | 	8	 | 	21,10
  3	 | 	15	 | 	18,03
  4	 | 	5	 | 	4,00
  4	 | 	7	 | 	12,17
  4	 | 	17	 | 	20,52
  5	 | 	11	 | 	17,49
  5	 | 	13	 | 	11,40
  8	 | 	12	 | 	26,40
  9	 | 	10	 | 	37,36
  9	 | 	11	 | 	33,53
  11	 | 	12	 | 	4,00
  12	 | 	19	 | 	29,61
  13	 | 	16	 | 	14,32
  13	 | 	17	 | 	18,03
  14	 | 	18	 | 	16,00
  15	 | 	16	 | 	4,00
  15	 | 	18	 | 	12,00
  16	 | 	17	 | 	4,00
  11	 | 	13	 | 	8,00
  5	 | 	6	 | 	4,47
  18	 | 	19	 | 	4,00
  1	 | 	10	 | 	9,49
  6	 | 	7	 | 	4,00
  7	 | 	8	 | 	6,40
  14	 | 	15	 | 	4,00
  10	 | 	12	 | 	8,00
___________________________
Simulation Topology [1:17]
___________________________
From 	  To 		Length
___________________________
  0	 | 	6	 | 	24,08
  0	 | 	10	 | 	9,06
  0	 | 	14	 | 	23,43
  0	 | 	19	 | 	40,85
  1	 | 	3	 | 	8,00
  1	 | 	7	 | 	24,08
  1	 | 	17	 | 	30,02
  2	 | 	3	 | 	4,00
  2	 | 	4	 | 	8,00
  2	 | 	6	 | 	16,12
  2	 | 	16	 | 	23,43
  3	 | 	8	 | 	21,10
  3	 | 	15	 | 	18,03
  4	 | 	5	 | 	4,00
  4	 | 	7	 | 	12,17
  4	 | 	17	 | 	20,52
  5	 | 	11	 | 	17,49
  5	 | 	13	 | 	11,40
  8	 | 	12	 | 	26,40
  9	 | 	10	 | 	37,36
  9	 | 	11	 | 	33,53
  11	 | 	12	 | 	4,00
  12	 | 	19	 | 	29,61
  13	 | 	16	 | 	14,32
  13	 | 	17	 | 	18,03
  14	 | 	18	 | 	16,00
  15	 | 	16	 | 	4,00
  15	 | 	18	 | 	12,00
  16	 | 	17	 | 	4,00
  11	 | 	13	 | 	8,00
  5	 | 	6	 | 	4,47
  18	 | 	19	 | 	4,00
  1	 | 	10	 | 	9,49
  6	 | 	7	 | 	4,00
  7	 | 	8	 | 	6,40
  14	 | 	15	 | 	4,00
  10	 | 	12	 | 	8,00
  8	 | 	9	 | 	4,12
___________________________
Simulation Topology [1:18]
___________________________
From 	  To 		Length
___________________________
  0	 | 	6	 | 	24,08
  0	 | 	10	 | 	9,06
  0	 | 	14	 | 	23,43
  0	 | 	19	 | 	40,85
  1	 | 	3	 | 	8,00
  1	 | 	7	 | 	24,08
  1	 | 	17	 | 	30,02
  2	 | 	3	 | 	4,00
  2	 | 	4	 | 	8,00
  2	 | 	6	 | 	16,12
  2	 | 	16	 | 	23,43
  3	 | 	8	 | 	21,10
  3	 | 	15	 | 	18,03
  4	 | 	5	 | 	4,00
  4	 | 	7	 | 	12,17
  4	 | 	17	 | 	20,52
  5	 | 	11	 | 	17,49
  5	 | 	13	 | 	11,40
  8	 | 	12	 | 	26,40
  9	 | 	10	 | 	37,36
  9	 | 	11	 | 	33,53
  11	 | 	12	 | 	4,00
  12	 | 	19	 | 	29,61
  13	 | 	16	 | 	14,32
  13	 | 	17	 | 	18,03
  14	 | 	18	 | 	16,00
  15	 | 	16	 | 	4,00
  15	 | 	18	 | 	12,00
  16	 | 	17	 | 	4,00
  11	 | 	13	 | 	8,00
  5	 | 	6	 | 	4,47
  18	 | 	19	 | 	4,00
  1	 | 	10	 | 	9,49
  6	 | 	7	 | 	4,00
  7	 | 	8	 | 	6,40
  14	 | 	15	 | 	4,00
  10	 | 	12	 | 	8,00
  8	 | 	9	 | 	4,12
  9	 | 	18	 | 	16,28
___________________________
Simulation Topology [1:19]
___________________________
From 	  To 		Length
___________________________
  0	 | 	6	 | 	24,08
  0	 | 	10	 | 	9,06
  0	 | 	14	 | 	23,43
  0	 | 	19	 | 	40,85
  1	 | 	3	 | 	8,00
  1	 | 	7	 | 	24,08
  1	 | 	17	 | 	30,02
  2	 | 	3	 | 	4,00
  2	 | 	4	 | 	8,00
  2	 | 	6	 | 	16,12
  2	 | 	16	 | 	23,43
  3	 | 	8	 | 	21,10
  3	 | 	15	 | 	18,03
  4	 | 	5	 | 	4,00
  4	 | 	7	 | 	12,17
  4	 | 	17	 | 	20,52
  5	 | 	11	 | 	17,49
  5	 | 	13	 | 	11,40
  8	 | 	12	 | 	26,40
  9	 | 	10	 | 	37,36
  9	 | 	11	 | 	33,53
  11	 | 	12	 | 	4,00
  12	 | 	19	 | 	29,61
  13	 | 	16	 | 	14,32
  13	 | 	17	 | 	18,03
  14	 | 	18	 | 	16,00
  15	 | 	16	 | 	4,00
  15	 | 	18	 | 	12,00
  16	 | 	17	 | 	4,00
  11	 | 	13	 | 	8,00
  5	 | 	6	 | 	4,47
  18	 | 	19	 | 	4,00
  1	 | 	10	 | 	9,49
  6	 | 	7	 | 	4,00
  7	 | 	8	 | 	6,40
  14	 | 	15	 | 	4,00
  10	 | 	12	 | 	8,00
  8	 | 	9	 | 	4,12
  9	 | 	18	 | 	16,28
  14	 | 	19	 | 	20,00
___________________________
