Simulation Topology 1
___________________________
[2]				[0]		
[8]				[0]		
[4]				[1]		
[0]				[1]		
[2]				[2]		
___________________________
Simulation Topology [1:0]
___________________________
From 	  To 		Length
___________________________
  0	 | 	1	 | 	6,00
  0	 | 	2	 | 	2,24
  0	 | 	3	 | 	2,24
  0	 | 	4	 | 	2,00
  1	 | 	3	 | 	8,06
  2	 | 	3	 | 	4,00
  3	 | 	4	 | 	2,24
___________________________
Simulation Topology [1:1]
___________________________
From 	  To 		Length
___________________________
  0	 | 	1	 | 	6,00
  0	 | 	2	 | 	2,24
  0	 | 	3	 | 	2,24
  0	 | 	4	 | 	2,00
  1	 | 	3	 | 	8,06
  2	 | 	3	 | 	4,00
  3	 | 	4	 | 	2,24
___________________________
Simulation Topology [1:2]
___________________________
From 	  To 		Length
___________________________
  0	 | 	1	 | 	6,00
  0	 | 	2	 | 	2,24
  0	 | 	3	 | 	2,24
  0	 | 	4	 | 	2,00
  1	 | 	3	 | 	8,06
  2	 | 	3	 | 	4,00
  3	 | 	4	 | 	2,24
___________________________
Simulation Topology [1:3]
___________________________
From 	  To 		Length
___________________________
  0	 | 	1	 | 	6,00
  0	 | 	2	 | 	2,24
  0	 | 	3	 | 	2,24
  0	 | 	4	 | 	2,00
  1	 | 	3	 | 	8,06
  2	 | 	3	 | 	4,00
  3	 | 	4	 | 	2,24
___________________________
Simulation Topology [1:4]
___________________________
From 	  To 		Length
___________________________
  0	 | 	1	 | 	6,00
  0	 | 	2	 | 	2,24
  0	 | 	3	 | 	2,24
  0	 | 	4	 | 	2,00
  1	 | 	3	 | 	8,06
  2	 | 	3	 | 	4,00
  3	 | 	4	 | 	2,24
___________________________
Simulation Topology [1:5]
___________________________
From 	  To 		Length
___________________________
  0	 | 	1	 | 	6,00
  0	 | 	2	 | 	2,24
  0	 | 	3	 | 	2,24
  0	 | 	4	 | 	2,00
  1	 | 	3	 | 	8,06
  2	 | 	3	 | 	4,00
  3	 | 	4	 | 	2,24
___________________________
