[8]				[0]		
[3]				[0]		
[8]				[2]		
[3]				[2]		
[8]				[4]		
[3]				[4]		
[8]				[6]		
[3]				[6]		
[8]				[8]		
[3]				[8]		
___________________________
Simulation Topology [1:2]
___________________________
From 	  To 		Length
___________________________
  0	 | 	1	 | 	5,00
  0	 | 	5	 | 	6,40
  1	 | 	4	 | 	6,40
  1	 | 	5	 | 	4,00
  2	 | 	3	 | 	5,00
  2	 | 	4	 | 	2,00
  2	 | 	7	 | 	6,40
  2	 | 	8	 | 	6,00
  3	 | 	5	 | 	2,00
  3	 | 	8	 | 	7,81
  4	 | 	5	 | 	5,00
  6	 | 	7	 | 	5,00
  6	 | 	9	 | 	5,39
  8	 | 	9	 | 	5,00
___________________________
Simulation Topology [1:3]
___________________________
From 	  To 		Length
___________________________
  0	 | 	1	 | 	5,00
  0	 | 	5	 | 	6,40
  1	 | 	4	 | 	6,40
  1	 | 	5	 | 	4,00
  2	 | 	3	 | 	5,00
  2	 | 	4	 | 	2,00
  2	 | 	7	 | 	6,40
  2	 | 	8	 | 	6,00
  3	 | 	5	 | 	2,00
  3	 | 	8	 | 	7,81
  4	 | 	5	 | 	5,00
  6	 | 	7	 | 	5,00
  6	 | 	9	 | 	5,39
  8	 | 	9	 | 	5,00
  1	 | 	6	 | 	7,81
___________________________
Simulation Topology [1:4]
___________________________
From 	  To 		Length
___________________________
  0	 | 	1	 | 	5,00
  0	 | 	5	 | 	6,40
  1	 | 	4	 | 	6,40
  1	 | 	5	 | 	4,00
  2	 | 	3	 | 	5,00
  2	 | 	4	 | 	2,00
  2	 | 	7	 | 	6,40
  2	 | 	8	 | 	6,00
  3	 | 	5	 | 	2,00
  3	 | 	8	 | 	7,81
  4	 | 	5	 | 	5,00
  6	 | 	7	 | 	5,00
  6	 | 	9	 | 	5,39
  8	 | 	9	 | 	5,00
  1	 | 	6	 | 	7,81
  4	 | 	6	 | 	2,00
___________________________
Simulation Topology [1:5]
___________________________
From 	  To 		Length
___________________________
  0	 | 	1	 | 	5,00
  0	 | 	5	 | 	6,40
  1	 | 	4	 | 	6,40
  1	 | 	5	 | 	4,00
  2	 | 	3	 | 	5,00
  2	 | 	4	 | 	2,00
  2	 | 	7	 | 	6,40
  2	 | 	8	 | 	6,00
  3	 | 	5	 | 	2,00
  3	 | 	8	 | 	7,81
  4	 | 	5	 | 	5,00
  6	 | 	7	 | 	5,00
  6	 | 	9	 | 	5,39
  8	 | 	9	 | 	5,00
  1	 | 	6	 | 	7,81
  4	 | 	6	 | 	2,00
  3	 | 	9	 | 	6,00
___________________________
Simulation Topology [1:6]
___________________________
From 	  To 		Length
___________________________
  0	 | 	1	 | 	5,00
  0	 | 	5	 | 	6,40
  1	 | 	4	 | 	6,40
  1	 | 	5	 | 	4,00
  2	 | 	3	 | 	5,00
  2	 | 	4	 | 	2,00
  2	 | 	7	 | 	6,40
  2	 | 	8	 | 	6,00
  3	 | 	5	 | 	2,00
  3	 | 	8	 | 	7,81
  4	 | 	5	 | 	5,00
  6	 | 	7	 | 	5,00
  6	 | 	9	 | 	5,39
  8	 | 	9	 | 	5,00
  1	 | 	6	 | 	7,81
  4	 | 	6	 | 	2,00
  3	 | 	9	 | 	6,00
  7	 | 	9	 | 	2,00
___________________________
Simulation Topology [1:7]
___________________________
From 	  To 		Length
___________________________
  0	 | 	1	 | 	5,00
  0	 | 	5	 | 	6,40
  1	 | 	4	 | 	6,40
  1	 | 	5	 | 	4,00
  2	 | 	3	 | 	5,00
  2	 | 	4	 | 	2,00
  2	 | 	7	 | 	6,40
  2	 | 	8	 | 	6,00
  3	 | 	5	 | 	2,00
  3	 | 	8	 | 	7,81
  4	 | 	5	 | 	5,00
  6	 | 	7	 | 	5,00
  6	 | 	9	 | 	5,39
  8	 | 	9	 | 	5,00
  1	 | 	6	 | 	7,81
  4	 | 	6	 | 	2,00
  3	 | 	9	 | 	6,00
  7	 | 	9	 | 	2,00
  7	 | 	8	 | 	5,39
___________________________
Simulation Topology [1:8]
___________________________
From 	  To 		Length
___________________________
  0	 | 	1	 | 	5,00
  0	 | 	5	 | 	6,40
  1	 | 	4	 | 	6,40
  1	 | 	5	 | 	4,00
  2	 | 	3	 | 	5,00
  2	 | 	4	 | 	2,00
  2	 | 	7	 | 	6,40
  2	 | 	8	 | 	6,00
  3	 | 	5	 | 	2,00
  3	 | 	8	 | 	7,81
  4	 | 	5	 | 	5,00
  6	 | 	7	 | 	5,00
  6	 | 	9	 | 	5,39
  8	 | 	9	 | 	5,00
  1	 | 	6	 | 	7,81
  4	 | 	6	 | 	2,00
  3	 | 	9	 | 	6,00
  7	 | 	9	 | 	2,00
  7	 | 	8	 | 	5,39
  0	 | 	6	 | 	6,00
___________________________
