[8]				[2]		
[2]				[3]		
[3]				[1]		
[0]				[0]		
[8]				[6]		
[0]				[6]		
[3]				[5]		
[6]				[5]		
[8]				[10]		
[2]				[11]		
[3]				[9]		
[0]				[8]		
[8]				[14]		
[2]				[15]		
[3]				[13]		
[0]				[12]		
[8]				[18]		
[2]				[19]		
[4]				[18]		
[6]				[17]		
___________________________
Simulation Topology [1:6]
___________________________
From 	  To 		Length
___________________________
  0	 | 	1	 | 	6,08
  0	 | 	2	 | 	5,10
  0	 | 	4	 | 	4,00
  1	 | 	5	 | 	3,61
  2	 | 	3	 | 	3,16
  2	 | 	15	 | 	11,40
  3	 | 	16	 | 	19,70
  4	 | 	7	 | 	2,24
  4	 | 	19	 | 	11,18
  5	 | 	6	 | 	3,16
  6	 | 	8	 | 	7,07
  7	 | 	8	 | 	5,39
  7	 | 	9	 | 	7,21
  7	 | 	15	 | 	9,22
  7	 | 	16	 | 	13,15
  9	 | 	19	 | 	7,21
  10	 | 	12	 | 	7,07
  10	 | 	13	 | 	6,08
  10	 | 	15	 | 	4,24
  11	 | 	14	 | 	5,83
  11	 | 	16	 | 	12,81
  11	 | 	17	 | 	11,18
  11	 | 	18	 | 	10,77
  12	 | 	18	 | 	5,66
  13	 | 	17	 | 	4,00
  14	 | 	15	 | 	3,16
  15	 | 	16	 | 	10,00
___________________________
Simulation Topology [1:7]
___________________________
From 	  To 		Length
___________________________
  0	 | 	1	 | 	6,08
  0	 | 	2	 | 	5,10
  0	 | 	4	 | 	4,00
  1	 | 	5	 | 	3,61
  2	 | 	3	 | 	3,16
  2	 | 	15	 | 	11,40
  3	 | 	16	 | 	19,70
  4	 | 	7	 | 	2,24
  4	 | 	19	 | 	11,18
  5	 | 	6	 | 	3,16
  6	 | 	8	 | 	7,07
  7	 | 	8	 | 	5,39
  7	 | 	9	 | 	7,21
  7	 | 	15	 | 	9,22
  7	 | 	16	 | 	13,15
  9	 | 	19	 | 	7,21
  10	 | 	12	 | 	7,07
  10	 | 	13	 | 	6,08
  10	 | 	15	 | 	4,24
  11	 | 	14	 | 	5,83
  11	 | 	16	 | 	12,81
  11	 | 	17	 | 	11,18
  11	 | 	18	 | 	10,77
  12	 | 	18	 | 	5,66
  13	 | 	17	 | 	4,00
  14	 | 	15	 | 	3,16
  15	 | 	16	 | 	10,00
  4	 | 	8	 | 	4,00
___________________________
Simulation Topology [1:8]
___________________________
From 	  To 		Length
___________________________
  0	 | 	1	 | 	6,08
  0	 | 	2	 | 	5,10
  0	 | 	4	 | 	4,00
  1	 | 	5	 | 	3,61
  2	 | 	3	 | 	3,16
  2	 | 	15	 | 	11,40
  3	 | 	16	 | 	19,70
  4	 | 	7	 | 	2,24
  4	 | 	19	 | 	11,18
  5	 | 	6	 | 	3,16
  6	 | 	8	 | 	7,07
  7	 | 	8	 | 	5,39
  7	 | 	9	 | 	7,21
  7	 | 	15	 | 	9,22
  7	 | 	16	 | 	13,15
  9	 | 	19	 | 	7,21
  10	 | 	12	 | 	7,07
  10	 | 	13	 | 	6,08
  10	 | 	15	 | 	4,24
  11	 | 	14	 | 	5,83
  11	 | 	16	 | 	12,81
  11	 | 	17	 | 	11,18
  11	 | 	18	 | 	10,77
  12	 | 	18	 | 	5,66
  13	 | 	17	 | 	4,00
  14	 | 	15	 | 	3,16
  15	 | 	16	 | 	10,00
  4	 | 	8	 | 	4,00
  9	 | 	10	 | 	2,24
___________________________
Simulation Topology [1:9]
___________________________
From 	  To 		Length
___________________________
  0	 | 	1	 | 	6,08
  0	 | 	2	 | 	5,10
  0	 | 	4	 | 	4,00
  1	 | 	5	 | 	3,61
  2	 | 	3	 | 	3,16
  2	 | 	15	 | 	11,40
  3	 | 	16	 | 	19,70
  4	 | 	7	 | 	2,24
  4	 | 	19	 | 	11,18
  5	 | 	6	 | 	3,16
  6	 | 	8	 | 	7,07
  7	 | 	8	 | 	5,39
  7	 | 	9	 | 	7,21
  7	 | 	15	 | 	9,22
  7	 | 	16	 | 	13,15
  9	 | 	19	 | 	7,21
  10	 | 	12	 | 	7,07
  10	 | 	13	 | 	6,08
  10	 | 	15	 | 	4,24
  11	 | 	14	 | 	5,83
  11	 | 	16	 | 	12,81
  11	 | 	17	 | 	11,18
  11	 | 	18	 | 	10,77
  12	 | 	18	 | 	5,66
  13	 | 	17	 | 	4,00
  14	 | 	15	 | 	3,16
  15	 | 	16	 | 	10,00
  4	 | 	8	 | 	4,00
  9	 | 	10	 | 	2,24
  5	 | 	13	 | 	9,22
___________________________
