Simulation Topology 1
___________________________
[7]				[0]		
[4]				[0]		
[2]				[1]		
[9]				[1]		
[7]				[2]		
___________________________
Simulation Topology [1:0]
___________________________
From 	  To 		Length
___________________________
  0	 | 	1	 | 	3,00
  0	 | 	2	 | 	5,10
  0	 | 	3	 | 	2,24
  0	 | 	4	 | 	2,00
  1	 | 	2	 | 	2,24
  1	 | 	3	 | 	5,10
  1	 | 	4	 | 	3,61
  2	 | 	3	 | 	7,00
  3	 | 	4	 | 	2,24
___________________________
Simulation Topology [1:1]
___________________________
From 	  To 		Length
___________________________
  0	 | 	1	 | 	3,00
  0	 | 	2	 | 	5,10
  0	 | 	3	 | 	2,24
  0	 | 	4	 | 	2,00
  1	 | 	2	 | 	2,24
  1	 | 	3	 | 	5,10
  1	 | 	4	 | 	3,61
  2	 | 	3	 | 	7,00
  3	 | 	4	 | 	2,24
  2	 | 	4	 | 	5,10
___________________________
