Simulation Topology 1
___________________________
[9]				[0]		
[9]				[2]		
[9]				[4]		
[9]				[6]		
[0]				[9]		
[9]				[11]		
[4]				[13]		
[2]				[14]		
[7]				[17]		
[4]				[19]		
___________________________
Simulation Topology [1:0]
___________________________
From 	  To 		Length
___________________________
  0	 | 	1	 | 	2,00
  0	 | 	6	 | 	13,93
  1	 | 	3	 | 	4,00
  2	 | 	6	 | 	10,30
  2	 | 	7	 | 	12,21
  3	 | 	4	 | 	9,49
  4	 | 	8	 | 	10,63
  5	 | 	8	 | 	6,32
  5	 | 	9	 | 	9,43
  7	 | 	9	 | 	5,39
___________________________
