Simulation Topology 1
___________________________
[3]				[3]		
[9]				[3]		
[1]				[4]		
[7]				[5]		
[5]				[7]		
[9]				[7]		
[1]				[8]		
[9]				[9]		
[9]				[11]		
[7]				[11]		
___________________________
Simulation Topology [1:0]
___________________________
From 	  To 		Length
___________________________
  0	 | 	1	 | 	6,00
  0	 | 	2	 | 	2,24
  0	 | 	6	 | 	5,39
  1	 | 	3	 | 	2,83
  2	 | 	3	 | 	6,08
  2	 | 	4	 | 	5,00
  4	 | 	5	 | 	4,00
  4	 | 	9	 | 	4,47
  5	 | 	7	 | 	2,00
  5	 | 	8	 | 	4,00
  6	 | 	7	 | 	8,06
  6	 | 	9	 | 	6,71
  8	 | 	9	 | 	2,00
___________________________
Simulation Topology [1:1]
___________________________
From 	  To 		Length
___________________________
  0	 | 	1	 | 	6,00
  0	 | 	2	 | 	2,24
  0	 | 	6	 | 	5,39
  1	 | 	3	 | 	2,83
  2	 | 	3	 | 	6,08
  2	 | 	4	 | 	5,00
  4	 | 	5	 | 	4,00
  4	 | 	9	 | 	4,47
  5	 | 	7	 | 	2,00
  5	 | 	8	 | 	4,00
  6	 | 	7	 | 	8,06
  6	 | 	9	 | 	6,71
  8	 | 	9	 | 	2,00
  7	 | 	8	 | 	2,00
___________________________
Simulation Topology [1:2]
___________________________
From 	  To 		Length
___________________________
  0	 | 	1	 | 	6,00
  0	 | 	2	 | 	2,24
  0	 | 	6	 | 	5,39
  1	 | 	3	 | 	2,83
  2	 | 	3	 | 	6,08
  2	 | 	4	 | 	5,00
  4	 | 	5	 | 	4,00
  4	 | 	9	 | 	4,47
  5	 | 	7	 | 	2,00
  5	 | 	8	 | 	4,00
  6	 | 	7	 | 	8,06
  6	 | 	9	 | 	6,71
  8	 | 	9	 | 	2,00
  7	 | 	8	 | 	2,00
  6	 | 	8	 | 	8,54
___________________________
Simulation Topology [1:3]
___________________________
From 	  To 		Length
___________________________
  0	 | 	1	 | 	6,00
  0	 | 	2	 | 	2,24
  0	 | 	6	 | 	5,39
  1	 | 	3	 | 	2,83
  2	 | 	3	 | 	6,08
  2	 | 	4	 | 	5,00
  4	 | 	5	 | 	4,00
  4	 | 	9	 | 	4,47
  5	 | 	7	 | 	2,00
  5	 | 	8	 | 	4,00
  6	 | 	7	 | 	8,06
  6	 | 	9	 | 	6,71
  8	 | 	9	 | 	2,00
  7	 | 	8	 | 	2,00
  6	 | 	8	 | 	8,54
  4	 | 	7	 | 	4,47
___________________________
Simulation Topology [1:4]
___________________________
From 	  To 		Length
___________________________
  0	 | 	1	 | 	6,00
  0	 | 	2	 | 	2,24
  0	 | 	6	 | 	5,39
  1	 | 	3	 | 	2,83
  2	 | 	3	 | 	6,08
  2	 | 	4	 | 	5,00
  4	 | 	5	 | 	4,00
  4	 | 	9	 | 	4,47
  5	 | 	7	 | 	2,00
  5	 | 	8	 | 	4,00
  6	 | 	7	 | 	8,06
  6	 | 	9	 | 	6,71
  8	 | 	9	 | 	2,00
  7	 | 	8	 | 	2,00
  6	 | 	8	 | 	8,54
  4	 | 	7	 | 	4,47
  5	 | 	9	 | 	4,47
___________________________
Simulation Topology [1:5]
___________________________
From 	  To 		Length
___________________________
  0	 | 	1	 | 	6,00
  0	 | 	2	 | 	2,24
  0	 | 	6	 | 	5,39
  1	 | 	3	 | 	2,83
  2	 | 	3	 | 	6,08
  2	 | 	4	 | 	5,00
  4	 | 	5	 | 	4,00
  4	 | 	9	 | 	4,47
  5	 | 	7	 | 	2,00
  5	 | 	8	 | 	4,00
  6	 | 	7	 | 	8,06
  6	 | 	9	 | 	6,71
  8	 | 	9	 | 	2,00
  7	 | 	8	 | 	2,00
  6	 | 	8	 | 	8,54
  4	 | 	7	 | 	4,47
  5	 | 	9	 | 	4,47
  1	 | 	2	 | 	8,06
___________________________
Simulation Topology [1:6]
___________________________
From 	  To 		Length
___________________________
  0	 | 	1	 | 	6,00
  0	 | 	2	 | 	2,24
  0	 | 	6	 | 	5,39
  1	 | 	3	 | 	2,83
  2	 | 	3	 | 	6,08
  2	 | 	4	 | 	5,00
  4	 | 	5	 | 	4,00
  4	 | 	9	 | 	4,47
  5	 | 	7	 | 	2,00
  5	 | 	8	 | 	4,00
  6	 | 	7	 | 	8,06
  6	 | 	9	 | 	6,71
  8	 | 	9	 | 	2,00
  7	 | 	8	 | 	2,00
  6	 | 	8	 | 	8,54
  4	 | 	7	 | 	4,47
  5	 | 	9	 | 	4,47
  1	 | 	2	 | 	8,06
  1	 | 	4	 | 	5,66
___________________________
Simulation Topology [1:7]
___________________________
From 	  To 		Length
___________________________
  0	 | 	1	 | 	6,00
  0	 | 	2	 | 	2,24
  0	 | 	6	 | 	5,39
  1	 | 	3	 | 	2,83
  2	 | 	3	 | 	6,08
  2	 | 	4	 | 	5,00
  4	 | 	5	 | 	4,00
  4	 | 	9	 | 	4,47
  5	 | 	7	 | 	2,00
  5	 | 	8	 | 	4,00
  6	 | 	7	 | 	8,06
  6	 | 	9	 | 	6,71
  8	 | 	9	 | 	2,00
  7	 | 	8	 | 	2,00
  6	 | 	8	 | 	8,54
  4	 | 	7	 | 	4,47
  5	 | 	9	 | 	4,47
  1	 | 	2	 | 	8,06
  1	 | 	4	 | 	5,66
  0	 | 	3	 | 	4,47
___________________________
