Simulation Topology 1
___________________________
[2]				[1]		
[9]				[1]		
[4]				[2]		
[6]				[3]		
[6]				[5]		
[9]				[5]		
[2]				[7]		
___________________________
Simulation Topology [1:0]
___________________________
From 	  To 		Length
___________________________
  0	 | 	1	 | 	7,00
  0	 | 	2	 | 	2,24
  0	 | 	6	 | 	6,00
  1	 | 	3	 | 	3,61
  2	 | 	3	 | 	2,24
  2	 | 	4	 | 	3,61
  4	 | 	5	 | 	3,00
  4	 | 	6	 | 	4,47
  5	 | 	6	 | 	7,28
___________________________
Simulation Topology [1:1]
___________________________
From 	  To 		Length
___________________________
  0	 | 	1	 | 	7,00
  0	 | 	2	 | 	2,24
  0	 | 	6	 | 	6,00
  1	 | 	3	 | 	3,61
  2	 | 	3	 | 	2,24
  2	 | 	4	 | 	3,61
  4	 | 	5	 | 	3,00
  4	 | 	6	 | 	4,47
  5	 | 	6	 | 	7,28
___________________________
Simulation Topology [1:2]
___________________________
From 	  To 		Length
___________________________
  0	 | 	1	 | 	7,00
  0	 | 	2	 | 	2,24
  0	 | 	6	 | 	6,00
  1	 | 	3	 | 	3,61
  2	 | 	3	 | 	2,24
  2	 | 	4	 | 	3,61
  4	 | 	5	 | 	3,00
  4	 | 	6	 | 	4,47
  5	 | 	6	 | 	7,28
  3	 | 	6	 | 	5,66
___________________________
Simulation Topology [1:3]
___________________________
From 	  To 		Length
___________________________
  0	 | 	1	 | 	7,00
  0	 | 	2	 | 	2,24
  0	 | 	6	 | 	6,00
  1	 | 	3	 | 	3,61
  2	 | 	3	 | 	2,24
  2	 | 	4	 | 	3,61
  4	 | 	5	 | 	3,00
  4	 | 	6	 | 	4,47
  5	 | 	6	 | 	7,28
  3	 | 	6	 | 	5,66
___________________________
Simulation Topology [1:4]
___________________________
From 	  To 		Length
___________________________
  0	 | 	1	 | 	7,00
  0	 | 	2	 | 	2,24
  0	 | 	6	 | 	6,00
  1	 | 	3	 | 	3,61
  2	 | 	3	 | 	2,24
  2	 | 	4	 | 	3,61
  4	 | 	5	 | 	3,00
  4	 | 	6	 | 	4,47
  5	 | 	6	 | 	7,28
  3	 | 	6	 | 	5,66
___________________________
Simulation Topology [1:5]
___________________________
From 	  To 		Length
___________________________
  0	 | 	1	 | 	7,00
  0	 | 	2	 | 	2,24
  0	 | 	6	 | 	6,00
  1	 | 	3	 | 	3,61
  2	 | 	3	 | 	2,24
  2	 | 	4	 | 	3,61
  4	 | 	5	 | 	3,00
  4	 | 	6	 | 	4,47
  5	 | 	6	 | 	7,28
  3	 | 	6	 | 	5,66
___________________________
Simulation Topology [1:6]
___________________________
From 	  To 		Length
___________________________
  0	 | 	1	 | 	7,00
  0	 | 	2	 | 	2,24
  0	 | 	6	 | 	6,00
  1	 | 	3	 | 	3,61
  2	 | 	3	 | 	2,24
  2	 | 	4	 | 	3,61
  4	 | 	5	 | 	3,00
  4	 | 	6	 | 	4,47
  5	 | 	6	 | 	7,28
  3	 | 	6	 | 	5,66
___________________________
Simulation Topology [1:7]
___________________________
From 	  To 		Length
___________________________
  0	 | 	1	 | 	7,00
  0	 | 	2	 | 	2,24
  0	 | 	6	 | 	6,00
  1	 | 	3	 | 	3,61
  2	 | 	3	 | 	2,24
  2	 | 	4	 | 	3,61
  4	 | 	5	 | 	3,00
  4	 | 	6	 | 	4,47
  5	 | 	6	 | 	7,28
  3	 | 	6	 | 	5,66
___________________________
