[0]				[1]		
[4]				[3]		
[0]				[5]		
[0]				[7]		
[10]				[9]		
[10]				[11]		
[10]				[13]		
[10]				[15]		
[10]				[17]		
[10]				[19]		
___________________________
Simulation Topology [1:2]
___________________________
From 	  To 		Length
___________________________
  0	 | 	1	 | 	4,47
  0	 | 	3	 | 	6,00
  0	 | 	4	 | 	12,81
  0	 | 	7	 | 	17,20
  1	 | 	2	 | 	4,47
  1	 | 	4	 | 	8,49
  2	 | 	3	 | 	2,00
  2	 | 	4	 | 	10,77
  2	 | 	6	 | 	12,81
  3	 | 	4	 | 	10,20
  3	 | 	6	 | 	11,66
  5	 | 	7	 | 	4,00
  5	 | 	9	 | 	8,00
  6	 | 	7	 | 	2,00
  7	 | 	8	 | 	2,00
  8	 | 	9	 | 	2,00
___________________________
Simulation Topology [1:3]
___________________________
From 	  To 		Length
___________________________
  0	 | 	1	 | 	4,47
  0	 | 	3	 | 	6,00
  0	 | 	4	 | 	12,81
  0	 | 	7	 | 	17,20
  1	 | 	2	 | 	4,47
  1	 | 	4	 | 	8,49
  2	 | 	3	 | 	2,00
  2	 | 	4	 | 	10,77
  2	 | 	6	 | 	12,81
  3	 | 	4	 | 	10,20
  3	 | 	6	 | 	11,66
  5	 | 	7	 | 	4,00
  5	 | 	9	 | 	8,00
  6	 | 	7	 | 	2,00
  7	 | 	8	 | 	2,00
  8	 | 	9	 | 	2,00
  5	 | 	8	 | 	6,00
___________________________
Simulation Topology [1:4]
___________________________
From 	  To 		Length
___________________________
  0	 | 	1	 | 	4,47
  0	 | 	3	 | 	6,00
  0	 | 	4	 | 	12,81
  0	 | 	7	 | 	17,20
  1	 | 	2	 | 	4,47
  1	 | 	4	 | 	8,49
  2	 | 	3	 | 	2,00
  2	 | 	4	 | 	10,77
  2	 | 	6	 | 	12,81
  3	 | 	4	 | 	10,20
  3	 | 	6	 | 	11,66
  5	 | 	7	 | 	4,00
  5	 | 	9	 | 	8,00
  6	 | 	7	 | 	2,00
  7	 | 	8	 | 	2,00
  8	 | 	9	 | 	2,00
  5	 | 	8	 | 	6,00
  5	 | 	6	 | 	2,00
___________________________
Simulation Topology [1:5]
___________________________
From 	  To 		Length
___________________________
  0	 | 	1	 | 	4,47
  0	 | 	3	 | 	6,00
  0	 | 	4	 | 	12,81
  0	 | 	7	 | 	17,20
  1	 | 	2	 | 	4,47
  1	 | 	4	 | 	8,49
  2	 | 	3	 | 	2,00
  2	 | 	4	 | 	10,77
  2	 | 	6	 | 	12,81
  3	 | 	4	 | 	10,20
  3	 | 	6	 | 	11,66
  5	 | 	7	 | 	4,00
  5	 | 	9	 | 	8,00
  6	 | 	7	 | 	2,00
  7	 | 	8	 | 	2,00
  8	 | 	9	 | 	2,00
  5	 | 	8	 | 	6,00
  5	 | 	6	 | 	2,00
  1	 | 	8	 | 	15,23
___________________________
Simulation Topology [1:6]
___________________________
From 	  To 		Length
___________________________
  0	 | 	1	 | 	4,47
  0	 | 	3	 | 	6,00
  0	 | 	4	 | 	12,81
  0	 | 	7	 | 	17,20
  1	 | 	2	 | 	4,47
  1	 | 	4	 | 	8,49
  2	 | 	3	 | 	2,00
  2	 | 	4	 | 	10,77
  2	 | 	6	 | 	12,81
  3	 | 	4	 | 	10,20
  3	 | 	6	 | 	11,66
  5	 | 	7	 | 	4,00
  5	 | 	9	 | 	8,00
  6	 | 	7	 | 	2,00
  7	 | 	8	 | 	2,00
  8	 | 	9	 | 	2,00
  5	 | 	8	 | 	6,00
  5	 | 	6	 | 	2,00
  1	 | 	8	 | 	15,23
  0	 | 	9	 | 	20,59
___________________________
