Simulation Topology 1
___________________________
[1]				[1]		
[4]				[1]		
[3]				[3]		
[8]				[2]		
[1]				[5]		
[4]				[5]		
[1]				[7]		
[4]				[7]		
[1]				[9]		
[4]				[9]		
___________________________
Simulation Topology [1:0]
___________________________
From 	  To 		Length
___________________________
  0	 | 	1	 | 	3,00
  0	 | 	5	 | 	5,00
  0	 | 	7	 | 	6,71
  1	 | 	7	 | 	6,00
  2	 | 	3	 | 	5,10
  2	 | 	4	 | 	2,83
  3	 | 	5	 | 	5,00
  3	 | 	9	 | 	8,06
  4	 | 	5	 | 	3,00
  6	 | 	7	 | 	3,00
  6	 | 	8	 | 	2,00
  8	 | 	9	 | 	3,00
___________________________
Simulation Topology [1:1]
___________________________
From 	  To 		Length
___________________________
  0	 | 	1	 | 	3,00
  0	 | 	5	 | 	5,00
  0	 | 	7	 | 	6,71
  1	 | 	7	 | 	6,00
  2	 | 	3	 | 	5,10
  2	 | 	4	 | 	2,83
  3	 | 	5	 | 	5,00
  3	 | 	9	 | 	8,06
  4	 | 	5	 | 	3,00
  6	 | 	7	 | 	3,00
  6	 | 	8	 | 	2,00
  8	 | 	9	 | 	3,00
  1	 | 	5	 | 	4,00
___________________________
Simulation Topology [1:2]
___________________________
From 	  To 		Length
___________________________
  0	 | 	1	 | 	3,00
  0	 | 	5	 | 	5,00
  0	 | 	7	 | 	6,71
  1	 | 	7	 | 	6,00
  2	 | 	3	 | 	5,10
  2	 | 	4	 | 	2,83
  3	 | 	5	 | 	5,00
  3	 | 	9	 | 	8,06
  4	 | 	5	 | 	3,00
  6	 | 	7	 | 	3,00
  6	 | 	8	 | 	2,00
  8	 | 	9	 | 	3,00
  1	 | 	5	 | 	4,00
  2	 | 	6	 | 	4,47
___________________________
Simulation Topology [1:3]
___________________________
From 	  To 		Length
___________________________
  0	 | 	1	 | 	3,00
  0	 | 	5	 | 	5,00
  0	 | 	7	 | 	6,71
  1	 | 	7	 | 	6,00
  2	 | 	3	 | 	5,10
  2	 | 	4	 | 	2,83
  3	 | 	5	 | 	5,00
  3	 | 	9	 | 	8,06
  4	 | 	5	 | 	3,00
  6	 | 	7	 | 	3,00
  6	 | 	8	 | 	2,00
  8	 | 	9	 | 	3,00
  1	 | 	5	 | 	4,00
  2	 | 	6	 | 	4,47
  1	 | 	3	 | 	4,12
___________________________
Simulation Topology [1:4]
___________________________
From 	  To 		Length
___________________________
  0	 | 	1	 | 	3,00
  0	 | 	5	 | 	5,00
  0	 | 	7	 | 	6,71
  1	 | 	7	 | 	6,00
  2	 | 	3	 | 	5,10
  2	 | 	4	 | 	2,83
  3	 | 	5	 | 	5,00
  3	 | 	9	 | 	8,06
  4	 | 	5	 | 	3,00
  6	 | 	7	 | 	3,00
  6	 | 	8	 | 	2,00
  8	 | 	9	 | 	3,00
  1	 | 	5	 | 	4,00
  2	 | 	6	 | 	4,47
  1	 | 	3	 | 	4,12
  2	 | 	7	 | 	4,12
___________________________
Simulation Topology [1:5]
___________________________
From 	  To 		Length
___________________________
  0	 | 	1	 | 	3,00
  0	 | 	5	 | 	5,00
  0	 | 	7	 | 	6,71
  1	 | 	7	 | 	6,00
  2	 | 	3	 | 	5,10
  2	 | 	4	 | 	2,83
  3	 | 	5	 | 	5,00
  3	 | 	9	 | 	8,06
  4	 | 	5	 | 	3,00
  6	 | 	7	 | 	3,00
  6	 | 	8	 | 	2,00
  8	 | 	9	 | 	3,00
  1	 | 	5	 | 	4,00
  2	 | 	6	 | 	4,47
  1	 | 	3	 | 	4,12
  2	 | 	7	 | 	4,12
  0	 | 	9	 | 	8,54
___________________________
Simulation Topology [1:6]
___________________________
From 	  To 		Length
___________________________
  0	 | 	1	 | 	3,00
  0	 | 	5	 | 	5,00
  0	 | 	7	 | 	6,71
  1	 | 	7	 | 	6,00
  2	 | 	3	 | 	5,10
  2	 | 	4	 | 	2,83
  3	 | 	5	 | 	5,00
  3	 | 	9	 | 	8,06
  4	 | 	5	 | 	3,00
  6	 | 	7	 | 	3,00
  6	 | 	8	 | 	2,00
  8	 | 	9	 | 	3,00
  1	 | 	5	 | 	4,00
  2	 | 	6	 | 	4,47
  1	 | 	3	 | 	4,12
  2	 | 	7	 | 	4,12
  0	 | 	9	 | 	8,54
  4	 | 	6	 | 	2,00
___________________________
Simulation Topology [1:7]
___________________________
From 	  To 		Length
___________________________
  0	 | 	1	 | 	3,00
  0	 | 	5	 | 	5,00
  0	 | 	7	 | 	6,71
  1	 | 	7	 | 	6,00
  2	 | 	3	 | 	5,10
  2	 | 	4	 | 	2,83
  3	 | 	5	 | 	5,00
  3	 | 	9	 | 	8,06
  4	 | 	5	 | 	3,00
  6	 | 	7	 | 	3,00
  6	 | 	8	 | 	2,00
  8	 | 	9	 | 	3,00
  1	 | 	5	 | 	4,00
  2	 | 	6	 | 	4,47
  1	 | 	3	 | 	4,12
  2	 | 	7	 | 	4,12
  0	 | 	9	 | 	8,54
  4	 | 	6	 | 	2,00
  4	 | 	8	 | 	4,00
___________________________
Simulation Topology [1:8]
___________________________
From 	  To 		Length
___________________________
  0	 | 	1	 | 	3,00
  0	 | 	5	 | 	5,00
  0	 | 	7	 | 	6,71
  1	 | 	7	 | 	6,00
  2	 | 	3	 | 	5,10
  2	 | 	4	 | 	2,83
  3	 | 	5	 | 	5,00
  3	 | 	9	 | 	8,06
  4	 | 	5	 | 	3,00
  6	 | 	7	 | 	3,00
  6	 | 	8	 | 	2,00
  8	 | 	9	 | 	3,00
  1	 | 	5	 | 	4,00
  2	 | 	6	 | 	4,47
  1	 | 	3	 | 	4,12
  2	 | 	7	 | 	4,12
  0	 | 	9	 | 	8,54
  4	 | 	6	 | 	2,00
  4	 | 	8	 | 	4,00
  4	 | 	9	 | 	5,00
___________________________
