Simulation Topology 1
___________________________
[7]				[1]		
[5]				[1]		
[2]				[3]		
[4]				[3]		
[4]				[5]		
[9]				[5]		
[2]				[7]		
[6]				[7]		
[8]				[9]		
[1]				[9]		
___________________________
Simulation Topology [1:0]
___________________________
From 	  To 		Length
___________________________
  0	 | 	1	 | 	2,00
  0	 | 	2	 | 	5,39
  0	 | 	8	 | 	8,06
  1	 | 	3	 | 	2,24
  2	 | 	3	 | 	2,00
  2	 | 	7	 | 	5,66
  4	 | 	5	 | 	5,00
  4	 | 	7	 | 	2,83
  4	 | 	8	 | 	5,66
  5	 | 	6	 | 	7,28
  5	 | 	9	 | 	8,94
  6	 | 	7	 | 	4,00
  8	 | 	9	 | 	7,00
___________________________
Simulation Topology [1:1]
___________________________
From 	  To 		Length
___________________________
  0	 | 	1	 | 	2,00
  0	 | 	2	 | 	5,39
  0	 | 	8	 | 	8,06
  1	 | 	3	 | 	2,24
  2	 | 	3	 | 	2,00
  2	 | 	7	 | 	5,66
  4	 | 	5	 | 	5,00
  4	 | 	7	 | 	2,83
  4	 | 	8	 | 	5,66
  5	 | 	6	 | 	7,28
  5	 | 	9	 | 	8,94
  6	 | 	7	 | 	4,00
  8	 | 	9	 | 	7,00
  7	 | 	8	 | 	2,83
___________________________
Simulation Topology [1:2]
___________________________
From 	  To 		Length
___________________________
  0	 | 	1	 | 	2,00
  0	 | 	2	 | 	5,39
  0	 | 	8	 | 	8,06
  1	 | 	3	 | 	2,24
  2	 | 	3	 | 	2,00
  2	 | 	7	 | 	5,66
  4	 | 	5	 | 	5,00
  4	 | 	7	 | 	2,83
  4	 | 	8	 | 	5,66
  5	 | 	6	 | 	7,28
  5	 | 	9	 | 	8,94
  6	 | 	7	 | 	4,00
  8	 | 	9	 | 	7,00
  7	 | 	8	 | 	2,83
  0	 | 	5	 | 	4,47
___________________________
Simulation Topology [1:3]
___________________________
From 	  To 		Length
___________________________
  0	 | 	1	 | 	2,00
  0	 | 	2	 | 	5,39
  0	 | 	8	 | 	8,06
  1	 | 	3	 | 	2,24
  2	 | 	3	 | 	2,00
  2	 | 	7	 | 	5,66
  4	 | 	5	 | 	5,00
  4	 | 	7	 | 	2,83
  4	 | 	8	 | 	5,66
  5	 | 	6	 | 	7,28
  5	 | 	9	 | 	8,94
  6	 | 	7	 | 	4,00
  8	 | 	9	 | 	7,00
  7	 | 	8	 | 	2,83
  0	 | 	5	 | 	4,47
  1	 | 	2	 | 	3,61
___________________________
Simulation Topology [1:4]
___________________________
From 	  To 		Length
___________________________
  0	 | 	1	 | 	2,00
  0	 | 	2	 | 	5,39
  0	 | 	8	 | 	8,06
  1	 | 	3	 | 	2,24
  2	 | 	3	 | 	2,00
  2	 | 	7	 | 	5,66
  4	 | 	5	 | 	5,00
  4	 | 	7	 | 	2,83
  4	 | 	8	 | 	5,66
  5	 | 	6	 | 	7,28
  5	 | 	9	 | 	8,94
  6	 | 	7	 | 	4,00
  8	 | 	9	 | 	7,00
  7	 | 	8	 | 	2,83
  0	 | 	5	 | 	4,47
  1	 | 	2	 | 	3,61
  3	 | 	6	 | 	4,47
___________________________
Simulation Topology [1:5]
___________________________
From 	  To 		Length
___________________________
  0	 | 	1	 | 	2,00
  0	 | 	2	 | 	5,39
  0	 | 	8	 | 	8,06
  1	 | 	3	 | 	2,24
  2	 | 	3	 | 	2,00
  2	 | 	7	 | 	5,66
  4	 | 	5	 | 	5,00
  4	 | 	7	 | 	2,83
  4	 | 	8	 | 	5,66
  5	 | 	6	 | 	7,28
  5	 | 	9	 | 	8,94
  6	 | 	7	 | 	4,00
  8	 | 	9	 | 	7,00
  7	 | 	8	 | 	2,83
  0	 | 	5	 | 	4,47
  1	 | 	2	 | 	3,61
  3	 | 	6	 | 	4,47
  4	 | 	9	 | 	5,00
___________________________
Simulation Topology [1:6]
___________________________
From 	  To 		Length
___________________________
  0	 | 	1	 | 	2,00
  0	 | 	2	 | 	5,39
  0	 | 	8	 | 	8,06
  1	 | 	3	 | 	2,24
  2	 | 	3	 | 	2,00
  2	 | 	7	 | 	5,66
  4	 | 	5	 | 	5,00
  4	 | 	7	 | 	2,83
  4	 | 	8	 | 	5,66
  5	 | 	6	 | 	7,28
  5	 | 	9	 | 	8,94
  6	 | 	7	 | 	4,00
  8	 | 	9	 | 	7,00
  7	 | 	8	 | 	2,83
  0	 | 	5	 | 	4,47
  1	 | 	2	 | 	3,61
  3	 | 	6	 | 	4,47
  4	 | 	9	 | 	5,00
  1	 | 	6	 | 	6,71
___________________________
Simulation Topology [1:7]
___________________________
From 	  To 		Length
___________________________
  0	 | 	1	 | 	2,00
  0	 | 	2	 | 	5,39
  0	 | 	8	 | 	8,06
  1	 | 	3	 | 	2,24
  2	 | 	3	 | 	2,00
  2	 | 	7	 | 	5,66
  4	 | 	5	 | 	5,00
  4	 | 	7	 | 	2,83
  4	 | 	8	 | 	5,66
  5	 | 	6	 | 	7,28
  5	 | 	9	 | 	8,94
  6	 | 	7	 | 	4,00
  8	 | 	9	 | 	7,00
  7	 | 	8	 | 	2,83
  0	 | 	5	 | 	4,47
  1	 | 	2	 | 	3,61
  3	 | 	6	 | 	4,47
  4	 | 	9	 | 	5,00
  1	 | 	6	 | 	6,71
  3	 | 	9	 | 	6,71
___________________________
