Simulation Topology 1
___________________________
[3]				[1]		
[13]				[3]		
[15]				[5]		
[14]				[7]		
[15]				[9]		
[14]				[11]		
[15]				[13]		
[14]				[15]		
[15]				[17]		
[14]				[19]		
___________________________
Simulation Topology [1:0]
___________________________
From 	  To 		Length
___________________________
  0	 | 	1	 | 	10,20
  0	 | 	4	 | 	14,42
  0	 | 	7	 | 	17,80
  0	 | 	9	 | 	21,10
  1	 | 	5	 | 	8,06
  1	 | 	8	 | 	14,14
  2	 | 	3	 | 	2,24
  2	 | 	4	 | 	4,00
  3	 | 	9	 | 	12,00
  5	 | 	7	 | 	4,00
  6	 | 	7	 | 	2,24
  6	 | 	8	 | 	4,00
  8	 | 	9	 | 	2,24
___________________________
Simulation Topology [1:1]
___________________________
From 	  To 		Length
___________________________
  0	 | 	1	 | 	10,20
  0	 | 	4	 | 	14,42
  0	 | 	7	 | 	17,80
  0	 | 	9	 | 	21,10
  1	 | 	5	 | 	8,06
  1	 | 	8	 | 	14,14
  2	 | 	3	 | 	2,24
  2	 | 	4	 | 	4,00
  3	 | 	9	 | 	12,00
  5	 | 	7	 | 	4,00
  6	 | 	7	 | 	2,24
  6	 | 	8	 | 	4,00
  8	 | 	9	 | 	2,24
  2	 | 	6	 | 	8,00
___________________________
Simulation Topology [1:2]
___________________________
From 	  To 		Length
___________________________
  0	 | 	1	 | 	10,20
  0	 | 	4	 | 	14,42
  0	 | 	7	 | 	17,80
  0	 | 	9	 | 	21,10
  1	 | 	5	 | 	8,06
  1	 | 	8	 | 	14,14
  2	 | 	3	 | 	2,24
  2	 | 	4	 | 	4,00
  3	 | 	9	 | 	12,00
  5	 | 	7	 | 	4,00
  6	 | 	7	 | 	2,24
  6	 | 	8	 | 	4,00
  8	 | 	9	 | 	2,24
  2	 | 	6	 | 	8,00
  3	 | 	4	 | 	2,24
___________________________
Simulation Topology [1:3]
___________________________
From 	  To 		Length
___________________________
  0	 | 	1	 | 	10,20
  0	 | 	4	 | 	14,42
  0	 | 	7	 | 	17,80
  0	 | 	9	 | 	21,10
  1	 | 	5	 | 	8,06
  1	 | 	8	 | 	14,14
  2	 | 	3	 | 	2,24
  2	 | 	4	 | 	4,00
  3	 | 	9	 | 	12,00
  5	 | 	7	 | 	4,00
  6	 | 	7	 | 	2,24
  6	 | 	8	 | 	4,00
  8	 | 	9	 | 	2,24
  2	 | 	6	 | 	8,00
  3	 | 	4	 | 	2,24
  6	 | 	9	 | 	6,08
___________________________
Simulation Topology [1:4]
___________________________
From 	  To 		Length
___________________________
  0	 | 	1	 | 	10,20
  0	 | 	4	 | 	14,42
  0	 | 	7	 | 	17,80
  0	 | 	9	 | 	21,10
  1	 | 	5	 | 	8,06
  1	 | 	8	 | 	14,14
  2	 | 	3	 | 	2,24
  2	 | 	4	 | 	4,00
  3	 | 	9	 | 	12,00
  5	 | 	7	 | 	4,00
  6	 | 	7	 | 	2,24
  6	 | 	8	 | 	4,00
  8	 | 	9	 | 	2,24
  2	 | 	6	 | 	8,00
  3	 | 	4	 | 	2,24
  6	 | 	9	 | 	6,08
  3	 | 	7	 | 	8,00
___________________________
Simulation Topology [1:5]
___________________________
From 	  To 		Length
___________________________
  0	 | 	1	 | 	10,20
  0	 | 	4	 | 	14,42
  0	 | 	7	 | 	17,80
  0	 | 	9	 | 	21,10
  1	 | 	5	 | 	8,06
  1	 | 	8	 | 	14,14
  2	 | 	3	 | 	2,24
  2	 | 	4	 | 	4,00
  3	 | 	9	 | 	12,00
  5	 | 	7	 | 	4,00
  6	 | 	7	 | 	2,24
  6	 | 	8	 | 	4,00
  8	 | 	9	 | 	2,24
  2	 | 	6	 | 	8,00
  3	 | 	4	 | 	2,24
  6	 | 	9	 | 	6,08
  3	 | 	7	 | 	8,00
  4	 | 	5	 | 	2,24
___________________________
Simulation Topology [1:6]
___________________________
From 	  To 		Length
___________________________
  0	 | 	1	 | 	10,20
  0	 | 	4	 | 	14,42
  0	 | 	7	 | 	17,80
  0	 | 	9	 | 	21,10
  1	 | 	5	 | 	8,06
  1	 | 	8	 | 	14,14
  2	 | 	3	 | 	2,24
  2	 | 	4	 | 	4,00
  3	 | 	9	 | 	12,00
  5	 | 	7	 | 	4,00
  6	 | 	7	 | 	2,24
  6	 | 	8	 | 	4,00
  8	 | 	9	 | 	2,24
  2	 | 	6	 | 	8,00
  3	 | 	4	 | 	2,24
  6	 | 	9	 | 	6,08
  3	 | 	7	 | 	8,00
  4	 | 	5	 | 	2,24
  1	 | 	2	 | 	2,83
___________________________
Simulation Topology [1:7]
___________________________
From 	  To 		Length
___________________________
  0	 | 	1	 | 	10,20
  0	 | 	4	 | 	14,42
  0	 | 	7	 | 	17,80
  0	 | 	9	 | 	21,10
  1	 | 	5	 | 	8,06
  1	 | 	8	 | 	14,14
  2	 | 	3	 | 	2,24
  2	 | 	4	 | 	4,00
  3	 | 	9	 | 	12,00
  5	 | 	7	 | 	4,00
  6	 | 	7	 | 	2,24
  6	 | 	8	 | 	4,00
  8	 | 	9	 | 	2,24
  2	 | 	6	 | 	8,00
  3	 | 	4	 | 	2,24
  6	 | 	9	 | 	6,08
  3	 | 	7	 | 	8,00
  4	 | 	5	 | 	2,24
  1	 | 	2	 | 	2,83
  5	 | 	8	 | 	6,08
___________________________
