Simulation Topology 1
___________________________
[3]				[1]		
[9]				[1]		
[1]				[2]		
[7]				[3]		
[4]				[4]		
[9]				[5]		
[5]				[7]		
[9]				[7]		
[1]				[8]		
[4]				[9]		
___________________________
Simulation Topology [1:0]
___________________________
From 	  To 		Length
___________________________
  0	 | 	1	 | 	6,00
  0	 | 	6	 | 	6,32
  1	 | 	2	 | 	8,06
  2	 | 	3	 | 	6,08
  3	 | 	5	 | 	2,83
  3	 | 	8	 | 	7,81
  4	 | 	5	 | 	5,10
  4	 | 	7	 | 	5,83
  5	 | 	9	 | 	6,40
  6	 | 	7	 | 	4,00
  6	 | 	9	 | 	2,24
  8	 | 	9	 | 	3,16
___________________________
Simulation Topology [1:1]
___________________________
From 	  To 		Length
___________________________
  0	 | 	1	 | 	6,00
  0	 | 	6	 | 	6,32
  1	 | 	2	 | 	8,06
  2	 | 	3	 | 	6,08
  3	 | 	5	 | 	2,83
  3	 | 	8	 | 	7,81
  4	 | 	5	 | 	5,10
  4	 | 	7	 | 	5,83
  5	 | 	9	 | 	6,40
  6	 | 	7	 | 	4,00
  6	 | 	9	 | 	2,24
  8	 | 	9	 | 	3,16
  0	 | 	4	 | 	3,16
___________________________
Simulation Topology [1:2]
___________________________
From 	  To 		Length
___________________________
  0	 | 	1	 | 	6,00
  0	 | 	6	 | 	6,32
  1	 | 	2	 | 	8,06
  2	 | 	3	 | 	6,08
  3	 | 	5	 | 	2,83
  3	 | 	8	 | 	7,81
  4	 | 	5	 | 	5,10
  4	 | 	7	 | 	5,83
  5	 | 	9	 | 	6,40
  6	 | 	7	 | 	4,00
  6	 | 	9	 | 	2,24
  8	 | 	9	 | 	3,16
  0	 | 	4	 | 	3,16
  5	 | 	7	 | 	2,00
___________________________
Simulation Topology [1:3]
___________________________
From 	  To 		Length
___________________________
  0	 | 	1	 | 	6,00
  0	 | 	6	 | 	6,32
  1	 | 	2	 | 	8,06
  2	 | 	3	 | 	6,08
  3	 | 	5	 | 	2,83
  3	 | 	8	 | 	7,81
  4	 | 	5	 | 	5,10
  4	 | 	7	 | 	5,83
  5	 | 	9	 | 	6,40
  6	 | 	7	 | 	4,00
  6	 | 	9	 | 	2,24
  8	 | 	9	 | 	3,16
  0	 | 	4	 | 	3,16
  5	 | 	7	 | 	2,00
  3	 | 	7	 | 	4,47
___________________________
Simulation Topology [1:4]
___________________________
From 	  To 		Length
___________________________
  0	 | 	1	 | 	6,00
  0	 | 	6	 | 	6,32
  1	 | 	2	 | 	8,06
  2	 | 	3	 | 	6,08
  3	 | 	5	 | 	2,83
  3	 | 	8	 | 	7,81
  4	 | 	5	 | 	5,10
  4	 | 	7	 | 	5,83
  5	 | 	9	 | 	6,40
  6	 | 	7	 | 	4,00
  6	 | 	9	 | 	2,24
  8	 | 	9	 | 	3,16
  0	 | 	4	 | 	3,16
  5	 | 	7	 | 	2,00
  3	 | 	7	 | 	4,47
  4	 | 	9	 | 	5,00
___________________________
Simulation Topology [1:5]
___________________________
From 	  To 		Length
___________________________
  0	 | 	1	 | 	6,00
  0	 | 	6	 | 	6,32
  1	 | 	2	 | 	8,06
  2	 | 	3	 | 	6,08
  3	 | 	5	 | 	2,83
  3	 | 	8	 | 	7,81
  4	 | 	5	 | 	5,10
  4	 | 	7	 | 	5,83
  5	 | 	9	 | 	6,40
  6	 | 	7	 | 	4,00
  6	 | 	9	 | 	2,24
  8	 | 	9	 | 	3,16
  0	 | 	4	 | 	3,16
  5	 | 	7	 | 	2,00
  3	 | 	7	 | 	4,47
  4	 | 	9	 | 	5,00
  0	 | 	2	 | 	2,24
___________________________
Simulation Topology [1:6]
___________________________
From 	  To 		Length
___________________________
  0	 | 	1	 | 	6,00
  0	 | 	6	 | 	6,32
  1	 | 	2	 | 	8,06
  2	 | 	3	 | 	6,08
  3	 | 	5	 | 	2,83
  3	 | 	8	 | 	7,81
  4	 | 	5	 | 	5,10
  4	 | 	7	 | 	5,83
  5	 | 	9	 | 	6,40
  6	 | 	7	 | 	4,00
  6	 | 	9	 | 	2,24
  8	 | 	9	 | 	3,16
  0	 | 	4	 | 	3,16
  5	 | 	7	 | 	2,00
  3	 | 	7	 | 	4,47
  4	 | 	9	 | 	5,00
  0	 | 	2	 | 	2,24
  2	 | 	8	 | 	6,00
___________________________
Simulation Topology [1:7]
___________________________
From 	  To 		Length
___________________________
  0	 | 	1	 | 	6,00
  0	 | 	6	 | 	6,32
  1	 | 	2	 | 	8,06
  2	 | 	3	 | 	6,08
  3	 | 	5	 | 	2,83
  3	 | 	8	 | 	7,81
  4	 | 	5	 | 	5,10
  4	 | 	7	 | 	5,83
  5	 | 	9	 | 	6,40
  6	 | 	7	 | 	4,00
  6	 | 	9	 | 	2,24
  8	 | 	9	 | 	3,16
  0	 | 	4	 | 	3,16
  5	 | 	7	 | 	2,00
  3	 | 	7	 | 	4,47
  4	 | 	9	 | 	5,00
  0	 | 	2	 | 	2,24
  2	 | 	8	 | 	6,00
  1	 | 	6	 | 	7,21
___________________________
Simulation Topology [1:8]
___________________________
From 	  To 		Length
___________________________
  0	 | 	1	 | 	6,00
  0	 | 	6	 | 	6,32
  1	 | 	2	 | 	8,06
  2	 | 	3	 | 	6,08
  3	 | 	5	 | 	2,83
  3	 | 	8	 | 	7,81
  4	 | 	5	 | 	5,10
  4	 | 	7	 | 	5,83
  5	 | 	9	 | 	6,40
  6	 | 	7	 | 	4,00
  6	 | 	9	 | 	2,24
  8	 | 	9	 | 	3,16
  0	 | 	4	 | 	3,16
  5	 | 	7	 | 	2,00
  3	 | 	7	 | 	4,47
  4	 | 	9	 | 	5,00
  0	 | 	2	 | 	2,24
  2	 | 	8	 | 	6,00
  1	 | 	6	 | 	7,21
  1	 | 	8	 | 	10,63
___________________________
