[1]				[2]		
[1]				[6]		
[1]				[10]		
[1]				[14]		
[1]				[18]		
[1]				[22]		
[7]				[27]		
[8]				[29]		
[5]				[33]		
[5]				[37]		
[11]				[3]		
[11]				[7]		
[11]				[11]		
[11]				[15]		
[11]				[19]		
[11]				[23]		
[12]				[26]		
[12]				[30]		
[12]				[34]		
[12]				[38]		
___________________________
Simulation Topology [1:9]
___________________________
From 	  To 		Length
___________________________
  0	 | 	5	 | 	20,00
  0	 | 	9	 | 	35,23
  0	 | 	11	 | 	11,18
  0	 | 	14	 | 	19,72
  1	 | 	3	 | 	8,00
  1	 | 	18	 | 	30,08
  2	 | 	6	 | 	18,03
  2	 | 	10	 | 	12,21
  2	 | 	13	 | 	11,18
  2	 | 	15	 | 	16,40
  3	 | 	8	 | 	19,42
  4	 | 	12	 | 	12,21
  4	 | 	15	 | 	11,18
  4	 | 	16	 | 	13,60
  4	 | 	18	 | 	19,42
  5	 | 	7	 | 	9,90
  6	 | 	17	 | 	5,83
  6	 | 	18	 | 	8,60
  7	 | 	10	 | 	26,17
  8	 | 	11	 | 	26,68
  8	 | 	13	 | 	18,97
  8	 | 	14	 | 	15,23
  9	 | 	12	 | 	26,68
  11	 | 	13	 | 	8,00
  13	 | 	16	 | 	11,05
  14	 | 	16	 | 	7,07
  15	 | 	19	 | 	15,03
  17	 | 	19	 | 	8,00
___________________________
Simulation Topology [1:10]
___________________________
From 	  To 		Length
___________________________
  0	 | 	5	 | 	20,00
  0	 | 	9	 | 	35,23
  0	 | 	11	 | 	11,18
  0	 | 	14	 | 	19,72
  1	 | 	3	 | 	8,00
  1	 | 	18	 | 	30,08
  2	 | 	6	 | 	18,03
  2	 | 	10	 | 	12,21
  2	 | 	13	 | 	11,18
  2	 | 	15	 | 	16,40
  3	 | 	8	 | 	19,42
  4	 | 	12	 | 	12,21
  4	 | 	15	 | 	11,18
  4	 | 	16	 | 	13,60
  4	 | 	18	 | 	19,42
  5	 | 	7	 | 	9,90
  6	 | 	17	 | 	5,83
  6	 | 	18	 | 	8,60
  7	 | 	10	 | 	26,17
  8	 | 	11	 | 	26,68
  8	 | 	13	 | 	18,97
  8	 | 	14	 | 	15,23
  9	 | 	12	 | 	26,68
  11	 | 	13	 | 	8,00
  13	 | 	16	 | 	11,05
  14	 | 	16	 | 	7,07
  15	 | 	19	 | 	15,03
  17	 | 	19	 | 	8,00
___________________________
Simulation Topology [1:11]
___________________________
From 	  To 		Length
___________________________
  0	 | 	5	 | 	20,00
  0	 | 	9	 | 	35,23
  0	 | 	11	 | 	11,18
  0	 | 	14	 | 	19,72
  1	 | 	3	 | 	8,00
  1	 | 	18	 | 	30,08
  2	 | 	6	 | 	18,03
  2	 | 	10	 | 	12,21
  2	 | 	13	 | 	11,18
  2	 | 	15	 | 	16,40
  3	 | 	8	 | 	19,42
  4	 | 	12	 | 	12,21
  4	 | 	15	 | 	11,18
  4	 | 	16	 | 	13,60
  4	 | 	18	 | 	19,42
  5	 | 	7	 | 	9,90
  6	 | 	17	 | 	5,83
  6	 | 	18	 | 	8,60
  7	 | 	10	 | 	26,17
  8	 | 	11	 | 	26,68
  8	 | 	13	 | 	18,97
  8	 | 	14	 | 	15,23
  9	 | 	12	 | 	26,68
  11	 | 	13	 | 	8,00
  13	 | 	16	 | 	11,05
  14	 | 	16	 | 	7,07
  15	 | 	19	 | 	15,03
  17	 | 	19	 | 	8,00
___________________________
Simulation Topology [1:12]
___________________________
From 	  To 		Length
___________________________
  0	 | 	5	 | 	20,00
  0	 | 	9	 | 	35,23
  0	 | 	11	 | 	11,18
  0	 | 	14	 | 	19,72
  1	 | 	3	 | 	8,00
  1	 | 	18	 | 	30,08
  2	 | 	6	 | 	18,03
  2	 | 	10	 | 	12,21
  2	 | 	13	 | 	11,18
  2	 | 	15	 | 	16,40
  3	 | 	8	 | 	19,42
  4	 | 	12	 | 	12,21
  4	 | 	15	 | 	11,18
  4	 | 	16	 | 	13,60
  4	 | 	18	 | 	19,42
  5	 | 	7	 | 	9,90
  6	 | 	17	 | 	5,83
  6	 | 	18	 | 	8,60
  7	 | 	10	 | 	26,17
  8	 | 	11	 | 	26,68
  8	 | 	13	 | 	18,97
  8	 | 	14	 | 	15,23
  9	 | 	12	 | 	26,68
  11	 | 	13	 | 	8,00
  13	 | 	16	 | 	11,05
  14	 | 	16	 | 	7,07
  15	 | 	19	 | 	15,03
  17	 | 	19	 | 	8,00
___________________________
Simulation Topology [1:13]
___________________________
From 	  To 		Length
___________________________
  0	 | 	5	 | 	20,00
  0	 | 	9	 | 	35,23
  0	 | 	11	 | 	11,18
  0	 | 	14	 | 	19,72
  1	 | 	3	 | 	8,00
  1	 | 	18	 | 	30,08
  2	 | 	6	 | 	18,03
  2	 | 	10	 | 	12,21
  2	 | 	13	 | 	11,18
  2	 | 	15	 | 	16,40
  3	 | 	8	 | 	19,42
  4	 | 	12	 | 	12,21
  4	 | 	15	 | 	11,18
  4	 | 	16	 | 	13,60
  4	 | 	18	 | 	19,42
  5	 | 	7	 | 	9,90
  6	 | 	17	 | 	5,83
  6	 | 	18	 | 	8,60
  7	 | 	10	 | 	26,17
  8	 | 	11	 | 	26,68
  8	 | 	13	 | 	18,97
  8	 | 	14	 | 	15,23
  9	 | 	12	 | 	26,68
  11	 | 	13	 | 	8,00
  13	 | 	16	 | 	11,05
  14	 | 	16	 | 	7,07
  15	 | 	19	 | 	15,03
  17	 | 	19	 | 	8,00
___________________________
Simulation Topology [1:14]
___________________________
From 	  To 		Length
___________________________
  0	 | 	5	 | 	20,00
  0	 | 	9	 | 	35,23
  0	 | 	11	 | 	11,18
  0	 | 	14	 | 	19,72
  1	 | 	3	 | 	8,00
  1	 | 	18	 | 	30,08
  2	 | 	6	 | 	18,03
  2	 | 	10	 | 	12,21
  2	 | 	13	 | 	11,18
  2	 | 	15	 | 	16,40
  3	 | 	8	 | 	19,42
  4	 | 	12	 | 	12,21
  4	 | 	15	 | 	11,18
  4	 | 	16	 | 	13,60
  4	 | 	18	 | 	19,42
  5	 | 	7	 | 	9,90
  6	 | 	17	 | 	5,83
  6	 | 	18	 | 	8,60
  7	 | 	10	 | 	26,17
  8	 | 	11	 | 	26,68
  8	 | 	13	 | 	18,97
  8	 | 	14	 | 	15,23
  9	 | 	12	 | 	26,68
  11	 | 	13	 | 	8,00
  13	 | 	16	 | 	11,05
  14	 | 	16	 | 	7,07
  15	 | 	19	 | 	15,03
  17	 | 	19	 | 	8,00
___________________________
Simulation Topology [1:15]
___________________________
From 	  To 		Length
___________________________
  0	 | 	5	 | 	20,00
  0	 | 	9	 | 	35,23
  0	 | 	11	 | 	11,18
  0	 | 	14	 | 	19,72
  1	 | 	3	 | 	8,00
  1	 | 	18	 | 	30,08
  2	 | 	6	 | 	18,03
  2	 | 	10	 | 	12,21
  2	 | 	13	 | 	11,18
  2	 | 	15	 | 	16,40
  3	 | 	8	 | 	19,42
  4	 | 	12	 | 	12,21
  4	 | 	15	 | 	11,18
  4	 | 	16	 | 	13,60
  4	 | 	18	 | 	19,42
  5	 | 	7	 | 	9,90
  6	 | 	17	 | 	5,83
  6	 | 	18	 | 	8,60
  7	 | 	10	 | 	26,17
  8	 | 	11	 | 	26,68
  8	 | 	13	 | 	18,97
  8	 | 	14	 | 	15,23
  9	 | 	12	 | 	26,68
  11	 | 	13	 | 	8,00
  13	 | 	16	 | 	11,05
  14	 | 	16	 | 	7,07
  15	 | 	19	 | 	15,03
  17	 | 	19	 | 	8,00
___________________________
Simulation Topology [1:16]
___________________________
From 	  To 		Length
___________________________
  0	 | 	5	 | 	20,00
  0	 | 	9	 | 	35,23
  0	 | 	11	 | 	11,18
  0	 | 	14	 | 	19,72
  1	 | 	3	 | 	8,00
  1	 | 	18	 | 	30,08
  2	 | 	6	 | 	18,03
  2	 | 	10	 | 	12,21
  2	 | 	13	 | 	11,18
  2	 | 	15	 | 	16,40
  3	 | 	8	 | 	19,42
  4	 | 	12	 | 	12,21
  4	 | 	15	 | 	11,18
  4	 | 	16	 | 	13,60
  4	 | 	18	 | 	19,42
  5	 | 	7	 | 	9,90
  6	 | 	17	 | 	5,83
  6	 | 	18	 | 	8,60
  7	 | 	10	 | 	26,17
  8	 | 	11	 | 	26,68
  8	 | 	13	 | 	18,97
  8	 | 	14	 | 	15,23
  9	 | 	12	 | 	26,68
  11	 | 	13	 | 	8,00
  13	 | 	16	 | 	11,05
  14	 | 	16	 | 	7,07
  15	 | 	19	 | 	15,03
  17	 | 	19	 | 	8,00
___________________________
Simulation Topology [1:17]
___________________________
From 	  To 		Length
___________________________
  0	 | 	5	 | 	20,00
  0	 | 	9	 | 	35,23
  0	 | 	11	 | 	11,18
  0	 | 	14	 | 	19,72
  1	 | 	3	 | 	8,00
  1	 | 	18	 | 	30,08
  2	 | 	6	 | 	18,03
  2	 | 	10	 | 	12,21
  2	 | 	13	 | 	11,18
  2	 | 	15	 | 	16,40
  3	 | 	8	 | 	19,42
  4	 | 	12	 | 	12,21
  4	 | 	15	 | 	11,18
  4	 | 	16	 | 	13,60
  4	 | 	18	 | 	19,42
  5	 | 	7	 | 	9,90
  6	 | 	17	 | 	5,83
  6	 | 	18	 | 	8,60
  7	 | 	10	 | 	26,17
  8	 | 	11	 | 	26,68
  8	 | 	13	 | 	18,97
  8	 | 	14	 | 	15,23
  9	 | 	12	 | 	26,68
  11	 | 	13	 | 	8,00
  13	 | 	16	 | 	11,05
  14	 | 	16	 | 	7,07
  15	 | 	19	 | 	15,03
  17	 | 	19	 | 	8,00
___________________________
Simulation Topology [1:18]
___________________________
From 	  To 		Length
___________________________
  0	 | 	5	 | 	20,00
  0	 | 	9	 | 	35,23
  0	 | 	11	 | 	11,18
  0	 | 	14	 | 	19,72
  1	 | 	3	 | 	8,00
  1	 | 	18	 | 	30,08
  2	 | 	6	 | 	18,03
  2	 | 	10	 | 	12,21
  2	 | 	13	 | 	11,18
  2	 | 	15	 | 	16,40
  3	 | 	8	 | 	19,42
  4	 | 	12	 | 	12,21
  4	 | 	15	 | 	11,18
  4	 | 	16	 | 	13,60
  4	 | 	18	 | 	19,42
  5	 | 	7	 | 	9,90
  6	 | 	17	 | 	5,83
  6	 | 	18	 | 	8,60
  7	 | 	10	 | 	26,17
  8	 | 	11	 | 	26,68
  8	 | 	13	 | 	18,97
  8	 | 	14	 | 	15,23
  9	 | 	12	 | 	26,68
  11	 | 	13	 | 	8,00
  13	 | 	16	 | 	11,05
  14	 | 	16	 | 	7,07
  15	 | 	19	 | 	15,03
  17	 | 	19	 | 	8,00
___________________________
Simulation Topology [1:19]
___________________________
From 	  To 		Length
___________________________
  0	 | 	5	 | 	20,00
  0	 | 	9	 | 	35,23
  0	 | 	11	 | 	11,18
  0	 | 	14	 | 	19,72
  1	 | 	3	 | 	8,00
  1	 | 	18	 | 	30,08
  2	 | 	6	 | 	18,03
  2	 | 	10	 | 	12,21
  2	 | 	13	 | 	11,18
  2	 | 	15	 | 	16,40
  3	 | 	8	 | 	19,42
  4	 | 	12	 | 	12,21
  4	 | 	15	 | 	11,18
  4	 | 	16	 | 	13,60
  4	 | 	18	 | 	19,42
  5	 | 	7	 | 	9,90
  6	 | 	17	 | 	5,83
  6	 | 	18	 | 	8,60
  7	 | 	10	 | 	26,17
  8	 | 	11	 | 	26,68
  8	 | 	13	 | 	18,97
  8	 | 	14	 | 	15,23
  9	 | 	12	 | 	26,68
  11	 | 	13	 | 	8,00
  13	 | 	16	 | 	11,05
  14	 | 	16	 | 	7,07
  15	 | 	19	 | 	15,03
  17	 | 	19	 | 	8,00
___________________________
Simulation Topology [1:20]
___________________________
From 	  To 		Length
___________________________
  0	 | 	5	 | 	20,00
  0	 | 	9	 | 	35,23
  0	 | 	11	 | 	11,18
  0	 | 	14	 | 	19,72
  1	 | 	3	 | 	8,00
  1	 | 	18	 | 	30,08
  2	 | 	6	 | 	18,03
  2	 | 	10	 | 	12,21
  2	 | 	13	 | 	11,18
  2	 | 	15	 | 	16,40
  3	 | 	8	 | 	19,42
  4	 | 	12	 | 	12,21
  4	 | 	15	 | 	11,18
  4	 | 	16	 | 	13,60
  4	 | 	18	 | 	19,42
  5	 | 	7	 | 	9,90
  6	 | 	17	 | 	5,83
  6	 | 	18	 | 	8,60
  7	 | 	10	 | 	26,17
  8	 | 	11	 | 	26,68
  8	 | 	13	 | 	18,97
  8	 | 	14	 | 	15,23
  9	 | 	12	 | 	26,68
  11	 | 	13	 | 	8,00
  13	 | 	16	 | 	11,05
  14	 | 	16	 | 	7,07
  15	 | 	19	 | 	15,03
  17	 | 	19	 | 	8,00
___________________________
Simulation Topology [1:21]
___________________________
From 	  To 		Length
___________________________
  0	 | 	5	 | 	20,00
  0	 | 	9	 | 	35,23
  0	 | 	11	 | 	11,18
  0	 | 	14	 | 	19,72
  1	 | 	3	 | 	8,00
  1	 | 	18	 | 	30,08
  2	 | 	6	 | 	18,03
  2	 | 	10	 | 	12,21
  2	 | 	13	 | 	11,18
  2	 | 	15	 | 	16,40
  3	 | 	8	 | 	19,42
  4	 | 	12	 | 	12,21
  4	 | 	15	 | 	11,18
  4	 | 	16	 | 	13,60
  4	 | 	18	 | 	19,42
  5	 | 	7	 | 	9,90
  6	 | 	17	 | 	5,83
  6	 | 	18	 | 	8,60
  7	 | 	10	 | 	26,17
  8	 | 	11	 | 	26,68
  8	 | 	13	 | 	18,97
  8	 | 	14	 | 	15,23
  9	 | 	12	 | 	26,68
  11	 | 	13	 | 	8,00
  13	 | 	16	 | 	11,05
  14	 | 	16	 | 	7,07
  15	 | 	19	 | 	15,03
  17	 | 	19	 | 	8,00
___________________________
Simulation Topology [1:22]
___________________________
From 	  To 		Length
___________________________
  0	 | 	5	 | 	20,00
  0	 | 	9	 | 	35,23
  0	 | 	11	 | 	11,18
  0	 | 	14	 | 	19,72
  1	 | 	3	 | 	8,00
  1	 | 	18	 | 	30,08
  2	 | 	6	 | 	18,03
  2	 | 	10	 | 	12,21
  2	 | 	13	 | 	11,18
  2	 | 	15	 | 	16,40
  3	 | 	8	 | 	19,42
  4	 | 	12	 | 	12,21
  4	 | 	15	 | 	11,18
  4	 | 	16	 | 	13,60
  4	 | 	18	 | 	19,42
  5	 | 	7	 | 	9,90
  6	 | 	17	 | 	5,83
  6	 | 	18	 | 	8,60
  7	 | 	10	 | 	26,17
  8	 | 	11	 | 	26,68
  8	 | 	13	 | 	18,97
  8	 | 	14	 | 	15,23
  9	 | 	12	 | 	26,68
  11	 | 	13	 | 	8,00
  13	 | 	16	 | 	11,05
  14	 | 	16	 | 	7,07
  15	 | 	19	 | 	15,03
  17	 | 	19	 | 	8,00
___________________________
