Simulation Topology 1
___________________________
[0]				[0]		
[6]				[0]		
[2]				[1]		
[9]				[1]		
[0]				[2]		
___________________________
Simulation Topology [1:0]
___________________________
From 	  To 		Length
___________________________
  0	 | 	1	 | 	6,00
  0	 | 	3	 | 	9,06
  1	 | 	3	 | 	3,16
  2	 | 	3	 | 	7,00
  2	 | 	4	 | 	2,24
  3	 | 	4	 | 	9,06
___________________________
Simulation Topology [1:1]
___________________________
From 	  To 		Length
___________________________
  0	 | 	1	 | 	6,00
  0	 | 	3	 | 	9,06
  1	 | 	3	 | 	3,16
  2	 | 	3	 | 	7,00
  2	 | 	4	 | 	2,24
  3	 | 	4	 | 	9,06
  1	 | 	4	 | 	6,32
___________________________
Simulation Topology [1:2]
___________________________
From 	  To 		Length
___________________________
  0	 | 	1	 | 	6,00
  0	 | 	3	 | 	9,06
  1	 | 	3	 | 	3,16
  2	 | 	3	 | 	7,00
  2	 | 	4	 | 	2,24
  3	 | 	4	 | 	9,06
  1	 | 	4	 | 	6,32
  0	 | 	2	 | 	2,24
___________________________
Simulation Topology [1:3]
___________________________
From 	  To 		Length
___________________________
  0	 | 	1	 | 	6,00
  0	 | 	3	 | 	9,06
  1	 | 	3	 | 	3,16
  2	 | 	3	 | 	7,00
  2	 | 	4	 | 	2,24
  3	 | 	4	 | 	9,06
  1	 | 	4	 | 	6,32
  0	 | 	2	 | 	2,24
  1	 | 	2	 | 	4,12
___________________________
Simulation Topology [1:4]
___________________________
From 	  To 		Length
___________________________
  0	 | 	1	 | 	6,00
  0	 | 	3	 | 	9,06
  1	 | 	3	 | 	3,16
  2	 | 	3	 | 	7,00
  2	 | 	4	 | 	2,24
  3	 | 	4	 | 	9,06
  1	 | 	4	 | 	6,32
  0	 | 	2	 | 	2,24
  1	 | 	2	 | 	4,12
  0	 | 	4	 | 	2,00
___________________________
