[6]				[3]		
[9]				[7]		
[2]				[5]		
[6]				[11]		
[8]				[11]		
[6]				[15]		
[8]				[15]		
[6]				[19]		
[8]				[19]		
[6]				[23]		
[8]				[23]		
[8]				[26]		
[0]				[24]		
[8]				[30]		
[0]				[28]		
[8]				[34]		
[0]				[32]		
[5]				[36]		
[3]				[38]		
[15]				[0]		
___________________________
Simulation Topology [1:2]
___________________________
From 	  To 		Length
___________________________
  0	 | 	5	 | 	12,00
  0	 | 	8	 | 	16,12
  0	 | 	17	 | 	33,02
  0	 | 	18	 | 	35,13
  1	 | 	6	 | 	8,06
  1	 | 	9	 | 	16,28
  1	 | 	10	 | 	16,03
  2	 | 	3	 | 	7,21
  2	 | 	7	 | 	14,56
  3	 | 	9	 | 	12,00
  4	 | 	5	 | 	4,47
  4	 | 	13	 | 	19,00
  6	 | 	7	 | 	4,47
  6	 | 	14	 | 	15,26
  8	 | 	9	 | 	4,47
  10	 | 	11	 | 	3,00
  10	 | 	16	 | 	12,04
  11	 | 	17	 | 	10,44
  12	 | 	15	 | 	12,81
  12	 | 	19	 | 	28,30
  13	 | 	14	 | 	8,25
  15	 | 	18	 | 	6,40
  16	 | 	19	 | 	35,34
___________________________
Simulation Topology [1:3]
___________________________
From 	  To 		Length
___________________________
  0	 | 	5	 | 	12,00
  0	 | 	8	 | 	16,12
  0	 | 	17	 | 	33,02
  0	 | 	18	 | 	35,13
  1	 | 	6	 | 	8,06
  1	 | 	9	 | 	16,28
  1	 | 	10	 | 	16,03
  2	 | 	3	 | 	7,21
  2	 | 	7	 | 	14,56
  3	 | 	9	 | 	12,00
  4	 | 	5	 | 	4,47
  4	 | 	13	 | 	19,00
  6	 | 	7	 | 	4,47
  6	 | 	14	 | 	15,26
  8	 | 	9	 | 	4,47
  10	 | 	11	 | 	3,00
  10	 | 	16	 | 	12,04
  11	 | 	17	 | 	10,44
  12	 | 	15	 | 	12,81
  12	 | 	19	 | 	28,30
  13	 | 	14	 | 	8,25
  15	 | 	18	 | 	6,40
  16	 | 	19	 | 	35,34
  3	 | 	5	 | 	4,00
___________________________
Simulation Topology [1:4]
___________________________
From 	  To 		Length
___________________________
  0	 | 	5	 | 	12,00
  0	 | 	8	 | 	16,12
  0	 | 	17	 | 	33,02
  0	 | 	18	 | 	35,13
  1	 | 	6	 | 	8,06
  1	 | 	9	 | 	16,28
  1	 | 	10	 | 	16,03
  2	 | 	3	 | 	7,21
  2	 | 	7	 | 	14,56
  3	 | 	9	 | 	12,00
  4	 | 	5	 | 	4,47
  4	 | 	13	 | 	19,00
  6	 | 	7	 | 	4,47
  6	 | 	14	 | 	15,26
  8	 | 	9	 | 	4,47
  10	 | 	11	 | 	3,00
  10	 | 	16	 | 	12,04
  11	 | 	17	 | 	10,44
  12	 | 	15	 | 	12,81
  12	 | 	19	 | 	28,30
  13	 | 	14	 | 	8,25
  15	 | 	18	 | 	6,40
  16	 | 	19	 | 	35,34
  3	 | 	5	 | 	4,00
  1	 | 	2	 | 	7,28
___________________________
Simulation Topology [1:5]
___________________________
From 	  To 		Length
___________________________
  0	 | 	5	 | 	12,00
  0	 | 	8	 | 	16,12
  0	 | 	17	 | 	33,02
  0	 | 	18	 | 	35,13
  1	 | 	6	 | 	8,06
  1	 | 	9	 | 	16,28
  1	 | 	10	 | 	16,03
  2	 | 	3	 | 	7,21
  2	 | 	7	 | 	14,56
  3	 | 	9	 | 	12,00
  4	 | 	5	 | 	4,47
  4	 | 	13	 | 	19,00
  6	 | 	7	 | 	4,47
  6	 | 	14	 | 	15,26
  8	 | 	9	 | 	4,47
  10	 | 	11	 | 	3,00
  10	 | 	16	 | 	12,04
  11	 | 	17	 | 	10,44
  12	 | 	15	 | 	12,81
  12	 | 	19	 | 	28,30
  13	 | 	14	 | 	8,25
  15	 | 	18	 | 	6,40
  16	 | 	19	 | 	35,34
  3	 | 	5	 | 	4,00
  1	 | 	2	 | 	7,28
  5	 | 	8	 | 	4,47
___________________________
Simulation Topology [1:6]
___________________________
From 	  To 		Length
___________________________
  0	 | 	5	 | 	12,00
  0	 | 	8	 | 	16,12
  0	 | 	17	 | 	33,02
  0	 | 	18	 | 	35,13
  1	 | 	6	 | 	8,06
  1	 | 	9	 | 	16,28
  1	 | 	10	 | 	16,03
  2	 | 	3	 | 	7,21
  2	 | 	7	 | 	14,56
  3	 | 	9	 | 	12,00
  4	 | 	5	 | 	4,47
  4	 | 	13	 | 	19,00
  6	 | 	7	 | 	4,47
  6	 | 	14	 | 	15,26
  8	 | 	9	 | 	4,47
  10	 | 	11	 | 	3,00
  10	 | 	16	 | 	12,04
  11	 | 	17	 | 	10,44
  12	 | 	15	 | 	12,81
  12	 | 	19	 | 	28,30
  13	 | 	14	 | 	8,25
  15	 | 	18	 | 	6,40
  16	 | 	19	 | 	35,34
  3	 | 	5	 | 	4,00
  1	 | 	2	 | 	7,28
  5	 | 	8	 | 	4,47
  9	 | 	10	 | 	2,00
___________________________
Simulation Topology [1:7]
___________________________
From 	  To 		Length
___________________________
  0	 | 	5	 | 	12,00
  0	 | 	8	 | 	16,12
  0	 | 	17	 | 	33,02
  0	 | 	18	 | 	35,13
  1	 | 	6	 | 	8,06
  1	 | 	9	 | 	16,28
  1	 | 	10	 | 	16,03
  2	 | 	3	 | 	7,21
  2	 | 	7	 | 	14,56
  3	 | 	9	 | 	12,00
  4	 | 	5	 | 	4,47
  4	 | 	13	 | 	19,00
  6	 | 	7	 | 	4,47
  6	 | 	14	 | 	15,26
  8	 | 	9	 | 	4,47
  10	 | 	11	 | 	3,00
  10	 | 	16	 | 	12,04
  11	 | 	17	 | 	10,44
  12	 | 	15	 | 	12,81
  12	 | 	19	 | 	28,30
  13	 | 	14	 | 	8,25
  15	 | 	18	 | 	6,40
  16	 | 	19	 | 	35,34
  3	 | 	5	 | 	4,00
  1	 | 	2	 | 	7,28
  5	 | 	8	 | 	4,47
  9	 | 	10	 | 	2,00
  7	 | 	8	 | 	2,00
___________________________
Simulation Topology [1:8]
___________________________
From 	  To 		Length
___________________________
  0	 | 	5	 | 	12,00
  0	 | 	8	 | 	16,12
  0	 | 	17	 | 	33,02
  0	 | 	18	 | 	35,13
  1	 | 	6	 | 	8,06
  1	 | 	9	 | 	16,28
  1	 | 	10	 | 	16,03
  2	 | 	3	 | 	7,21
  2	 | 	7	 | 	14,56
  3	 | 	9	 | 	12,00
  4	 | 	5	 | 	4,47
  4	 | 	13	 | 	19,00
  6	 | 	7	 | 	4,47
  6	 | 	14	 | 	15,26
  8	 | 	9	 | 	4,47
  10	 | 	11	 | 	3,00
  10	 | 	16	 | 	12,04
  11	 | 	17	 | 	10,44
  12	 | 	15	 | 	12,81
  12	 | 	19	 | 	28,30
  13	 | 	14	 | 	8,25
  15	 | 	18	 | 	6,40
  16	 | 	19	 | 	35,34
  3	 | 	5	 | 	4,00
  1	 | 	2	 | 	7,28
  5	 | 	8	 | 	4,47
  9	 | 	10	 | 	2,00
  7	 | 	8	 | 	2,00
  7	 | 	11	 | 	7,28
___________________________
Simulation Topology [1:9]
___________________________
From 	  To 		Length
___________________________
  0	 | 	5	 | 	12,00
  0	 | 	8	 | 	16,12
  0	 | 	17	 | 	33,02
  0	 | 	18	 | 	35,13
  1	 | 	6	 | 	8,06
  1	 | 	9	 | 	16,28
  1	 | 	10	 | 	16,03
  2	 | 	3	 | 	7,21
  2	 | 	7	 | 	14,56
  3	 | 	9	 | 	12,00
  4	 | 	5	 | 	4,47
  4	 | 	13	 | 	19,00
  6	 | 	7	 | 	4,47
  6	 | 	14	 | 	15,26
  8	 | 	9	 | 	4,47
  10	 | 	11	 | 	3,00
  10	 | 	16	 | 	12,04
  11	 | 	17	 | 	10,44
  12	 | 	15	 | 	12,81
  12	 | 	19	 | 	28,30
  13	 | 	14	 | 	8,25
  15	 | 	18	 | 	6,40
  16	 | 	19	 | 	35,34
  3	 | 	5	 | 	4,00
  1	 | 	2	 | 	7,28
  5	 | 	8	 | 	4,47
  9	 | 	10	 | 	2,00
  7	 | 	8	 | 	2,00
  7	 | 	11	 | 	7,28
  16	 | 	17	 | 	6,40
___________________________
