Simulation Topology 1
___________________________
[4]				[0]		
[0]				[0]		
[9]				[1]		
[2]				[1]		
[4]				[2]		
___________________________
Simulation Topology [1:0]
___________________________
From 	  To 		Length
___________________________
  0	 | 	1	 | 	4,00
  0	 | 	2	 | 	5,10
  0	 | 	3	 | 	2,24
  1	 | 	3	 | 	2,24
  1	 | 	4	 | 	4,47
  2	 | 	3	 | 	7,00
  2	 | 	4	 | 	5,10
  3	 | 	4	 | 	2,24
___________________________
Simulation Topology [1:1]
___________________________
From 	  To 		Length
___________________________
  0	 | 	1	 | 	4,00
  0	 | 	2	 | 	5,10
  0	 | 	3	 | 	2,24
  1	 | 	3	 | 	2,24
  1	 | 	4	 | 	4,47
  2	 | 	3	 | 	7,00
  2	 | 	4	 | 	5,10
  3	 | 	4	 | 	2,24
___________________________
Simulation Topology [1:2]
___________________________
From 	  To 		Length
___________________________
  0	 | 	1	 | 	4,00
  0	 | 	2	 | 	5,10
  0	 | 	3	 | 	2,24
  1	 | 	3	 | 	2,24
  1	 | 	4	 | 	4,47
  2	 | 	3	 | 	7,00
  2	 | 	4	 | 	5,10
  3	 | 	4	 | 	2,24
___________________________
Simulation Topology [1:3]
___________________________
From 	  To 		Length
___________________________
  0	 | 	1	 | 	4,00
  0	 | 	2	 | 	5,10
  0	 | 	3	 | 	2,24
  1	 | 	3	 | 	2,24
  1	 | 	4	 | 	4,47
  2	 | 	3	 | 	7,00
  2	 | 	4	 | 	5,10
  3	 | 	4	 | 	2,24
___________________________
Simulation Topology [1:4]
___________________________
From 	  To 		Length
___________________________
  0	 | 	1	 | 	4,00
  0	 | 	2	 | 	5,10
  0	 | 	3	 | 	2,24
  1	 | 	3	 | 	2,24
  1	 | 	4	 | 	4,47
  2	 | 	3	 | 	7,00
  2	 | 	4	 | 	5,10
  3	 | 	4	 | 	2,24
___________________________
