[8]				[2]		
[5]				[1]		
[4]				[3]		
[6]				[3]		
[8]				[6]		
[0]				[4]		
[5]				[7]		
[3]				[7]		
[0]				[10]		
[4]				[9]		
[9]				[8]		
[7]				[9]		
[9]				[13]		
[6]				[15]		
[2]				[13]		
[5]				[13]		
[2]				[16]		
[6]				[17]		
[9]				[17]		
[4]				[18]		
___________________________
Simulation Topology [1:3]
___________________________
From 	  To 		Length
___________________________
  0	 | 	1	 | 	3,16
  0	 | 	2	 | 	4,12
  1	 | 	3	 | 	2,24
  1	 | 	9	 | 	8,06
  1	 | 	10	 | 	8,06
  2	 | 	3	 | 	2,00
  2	 | 	8	 | 	8,06
  2	 | 	12	 | 	11,18
  3	 | 	4	 | 	3,61
  3	 | 	8	 | 	9,22
  4	 | 	7	 | 	5,10
  4	 | 	8	 | 	8,94
  5	 | 	6	 | 	5,83
  5	 | 	8	 | 	6,00
  6	 | 	8	 | 	5,83
  7	 | 	9	 | 	2,24
  7	 | 	10	 | 	6,08
  7	 | 	16	 | 	9,06
  9	 | 	10	 | 	5,10
  11	 | 	13	 | 	6,08
  11	 | 	16	 | 	8,60
  12	 | 	13	 | 	3,61
  12	 | 	19	 | 	7,07
  13	 | 	15	 | 	2,24
  13	 | 	16	 | 	4,12
  14	 | 	15	 | 	3,00
  14	 | 	17	 | 	5,66
  15	 | 	16	 | 	4,24
  17	 | 	18	 | 	3,00
  18	 | 	19	 | 	5,10
___________________________
Simulation Topology [1:4]
___________________________
From 	  To 		Length
___________________________
  0	 | 	1	 | 	3,16
  0	 | 	2	 | 	4,12
  1	 | 	3	 | 	2,24
  1	 | 	9	 | 	8,06
  1	 | 	10	 | 	8,06
  2	 | 	3	 | 	2,00
  2	 | 	8	 | 	8,06
  2	 | 	12	 | 	11,18
  3	 | 	4	 | 	3,61
  3	 | 	8	 | 	9,22
  4	 | 	7	 | 	5,10
  4	 | 	8	 | 	8,94
  5	 | 	6	 | 	5,83
  5	 | 	8	 | 	6,00
  6	 | 	8	 | 	5,83
  7	 | 	9	 | 	2,24
  7	 | 	10	 | 	6,08
  7	 | 	16	 | 	9,06
  9	 | 	10	 | 	5,10
  11	 | 	13	 | 	6,08
  11	 | 	16	 | 	8,60
  12	 | 	13	 | 	3,61
  12	 | 	19	 | 	7,07
  13	 | 	15	 | 	2,24
  13	 | 	16	 | 	4,12
  14	 | 	15	 | 	3,00
  14	 | 	17	 | 	5,66
  15	 | 	16	 | 	4,24
  17	 | 	18	 | 	3,00
  18	 | 	19	 | 	5,10
___________________________
Simulation Topology [1:5]
___________________________
From 	  To 		Length
___________________________
  0	 | 	1	 | 	3,16
  0	 | 	2	 | 	4,12
  1	 | 	3	 | 	2,24
  1	 | 	9	 | 	8,06
  1	 | 	10	 | 	8,06
  2	 | 	3	 | 	2,00
  2	 | 	8	 | 	8,06
  2	 | 	12	 | 	11,18
  3	 | 	4	 | 	3,61
  3	 | 	8	 | 	9,22
  4	 | 	7	 | 	5,10
  4	 | 	8	 | 	8,94
  5	 | 	6	 | 	5,83
  5	 | 	8	 | 	6,00
  6	 | 	8	 | 	5,83
  7	 | 	9	 | 	2,24
  7	 | 	10	 | 	6,08
  7	 | 	16	 | 	9,06
  9	 | 	10	 | 	5,10
  11	 | 	13	 | 	6,08
  11	 | 	16	 | 	8,60
  12	 | 	13	 | 	3,61
  12	 | 	19	 | 	7,07
  13	 | 	15	 | 	2,24
  13	 | 	16	 | 	4,12
  14	 | 	15	 | 	3,00
  14	 | 	17	 | 	5,66
  15	 | 	16	 | 	4,24
  17	 | 	18	 | 	3,00
  18	 | 	19	 | 	5,10
___________________________
Simulation Topology [1:6]
___________________________
From 	  To 		Length
___________________________
  0	 | 	1	 | 	3,16
  0	 | 	2	 | 	4,12
  1	 | 	3	 | 	2,24
  1	 | 	9	 | 	8,06
  1	 | 	10	 | 	8,06
  2	 | 	3	 | 	2,00
  2	 | 	8	 | 	8,06
  2	 | 	12	 | 	11,18
  3	 | 	4	 | 	3,61
  3	 | 	8	 | 	9,22
  4	 | 	7	 | 	5,10
  4	 | 	8	 | 	8,94
  5	 | 	6	 | 	5,83
  5	 | 	8	 | 	6,00
  6	 | 	8	 | 	5,83
  7	 | 	9	 | 	2,24
  7	 | 	10	 | 	6,08
  7	 | 	16	 | 	9,06
  9	 | 	10	 | 	5,10
  11	 | 	13	 | 	6,08
  11	 | 	16	 | 	8,60
  12	 | 	13	 | 	3,61
  12	 | 	19	 | 	7,07
  13	 | 	15	 | 	2,24
  13	 | 	16	 | 	4,12
  14	 | 	15	 | 	3,00
  14	 | 	17	 | 	5,66
  15	 | 	16	 | 	4,24
  17	 | 	18	 | 	3,00
  18	 | 	19	 | 	5,10
___________________________
Simulation Topology [1:7]
___________________________
From 	  To 		Length
___________________________
  0	 | 	1	 | 	3,16
  0	 | 	2	 | 	4,12
  1	 | 	3	 | 	2,24
  1	 | 	9	 | 	8,06
  1	 | 	10	 | 	8,06
  2	 | 	3	 | 	2,00
  2	 | 	8	 | 	8,06
  2	 | 	12	 | 	11,18
  3	 | 	4	 | 	3,61
  3	 | 	8	 | 	9,22
  4	 | 	7	 | 	5,10
  4	 | 	8	 | 	8,94
  5	 | 	6	 | 	5,83
  5	 | 	8	 | 	6,00
  6	 | 	8	 | 	5,83
  7	 | 	9	 | 	2,24
  7	 | 	10	 | 	6,08
  7	 | 	16	 | 	9,06
  9	 | 	10	 | 	5,10
  11	 | 	13	 | 	6,08
  11	 | 	16	 | 	8,60
  12	 | 	13	 | 	3,61
  12	 | 	19	 | 	7,07
  13	 | 	15	 | 	2,24
  13	 | 	16	 | 	4,12
  14	 | 	15	 | 	3,00
  14	 | 	17	 | 	5,66
  15	 | 	16	 | 	4,24
  17	 | 	18	 | 	3,00
  18	 | 	19	 | 	5,10
___________________________
Simulation Topology [1:8]
___________________________
From 	  To 		Length
___________________________
  0	 | 	1	 | 	3,16
  0	 | 	2	 | 	4,12
  1	 | 	3	 | 	2,24
  1	 | 	9	 | 	8,06
  1	 | 	10	 | 	8,06
  2	 | 	3	 | 	2,00
  2	 | 	8	 | 	8,06
  2	 | 	12	 | 	11,18
  3	 | 	4	 | 	3,61
  3	 | 	8	 | 	9,22
  4	 | 	7	 | 	5,10
  4	 | 	8	 | 	8,94
  5	 | 	6	 | 	5,83
  5	 | 	8	 | 	6,00
  6	 | 	8	 | 	5,83
  7	 | 	9	 | 	2,24
  7	 | 	10	 | 	6,08
  7	 | 	16	 | 	9,06
  9	 | 	10	 | 	5,10
  11	 | 	13	 | 	6,08
  11	 | 	16	 | 	8,60
  12	 | 	13	 | 	3,61
  12	 | 	19	 | 	7,07
  13	 | 	15	 | 	2,24
  13	 | 	16	 | 	4,12
  14	 | 	15	 | 	3,00
  14	 | 	17	 | 	5,66
  15	 | 	16	 | 	4,24
  17	 | 	18	 | 	3,00
  18	 | 	19	 | 	5,10
___________________________
Simulation Topology [1:9]
___________________________
From 	  To 		Length
___________________________
  0	 | 	1	 | 	3,16
  0	 | 	2	 | 	4,12
  1	 | 	3	 | 	2,24
  1	 | 	9	 | 	8,06
  1	 | 	10	 | 	8,06
  2	 | 	3	 | 	2,00
  2	 | 	8	 | 	8,06
  2	 | 	12	 | 	11,18
  3	 | 	4	 | 	3,61
  3	 | 	8	 | 	9,22
  4	 | 	7	 | 	5,10
  4	 | 	8	 | 	8,94
  5	 | 	6	 | 	5,83
  5	 | 	8	 | 	6,00
  6	 | 	8	 | 	5,83
  7	 | 	9	 | 	2,24
  7	 | 	10	 | 	6,08
  7	 | 	16	 | 	9,06
  9	 | 	10	 | 	5,10
  11	 | 	13	 | 	6,08
  11	 | 	16	 | 	8,60
  12	 | 	13	 | 	3,61
  12	 | 	19	 | 	7,07
  13	 | 	15	 | 	2,24
  13	 | 	16	 | 	4,12
  14	 | 	15	 | 	3,00
  14	 | 	17	 | 	5,66
  15	 | 	16	 | 	4,24
  17	 | 	18	 | 	3,00
  18	 | 	19	 | 	5,10
___________________________
Simulation Topology [1:10]
___________________________
From 	  To 		Length
___________________________
  0	 | 	1	 | 	3,16
  0	 | 	2	 | 	4,12
  1	 | 	3	 | 	2,24
  1	 | 	9	 | 	8,06
  1	 | 	10	 | 	8,06
  2	 | 	3	 | 	2,00
  2	 | 	8	 | 	8,06
  2	 | 	12	 | 	11,18
  3	 | 	4	 | 	3,61
  3	 | 	8	 | 	9,22
  4	 | 	7	 | 	5,10
  4	 | 	8	 | 	8,94
  5	 | 	6	 | 	5,83
  5	 | 	8	 | 	6,00
  6	 | 	8	 | 	5,83
  7	 | 	9	 | 	2,24
  7	 | 	10	 | 	6,08
  7	 | 	16	 | 	9,06
  9	 | 	10	 | 	5,10
  11	 | 	13	 | 	6,08
  11	 | 	16	 | 	8,60
  12	 | 	13	 | 	3,61
  12	 | 	19	 | 	7,07
  13	 | 	15	 | 	2,24
  13	 | 	16	 | 	4,12
  14	 | 	15	 | 	3,00
  14	 | 	17	 | 	5,66
  15	 | 	16	 | 	4,24
  17	 | 	18	 | 	3,00
  18	 | 	19	 | 	5,10
___________________________
Simulation Topology [1:11]
___________________________
From 	  To 		Length
___________________________
  0	 | 	1	 | 	3,16
  0	 | 	2	 | 	4,12
  1	 | 	3	 | 	2,24
  1	 | 	9	 | 	8,06
  1	 | 	10	 | 	8,06
  2	 | 	3	 | 	2,00
  2	 | 	8	 | 	8,06
  2	 | 	12	 | 	11,18
  3	 | 	4	 | 	3,61
  3	 | 	8	 | 	9,22
  4	 | 	7	 | 	5,10
  4	 | 	8	 | 	8,94
  5	 | 	6	 | 	5,83
  5	 | 	8	 | 	6,00
  6	 | 	8	 | 	5,83
  7	 | 	9	 | 	2,24
  7	 | 	10	 | 	6,08
  7	 | 	16	 | 	9,06
  9	 | 	10	 | 	5,10
  11	 | 	13	 | 	6,08
  11	 | 	16	 | 	8,60
  12	 | 	13	 | 	3,61
  12	 | 	19	 | 	7,07
  13	 | 	15	 | 	2,24
  13	 | 	16	 | 	4,12
  14	 | 	15	 | 	3,00
  14	 | 	17	 | 	5,66
  15	 | 	16	 | 	4,24
  17	 | 	18	 | 	3,00
  18	 | 	19	 | 	5,10
___________________________
Simulation Topology [1:12]
___________________________
From 	  To 		Length
___________________________
  0	 | 	1	 | 	3,16
  0	 | 	2	 | 	4,12
  1	 | 	3	 | 	2,24
  1	 | 	9	 | 	8,06
  1	 | 	10	 | 	8,06
  2	 | 	3	 | 	2,00
  2	 | 	8	 | 	8,06
  2	 | 	12	 | 	11,18
  3	 | 	4	 | 	3,61
  3	 | 	8	 | 	9,22
  4	 | 	7	 | 	5,10
  4	 | 	8	 | 	8,94
  5	 | 	6	 | 	5,83
  5	 | 	8	 | 	6,00
  6	 | 	8	 | 	5,83
  7	 | 	9	 | 	2,24
  7	 | 	10	 | 	6,08
  7	 | 	16	 | 	9,06
  9	 | 	10	 | 	5,10
  11	 | 	13	 | 	6,08
  11	 | 	16	 | 	8,60
  12	 | 	13	 | 	3,61
  12	 | 	19	 | 	7,07
  13	 | 	15	 | 	2,24
  13	 | 	16	 | 	4,12
  14	 | 	15	 | 	3,00
  14	 | 	17	 | 	5,66
  15	 | 	16	 | 	4,24
  17	 | 	18	 | 	3,00
  18	 | 	19	 | 	5,10
___________________________
Simulation Topology [1:13]
___________________________
From 	  To 		Length
___________________________
  0	 | 	1	 | 	3,16
  0	 | 	2	 | 	4,12
  1	 | 	3	 | 	2,24
  1	 | 	9	 | 	8,06
  1	 | 	10	 | 	8,06
  2	 | 	3	 | 	2,00
  2	 | 	8	 | 	8,06
  2	 | 	12	 | 	11,18
  3	 | 	4	 | 	3,61
  3	 | 	8	 | 	9,22
  4	 | 	7	 | 	5,10
  4	 | 	8	 | 	8,94
  5	 | 	6	 | 	5,83
  5	 | 	8	 | 	6,00
  6	 | 	8	 | 	5,83
  7	 | 	9	 | 	2,24
  7	 | 	10	 | 	6,08
  7	 | 	16	 | 	9,06
  9	 | 	10	 | 	5,10
  11	 | 	13	 | 	6,08
  11	 | 	16	 | 	8,60
  12	 | 	13	 | 	3,61
  12	 | 	19	 | 	7,07
  13	 | 	15	 | 	2,24
  13	 | 	16	 | 	4,12
  14	 | 	15	 | 	3,00
  14	 | 	17	 | 	5,66
  15	 | 	16	 | 	4,24
  17	 | 	18	 | 	3,00
  18	 | 	19	 | 	5,10
___________________________
Simulation Topology [1:14]
___________________________
From 	  To 		Length
___________________________
  0	 | 	1	 | 	3,16
  0	 | 	2	 | 	4,12
  1	 | 	3	 | 	2,24
  1	 | 	9	 | 	8,06
  1	 | 	10	 | 	8,06
  2	 | 	3	 | 	2,00
  2	 | 	8	 | 	8,06
  2	 | 	12	 | 	11,18
  3	 | 	4	 | 	3,61
  3	 | 	8	 | 	9,22
  4	 | 	7	 | 	5,10
  4	 | 	8	 | 	8,94
  5	 | 	6	 | 	5,83
  5	 | 	8	 | 	6,00
  6	 | 	8	 | 	5,83
  7	 | 	9	 | 	2,24
  7	 | 	10	 | 	6,08
  7	 | 	16	 | 	9,06
  9	 | 	10	 | 	5,10
  11	 | 	13	 | 	6,08
  11	 | 	16	 | 	8,60
  12	 | 	13	 | 	3,61
  12	 | 	19	 | 	7,07
  13	 | 	15	 | 	2,24
  13	 | 	16	 | 	4,12
  14	 | 	15	 | 	3,00
  14	 | 	17	 | 	5,66
  15	 | 	16	 | 	4,24
  17	 | 	18	 | 	3,00
  18	 | 	19	 | 	5,10
___________________________
Simulation Topology [1:15]
___________________________
From 	  To 		Length
___________________________
  0	 | 	1	 | 	3,16
  0	 | 	2	 | 	4,12
  1	 | 	3	 | 	2,24
  1	 | 	9	 | 	8,06
  1	 | 	10	 | 	8,06
  2	 | 	3	 | 	2,00
  2	 | 	8	 | 	8,06
  2	 | 	12	 | 	11,18
  3	 | 	4	 | 	3,61
  3	 | 	8	 | 	9,22
  4	 | 	7	 | 	5,10
  4	 | 	8	 | 	8,94
  5	 | 	6	 | 	5,83
  5	 | 	8	 | 	6,00
  6	 | 	8	 | 	5,83
  7	 | 	9	 | 	2,24
  7	 | 	10	 | 	6,08
  7	 | 	16	 | 	9,06
  9	 | 	10	 | 	5,10
  11	 | 	13	 | 	6,08
  11	 | 	16	 | 	8,60
  12	 | 	13	 | 	3,61
  12	 | 	19	 | 	7,07
  13	 | 	15	 | 	2,24
  13	 | 	16	 | 	4,12
  14	 | 	15	 | 	3,00
  14	 | 	17	 | 	5,66
  15	 | 	16	 | 	4,24
  17	 | 	18	 | 	3,00
  18	 | 	19	 | 	5,10
___________________________
Simulation Topology [1:16]
___________________________
From 	  To 		Length
___________________________
  0	 | 	1	 | 	3,16
  0	 | 	2	 | 	4,12
  1	 | 	3	 | 	2,24
  1	 | 	9	 | 	8,06
  1	 | 	10	 | 	8,06
  2	 | 	3	 | 	2,00
  2	 | 	8	 | 	8,06
  2	 | 	12	 | 	11,18
  3	 | 	4	 | 	3,61
  3	 | 	8	 | 	9,22
  4	 | 	7	 | 	5,10
  4	 | 	8	 | 	8,94
  5	 | 	6	 | 	5,83
  5	 | 	8	 | 	6,00
  6	 | 	8	 | 	5,83
  7	 | 	9	 | 	2,24
  7	 | 	10	 | 	6,08
  7	 | 	16	 | 	9,06
  9	 | 	10	 | 	5,10
  11	 | 	13	 | 	6,08
  11	 | 	16	 | 	8,60
  12	 | 	13	 | 	3,61
  12	 | 	19	 | 	7,07
  13	 | 	15	 | 	2,24
  13	 | 	16	 | 	4,12
  14	 | 	15	 | 	3,00
  14	 | 	17	 | 	5,66
  15	 | 	16	 | 	4,24
  17	 | 	18	 | 	3,00
  18	 | 	19	 | 	5,10
___________________________
Simulation Topology [1:17]
___________________________
From 	  To 		Length
___________________________
  0	 | 	1	 | 	3,16
  0	 | 	2	 | 	4,12
  1	 | 	3	 | 	2,24
  1	 | 	9	 | 	8,06
  1	 | 	10	 | 	8,06
  2	 | 	3	 | 	2,00
  2	 | 	8	 | 	8,06
  2	 | 	12	 | 	11,18
  3	 | 	4	 | 	3,61
  3	 | 	8	 | 	9,22
  4	 | 	7	 | 	5,10
  4	 | 	8	 | 	8,94
  5	 | 	6	 | 	5,83
  5	 | 	8	 | 	6,00
  6	 | 	8	 | 	5,83
  7	 | 	9	 | 	2,24
  7	 | 	10	 | 	6,08
  7	 | 	16	 | 	9,06
  9	 | 	10	 | 	5,10
  11	 | 	13	 | 	6,08
  11	 | 	16	 | 	8,60
  12	 | 	13	 | 	3,61
  12	 | 	19	 | 	7,07
  13	 | 	15	 | 	2,24
  13	 | 	16	 | 	4,12
  14	 | 	15	 | 	3,00
  14	 | 	17	 | 	5,66
  15	 | 	16	 | 	4,24
  17	 | 	18	 | 	3,00
  18	 | 	19	 | 	5,10
___________________________
Simulation Topology [1:18]
___________________________
From 	  To 		Length
___________________________
  0	 | 	1	 | 	3,16
  0	 | 	2	 | 	4,12
  1	 | 	3	 | 	2,24
  1	 | 	9	 | 	8,06
  1	 | 	10	 | 	8,06
  2	 | 	3	 | 	2,00
  2	 | 	8	 | 	8,06
  2	 | 	12	 | 	11,18
  3	 | 	4	 | 	3,61
  3	 | 	8	 | 	9,22
  4	 | 	7	 | 	5,10
  4	 | 	8	 | 	8,94
  5	 | 	6	 | 	5,83
  5	 | 	8	 | 	6,00
  6	 | 	8	 | 	5,83
  7	 | 	9	 | 	2,24
  7	 | 	10	 | 	6,08
  7	 | 	16	 | 	9,06
  9	 | 	10	 | 	5,10
  11	 | 	13	 | 	6,08
  11	 | 	16	 | 	8,60
  12	 | 	13	 | 	3,61
  12	 | 	19	 | 	7,07
  13	 | 	15	 | 	2,24
  13	 | 	16	 | 	4,12
  14	 | 	15	 | 	3,00
  14	 | 	17	 | 	5,66
  15	 | 	16	 | 	4,24
  17	 | 	18	 | 	3,00
  18	 | 	19	 | 	5,10
___________________________
Simulation Topology [1:19]
___________________________
From 	  To 		Length
___________________________
  0	 | 	1	 | 	3,16
  0	 | 	2	 | 	4,12
  1	 | 	3	 | 	2,24
  1	 | 	9	 | 	8,06
  1	 | 	10	 | 	8,06
  2	 | 	3	 | 	2,00
  2	 | 	8	 | 	8,06
  2	 | 	12	 | 	11,18
  3	 | 	4	 | 	3,61
  3	 | 	8	 | 	9,22
  4	 | 	7	 | 	5,10
  4	 | 	8	 | 	8,94
  5	 | 	6	 | 	5,83
  5	 | 	8	 | 	6,00
  6	 | 	8	 | 	5,83
  7	 | 	9	 | 	2,24
  7	 | 	10	 | 	6,08
  7	 | 	16	 | 	9,06
  9	 | 	10	 | 	5,10
  11	 | 	13	 | 	6,08
  11	 | 	16	 | 	8,60
  12	 | 	13	 | 	3,61
  12	 | 	19	 | 	7,07
  13	 | 	15	 | 	2,24
  13	 | 	16	 | 	4,12
  14	 | 	15	 | 	3,00
  14	 | 	17	 | 	5,66
  15	 | 	16	 | 	4,24
  17	 | 	18	 | 	3,00
  18	 | 	19	 | 	5,10
___________________________
Simulation Topology [1:20]
___________________________
From 	  To 		Length
___________________________
  0	 | 	1	 | 	3,16
  0	 | 	2	 | 	4,12
  1	 | 	3	 | 	2,24
  1	 | 	9	 | 	8,06
  1	 | 	10	 | 	8,06
  2	 | 	3	 | 	2,00
  2	 | 	8	 | 	8,06
  2	 | 	12	 | 	11,18
  3	 | 	4	 | 	3,61
  3	 | 	8	 | 	9,22
  4	 | 	7	 | 	5,10
  4	 | 	8	 | 	8,94
  5	 | 	6	 | 	5,83
  5	 | 	8	 | 	6,00
  6	 | 	8	 | 	5,83
  7	 | 	9	 | 	2,24
  7	 | 	10	 | 	6,08
  7	 | 	16	 | 	9,06
  9	 | 	10	 | 	5,10
  11	 | 	13	 | 	6,08
  11	 | 	16	 | 	8,60
  12	 | 	13	 | 	3,61
  12	 | 	19	 | 	7,07
  13	 | 	15	 | 	2,24
  13	 | 	16	 | 	4,12
  14	 | 	15	 | 	3,00
  14	 | 	17	 | 	5,66
  15	 | 	16	 | 	4,24
  17	 | 	18	 | 	3,00
  18	 | 	19	 | 	5,10
___________________________
