Simulation Topology 1
___________________________
[8]				[1]		
[2]				[2]		
[8]				[5]		
[8]				[7]		
[8]				[9]		
[8]				[11]		
[8]				[13]		
[8]				[15]		
[8]				[17]		
[8]				[19]		
___________________________
Simulation Topology [1:0]
___________________________
From 	  To 		Length
___________________________
  0	 | 	1	 | 	6,08
  0	 | 	2	 | 	4,00
  0	 | 	3	 | 	6,00
  0	 | 	7	 | 	14,00
  1	 | 	4	 | 	9,22
  2	 | 	6	 | 	8,00
  2	 | 	7	 | 	10,00
  2	 | 	9	 | 	14,00
  3	 | 	5	 | 	4,00
  3	 | 	8	 | 	10,00
  4	 | 	6	 | 	4,00
  4	 | 	8	 | 	8,00
  5	 | 	6	 | 	2,00
  5	 | 	7	 | 	4,00
  5	 | 	9	 | 	8,00
  6	 | 	9	 | 	6,00
  7	 | 	8	 | 	2,00
  8	 | 	9	 | 	2,00
___________________________
Simulation Topology [1:1]
___________________________
From 	  To 		Length
___________________________
  0	 | 	1	 | 	6,08
  0	 | 	2	 | 	4,00
  0	 | 	3	 | 	6,00
  0	 | 	7	 | 	14,00
  1	 | 	4	 | 	9,22
  2	 | 	6	 | 	8,00
  2	 | 	7	 | 	10,00
  2	 | 	9	 | 	14,00
  3	 | 	5	 | 	4,00
  3	 | 	8	 | 	10,00
  4	 | 	6	 | 	4,00
  4	 | 	8	 | 	8,00
  5	 | 	6	 | 	2,00
  5	 | 	7	 | 	4,00
  5	 | 	9	 | 	8,00
  6	 | 	9	 | 	6,00
  7	 | 	8	 | 	2,00
  8	 | 	9	 | 	2,00
  3	 | 	4	 | 	2,00
___________________________
Simulation Topology [1:2]
___________________________
From 	  To 		Length
___________________________
  0	 | 	1	 | 	6,08
  0	 | 	2	 | 	4,00
  0	 | 	3	 | 	6,00
  0	 | 	7	 | 	14,00
  1	 | 	4	 | 	9,22
  2	 | 	6	 | 	8,00
  2	 | 	7	 | 	10,00
  2	 | 	9	 | 	14,00
  3	 | 	5	 | 	4,00
  3	 | 	8	 | 	10,00
  4	 | 	6	 | 	4,00
  4	 | 	8	 | 	8,00
  5	 | 	6	 | 	2,00
  5	 | 	7	 | 	4,00
  5	 | 	9	 | 	8,00
  6	 | 	9	 | 	6,00
  7	 | 	8	 | 	2,00
  8	 | 	9	 | 	2,00
  3	 | 	4	 | 	2,00
  1	 | 	6	 | 	12,53
___________________________
