Simulation Topology 1
___________________________
[5]				[0]		
[9]				[0]		
[0]				[1]		
[3]				[1]		
[5]				[2]		
___________________________
Simulation Topology [1:0]
___________________________
From 	  To 		Length
___________________________
  0	 | 	1	 | 	4,00
  0	 | 	4	 | 	2,00
  1	 | 	2	 | 	9,06
  1	 | 	3	 | 	6,08
  2	 | 	3	 | 	3,00
  2	 | 	4	 | 	5,10
  3	 | 	4	 | 	2,24
___________________________
Simulation Topology [1:1]
___________________________
From 	  To 		Length
___________________________
  0	 | 	1	 | 	4,00
  0	 | 	4	 | 	2,00
  1	 | 	2	 | 	9,06
  1	 | 	3	 | 	6,08
  2	 | 	3	 | 	3,00
  2	 | 	4	 | 	5,10
  3	 | 	4	 | 	2,24
  0	 | 	3	 | 	2,24
___________________________
