Simulation Topology 1
___________________________
[3]				[1]		
[2]				[3]		
[3]				[5]		
[6]				[7]		
[6]				[9]		
[6]				[11]		
[6]				[13]		
[6]				[15]		
[6]				[17]		
[6]				[19]		
___________________________
Simulation Topology [1:0]
___________________________
From 	  To 		Length
___________________________
  0	 | 	3	 | 	6,71
  0	 | 	5	 | 	10,44
  0	 | 	7	 | 	14,32
  0	 | 	8	 | 	16,28
  1	 | 	3	 | 	5,66
  1	 | 	4	 | 	7,21
  1	 | 	5	 | 	8,94
  1	 | 	9	 | 	16,49
  2	 | 	7	 | 	10,44
  2	 | 	9	 | 	14,32
  3	 | 	6	 | 	6,00
  3	 | 	8	 | 	10,00
  4	 | 	5	 | 	2,00
  4	 | 	6	 | 	4,00
  4	 | 	7	 | 	6,00
  5	 | 	8	 | 	6,00
  6	 | 	7	 | 	2,00
  6	 | 	9	 | 	6,00
  8	 | 	9	 | 	2,00
___________________________
Simulation Topology [1:1]
___________________________
From 	  To 		Length
___________________________
  0	 | 	3	 | 	6,71
  0	 | 	5	 | 	10,44
  0	 | 	7	 | 	14,32
  0	 | 	8	 | 	16,28
  1	 | 	3	 | 	5,66
  1	 | 	4	 | 	7,21
  1	 | 	5	 | 	8,94
  1	 | 	9	 | 	16,49
  2	 | 	7	 | 	10,44
  2	 | 	9	 | 	14,32
  3	 | 	6	 | 	6,00
  3	 | 	8	 | 	10,00
  4	 | 	5	 | 	2,00
  4	 | 	6	 | 	4,00
  4	 | 	7	 | 	6,00
  5	 | 	8	 | 	6,00
  6	 | 	7	 | 	2,00
  6	 | 	9	 | 	6,00
  8	 | 	9	 | 	2,00
  2	 | 	4	 | 	5,00
___________________________
