[7]				[0]		
[0]				[0]		
[7]				[2]		
[0]				[2]		
[7]				[4]		
[0]				[4]		
[7]				[6]		
[0]				[6]		
[7]				[8]		
[0]				[8]		
___________________________
Simulation Topology [1:1]
___________________________
From 	  To 		Length
___________________________
  0	 | 	1	 | 	7,00
  0	 | 	3	 | 	7,28
  0	 | 	4	 | 	4,00
  1	 | 	5	 | 	4,00
  2	 | 	3	 | 	7,00
  2	 | 	4	 | 	2,00
  2	 | 	7	 | 	8,06
  3	 | 	9	 | 	6,00
  4	 | 	5	 | 	7,00
  6	 | 	7	 | 	7,00
  6	 | 	8	 | 	2,00
  7	 | 	9	 | 	2,00
  8	 | 	9	 | 	7,00
___________________________
Simulation Topology [1:2]
___________________________
From 	  To 		Length
___________________________
  0	 | 	1	 | 	7,00
  0	 | 	3	 | 	7,28
  0	 | 	4	 | 	4,00
  1	 | 	5	 | 	4,00
  2	 | 	3	 | 	7,00
  2	 | 	4	 | 	2,00
  2	 | 	7	 | 	8,06
  3	 | 	9	 | 	6,00
  4	 | 	5	 | 	7,00
  6	 | 	7	 | 	7,00
  6	 | 	8	 | 	2,00
  7	 | 	9	 | 	2,00
  8	 | 	9	 | 	7,00
  2	 | 	6	 | 	4,00
___________________________
Simulation Topology [1:3]
___________________________
From 	  To 		Length
___________________________
  0	 | 	1	 | 	7,00
  0	 | 	3	 | 	7,28
  0	 | 	4	 | 	4,00
  1	 | 	5	 | 	4,00
  2	 | 	3	 | 	7,00
  2	 | 	4	 | 	2,00
  2	 | 	7	 | 	8,06
  3	 | 	9	 | 	6,00
  4	 | 	5	 | 	7,00
  6	 | 	7	 | 	7,00
  6	 | 	8	 | 	2,00
  7	 | 	9	 | 	2,00
  8	 | 	9	 | 	7,00
  2	 | 	6	 | 	4,00
  4	 | 	8	 | 	4,00
___________________________
Simulation Topology [1:4]
___________________________
From 	  To 		Length
___________________________
  0	 | 	1	 | 	7,00
  0	 | 	3	 | 	7,28
  0	 | 	4	 | 	4,00
  1	 | 	5	 | 	4,00
  2	 | 	3	 | 	7,00
  2	 | 	4	 | 	2,00
  2	 | 	7	 | 	8,06
  3	 | 	9	 | 	6,00
  4	 | 	5	 | 	7,00
  6	 | 	7	 | 	7,00
  6	 | 	8	 | 	2,00
  7	 | 	9	 | 	2,00
  8	 | 	9	 | 	7,00
  2	 | 	6	 | 	4,00
  4	 | 	8	 | 	4,00
  5	 | 	8	 | 	8,06
___________________________
Simulation Topology [1:5]
___________________________
From 	  To 		Length
___________________________
  0	 | 	1	 | 	7,00
  0	 | 	3	 | 	7,28
  0	 | 	4	 | 	4,00
  1	 | 	5	 | 	4,00
  2	 | 	3	 | 	7,00
  2	 | 	4	 | 	2,00
  2	 | 	7	 | 	8,06
  3	 | 	9	 | 	6,00
  4	 | 	5	 | 	7,00
  6	 | 	7	 | 	7,00
  6	 | 	8	 | 	2,00
  7	 | 	9	 | 	2,00
  8	 | 	9	 | 	7,00
  2	 | 	6	 | 	4,00
  4	 | 	8	 | 	4,00
  5	 | 	8	 | 	8,06
  0	 | 	5	 | 	8,06
___________________________
Simulation Topology [1:6]
___________________________
From 	  To 		Length
___________________________
  0	 | 	1	 | 	7,00
  0	 | 	3	 | 	7,28
  0	 | 	4	 | 	4,00
  1	 | 	5	 | 	4,00
  2	 | 	3	 | 	7,00
  2	 | 	4	 | 	2,00
  2	 | 	7	 | 	8,06
  3	 | 	9	 | 	6,00
  4	 | 	5	 | 	7,00
  6	 | 	7	 | 	7,00
  6	 | 	8	 | 	2,00
  7	 | 	9	 | 	2,00
  8	 | 	9	 | 	7,00
  2	 | 	6	 | 	4,00
  4	 | 	8	 | 	4,00
  5	 | 	8	 | 	8,06
  0	 | 	5	 | 	8,06
  1	 | 	3	 | 	2,00
___________________________
Simulation Topology [1:7]
___________________________
From 	  To 		Length
___________________________
  0	 | 	1	 | 	7,00
  0	 | 	3	 | 	7,28
  0	 | 	4	 | 	4,00
  1	 | 	5	 | 	4,00
  2	 | 	3	 | 	7,00
  2	 | 	4	 | 	2,00
  2	 | 	7	 | 	8,06
  3	 | 	9	 | 	6,00
  4	 | 	5	 | 	7,00
  6	 | 	7	 | 	7,00
  6	 | 	8	 | 	2,00
  7	 | 	9	 | 	2,00
  8	 | 	9	 | 	7,00
  2	 | 	6	 | 	4,00
  4	 | 	8	 | 	4,00
  5	 | 	8	 | 	8,06
  0	 | 	5	 | 	8,06
  1	 | 	3	 | 	2,00
  1	 | 	9	 | 	8,00
___________________________
Simulation Topology [1:8]
___________________________
From 	  To 		Length
___________________________
  0	 | 	1	 | 	7,00
  0	 | 	3	 | 	7,28
  0	 | 	4	 | 	4,00
  1	 | 	5	 | 	4,00
  2	 | 	3	 | 	7,00
  2	 | 	4	 | 	2,00
  2	 | 	7	 | 	8,06
  3	 | 	9	 | 	6,00
  4	 | 	5	 | 	7,00
  6	 | 	7	 | 	7,00
  6	 | 	8	 | 	2,00
  7	 | 	9	 | 	2,00
  8	 | 	9	 | 	7,00
  2	 | 	6	 | 	4,00
  4	 | 	8	 | 	4,00
  5	 | 	8	 | 	8,06
  0	 | 	5	 | 	8,06
  1	 | 	3	 | 	2,00
  1	 | 	9	 | 	8,00
  0	 | 	7	 | 	9,22
___________________________
