Simulation Topology 1
___________________________
[0]				[0]		
[4]				[0]		
[2]				[1]		
[7]				[1]		
[0]				[2]		
___________________________
Simulation Topology [1:0]
___________________________
From 	  To 		Length
___________________________
  0	 | 	1	 | 	4,00
  0	 | 	3	 | 	7,07
  0	 | 	4	 | 	2,00
  1	 | 	2	 | 	2,24
  1	 | 	3	 | 	3,16
  1	 | 	4	 | 	4,47
  2	 | 	3	 | 	5,00
  2	 | 	4	 | 	2,24
  3	 | 	4	 | 	7,07
___________________________
Simulation Topology [1:1]
___________________________
From 	  To 		Length
___________________________
  0	 | 	1	 | 	4,00
  0	 | 	3	 | 	7,07
  0	 | 	4	 | 	2,00
  1	 | 	2	 | 	2,24
  1	 | 	3	 | 	3,16
  1	 | 	4	 | 	4,47
  2	 | 	3	 | 	5,00
  2	 | 	4	 | 	2,24
  3	 | 	4	 | 	7,07
  0	 | 	2	 | 	2,24
___________________________
