Simulation Topology 1
___________________________
[9]				[9]		
[2]				[8]		
[2]				[11]		
[9]				[11]		
[9]				[13]		
[6]				[12]		
[2]				[15]		
[9]				[15]		
[9]				[17]		
[6]				[16]		
___________________________
Simulation Topology [1:0]
___________________________
From 	  To 		Length
___________________________
  0	 | 	1	 | 	7,07
  0	 | 	4	 | 	4,00
  0	 | 	5	 | 	4,24
  0	 | 	9	 | 	7,62
  1	 | 	6	 | 	7,00
  2	 | 	3	 | 	7,00
  2	 | 	8	 | 	9,22
  3	 | 	7	 | 	4,00
  4	 | 	5	 | 	3,16
  6	 | 	7	 | 	7,00
  8	 | 	9	 | 	3,16
___________________________
Simulation Topology [1:1]
___________________________
From 	  To 		Length
___________________________
  0	 | 	1	 | 	7,07
  0	 | 	4	 | 	4,00
  0	 | 	5	 | 	4,24
  0	 | 	9	 | 	7,62
  1	 | 	6	 | 	7,00
  2	 | 	3	 | 	7,00
  2	 | 	8	 | 	9,22
  3	 | 	7	 | 	4,00
  4	 | 	5	 | 	3,16
  6	 | 	7	 | 	7,00
  8	 | 	9	 | 	3,16
  3	 | 	4	 | 	2,00
___________________________
Simulation Topology [1:2]
___________________________
From 	  To 		Length
___________________________
  0	 | 	1	 | 	7,07
  0	 | 	4	 | 	4,00
  0	 | 	5	 | 	4,24
  0	 | 	9	 | 	7,62
  1	 | 	6	 | 	7,00
  2	 | 	3	 | 	7,00
  2	 | 	8	 | 	9,22
  3	 | 	7	 | 	4,00
  4	 | 	5	 | 	3,16
  6	 | 	7	 | 	7,00
  8	 | 	9	 | 	3,16
  3	 | 	4	 | 	2,00
___________________________
Simulation Topology [1:3]
___________________________
From 	  To 		Length
___________________________
  0	 | 	1	 | 	7,07
  0	 | 	4	 | 	4,00
  0	 | 	5	 | 	4,24
  0	 | 	9	 | 	7,62
  1	 | 	6	 | 	7,00
  2	 | 	3	 | 	7,00
  2	 | 	8	 | 	9,22
  3	 | 	7	 | 	4,00
  4	 | 	5	 | 	3,16
  6	 | 	7	 | 	7,00
  8	 | 	9	 | 	3,16
  3	 | 	4	 | 	2,00
  7	 | 	8	 | 	2,00
___________________________
Simulation Topology [1:4]
___________________________
From 	  To 		Length
___________________________
  0	 | 	1	 | 	7,07
  0	 | 	4	 | 	4,00
  0	 | 	5	 | 	4,24
  0	 | 	9	 | 	7,62
  1	 | 	6	 | 	7,00
  2	 | 	3	 | 	7,00
  2	 | 	8	 | 	9,22
  3	 | 	7	 | 	4,00
  4	 | 	5	 | 	3,16
  6	 | 	7	 | 	7,00
  8	 | 	9	 | 	3,16
  3	 | 	4	 | 	2,00
  7	 | 	8	 | 	2,00
___________________________
Simulation Topology [1:5]
___________________________
From 	  To 		Length
___________________________
  0	 | 	1	 | 	7,07
  0	 | 	4	 | 	4,00
  0	 | 	5	 | 	4,24
  0	 | 	9	 | 	7,62
  1	 | 	6	 | 	7,00
  2	 | 	3	 | 	7,00
  2	 | 	8	 | 	9,22
  3	 | 	7	 | 	4,00
  4	 | 	5	 | 	3,16
  6	 | 	7	 | 	7,00
  8	 | 	9	 | 	3,16
  3	 | 	4	 | 	2,00
  7	 | 	8	 | 	2,00
___________________________
Simulation Topology [1:6]
___________________________
From 	  To 		Length
___________________________
  0	 | 	1	 | 	7,07
  0	 | 	4	 | 	4,00
  0	 | 	5	 | 	4,24
  0	 | 	9	 | 	7,62
  1	 | 	6	 | 	7,00
  2	 | 	3	 | 	7,00
  2	 | 	8	 | 	9,22
  3	 | 	7	 | 	4,00
  4	 | 	5	 | 	3,16
  6	 | 	7	 | 	7,00
  8	 | 	9	 | 	3,16
  3	 | 	4	 | 	2,00
  7	 | 	8	 | 	2,00
___________________________
Simulation Topology [1:7]
___________________________
From 	  To 		Length
___________________________
  0	 | 	1	 | 	7,07
  0	 | 	4	 | 	4,00
  0	 | 	5	 | 	4,24
  0	 | 	9	 | 	7,62
  1	 | 	6	 | 	7,00
  2	 | 	3	 | 	7,00
  2	 | 	8	 | 	9,22
  3	 | 	7	 | 	4,00
  4	 | 	5	 | 	3,16
  6	 | 	7	 | 	7,00
  8	 | 	9	 | 	3,16
  3	 | 	4	 | 	2,00
  7	 | 	8	 | 	2,00
___________________________
Simulation Topology [1:8]
___________________________
From 	  To 		Length
___________________________
  0	 | 	1	 | 	7,07
  0	 | 	4	 | 	4,00
  0	 | 	5	 | 	4,24
  0	 | 	9	 | 	7,62
  1	 | 	6	 | 	7,00
  2	 | 	3	 | 	7,00
  2	 | 	8	 | 	9,22
  3	 | 	7	 | 	4,00
  4	 | 	5	 | 	3,16
  6	 | 	7	 | 	7,00
  8	 | 	9	 | 	3,16
  3	 | 	4	 | 	2,00
  7	 | 	8	 | 	2,00
___________________________
Simulation Topology [1:9]
___________________________
From 	  To 		Length
___________________________
  0	 | 	1	 | 	7,07
  0	 | 	4	 | 	4,00
  0	 | 	5	 | 	4,24
  0	 | 	9	 | 	7,62
  1	 | 	6	 | 	7,00
  2	 | 	3	 | 	7,00
  2	 | 	8	 | 	9,22
  3	 | 	7	 | 	4,00
  4	 | 	5	 | 	3,16
  6	 | 	7	 | 	7,00
  8	 | 	9	 | 	3,16
  3	 | 	4	 | 	2,00
  7	 | 	8	 | 	2,00
___________________________
Simulation Topology [1:10]
___________________________
From 	  To 		Length
___________________________
  0	 | 	1	 | 	7,07
  0	 | 	4	 | 	4,00
  0	 | 	5	 | 	4,24
  0	 | 	9	 | 	7,62
  1	 | 	6	 | 	7,00
  2	 | 	3	 | 	7,00
  2	 | 	8	 | 	9,22
  3	 | 	7	 | 	4,00
  4	 | 	5	 | 	3,16
  6	 | 	7	 | 	7,00
  8	 | 	9	 | 	3,16
  3	 | 	4	 | 	2,00
  7	 | 	8	 | 	2,00
___________________________
