Simulation Topology 1
___________________________
[7]				[9]		
[3]				[11]		
[7]				[13]		
[7]				[15]		
[7]				[17]		
[7]				[19]		
[17]				[1]		
[17]				[3]		
[17]				[5]		
[17]				[7]		
___________________________
Simulation Topology [1:0]
___________________________
From 	  To 		Length
___________________________
  0	 | 	1	 | 	4,47
  0	 | 	3	 | 	6,00
  0	 | 	5	 | 	10,00
  0	 | 	7	 | 	11,66
  1	 | 	5	 | 	8,94
  1	 | 	6	 | 	17,20
  1	 | 	8	 | 	15,23
  2	 | 	3	 | 	2,00
  2	 | 	7	 | 	14,14
  2	 | 	8	 | 	12,81
  3	 | 	8	 | 	14,14
  3	 | 	9	 | 	12,81
  4	 | 	6	 | 	18,87
  4	 | 	9	 | 	14,14
  5	 | 	9	 | 	15,62
  8	 | 	9	 | 	2,00
___________________________
Simulation Topology [1:1]
___________________________
From 	  To 		Length
___________________________
  0	 | 	1	 | 	4,47
  0	 | 	3	 | 	6,00
  0	 | 	5	 | 	10,00
  0	 | 	7	 | 	11,66
  1	 | 	5	 | 	8,94
  1	 | 	6	 | 	17,20
  1	 | 	8	 | 	15,23
  2	 | 	3	 | 	2,00
  2	 | 	7	 | 	14,14
  2	 | 	8	 | 	12,81
  3	 | 	8	 | 	14,14
  3	 | 	9	 | 	12,81
  4	 | 	6	 | 	18,87
  4	 | 	9	 | 	14,14
  5	 | 	9	 | 	15,62
  8	 | 	9	 | 	2,00
  4	 | 	5	 | 	2,00
___________________________
Simulation Topology [1:2]
___________________________
From 	  To 		Length
___________________________
  0	 | 	1	 | 	4,47
  0	 | 	3	 | 	6,00
  0	 | 	5	 | 	10,00
  0	 | 	7	 | 	11,66
  1	 | 	5	 | 	8,94
  1	 | 	6	 | 	17,20
  1	 | 	8	 | 	15,23
  2	 | 	3	 | 	2,00
  2	 | 	7	 | 	14,14
  2	 | 	8	 | 	12,81
  3	 | 	8	 | 	14,14
  3	 | 	9	 | 	12,81
  4	 | 	6	 | 	18,87
  4	 | 	9	 | 	14,14
  5	 | 	9	 | 	15,62
  8	 | 	9	 | 	2,00
  4	 | 	5	 | 	2,00
  6	 | 	7	 | 	2,00
___________________________
Simulation Topology [1:3]
___________________________
From 	  To 		Length
___________________________
  0	 | 	1	 | 	4,47
  0	 | 	3	 | 	6,00
  0	 | 	5	 | 	10,00
  0	 | 	7	 | 	11,66
  1	 | 	5	 | 	8,94
  1	 | 	6	 | 	17,20
  1	 | 	8	 | 	15,23
  2	 | 	3	 | 	2,00
  2	 | 	7	 | 	14,14
  2	 | 	8	 | 	12,81
  3	 | 	8	 | 	14,14
  3	 | 	9	 | 	12,81
  4	 | 	6	 | 	18,87
  4	 | 	9	 | 	14,14
  5	 | 	9	 | 	15,62
  8	 | 	9	 | 	2,00
  4	 | 	5	 | 	2,00
  6	 | 	7	 | 	2,00
  2	 | 	4	 | 	4,00
___________________________
Simulation Topology [1:4]
___________________________
From 	  To 		Length
___________________________
  0	 | 	1	 | 	4,47
  0	 | 	3	 | 	6,00
  0	 | 	5	 | 	10,00
  0	 | 	7	 | 	11,66
  1	 | 	5	 | 	8,94
  1	 | 	6	 | 	17,20
  1	 | 	8	 | 	15,23
  2	 | 	3	 | 	2,00
  2	 | 	7	 | 	14,14
  2	 | 	8	 | 	12,81
  3	 | 	8	 | 	14,14
  3	 | 	9	 | 	12,81
  4	 | 	6	 | 	18,87
  4	 | 	9	 | 	14,14
  5	 | 	9	 | 	15,62
  8	 | 	9	 | 	2,00
  4	 | 	5	 | 	2,00
  6	 | 	7	 | 	2,00
  2	 | 	4	 | 	4,00
  4	 | 	7	 | 	17,20
___________________________
