Simulation Topology 1
___________________________
[4]				[0]		
[4]				[2]		
[4]				[4]		
[4]				[6]		
[7]				[8]		
[7]				[10]		
[7]				[12]		
[7]				[14]		
[7]				[16]		
[7]				[18]		
___________________________
Simulation Topology [1:0]
___________________________
From 	  To 		Length
___________________________
  0	 | 	1	 | 	2,00
  0	 | 	4	 | 	8,54
  0	 | 	5	 | 	10,44
  0	 | 	6	 | 	12,37
  1	 | 	7	 | 	12,37
  2	 | 	3	 | 	2,00
  2	 | 	5	 | 	6,71
  2	 | 	7	 | 	10,44
  2	 | 	9	 | 	14,32
  3	 | 	4	 | 	3,61
  3	 | 	8	 | 	10,44
  4	 | 	5	 | 	2,00
  4	 | 	9	 | 	10,00
  6	 | 	8	 | 	4,00
___________________________
Simulation Topology [1:1]
___________________________
From 	  To 		Length
___________________________
  0	 | 	1	 | 	2,00
  0	 | 	4	 | 	8,54
  0	 | 	5	 | 	10,44
  0	 | 	6	 | 	12,37
  1	 | 	7	 | 	12,37
  2	 | 	3	 | 	2,00
  2	 | 	5	 | 	6,71
  2	 | 	7	 | 	10,44
  2	 | 	9	 | 	14,32
  3	 | 	4	 | 	3,61
  3	 | 	8	 | 	10,44
  4	 | 	5	 | 	2,00
  4	 | 	9	 | 	10,00
  6	 | 	8	 | 	4,00
  6	 | 	9	 | 	6,00
___________________________
Simulation Topology [1:2]
___________________________
From 	  To 		Length
___________________________
  0	 | 	1	 | 	2,00
  0	 | 	4	 | 	8,54
  0	 | 	5	 | 	10,44
  0	 | 	6	 | 	12,37
  1	 | 	7	 | 	12,37
  2	 | 	3	 | 	2,00
  2	 | 	5	 | 	6,71
  2	 | 	7	 | 	10,44
  2	 | 	9	 | 	14,32
  3	 | 	4	 | 	3,61
  3	 | 	8	 | 	10,44
  4	 | 	5	 | 	2,00
  4	 | 	9	 | 	10,00
  6	 | 	8	 | 	4,00
  6	 | 	9	 | 	6,00
  5	 | 	6	 | 	2,00
___________________________
Simulation Topology [1:3]
___________________________
From 	  To 		Length
___________________________
  0	 | 	1	 | 	2,00
  0	 | 	4	 | 	8,54
  0	 | 	5	 | 	10,44
  0	 | 	6	 | 	12,37
  1	 | 	7	 | 	12,37
  2	 | 	3	 | 	2,00
  2	 | 	5	 | 	6,71
  2	 | 	7	 | 	10,44
  2	 | 	9	 | 	14,32
  3	 | 	4	 | 	3,61
  3	 | 	8	 | 	10,44
  4	 | 	5	 | 	2,00
  4	 | 	9	 | 	10,00
  6	 | 	8	 | 	4,00
  6	 | 	9	 | 	6,00
  5	 | 	6	 | 	2,00
  8	 | 	9	 | 	2,00
___________________________
Simulation Topology [1:4]
___________________________
From 	  To 		Length
___________________________
  0	 | 	1	 | 	2,00
  0	 | 	4	 | 	8,54
  0	 | 	5	 | 	10,44
  0	 | 	6	 | 	12,37
  1	 | 	7	 | 	12,37
  2	 | 	3	 | 	2,00
  2	 | 	5	 | 	6,71
  2	 | 	7	 | 	10,44
  2	 | 	9	 | 	14,32
  3	 | 	4	 | 	3,61
  3	 | 	8	 | 	10,44
  4	 | 	5	 | 	2,00
  4	 | 	9	 | 	10,00
  6	 | 	8	 | 	4,00
  6	 | 	9	 | 	6,00
  5	 | 	6	 | 	2,00
  8	 | 	9	 | 	2,00
  1	 | 	3	 | 	4,00
___________________________
Simulation Topology [1:5]
___________________________
From 	  To 		Length
___________________________
  0	 | 	1	 | 	2,00
  0	 | 	4	 | 	8,54
  0	 | 	5	 | 	10,44
  0	 | 	6	 | 	12,37
  1	 | 	7	 | 	12,37
  2	 | 	3	 | 	2,00
  2	 | 	5	 | 	6,71
  2	 | 	7	 | 	10,44
  2	 | 	9	 | 	14,32
  3	 | 	4	 | 	3,61
  3	 | 	8	 | 	10,44
  4	 | 	5	 | 	2,00
  4	 | 	9	 | 	10,00
  6	 | 	8	 | 	4,00
  6	 | 	9	 | 	6,00
  5	 | 	6	 | 	2,00
  8	 | 	9	 | 	2,00
  1	 | 	3	 | 	4,00
  7	 | 	8	 | 	2,00
___________________________
Simulation Topology [1:6]
___________________________
From 	  To 		Length
___________________________
  0	 | 	1	 | 	2,00
  0	 | 	4	 | 	8,54
  0	 | 	5	 | 	10,44
  0	 | 	6	 | 	12,37
  1	 | 	7	 | 	12,37
  2	 | 	3	 | 	2,00
  2	 | 	5	 | 	6,71
  2	 | 	7	 | 	10,44
  2	 | 	9	 | 	14,32
  3	 | 	4	 | 	3,61
  3	 | 	8	 | 	10,44
  4	 | 	5	 | 	2,00
  4	 | 	9	 | 	10,00
  6	 | 	8	 | 	4,00
  6	 | 	9	 | 	6,00
  5	 | 	6	 | 	2,00
  8	 | 	9	 | 	2,00
  1	 | 	3	 | 	4,00
  7	 | 	8	 | 	2,00
  4	 | 	7	 | 	6,00
___________________________
