Simulation Topology 1
___________________________
[6]				[0]		
[8]				[0]		
[1]				[1]		
[4]				[1]		
[8]				[2]		
___________________________
Simulation Topology [1:0]
___________________________
From 	  To 		Length
___________________________
  0	 | 	1	 | 	2,00
  0	 | 	2	 | 	5,10
  0	 | 	3	 | 	2,24
  0	 | 	4	 | 	2,83
  1	 | 	4	 | 	2,00
  2	 | 	3	 | 	3,00
  3	 | 	4	 | 	4,12
___________________________
Simulation Topology [1:1]
___________________________
From 	  To 		Length
___________________________
  0	 | 	1	 | 	2,00
  0	 | 	2	 | 	5,10
  0	 | 	3	 | 	2,24
  0	 | 	4	 | 	2,83
  1	 | 	4	 | 	2,00
  2	 | 	3	 | 	3,00
  3	 | 	4	 | 	4,12
___________________________
Simulation Topology [1:2]
___________________________
From 	  To 		Length
___________________________
  0	 | 	1	 | 	2,00
  0	 | 	2	 | 	5,10
  0	 | 	3	 | 	2,24
  0	 | 	4	 | 	2,83
  1	 | 	4	 | 	2,00
  2	 | 	3	 | 	3,00
  3	 | 	4	 | 	4,12
___________________________
Simulation Topology [1:3]
___________________________
From 	  To 		Length
___________________________
  0	 | 	1	 | 	2,00
  0	 | 	2	 | 	5,10
  0	 | 	3	 | 	2,24
  0	 | 	4	 | 	2,83
  1	 | 	4	 | 	2,00
  2	 | 	3	 | 	3,00
  3	 | 	4	 | 	4,12
___________________________
Simulation Topology [1:4]
___________________________
From 	  To 		Length
___________________________
  0	 | 	1	 | 	2,00
  0	 | 	2	 | 	5,10
  0	 | 	3	 | 	2,24
  0	 | 	4	 | 	2,83
  1	 | 	4	 | 	2,00
  2	 | 	3	 | 	3,00
  3	 | 	4	 | 	4,12
___________________________
Simulation Topology [1:5]
___________________________
From 	  To 		Length
___________________________
  0	 | 	1	 | 	2,00
  0	 | 	2	 | 	5,10
  0	 | 	3	 | 	2,24
  0	 | 	4	 | 	2,83
  1	 | 	4	 | 	2,00
  2	 | 	3	 | 	3,00
  3	 | 	4	 | 	4,12
___________________________
