Simulation Topology 1
___________________________
[8]				[0]		
[1]				[0]		
[4]				[1]		
[6]				[1]		
[8]				[2]		
___________________________
Simulation Topology [1:0]
___________________________
From 	  To 		Length
___________________________
  0	 | 	1	 | 	7,00
  0	 | 	2	 | 	4,12
  0	 | 	3	 | 	2,24
  0	 | 	4	 | 	2,00
  1	 | 	2	 | 	3,16
  2	 | 	3	 | 	2,00
  3	 | 	4	 | 	2,24
___________________________
Simulation Topology [1:1]
___________________________
From 	  To 		Length
___________________________
  0	 | 	1	 | 	7,00
  0	 | 	2	 | 	4,12
  0	 | 	3	 | 	2,24
  0	 | 	4	 | 	2,00
  1	 | 	2	 | 	3,16
  2	 | 	3	 | 	2,00
  3	 | 	4	 | 	2,24
  1	 | 	4	 | 	7,28
___________________________
Simulation Topology [1:2]
___________________________
From 	  To 		Length
___________________________
  0	 | 	1	 | 	7,00
  0	 | 	2	 | 	4,12
  0	 | 	3	 | 	2,24
  0	 | 	4	 | 	2,00
  1	 | 	2	 | 	3,16
  2	 | 	3	 | 	2,00
  3	 | 	4	 | 	2,24
  1	 | 	4	 | 	7,28
  2	 | 	4	 | 	4,12
___________________________
Simulation Topology [1:3]
___________________________
From 	  To 		Length
___________________________
  0	 | 	1	 | 	7,00
  0	 | 	2	 | 	4,12
  0	 | 	3	 | 	2,24
  0	 | 	4	 | 	2,00
  1	 | 	2	 | 	3,16
  2	 | 	3	 | 	2,00
  3	 | 	4	 | 	2,24
  1	 | 	4	 | 	7,28
  2	 | 	4	 | 	4,12
  1	 | 	3	 | 	5,10
___________________________
