Simulation Topology 1
___________________________
[9]				[0]		
[0]				[0]		
[3]				[1]		
[6]				[1]		
[9]				[2]		
___________________________
Simulation Topology [1:0]
___________________________
From 	  To 		Length
___________________________
  0	 | 	1	 | 	9,00
  0	 | 	2	 | 	6,08
  0	 | 	4	 | 	2,00
  1	 | 	2	 | 	3,16
  1	 | 	3	 | 	6,08
  1	 | 	4	 | 	9,22
  2	 | 	3	 | 	3,00
  3	 | 	4	 | 	3,16
___________________________
Simulation Topology [1:1]
___________________________
From 	  To 		Length
___________________________
  0	 | 	1	 | 	9,00
  0	 | 	2	 | 	6,08
  0	 | 	4	 | 	2,00
  1	 | 	2	 | 	3,16
  1	 | 	3	 | 	6,08
  1	 | 	4	 | 	9,22
  2	 | 	3	 | 	3,00
  3	 | 	4	 | 	3,16
___________________________
