Simulation Topology 1
___________________________
[7]				[1]		
[2]				[2]		
[7]				[5]		
[7]				[7]		
[7]				[9]		
[7]				[11]		
[7]				[13]		
[7]				[15]		
[7]				[17]		
[7]				[19]		
___________________________
Simulation Topology [1:0]
___________________________
From 	  To 		Length
___________________________
  0	 | 	1	 | 	5,10
  0	 | 	3	 | 	6,00
  0	 | 	6	 | 	12,00
  0	 | 	9	 | 	18,00
  1	 | 	7	 | 	13,93
  1	 | 	8	 | 	15,81
  1	 | 	9	 | 	17,72
  2	 | 	4	 | 	4,00
  2	 | 	9	 | 	14,00
  3	 | 	7	 | 	8,00
  4	 | 	5	 | 	2,00
  4	 | 	6	 | 	4,00
  4	 | 	8	 | 	8,00
  5	 | 	9	 | 	8,00
  6	 | 	8	 | 	4,00
___________________________
Simulation Topology [1:1]
___________________________
From 	  To 		Length
___________________________
  0	 | 	1	 | 	5,10
  0	 | 	3	 | 	6,00
  0	 | 	6	 | 	12,00
  0	 | 	9	 | 	18,00
  1	 | 	7	 | 	13,93
  1	 | 	8	 | 	15,81
  1	 | 	9	 | 	17,72
  2	 | 	4	 | 	4,00
  2	 | 	9	 | 	14,00
  3	 | 	7	 | 	8,00
  4	 | 	5	 | 	2,00
  4	 | 	6	 | 	4,00
  4	 | 	8	 | 	8,00
  5	 | 	9	 | 	8,00
  6	 | 	8	 | 	4,00
  3	 | 	5	 | 	4,00
___________________________
Simulation Topology [1:2]
___________________________
From 	  To 		Length
___________________________
  0	 | 	1	 | 	5,10
  0	 | 	3	 | 	6,00
  0	 | 	6	 | 	12,00
  0	 | 	9	 | 	18,00
  1	 | 	7	 | 	13,93
  1	 | 	8	 | 	15,81
  1	 | 	9	 | 	17,72
  2	 | 	4	 | 	4,00
  2	 | 	9	 | 	14,00
  3	 | 	7	 | 	8,00
  4	 | 	5	 | 	2,00
  4	 | 	6	 | 	4,00
  4	 | 	8	 | 	8,00
  5	 | 	9	 | 	8,00
  6	 | 	8	 | 	4,00
  3	 | 	5	 | 	4,00
  5	 | 	8	 | 	6,00
___________________________
Simulation Topology [1:3]
___________________________
From 	  To 		Length
___________________________
  0	 | 	1	 | 	5,10
  0	 | 	3	 | 	6,00
  0	 | 	6	 | 	12,00
  0	 | 	9	 | 	18,00
  1	 | 	7	 | 	13,93
  1	 | 	8	 | 	15,81
  1	 | 	9	 | 	17,72
  2	 | 	4	 | 	4,00
  2	 | 	9	 | 	14,00
  3	 | 	7	 | 	8,00
  4	 | 	5	 | 	2,00
  4	 | 	6	 | 	4,00
  4	 | 	8	 | 	8,00
  5	 | 	9	 | 	8,00
  6	 | 	8	 | 	4,00
  3	 | 	5	 | 	4,00
  5	 | 	8	 | 	6,00
  6	 | 	7	 | 	2,00
___________________________
Simulation Topology [1:4]
___________________________
From 	  To 		Length
___________________________
  0	 | 	1	 | 	5,10
  0	 | 	3	 | 	6,00
  0	 | 	6	 | 	12,00
  0	 | 	9	 | 	18,00
  1	 | 	7	 | 	13,93
  1	 | 	8	 | 	15,81
  1	 | 	9	 | 	17,72
  2	 | 	4	 | 	4,00
  2	 | 	9	 | 	14,00
  3	 | 	7	 | 	8,00
  4	 | 	5	 | 	2,00
  4	 | 	6	 | 	4,00
  4	 | 	8	 | 	8,00
  5	 | 	9	 | 	8,00
  6	 | 	8	 | 	4,00
  3	 | 	5	 | 	4,00
  5	 | 	8	 | 	6,00
  6	 | 	7	 | 	2,00
  2	 | 	3	 | 	2,00
___________________________
Simulation Topology [1:5]
___________________________
From 	  To 		Length
___________________________
  0	 | 	1	 | 	5,10
  0	 | 	3	 | 	6,00
  0	 | 	6	 | 	12,00
  0	 | 	9	 | 	18,00
  1	 | 	7	 | 	13,93
  1	 | 	8	 | 	15,81
  1	 | 	9	 | 	17,72
  2	 | 	4	 | 	4,00
  2	 | 	9	 | 	14,00
  3	 | 	7	 | 	8,00
  4	 | 	5	 | 	2,00
  4	 | 	6	 | 	4,00
  4	 | 	8	 | 	8,00
  5	 | 	9	 | 	8,00
  6	 | 	8	 | 	4,00
  3	 | 	5	 | 	4,00
  5	 | 	8	 | 	6,00
  6	 | 	7	 | 	2,00
  2	 | 	3	 | 	2,00
  2	 | 	7	 | 	10,00
___________________________
