[0]				[1]		
[9]				[0]		
[6]				[3]		
[3]				[3]		
[5]				[5]		
[1]				[5]		
[6]				[7]		
[1]				[7]		
[5]				[9]		
[1]				[9]		
___________________________
Simulation Topology [1:1]
___________________________
From 	  To 		Length
___________________________
  0	 | 	1	 | 	9,06
  0	 | 	2	 | 	6,32
  0	 | 	6	 | 	8,49
  1	 | 	3	 | 	6,71
  2	 | 	3	 | 	3,00
  2	 | 	7	 | 	6,40
  4	 | 	5	 | 	4,00
  4	 | 	6	 | 	2,24
  4	 | 	9	 | 	5,66
  5	 | 	8	 | 	5,66
  6	 | 	7	 | 	5,00
  6	 | 	8	 | 	2,24
  8	 | 	9	 | 	4,00
___________________________
Simulation Topology [1:2]
___________________________
From 	  To 		Length
___________________________
  0	 | 	1	 | 	9,06
  0	 | 	2	 | 	6,32
  0	 | 	6	 | 	8,49
  1	 | 	3	 | 	6,71
  2	 | 	3	 | 	3,00
  2	 | 	7	 | 	6,40
  4	 | 	5	 | 	4,00
  4	 | 	6	 | 	2,24
  4	 | 	9	 | 	5,66
  5	 | 	8	 | 	5,66
  6	 | 	7	 | 	5,00
  6	 | 	8	 | 	2,24
  8	 | 	9	 | 	4,00
  5	 | 	9	 | 	4,00
___________________________
Simulation Topology [1:3]
___________________________
From 	  To 		Length
___________________________
  0	 | 	1	 | 	9,06
  0	 | 	2	 | 	6,32
  0	 | 	6	 | 	8,49
  1	 | 	3	 | 	6,71
  2	 | 	3	 | 	3,00
  2	 | 	7	 | 	6,40
  4	 | 	5	 | 	4,00
  4	 | 	6	 | 	2,24
  4	 | 	9	 | 	5,66
  5	 | 	8	 | 	5,66
  6	 | 	7	 | 	5,00
  6	 | 	8	 | 	2,24
  8	 | 	9	 | 	4,00
  5	 | 	9	 | 	4,00
  5	 | 	7	 | 	2,00
___________________________
Simulation Topology [1:4]
___________________________
From 	  To 		Length
___________________________
  0	 | 	1	 | 	9,06
  0	 | 	2	 | 	6,32
  0	 | 	6	 | 	8,49
  1	 | 	3	 | 	6,71
  2	 | 	3	 | 	3,00
  2	 | 	7	 | 	6,40
  4	 | 	5	 | 	4,00
  4	 | 	6	 | 	2,24
  4	 | 	9	 | 	5,66
  5	 | 	8	 | 	5,66
  6	 | 	7	 | 	5,00
  6	 | 	8	 | 	2,24
  8	 | 	9	 | 	4,00
  5	 | 	9	 | 	4,00
  5	 | 	7	 | 	2,00
  7	 | 	9	 | 	2,00
___________________________
Simulation Topology [1:5]
___________________________
From 	  To 		Length
___________________________
  0	 | 	1	 | 	9,06
  0	 | 	2	 | 	6,32
  0	 | 	6	 | 	8,49
  1	 | 	3	 | 	6,71
  2	 | 	3	 | 	3,00
  2	 | 	7	 | 	6,40
  4	 | 	5	 | 	4,00
  4	 | 	6	 | 	2,24
  4	 | 	9	 | 	5,66
  5	 | 	8	 | 	5,66
  6	 | 	7	 | 	5,00
  6	 | 	8	 | 	2,24
  8	 | 	9	 | 	4,00
  5	 | 	9	 | 	4,00
  5	 | 	7	 | 	2,00
  7	 | 	9	 | 	2,00
  2	 | 	4	 | 	2,24
___________________________
Simulation Topology [1:6]
___________________________
From 	  To 		Length
___________________________
  0	 | 	1	 | 	9,06
  0	 | 	2	 | 	6,32
  0	 | 	6	 | 	8,49
  1	 | 	3	 | 	6,71
  2	 | 	3	 | 	3,00
  2	 | 	7	 | 	6,40
  4	 | 	5	 | 	4,00
  4	 | 	6	 | 	2,24
  4	 | 	9	 | 	5,66
  5	 | 	8	 | 	5,66
  6	 | 	7	 | 	5,00
  6	 | 	8	 | 	2,24
  8	 | 	9	 | 	4,00
  5	 | 	9	 | 	4,00
  5	 | 	7	 | 	2,00
  7	 | 	9	 | 	2,00
  2	 | 	4	 | 	2,24
  0	 | 	3	 | 	3,61
___________________________
Simulation Topology [1:7]
___________________________
From 	  To 		Length
___________________________
  0	 | 	1	 | 	9,06
  0	 | 	2	 | 	6,32
  0	 | 	6	 | 	8,49
  1	 | 	3	 | 	6,71
  2	 | 	3	 | 	3,00
  2	 | 	7	 | 	6,40
  4	 | 	5	 | 	4,00
  4	 | 	6	 | 	2,24
  4	 | 	9	 | 	5,66
  5	 | 	8	 | 	5,66
  6	 | 	7	 | 	5,00
  6	 | 	8	 | 	2,24
  8	 | 	9	 | 	4,00
  5	 | 	9	 | 	4,00
  5	 | 	7	 | 	2,00
  7	 | 	9	 | 	2,00
  2	 | 	4	 | 	2,24
  0	 | 	3	 | 	3,61
  3	 | 	8	 | 	6,32
___________________________
Simulation Topology [1:8]
___________________________
From 	  To 		Length
___________________________
  0	 | 	1	 | 	9,06
  0	 | 	2	 | 	6,32
  0	 | 	6	 | 	8,49
  1	 | 	3	 | 	6,71
  2	 | 	3	 | 	3,00
  2	 | 	7	 | 	6,40
  4	 | 	5	 | 	4,00
  4	 | 	6	 | 	2,24
  4	 | 	9	 | 	5,66
  5	 | 	8	 | 	5,66
  6	 | 	7	 | 	5,00
  6	 | 	8	 | 	2,24
  8	 | 	9	 | 	4,00
  5	 | 	9	 | 	4,00
  5	 | 	7	 | 	2,00
  7	 | 	9	 | 	2,00
  2	 | 	4	 | 	2,24
  0	 | 	3	 | 	3,61
  3	 | 	8	 | 	6,32
  1	 | 	9	 | 	12,04
___________________________
