[2]				[3]		
[3]				[5]		
[2]				[11]		
[2]				[15]		
[2]				[19]		
[2]				[23]		
[0]				[25]		
[0]				[29]		
[0]				[33]		
[0]				[37]		
[16]				[2]		
[16]				[6]		
[16]				[10]		
[17]				[14]		
[17]				[18]		
[17]				[22]		
[17]				[26]		
[17]				[30]		
[17]				[34]		
[17]				[38]		
___________________________
Simulation Topology [1:11]
___________________________
From 	  To 		Length
___________________________
  0	 | 	3	 | 	12,00
  0	 | 	4	 | 	16,00
  0	 | 	14	 | 	21,21
  0	 | 	15	 | 	24,21
  1	 | 	2	 | 	6,08
  1	 | 	4	 | 	14,04
  1	 | 	7	 | 	24,19
  2	 | 	12	 | 	14,04
  2	 | 	13	 | 	15,30
  3	 | 	16	 | 	18,60
  4	 | 	6	 | 	6,32
  4	 | 	17	 | 	18,60
  5	 | 	8	 | 	10,20
  5	 | 	18	 | 	18,60
  6	 | 	8	 | 	8,00
  6	 | 	9	 | 	12,00
  7	 | 	8	 | 	4,00
  7	 | 	11	 | 	28,02
  8	 | 	9	 | 	4,00
  9	 | 	19	 | 	17,03
  10	 | 	11	 | 	4,00
  10	 | 	13	 | 	12,04
  12	 | 	13	 | 	4,12
  12	 | 	16	 | 	16,03
  12	 | 	17	 | 	20,02
  13	 | 	14	 | 	4,00
  14	 | 	15	 | 	4,00
  14	 | 	16	 | 	8,00
  15	 | 	16	 | 	4,00
  15	 | 	17	 | 	8,00
  17	 | 	18	 | 	4,00
  18	 | 	19	 | 	4,00
___________________________
Simulation Topology [1:12]
___________________________
From 	  To 		Length
___________________________
  0	 | 	3	 | 	12,00
  0	 | 	4	 | 	16,00
  0	 | 	14	 | 	21,21
  0	 | 	15	 | 	24,21
  1	 | 	2	 | 	6,08
  1	 | 	4	 | 	14,04
  1	 | 	7	 | 	24,19
  2	 | 	12	 | 	14,04
  2	 | 	13	 | 	15,30
  3	 | 	16	 | 	18,60
  4	 | 	6	 | 	6,32
  4	 | 	17	 | 	18,60
  5	 | 	8	 | 	10,20
  5	 | 	18	 | 	18,60
  6	 | 	8	 | 	8,00
  6	 | 	9	 | 	12,00
  7	 | 	8	 | 	4,00
  7	 | 	11	 | 	28,02
  8	 | 	9	 | 	4,00
  9	 | 	19	 | 	17,03
  10	 | 	11	 | 	4,00
  10	 | 	13	 | 	12,04
  12	 | 	13	 | 	4,12
  12	 | 	16	 | 	16,03
  12	 | 	17	 | 	20,02
  13	 | 	14	 | 	4,00
  14	 | 	15	 | 	4,00
  14	 | 	16	 | 	8,00
  15	 | 	16	 | 	4,00
  15	 | 	17	 | 	8,00
  17	 | 	18	 | 	4,00
  18	 | 	19	 | 	4,00
  3	 | 	6	 | 	10,20
___________________________
Simulation Topology [1:13]
___________________________
From 	  To 		Length
___________________________
  0	 | 	3	 | 	12,00
  0	 | 	4	 | 	16,00
  0	 | 	14	 | 	21,21
  0	 | 	15	 | 	24,21
  1	 | 	2	 | 	6,08
  1	 | 	4	 | 	14,04
  1	 | 	7	 | 	24,19
  2	 | 	12	 | 	14,04
  2	 | 	13	 | 	15,30
  3	 | 	16	 | 	18,60
  4	 | 	6	 | 	6,32
  4	 | 	17	 | 	18,60
  5	 | 	8	 | 	10,20
  5	 | 	18	 | 	18,60
  6	 | 	8	 | 	8,00
  6	 | 	9	 | 	12,00
  7	 | 	8	 | 	4,00
  7	 | 	11	 | 	28,02
  8	 | 	9	 | 	4,00
  9	 | 	19	 | 	17,03
  10	 | 	11	 | 	4,00
  10	 | 	13	 | 	12,04
  12	 | 	13	 | 	4,12
  12	 | 	16	 | 	16,03
  12	 | 	17	 | 	20,02
  13	 | 	14	 | 	4,00
  14	 | 	15	 | 	4,00
  14	 | 	16	 | 	8,00
  15	 | 	16	 | 	4,00
  15	 | 	17	 | 	8,00
  17	 | 	18	 | 	4,00
  18	 | 	19	 | 	4,00
  3	 | 	6	 | 	10,20
  5	 | 	7	 | 	6,32
___________________________
Simulation Topology [1:14]
___________________________
From 	  To 		Length
___________________________
  0	 | 	3	 | 	12,00
  0	 | 	4	 | 	16,00
  0	 | 	14	 | 	21,21
  0	 | 	15	 | 	24,21
  1	 | 	2	 | 	6,08
  1	 | 	4	 | 	14,04
  1	 | 	7	 | 	24,19
  2	 | 	12	 | 	14,04
  2	 | 	13	 | 	15,30
  3	 | 	16	 | 	18,60
  4	 | 	6	 | 	6,32
  4	 | 	17	 | 	18,60
  5	 | 	8	 | 	10,20
  5	 | 	18	 | 	18,60
  6	 | 	8	 | 	8,00
  6	 | 	9	 | 	12,00
  7	 | 	8	 | 	4,00
  7	 | 	11	 | 	28,02
  8	 | 	9	 | 	4,00
  9	 | 	19	 | 	17,03
  10	 | 	11	 | 	4,00
  10	 | 	13	 | 	12,04
  12	 | 	13	 | 	4,12
  12	 | 	16	 | 	16,03
  12	 | 	17	 | 	20,02
  13	 | 	14	 | 	4,00
  14	 | 	15	 | 	4,00
  14	 | 	16	 | 	8,00
  15	 | 	16	 | 	4,00
  15	 | 	17	 | 	8,00
  17	 | 	18	 | 	4,00
  18	 | 	19	 | 	4,00
  3	 | 	6	 | 	10,20
  5	 | 	7	 | 	6,32
  3	 | 	5	 | 	8,00
___________________________
Simulation Topology [1:15]
___________________________
From 	  To 		Length
___________________________
  0	 | 	3	 | 	12,00
  0	 | 	4	 | 	16,00
  0	 | 	14	 | 	21,21
  0	 | 	15	 | 	24,21
  1	 | 	2	 | 	6,08
  1	 | 	4	 | 	14,04
  1	 | 	7	 | 	24,19
  2	 | 	12	 | 	14,04
  2	 | 	13	 | 	15,30
  3	 | 	16	 | 	18,60
  4	 | 	6	 | 	6,32
  4	 | 	17	 | 	18,60
  5	 | 	8	 | 	10,20
  5	 | 	18	 | 	18,60
  6	 | 	8	 | 	8,00
  6	 | 	9	 | 	12,00
  7	 | 	8	 | 	4,00
  7	 | 	11	 | 	28,02
  8	 | 	9	 | 	4,00
  9	 | 	19	 | 	17,03
  10	 | 	11	 | 	4,00
  10	 | 	13	 | 	12,04
  12	 | 	13	 | 	4,12
  12	 | 	16	 | 	16,03
  12	 | 	17	 | 	20,02
  13	 | 	14	 | 	4,00
  14	 | 	15	 | 	4,00
  14	 | 	16	 | 	8,00
  15	 | 	16	 | 	4,00
  15	 | 	17	 | 	8,00
  17	 | 	18	 | 	4,00
  18	 | 	19	 | 	4,00
  3	 | 	6	 | 	10,20
  5	 | 	7	 | 	6,32
  3	 | 	5	 | 	8,00
  2	 | 	11	 | 	14,87
___________________________
Simulation Topology [1:16]
___________________________
From 	  To 		Length
___________________________
  0	 | 	3	 | 	12,00
  0	 | 	4	 | 	16,00
  0	 | 	14	 | 	21,21
  0	 | 	15	 | 	24,21
  1	 | 	2	 | 	6,08
  1	 | 	4	 | 	14,04
  1	 | 	7	 | 	24,19
  2	 | 	12	 | 	14,04
  2	 | 	13	 | 	15,30
  3	 | 	16	 | 	18,60
  4	 | 	6	 | 	6,32
  4	 | 	17	 | 	18,60
  5	 | 	8	 | 	10,20
  5	 | 	18	 | 	18,60
  6	 | 	8	 | 	8,00
  6	 | 	9	 | 	12,00
  7	 | 	8	 | 	4,00
  7	 | 	11	 | 	28,02
  8	 | 	9	 | 	4,00
  9	 | 	19	 | 	17,03
  10	 | 	11	 | 	4,00
  10	 | 	13	 | 	12,04
  12	 | 	13	 | 	4,12
  12	 | 	16	 | 	16,03
  12	 | 	17	 | 	20,02
  13	 | 	14	 | 	4,00
  14	 | 	15	 | 	4,00
  14	 | 	16	 | 	8,00
  15	 | 	16	 | 	4,00
  15	 | 	17	 | 	8,00
  17	 | 	18	 | 	4,00
  18	 | 	19	 | 	4,00
  3	 | 	6	 | 	10,20
  5	 | 	7	 | 	6,32
  3	 | 	5	 | 	8,00
  2	 | 	11	 | 	14,87
  1	 | 	10	 | 	13,34
___________________________
Simulation Topology [1:17]
___________________________
From 	  To 		Length
___________________________
  0	 | 	3	 | 	12,00
  0	 | 	4	 | 	16,00
  0	 | 	14	 | 	21,21
  0	 | 	15	 | 	24,21
  1	 | 	2	 | 	6,08
  1	 | 	4	 | 	14,04
  1	 | 	7	 | 	24,19
  2	 | 	12	 | 	14,04
  2	 | 	13	 | 	15,30
  3	 | 	16	 | 	18,60
  4	 | 	6	 | 	6,32
  4	 | 	17	 | 	18,60
  5	 | 	8	 | 	10,20
  5	 | 	18	 | 	18,60
  6	 | 	8	 | 	8,00
  6	 | 	9	 | 	12,00
  7	 | 	8	 | 	4,00
  7	 | 	11	 | 	28,02
  8	 | 	9	 | 	4,00
  9	 | 	19	 | 	17,03
  10	 | 	11	 | 	4,00
  10	 | 	13	 | 	12,04
  12	 | 	13	 | 	4,12
  12	 | 	16	 | 	16,03
  12	 | 	17	 | 	20,02
  13	 | 	14	 | 	4,00
  14	 | 	15	 | 	4,00
  14	 | 	16	 | 	8,00
  15	 | 	16	 | 	4,00
  15	 | 	17	 | 	8,00
  17	 | 	18	 | 	4,00
  18	 | 	19	 | 	4,00
  3	 | 	6	 | 	10,20
  5	 | 	7	 | 	6,32
  3	 | 	5	 | 	8,00
  2	 | 	11	 | 	14,87
  1	 | 	10	 | 	13,34
  9	 | 	18	 | 	17,26
___________________________
Simulation Topology [1:18]
___________________________
From 	  To 		Length
___________________________
  0	 | 	3	 | 	12,00
  0	 | 	4	 | 	16,00
  0	 | 	14	 | 	21,21
  0	 | 	15	 | 	24,21
  1	 | 	2	 | 	6,08
  1	 | 	4	 | 	14,04
  1	 | 	7	 | 	24,19
  2	 | 	12	 | 	14,04
  2	 | 	13	 | 	15,30
  3	 | 	16	 | 	18,60
  4	 | 	6	 | 	6,32
  4	 | 	17	 | 	18,60
  5	 | 	8	 | 	10,20
  5	 | 	18	 | 	18,60
  6	 | 	8	 | 	8,00
  6	 | 	9	 | 	12,00
  7	 | 	8	 | 	4,00
  7	 | 	11	 | 	28,02
  8	 | 	9	 | 	4,00
  9	 | 	19	 | 	17,03
  10	 | 	11	 | 	4,00
  10	 | 	13	 | 	12,04
  12	 | 	13	 | 	4,12
  12	 | 	16	 | 	16,03
  12	 | 	17	 | 	20,02
  13	 | 	14	 | 	4,00
  14	 | 	15	 | 	4,00
  14	 | 	16	 | 	8,00
  15	 | 	16	 | 	4,00
  15	 | 	17	 | 	8,00
  17	 | 	18	 | 	4,00
  18	 | 	19	 | 	4,00
  3	 | 	6	 | 	10,20
  5	 | 	7	 | 	6,32
  3	 | 	5	 | 	8,00
  2	 | 	11	 | 	14,87
  1	 | 	10	 | 	13,34
  9	 | 	18	 | 	17,26
  11	 | 	19	 | 	32,02
___________________________
Simulation Topology [1:19]
___________________________
From 	  To 		Length
___________________________
  0	 | 	3	 | 	12,00
  0	 | 	4	 | 	16,00
  0	 | 	14	 | 	21,21
  0	 | 	15	 | 	24,21
  1	 | 	2	 | 	6,08
  1	 | 	4	 | 	14,04
  1	 | 	7	 | 	24,19
  2	 | 	12	 | 	14,04
  2	 | 	13	 | 	15,30
  3	 | 	16	 | 	18,60
  4	 | 	6	 | 	6,32
  4	 | 	17	 | 	18,60
  5	 | 	8	 | 	10,20
  5	 | 	18	 | 	18,60
  6	 | 	8	 | 	8,00
  6	 | 	9	 | 	12,00
  7	 | 	8	 | 	4,00
  7	 | 	11	 | 	28,02
  8	 | 	9	 | 	4,00
  9	 | 	19	 | 	17,03
  10	 | 	11	 | 	4,00
  10	 | 	13	 | 	12,04
  12	 | 	13	 | 	4,12
  12	 | 	16	 | 	16,03
  12	 | 	17	 | 	20,02
  13	 | 	14	 | 	4,00
  14	 | 	15	 | 	4,00
  14	 | 	16	 | 	8,00
  15	 | 	16	 | 	4,00
  15	 | 	17	 | 	8,00
  17	 | 	18	 | 	4,00
  18	 | 	19	 | 	4,00
  3	 | 	6	 | 	10,20
  5	 | 	7	 | 	6,32
  3	 | 	5	 | 	8,00
  2	 | 	11	 | 	14,87
  1	 | 	10	 | 	13,34
  9	 | 	18	 | 	17,26
  11	 | 	19	 | 	32,02
  10	 | 	19	 | 	36,01
___________________________
