Simulation Topology 1
___________________________
[1]				[0]		
[6]				[0]		
[4]				[1]		
[8]				[1]		
[1]				[2]		
___________________________
Simulation Topology [1:0]
___________________________
From 	  To 		Length
___________________________
  0	 | 	1	 | 	5,00
  0	 | 	2	 | 	3,16
  0	 | 	3	 | 	7,07
  0	 | 	4	 | 	2,00
  1	 | 	2	 | 	2,24
  2	 | 	3	 | 	4,00
  3	 | 	4	 | 	7,07
___________________________
Simulation Topology [1:1]
___________________________
From 	  To 		Length
___________________________
  0	 | 	1	 | 	5,00
  0	 | 	2	 | 	3,16
  0	 | 	3	 | 	7,07
  0	 | 	4	 | 	2,00
  1	 | 	2	 | 	2,24
  2	 | 	3	 | 	4,00
  3	 | 	4	 | 	7,07
  2	 | 	4	 | 	3,16
___________________________
