Simulation Topology 1
___________________________
[2]				[1]		
[6]				[1]		
[5]				[3]		
[7]				[3]		
[2]				[5]		
[6]				[5]		
[2]				[7]		
[6]				[7]		
[2]				[9]		
[6]				[9]		
___________________________
Simulation Topology [1:0]
___________________________
From 	  To 		Length
___________________________
  0	 | 	1	 | 	4,00
  0	 | 	5	 | 	5,66
  1	 | 	7	 | 	6,00
  2	 | 	3	 | 	2,00
  2	 | 	4	 | 	3,61
  2	 | 	8	 | 	6,71
  3	 | 	6	 | 	6,40
  4	 | 	5	 | 	4,00
  4	 | 	9	 | 	5,66
  5	 | 	9	 | 	4,00
  6	 | 	7	 | 	4,00
  8	 | 	9	 | 	4,00
___________________________
Simulation Topology [1:1]
___________________________
From 	  To 		Length
___________________________
  0	 | 	1	 | 	4,00
  0	 | 	5	 | 	5,66
  1	 | 	7	 | 	6,00
  2	 | 	3	 | 	2,00
  2	 | 	4	 | 	3,61
  2	 | 	8	 | 	6,71
  3	 | 	6	 | 	6,40
  4	 | 	5	 | 	4,00
  4	 | 	9	 | 	5,66
  5	 | 	9	 | 	4,00
  6	 | 	7	 | 	4,00
  8	 | 	9	 | 	4,00
  2	 | 	5	 | 	2,24
___________________________
Simulation Topology [1:2]
___________________________
From 	  To 		Length
___________________________
  0	 | 	1	 | 	4,00
  0	 | 	5	 | 	5,66
  1	 | 	7	 | 	6,00
  2	 | 	3	 | 	2,00
  2	 | 	4	 | 	3,61
  2	 | 	8	 | 	6,71
  3	 | 	6	 | 	6,40
  4	 | 	5	 | 	4,00
  4	 | 	9	 | 	5,66
  5	 | 	9	 | 	4,00
  6	 | 	7	 | 	4,00
  8	 | 	9	 | 	4,00
  2	 | 	5	 | 	2,24
  6	 | 	9	 | 	4,47
___________________________
Simulation Topology [1:3]
___________________________
From 	  To 		Length
___________________________
  0	 | 	1	 | 	4,00
  0	 | 	5	 | 	5,66
  1	 | 	7	 | 	6,00
  2	 | 	3	 | 	2,00
  2	 | 	4	 | 	3,61
  2	 | 	8	 | 	6,71
  3	 | 	6	 | 	6,40
  4	 | 	5	 | 	4,00
  4	 | 	9	 | 	5,66
  5	 | 	9	 | 	4,00
  6	 | 	7	 | 	4,00
  8	 | 	9	 | 	4,00
  2	 | 	5	 | 	2,24
  6	 | 	9	 | 	4,47
  6	 | 	8	 | 	2,00
___________________________
Simulation Topology [1:4]
___________________________
From 	  To 		Length
___________________________
  0	 | 	1	 | 	4,00
  0	 | 	5	 | 	5,66
  1	 | 	7	 | 	6,00
  2	 | 	3	 | 	2,00
  2	 | 	4	 | 	3,61
  2	 | 	8	 | 	6,71
  3	 | 	6	 | 	6,40
  4	 | 	5	 | 	4,00
  4	 | 	9	 | 	5,66
  5	 | 	9	 | 	4,00
  6	 | 	7	 | 	4,00
  8	 | 	9	 | 	4,00
  2	 | 	5	 | 	2,24
  6	 | 	9	 | 	4,47
  6	 | 	8	 | 	2,00
  3	 | 	7	 | 	4,12
___________________________
Simulation Topology [1:5]
___________________________
From 	  To 		Length
___________________________
  0	 | 	1	 | 	4,00
  0	 | 	5	 | 	5,66
  1	 | 	7	 | 	6,00
  2	 | 	3	 | 	2,00
  2	 | 	4	 | 	3,61
  2	 | 	8	 | 	6,71
  3	 | 	6	 | 	6,40
  4	 | 	5	 | 	4,00
  4	 | 	9	 | 	5,66
  5	 | 	9	 | 	4,00
  6	 | 	7	 | 	4,00
  8	 | 	9	 | 	4,00
  2	 | 	5	 | 	2,24
  6	 | 	9	 | 	4,47
  6	 | 	8	 | 	2,00
  3	 | 	7	 | 	4,12
  1	 | 	3	 | 	2,24
___________________________
Simulation Topology [1:6]
___________________________
From 	  To 		Length
___________________________
  0	 | 	1	 | 	4,00
  0	 | 	5	 | 	5,66
  1	 | 	7	 | 	6,00
  2	 | 	3	 | 	2,00
  2	 | 	4	 | 	3,61
  2	 | 	8	 | 	6,71
  3	 | 	6	 | 	6,40
  4	 | 	5	 | 	4,00
  4	 | 	9	 | 	5,66
  5	 | 	9	 | 	4,00
  6	 | 	7	 | 	4,00
  8	 | 	9	 | 	4,00
  2	 | 	5	 | 	2,24
  6	 | 	9	 | 	4,47
  6	 | 	8	 | 	2,00
  3	 | 	7	 | 	4,12
  1	 | 	3	 | 	2,24
  1	 | 	8	 | 	8,94
___________________________
Simulation Topology [1:7]
___________________________
From 	  To 		Length
___________________________
  0	 | 	1	 | 	4,00
  0	 | 	5	 | 	5,66
  1	 | 	7	 | 	6,00
  2	 | 	3	 | 	2,00
  2	 | 	4	 | 	3,61
  2	 | 	8	 | 	6,71
  3	 | 	6	 | 	6,40
  4	 | 	5	 | 	4,00
  4	 | 	9	 | 	5,66
  5	 | 	9	 | 	4,00
  6	 | 	7	 | 	4,00
  8	 | 	9	 | 	4,00
  2	 | 	5	 | 	2,24
  6	 | 	9	 | 	4,47
  6	 | 	8	 | 	2,00
  3	 | 	7	 | 	4,12
  1	 | 	3	 | 	2,24
  1	 | 	8	 | 	8,94
  0	 | 	4	 | 	4,00
___________________________
Simulation Topology [1:8]
___________________________
From 	  To 		Length
___________________________
  0	 | 	1	 | 	4,00
  0	 | 	5	 | 	5,66
  1	 | 	7	 | 	6,00
  2	 | 	3	 | 	2,00
  2	 | 	4	 | 	3,61
  2	 | 	8	 | 	6,71
  3	 | 	6	 | 	6,40
  4	 | 	5	 | 	4,00
  4	 | 	9	 | 	5,66
  5	 | 	9	 | 	4,00
  6	 | 	7	 | 	4,00
  8	 | 	9	 | 	4,00
  2	 | 	5	 | 	2,24
  6	 | 	9	 | 	4,47
  6	 | 	8	 | 	2,00
  3	 | 	7	 | 	4,12
  1	 | 	3	 | 	2,24
  1	 | 	8	 | 	8,94
  0	 | 	4	 | 	4,00
  0	 | 	7	 | 	7,21
___________________________
