Simulation Topology 1
___________________________
[9]				[0]		
[3]				[0]		
[7]				[1]		
[5]				[1]		
[9]				[2]		
___________________________
Simulation Topology [1:0]
___________________________
From 	  To 		Length
___________________________
  0	 | 	1	 | 	6,00
  0	 | 	2	 | 	2,24
  1	 | 	2	 | 	4,12
  2	 | 	3	 | 	2,00
  2	 | 	4	 | 	2,24
  3	 | 	4	 | 	4,12
___________________________
Simulation Topology [1:1]
___________________________
From 	  To 		Length
___________________________
  0	 | 	1	 | 	6,00
  0	 | 	2	 | 	2,24
  1	 | 	2	 | 	4,12
  2	 | 	3	 | 	2,00
  2	 | 	4	 | 	2,24
  3	 | 	4	 | 	4,12
  0	 | 	3	 | 	4,12
___________________________
Simulation Topology [1:2]
___________________________
From 	  To 		Length
___________________________
  0	 | 	1	 | 	6,00
  0	 | 	2	 | 	2,24
  1	 | 	2	 | 	4,12
  2	 | 	3	 | 	2,00
  2	 | 	4	 | 	2,24
  3	 | 	4	 | 	4,12
  0	 | 	3	 | 	4,12
  1	 | 	4	 | 	6,32
___________________________
Simulation Topology [1:3]
___________________________
From 	  To 		Length
___________________________
  0	 | 	1	 | 	6,00
  0	 | 	2	 | 	2,24
  1	 | 	2	 | 	4,12
  2	 | 	3	 | 	2,00
  2	 | 	4	 | 	2,24
  3	 | 	4	 | 	4,12
  0	 | 	3	 | 	4,12
  1	 | 	4	 | 	6,32
  0	 | 	4	 | 	2,00
___________________________
Simulation Topology [1:4]
___________________________
From 	  To 		Length
___________________________
  0	 | 	1	 | 	6,00
  0	 | 	2	 | 	2,24
  1	 | 	2	 | 	4,12
  2	 | 	3	 | 	2,00
  2	 | 	4	 | 	2,24
  3	 | 	4	 | 	4,12
  0	 | 	3	 | 	4,12
  1	 | 	4	 | 	6,32
  0	 | 	4	 | 	2,00
  1	 | 	3	 | 	2,24
___________________________
