Simulation Topology 1
___________________________
[0]				[1]		
[5]				[0]		
[9]				[3]		
[3]				[3]		
[0]				[5]		
[5]				[4]		
[0]				[7]		
[5]				[6]		
[0]				[9]		
[5]				[8]		
___________________________
Simulation Topology [1:0]
___________________________
From 	  To 		Length
___________________________
  0	 | 	1	 | 	5,10
  0	 | 	4	 | 	4,00
  1	 | 	6	 | 	8,60
  1	 | 	8	 | 	10,30
  2	 | 	3	 | 	6,00
  2	 | 	8	 | 	10,82
  3	 | 	5	 | 	2,24
  4	 | 	5	 | 	5,10
  4	 | 	6	 | 	2,00
  6	 | 	7	 | 	5,10
  7	 | 	9	 | 	2,00
  8	 | 	9	 | 	5,10
___________________________
Simulation Topology [1:1]
___________________________
From 	  To 		Length
___________________________
  0	 | 	1	 | 	5,10
  0	 | 	4	 | 	4,00
  1	 | 	6	 | 	8,60
  1	 | 	8	 | 	10,30
  2	 | 	3	 | 	6,00
  2	 | 	8	 | 	10,82
  3	 | 	5	 | 	2,24
  4	 | 	5	 | 	5,10
  4	 | 	6	 | 	2,00
  6	 | 	7	 | 	5,10
  7	 | 	9	 | 	2,00
  8	 | 	9	 | 	5,10
  1	 | 	3	 | 	3,61
___________________________
Simulation Topology [1:2]
___________________________
From 	  To 		Length
___________________________
  0	 | 	1	 | 	5,10
  0	 | 	4	 | 	4,00
  1	 | 	6	 | 	8,60
  1	 | 	8	 | 	10,30
  2	 | 	3	 | 	6,00
  2	 | 	8	 | 	10,82
  3	 | 	5	 | 	2,24
  4	 | 	5	 | 	5,10
  4	 | 	6	 | 	2,00
  6	 | 	7	 | 	5,10
  7	 | 	9	 | 	2,00
  8	 | 	9	 | 	5,10
  1	 | 	3	 | 	3,61
  0	 | 	9	 | 	8,60
___________________________
Simulation Topology [1:3]
___________________________
From 	  To 		Length
___________________________
  0	 | 	1	 | 	5,10
  0	 | 	4	 | 	4,00
  1	 | 	6	 | 	8,60
  1	 | 	8	 | 	10,30
  2	 | 	3	 | 	6,00
  2	 | 	8	 | 	10,82
  3	 | 	5	 | 	2,24
  4	 | 	5	 | 	5,10
  4	 | 	6	 | 	2,00
  6	 | 	7	 | 	5,10
  7	 | 	9	 | 	2,00
  8	 | 	9	 | 	5,10
  1	 | 	3	 | 	3,61
  0	 | 	9	 | 	8,60
  3	 | 	7	 | 	3,61
___________________________
Simulation Topology [1:4]
___________________________
From 	  To 		Length
___________________________
  0	 | 	1	 | 	5,10
  0	 | 	4	 | 	4,00
  1	 | 	6	 | 	8,60
  1	 | 	8	 | 	10,30
  2	 | 	3	 | 	6,00
  2	 | 	8	 | 	10,82
  3	 | 	5	 | 	2,24
  4	 | 	5	 | 	5,10
  4	 | 	6	 | 	2,00
  6	 | 	7	 | 	5,10
  7	 | 	9	 | 	2,00
  8	 | 	9	 | 	5,10
  1	 | 	3	 | 	3,61
  0	 | 	9	 | 	8,60
  3	 | 	7	 | 	3,61
  7	 | 	8	 | 	5,83
___________________________
Simulation Topology [1:5]
___________________________
From 	  To 		Length
___________________________
  0	 | 	1	 | 	5,10
  0	 | 	4	 | 	4,00
  1	 | 	6	 | 	8,60
  1	 | 	8	 | 	10,30
  2	 | 	3	 | 	6,00
  2	 | 	8	 | 	10,82
  3	 | 	5	 | 	2,24
  4	 | 	5	 | 	5,10
  4	 | 	6	 | 	2,00
  6	 | 	7	 | 	5,10
  7	 | 	9	 | 	2,00
  8	 | 	9	 | 	5,10
  1	 | 	3	 | 	3,61
  0	 | 	9	 | 	8,60
  3	 | 	7	 | 	3,61
  7	 | 	8	 | 	5,83
  5	 | 	9	 | 	4,00
___________________________
Simulation Topology [1:6]
___________________________
From 	  To 		Length
___________________________
  0	 | 	1	 | 	5,10
  0	 | 	4	 | 	4,00
  1	 | 	6	 | 	8,60
  1	 | 	8	 | 	10,30
  2	 | 	3	 | 	6,00
  2	 | 	8	 | 	10,82
  3	 | 	5	 | 	2,24
  4	 | 	5	 | 	5,10
  4	 | 	6	 | 	2,00
  6	 | 	7	 | 	5,10
  7	 | 	9	 | 	2,00
  8	 | 	9	 | 	5,10
  1	 | 	3	 | 	3,61
  0	 | 	9	 | 	8,60
  3	 | 	7	 | 	3,61
  7	 | 	8	 | 	5,83
  5	 | 	9	 | 	4,00
  2	 | 	5	 | 	4,12
___________________________
Simulation Topology [1:7]
___________________________
From 	  To 		Length
___________________________
  0	 | 	1	 | 	5,10
  0	 | 	4	 | 	4,00
  1	 | 	6	 | 	8,60
  1	 | 	8	 | 	10,30
  2	 | 	3	 | 	6,00
  2	 | 	8	 | 	10,82
  3	 | 	5	 | 	2,24
  4	 | 	5	 | 	5,10
  4	 | 	6	 | 	2,00
  6	 | 	7	 | 	5,10
  7	 | 	9	 | 	2,00
  8	 | 	9	 | 	5,10
  1	 | 	3	 | 	3,61
  0	 | 	9	 | 	8,60
  3	 | 	7	 | 	3,61
  7	 | 	8	 | 	5,83
  5	 | 	9	 | 	4,00
  2	 | 	5	 | 	4,12
  0	 | 	6	 | 	6,00
___________________________
Simulation Topology [1:8]
___________________________
From 	  To 		Length
___________________________
  0	 | 	1	 | 	5,10
  0	 | 	4	 | 	4,00
  1	 | 	6	 | 	8,60
  1	 | 	8	 | 	10,30
  2	 | 	3	 | 	6,00
  2	 | 	8	 | 	10,82
  3	 | 	5	 | 	2,24
  4	 | 	5	 | 	5,10
  4	 | 	6	 | 	2,00
  6	 | 	7	 | 	5,10
  7	 | 	9	 | 	2,00
  8	 | 	9	 | 	5,10
  1	 | 	3	 | 	3,61
  0	 | 	9	 | 	8,60
  3	 | 	7	 | 	3,61
  7	 | 	8	 | 	5,83
  5	 | 	9	 | 	4,00
  2	 | 	5	 | 	4,12
  0	 | 	6	 | 	6,00
  2	 | 	4	 | 	9,22
___________________________
