Simulation Topology 1
___________________________
[4]				[0]		
[8]				[0]		
[6]				[1]		
[0]				[1]		
[4]				[2]		
___________________________
Simulation Topology [1:0]
___________________________
From 	  To 		Length
___________________________
  0	 | 	1	 | 	4,00
  0	 | 	2	 | 	2,24
  0	 | 	3	 | 	4,12
  0	 | 	4	 | 	2,00
  1	 | 	2	 | 	2,24
  1	 | 	3	 | 	8,06
  2	 | 	3	 | 	6,00
  2	 | 	4	 | 	2,24
  3	 | 	4	 | 	4,12
___________________________
Simulation Topology [1:1]
___________________________
From 	  To 		Length
___________________________
  0	 | 	1	 | 	4,00
  0	 | 	2	 | 	2,24
  0	 | 	3	 | 	4,12
  0	 | 	4	 | 	2,00
  1	 | 	2	 | 	2,24
  1	 | 	3	 | 	8,06
  2	 | 	3	 | 	6,00
  2	 | 	4	 | 	2,24
  3	 | 	4	 | 	4,12
  1	 | 	4	 | 	4,47
___________________________
