Simulation Topology 1
___________________________
[3]				[0]		
[0]				[0]		
[3]				[4]		
[0]				[4]		
[3]				[8]		
[0]				[8]		
[3]				[12]		
[0]				[12]		
[3]				[16]		
[0]				[16]		
[3]				[20]		
[0]				[20]		
[3]				[24]		
[0]				[24]		
[9]				[29]		
[7]				[31]		
[7]				[33]		
[9]				[32]		
[9]				[37]		
[7]				[39]		
___________________________
Simulation Topology [1:0]
___________________________
From 	  To 		Length
___________________________
  0	 | 	1	 | 	3,00
  0	 | 	4	 | 	8,00
  0	 | 	10	 | 	20,00
  0	 | 	15	 | 	31,26
  1	 | 	6	 | 	12,37
  2	 | 	5	 | 	5,00
  2	 | 	9	 | 	12,37
  3	 | 	9	 | 	12,00
  3	 | 	18	 | 	34,21
  4	 | 	5	 | 	3,00
  6	 | 	7	 | 	3,00
  7	 | 	11	 | 	8,00
  8	 | 	13	 | 	8,54
  8	 | 	14	 | 	14,32
  10	 | 	12	 | 	4,00
  11	 | 	16	 | 	14,76
  12	 | 	13	 | 	3,00
  14	 | 	15	 | 	2,83
  16	 | 	17	 | 	2,24
  17	 | 	19	 | 	7,28
  18	 | 	19	 | 	2,83
___________________________
Simulation Topology [1:1]
___________________________
From 	  To 		Length
___________________________
  0	 | 	1	 | 	3,00
  0	 | 	4	 | 	8,00
  0	 | 	10	 | 	20,00
  0	 | 	15	 | 	31,26
  1	 | 	6	 | 	12,37
  2	 | 	5	 | 	5,00
  2	 | 	9	 | 	12,37
  3	 | 	9	 | 	12,00
  3	 | 	18	 | 	34,21
  4	 | 	5	 | 	3,00
  6	 | 	7	 | 	3,00
  7	 | 	11	 | 	8,00
  8	 | 	13	 | 	8,54
  8	 | 	14	 | 	14,32
  10	 | 	12	 | 	4,00
  11	 | 	16	 | 	14,76
  12	 | 	13	 | 	3,00
  14	 | 	15	 | 	2,83
  16	 | 	17	 | 	2,24
  17	 | 	19	 | 	7,28
  18	 | 	19	 | 	2,83
  7	 | 	8	 | 	5,00
___________________________
Simulation Topology [1:2]
___________________________
From 	  To 		Length
___________________________
  0	 | 	1	 | 	3,00
  0	 | 	4	 | 	8,00
  0	 | 	10	 | 	20,00
  0	 | 	15	 | 	31,26
  1	 | 	6	 | 	12,37
  2	 | 	5	 | 	5,00
  2	 | 	9	 | 	12,37
  3	 | 	9	 | 	12,00
  3	 | 	18	 | 	34,21
  4	 | 	5	 | 	3,00
  6	 | 	7	 | 	3,00
  7	 | 	11	 | 	8,00
  8	 | 	13	 | 	8,54
  8	 | 	14	 | 	14,32
  10	 | 	12	 | 	4,00
  11	 | 	16	 | 	14,76
  12	 | 	13	 | 	3,00
  14	 | 	15	 | 	2,83
  16	 | 	17	 | 	2,24
  17	 | 	19	 | 	7,28
  18	 | 	19	 | 	2,83
  7	 | 	8	 | 	5,00
  2	 | 	4	 | 	4,00
___________________________
Simulation Topology [1:3]
___________________________
From 	  To 		Length
___________________________
  0	 | 	1	 | 	3,00
  0	 | 	4	 | 	8,00
  0	 | 	10	 | 	20,00
  0	 | 	15	 | 	31,26
  1	 | 	6	 | 	12,37
  2	 | 	5	 | 	5,00
  2	 | 	9	 | 	12,37
  3	 | 	9	 | 	12,00
  3	 | 	18	 | 	34,21
  4	 | 	5	 | 	3,00
  6	 | 	7	 | 	3,00
  7	 | 	11	 | 	8,00
  8	 | 	13	 | 	8,54
  8	 | 	14	 | 	14,32
  10	 | 	12	 | 	4,00
  11	 | 	16	 | 	14,76
  12	 | 	13	 | 	3,00
  14	 | 	15	 | 	2,83
  16	 | 	17	 | 	2,24
  17	 | 	19	 | 	7,28
  18	 | 	19	 | 	2,83
  7	 | 	8	 | 	5,00
  2	 | 	4	 | 	4,00
  5	 | 	9	 | 	8,00
___________________________
Simulation Topology [1:4]
___________________________
From 	  To 		Length
___________________________
  0	 | 	1	 | 	3,00
  0	 | 	4	 | 	8,00
  0	 | 	10	 | 	20,00
  0	 | 	15	 | 	31,26
  1	 | 	6	 | 	12,37
  2	 | 	5	 | 	5,00
  2	 | 	9	 | 	12,37
  3	 | 	9	 | 	12,00
  3	 | 	18	 | 	34,21
  4	 | 	5	 | 	3,00
  6	 | 	7	 | 	3,00
  7	 | 	11	 | 	8,00
  8	 | 	13	 | 	8,54
  8	 | 	14	 | 	14,32
  10	 | 	12	 | 	4,00
  11	 | 	16	 | 	14,76
  12	 | 	13	 | 	3,00
  14	 | 	15	 | 	2,83
  16	 | 	17	 | 	2,24
  17	 | 	19	 | 	7,28
  18	 | 	19	 | 	2,83
  7	 | 	8	 | 	5,00
  2	 | 	4	 | 	4,00
  5	 | 	9	 | 	8,00
  4	 | 	6	 | 	4,00
___________________________
Simulation Topology [1:5]
___________________________
From 	  To 		Length
___________________________
  0	 | 	1	 | 	3,00
  0	 | 	4	 | 	8,00
  0	 | 	10	 | 	20,00
  0	 | 	15	 | 	31,26
  1	 | 	6	 | 	12,37
  2	 | 	5	 | 	5,00
  2	 | 	9	 | 	12,37
  3	 | 	9	 | 	12,00
  3	 | 	18	 | 	34,21
  4	 | 	5	 | 	3,00
  6	 | 	7	 | 	3,00
  7	 | 	11	 | 	8,00
  8	 | 	13	 | 	8,54
  8	 | 	14	 | 	14,32
  10	 | 	12	 | 	4,00
  11	 | 	16	 | 	14,76
  12	 | 	13	 | 	3,00
  14	 | 	15	 | 	2,83
  16	 | 	17	 | 	2,24
  17	 | 	19	 | 	7,28
  18	 | 	19	 | 	2,83
  7	 | 	8	 | 	5,00
  2	 | 	4	 | 	4,00
  5	 | 	9	 | 	8,00
  4	 | 	6	 | 	4,00
  7	 | 	9	 | 	4,00
___________________________
Simulation Topology [1:6]
___________________________
From 	  To 		Length
___________________________
  0	 | 	1	 | 	3,00
  0	 | 	4	 | 	8,00
  0	 | 	10	 | 	20,00
  0	 | 	15	 | 	31,26
  1	 | 	6	 | 	12,37
  2	 | 	5	 | 	5,00
  2	 | 	9	 | 	12,37
  3	 | 	9	 | 	12,00
  3	 | 	18	 | 	34,21
  4	 | 	5	 | 	3,00
  6	 | 	7	 | 	3,00
  7	 | 	11	 | 	8,00
  8	 | 	13	 | 	8,54
  8	 | 	14	 | 	14,32
  10	 | 	12	 | 	4,00
  11	 | 	16	 | 	14,76
  12	 | 	13	 | 	3,00
  14	 | 	15	 | 	2,83
  16	 | 	17	 | 	2,24
  17	 | 	19	 | 	7,28
  18	 | 	19	 | 	2,83
  7	 | 	8	 | 	5,00
  2	 | 	4	 | 	4,00
  5	 | 	9	 | 	8,00
  4	 | 	6	 | 	4,00
  7	 | 	9	 | 	4,00
  16	 | 	18	 | 	4,47
___________________________
Simulation Topology [1:7]
___________________________
From 	  To 		Length
___________________________
  0	 | 	1	 | 	3,00
  0	 | 	4	 | 	8,00
  0	 | 	10	 | 	20,00
  0	 | 	15	 | 	31,26
  1	 | 	6	 | 	12,37
  2	 | 	5	 | 	5,00
  2	 | 	9	 | 	12,37
  3	 | 	9	 | 	12,00
  3	 | 	18	 | 	34,21
  4	 | 	5	 | 	3,00
  6	 | 	7	 | 	3,00
  7	 | 	11	 | 	8,00
  8	 | 	13	 | 	8,54
  8	 | 	14	 | 	14,32
  10	 | 	12	 | 	4,00
  11	 | 	16	 | 	14,76
  12	 | 	13	 | 	3,00
  14	 | 	15	 | 	2,83
  16	 | 	17	 | 	2,24
  17	 | 	19	 | 	7,28
  18	 | 	19	 | 	2,83
  7	 | 	8	 | 	5,00
  2	 | 	4	 | 	4,00
  5	 | 	9	 | 	8,00
  4	 | 	6	 | 	4,00
  7	 | 	9	 | 	4,00
  16	 | 	18	 | 	4,47
  1	 | 	3	 | 	4,00
___________________________
Simulation Topology [1:8]
___________________________
From 	  To 		Length
___________________________
  0	 | 	1	 | 	3,00
  0	 | 	4	 | 	8,00
  0	 | 	10	 | 	20,00
  0	 | 	15	 | 	31,26
  1	 | 	6	 | 	12,37
  2	 | 	5	 | 	5,00
  2	 | 	9	 | 	12,37
  3	 | 	9	 | 	12,00
  3	 | 	18	 | 	34,21
  4	 | 	5	 | 	3,00
  6	 | 	7	 | 	3,00
  7	 | 	11	 | 	8,00
  8	 | 	13	 | 	8,54
  8	 | 	14	 | 	14,32
  10	 | 	12	 | 	4,00
  11	 | 	16	 | 	14,76
  12	 | 	13	 | 	3,00
  14	 | 	15	 | 	2,83
  16	 | 	17	 | 	2,24
  17	 | 	19	 | 	7,28
  18	 | 	19	 | 	2,83
  7	 | 	8	 | 	5,00
  2	 | 	4	 | 	4,00
  5	 | 	9	 | 	8,00
  4	 | 	6	 | 	4,00
  7	 | 	9	 | 	4,00
  16	 | 	18	 | 	4,47
  1	 | 	3	 | 	4,00
  8	 | 	10	 | 	4,00
___________________________
Simulation Topology [1:9]
___________________________
From 	  To 		Length
___________________________
  0	 | 	1	 | 	3,00
  0	 | 	4	 | 	8,00
  0	 | 	10	 | 	20,00
  0	 | 	15	 | 	31,26
  1	 | 	6	 | 	12,37
  2	 | 	5	 | 	5,00
  2	 | 	9	 | 	12,37
  3	 | 	9	 | 	12,00
  3	 | 	18	 | 	34,21
  4	 | 	5	 | 	3,00
  6	 | 	7	 | 	3,00
  7	 | 	11	 | 	8,00
  8	 | 	13	 | 	8,54
  8	 | 	14	 | 	14,32
  10	 | 	12	 | 	4,00
  11	 | 	16	 | 	14,76
  12	 | 	13	 | 	3,00
  14	 | 	15	 | 	2,83
  16	 | 	17	 | 	2,24
  17	 | 	19	 | 	7,28
  18	 | 	19	 | 	2,83
  7	 | 	8	 | 	5,00
  2	 | 	4	 | 	4,00
  5	 | 	9	 | 	8,00
  4	 | 	6	 | 	4,00
  7	 | 	9	 | 	4,00
  16	 | 	18	 | 	4,47
  1	 | 	3	 | 	4,00
  8	 | 	10	 | 	4,00
  1	 | 	5	 | 	8,00
___________________________
