Simulation Topology 1
___________________________
[0]				[0]		
[0]				[2]		
[0]				[4]		
[0]				[6]		
[0]				[8]		
[0]				[10]		
[0]				[12]		
[0]				[14]		
[0]				[16]		
[10]				[18]		
___________________________
Simulation Topology [1:0]
___________________________
From 	  To 		Length
___________________________
  0	 | 	2	 | 	4,00
  0	 | 	3	 | 	6,00
  0	 | 	7	 | 	14,00
  1	 | 	4	 | 	6,00
  1	 | 	6	 | 	10,00
  1	 | 	7	 | 	12,00
  1	 | 	9	 | 	18,87
  2	 | 	3	 | 	2,00
  2	 | 	5	 | 	6,00
  3	 | 	6	 | 	6,00
  4	 | 	5	 | 	2,00
  4	 | 	6	 | 	4,00
  5	 | 	6	 | 	2,00
  5	 | 	7	 | 	4,00
  5	 | 	8	 | 	6,00
  8	 | 	9	 | 	10,20
___________________________
Simulation Topology [1:1]
___________________________
From 	  To 		Length
___________________________
  0	 | 	2	 | 	4,00
  0	 | 	3	 | 	6,00
  0	 | 	7	 | 	14,00
  1	 | 	4	 | 	6,00
  1	 | 	6	 | 	10,00
  1	 | 	7	 | 	12,00
  1	 | 	9	 | 	18,87
  2	 | 	3	 | 	2,00
  2	 | 	5	 | 	6,00
  3	 | 	6	 | 	6,00
  4	 | 	5	 | 	2,00
  4	 | 	6	 | 	4,00
  5	 | 	6	 | 	2,00
  5	 | 	7	 | 	4,00
  5	 | 	8	 | 	6,00
  8	 | 	9	 | 	10,20
  7	 | 	8	 | 	2,00
___________________________
Simulation Topology [1:2]
___________________________
From 	  To 		Length
___________________________
  0	 | 	2	 | 	4,00
  0	 | 	3	 | 	6,00
  0	 | 	7	 | 	14,00
  1	 | 	4	 | 	6,00
  1	 | 	6	 | 	10,00
  1	 | 	7	 | 	12,00
  1	 | 	9	 | 	18,87
  2	 | 	3	 | 	2,00
  2	 | 	5	 | 	6,00
  3	 | 	6	 | 	6,00
  4	 | 	5	 | 	2,00
  4	 | 	6	 | 	4,00
  5	 | 	6	 | 	2,00
  5	 | 	7	 | 	4,00
  5	 | 	8	 | 	6,00
  8	 | 	9	 | 	10,20
  7	 | 	8	 | 	2,00
  3	 | 	4	 | 	2,00
___________________________
Simulation Topology [1:3]
___________________________
From 	  To 		Length
___________________________
  0	 | 	2	 | 	4,00
  0	 | 	3	 | 	6,00
  0	 | 	7	 | 	14,00
  1	 | 	4	 | 	6,00
  1	 | 	6	 | 	10,00
  1	 | 	7	 | 	12,00
  1	 | 	9	 | 	18,87
  2	 | 	3	 | 	2,00
  2	 | 	5	 | 	6,00
  3	 | 	6	 | 	6,00
  4	 | 	5	 | 	2,00
  4	 | 	6	 | 	4,00
  5	 | 	6	 | 	2,00
  5	 | 	7	 | 	4,00
  5	 | 	8	 | 	6,00
  8	 | 	9	 | 	10,20
  7	 | 	8	 | 	2,00
  3	 | 	4	 | 	2,00
  2	 | 	8	 | 	12,00
___________________________
Simulation Topology [1:4]
___________________________
From 	  To 		Length
___________________________
  0	 | 	2	 | 	4,00
  0	 | 	3	 | 	6,00
  0	 | 	7	 | 	14,00
  1	 | 	4	 | 	6,00
  1	 | 	6	 | 	10,00
  1	 | 	7	 | 	12,00
  1	 | 	9	 | 	18,87
  2	 | 	3	 | 	2,00
  2	 | 	5	 | 	6,00
  3	 | 	6	 | 	6,00
  4	 | 	5	 | 	2,00
  4	 | 	6	 | 	4,00
  5	 | 	6	 | 	2,00
  5	 | 	7	 | 	4,00
  5	 | 	8	 | 	6,00
  8	 | 	9	 | 	10,20
  7	 | 	8	 | 	2,00
  3	 | 	4	 | 	2,00
  2	 | 	8	 | 	12,00
  0	 | 	9	 | 	20,59
___________________________
